# # sector 32: chi = 144.97 deg (range [140, 150))
# # columns: 2theta(deg)  intensity
1.052751605245807909e+00 1.214292114257812500e+03
1.056186357628339012e+00 1.209282836914062500e+03
1.059621110010870337e+00 1.229749023437500000e+03
1.063055862393401441e+00 1.243714599609375000e+03
1.066490614775932544e+00 1.246653198242187500e+03
1.069925367158463869e+00 1.250957153320312500e+03
1.073360119540994972e+00 1.247190795898437500e+03
1.076794871923526298e+00 1.252872314453125000e+03
1.080229624306057401e+00 1.255310180664062500e+03
1.083664376688588726e+00 1.266340576171875000e+03
1.087099129071119830e+00 1.275231201171875000e+03
1.090533881453650933e+00 1.275301147460937500e+03
1.093968633836182036e+00 1.276205566406250000e+03
1.097403386218713361e+00 1.281252441406250000e+03
1.100838138601244465e+00 1.280500976562500000e+03
1.104272890983775568e+00 1.273148803710937500e+03
1.107707643366306893e+00 1.264201660156250000e+03
1.111142395748837997e+00 1.269939453125000000e+03
1.114577148131369322e+00 1.271618774414062500e+03
1.118011900513900425e+00 1.274927490234375000e+03
1.121446652896431750e+00 1.271309204101562500e+03
1.124881405278962854e+00 1.279928833007812500e+03
1.128316157661493957e+00 1.286271118164062500e+03
1.131750910044025060e+00 1.298102172851562500e+03
1.135185662426556386e+00 1.302133056640625000e+03
1.138620414809087489e+00 1.302211914062500000e+03
1.142055167191618592e+00 1.303155273437500000e+03
1.145489919574149917e+00 1.304863647460937500e+03
1.148924671956681021e+00 1.308932128906250000e+03
1.152359424339212346e+00 1.317365722656250000e+03
1.155794176721743449e+00 1.327554077148437500e+03
1.159228929104274775e+00 1.335516235351562500e+03
1.162663681486805878e+00 1.338031127929687500e+03
1.166098433869336981e+00 1.329758422851562500e+03
1.169533186251868084e+00 1.329429931640625000e+03
1.172967938634399410e+00 1.324662353515625000e+03
1.176402691016930513e+00 1.326010864257812500e+03
1.179837443399461616e+00 1.325317871093750000e+03
1.183272195781992941e+00 1.332363891601562500e+03
1.186706948164524045e+00 1.348813354492187500e+03
1.190141700547055370e+00 1.353329345703125000e+03
1.193576452929586473e+00 1.345390869140625000e+03
1.197011205312117799e+00 1.333596069335937500e+03
1.200445957694648902e+00 1.339528686523437500e+03
1.203880710077180005e+00 1.345746582031250000e+03
1.207315462459711108e+00 1.343590942382812500e+03
1.210750214842242434e+00 1.333019775390625000e+03
1.214184967224773537e+00 1.340609252929687500e+03
1.217619719607304640e+00 1.346096313476562500e+03
1.221054471989835966e+00 1.353891723632812500e+03
1.224489224372367069e+00 1.355181030273437500e+03
1.227923976754898394e+00 1.357578369140625000e+03
1.231358729137429497e+00 1.362431030273437500e+03
1.234793481519960823e+00 1.370735229492187500e+03
1.238228233902491926e+00 1.380811889648437500e+03
1.241662986285023029e+00 1.388619140625000000e+03
1.245097738667554133e+00 1.385488525390625000e+03
1.248532491050085236e+00 1.377212280273437500e+03
1.251967243432616561e+00 1.368140136718750000e+03
1.255401995815147664e+00 1.355366455078125000e+03
1.258836748197678990e+00 1.350515747070312500e+03
1.262271500580210093e+00 1.356868652343750000e+03
1.265706252962741418e+00 1.371080810546875000e+03
1.269141005345272522e+00 1.384750610351562500e+03
1.272575757727803847e+00 1.381790405273437500e+03
1.276010510110334950e+00 1.376269287109375000e+03
1.279445262492866053e+00 1.370656494140625000e+03
1.282880014875397157e+00 1.381130859375000000e+03
1.286314767257928260e+00 1.397847900390625000e+03
1.289749519640459585e+00 1.410116210937500000e+03
1.293184272022990688e+00 1.408131225585937500e+03
1.296619024405522014e+00 1.410799316406250000e+03
1.300053776788053117e+00 1.409708129882812500e+03
1.303488529170584442e+00 1.418412841796875000e+03
1.306923281553115546e+00 1.425407592773437500e+03
1.310358033935646871e+00 1.433740600585937500e+03
1.313792786318177974e+00 1.443802856445312500e+03
1.317227538700709077e+00 1.446240722656250000e+03
1.320662291083240181e+00 1.439127685546875000e+03
1.324097043465771284e+00 1.419324829101562500e+03
1.327531795848302609e+00 1.408250366210937500e+03
1.330966548230833713e+00 1.416060302734375000e+03
1.334401300613365038e+00 1.435054321289062500e+03
1.337836052995896141e+00 1.457914184570312500e+03
1.341270805378427466e+00 1.475974121093750000e+03
1.344705557760958570e+00 1.500510375976562500e+03
1.348140310143489895e+00 1.526925048828125000e+03
1.351575062526020998e+00 1.550937622070312500e+03
1.355009814908552102e+00 1.571656616210937500e+03
1.358444567291083205e+00 1.579662963867187500e+03
1.361879319673614308e+00 1.585046875000000000e+03
1.365314072056145633e+00 1.569538452148437500e+03
1.368748824438676737e+00 1.542303955078125000e+03
1.372183576821208062e+00 1.508706420898437500e+03
1.375618329203739165e+00 1.488787963867187500e+03
1.379053081586270491e+00 1.474949340820312500e+03
1.382487833968801594e+00 1.458186279296875000e+03
1.385922586351332919e+00 1.451460937500000000e+03
1.389357338733864022e+00 1.457710571289062500e+03
1.392792091116395126e+00 1.475331542968750000e+03
1.396226843498926229e+00 1.488917602539062500e+03
1.399661595881457332e+00 1.491593017578125000e+03
1.403096348263988657e+00 1.480131103515625000e+03
1.406531100646519761e+00 1.474038208007812500e+03
1.409965853029051086e+00 1.478791381835937500e+03
1.413400605411582189e+00 1.489302612304687500e+03
1.416835357794113515e+00 1.489905761718750000e+03
1.420270110176644618e+00 1.491847045898437500e+03
1.423704862559175943e+00 1.485865478515625000e+03
1.427139614941707046e+00 1.478985107421875000e+03
1.430574367324238150e+00 1.482250366210937500e+03
1.434009119706769253e+00 1.486662353515625000e+03
1.437443872089300356e+00 1.491818359375000000e+03
1.440878624471831682e+00 1.485028320312500000e+03
1.444313376854362785e+00 1.488719604492187500e+03
1.447748129236894110e+00 1.504294555664062500e+03
1.451182881619425213e+00 1.506519775390625000e+03
1.454617634001956539e+00 1.513505981445312500e+03
1.458052386384487642e+00 1.514861083984375000e+03
1.461487138767018967e+00 1.519175781250000000e+03
1.464921891149550071e+00 1.508926635742187500e+03
1.468356643532081174e+00 1.496354003906250000e+03
1.471791395914612277e+00 1.499564697265625000e+03
1.475226148297143380e+00 1.507693115234375000e+03
1.478660900679674706e+00 1.507322998046875000e+03
1.482095653062205809e+00 1.498537841796875000e+03
1.485530405444737134e+00 1.488831176757812500e+03
1.488965157827268238e+00 1.488282470703125000e+03
1.492399910209799563e+00 1.490951904296875000e+03
1.495834662592330666e+00 1.501486206054687500e+03
1.499269414974861991e+00 1.511484741210937500e+03
1.502704167357393095e+00 1.513001953125000000e+03
1.506138919739924198e+00 1.522739868164062500e+03
1.509573672122455301e+00 1.539123291015625000e+03
1.513008424504986404e+00 1.550581542968750000e+03
1.516443176887517730e+00 1.545405395507812500e+03
1.519877929270048833e+00 1.539932495117187500e+03
1.523312681652580158e+00 1.540749633789062500e+03
1.526747434035111262e+00 1.541815063476562500e+03
1.530182186417642587e+00 1.542701293945312500e+03
1.533616938800173690e+00 1.541660034179687500e+03
1.537051691182705015e+00 1.544302001953125000e+03
1.540486443565236119e+00 1.539139648437500000e+03
1.543921195947767222e+00 1.536419555664062500e+03
1.547355948330298325e+00 1.524690795898437500e+03
1.550790700712829429e+00 1.516202270507812500e+03
1.554225453095360754e+00 1.521690917968750000e+03
1.557660205477891857e+00 1.530930175781250000e+03
1.561094957860423182e+00 1.535929809570312500e+03
1.564529710242954286e+00 1.531891235351562500e+03
1.567964462625485611e+00 1.527784912109375000e+03
1.571399215008016714e+00 1.535046386718750000e+03
1.574833967390548040e+00 1.545158081054687500e+03
1.578268719773079143e+00 1.556065551757812500e+03
1.581703472155610246e+00 1.555172485351562500e+03
1.585138224538141349e+00 1.553094360351562500e+03
1.588572976920672453e+00 1.555562744140625000e+03
1.592007729303203778e+00 1.565254638671875000e+03
1.595442481685734881e+00 1.568048950195312500e+03
1.598877234068266207e+00 1.585103393554687500e+03
1.602311986450797310e+00 1.587100708007812500e+03
1.605746738833328635e+00 1.590136840820312500e+03
1.609181491215859738e+00 1.578621582031250000e+03
1.612616243598391064e+00 1.581899414062500000e+03
1.616050995980922167e+00 1.586684204101562500e+03
1.619485748363453270e+00 1.603985961914062500e+03
1.622920500745984373e+00 1.628442871093750000e+03
1.626355253128515477e+00 1.671624633789062500e+03
1.629790005511046802e+00 1.719715820312500000e+03
1.633224757893577905e+00 1.768571044921875000e+03
1.636659510276109231e+00 1.804569824218750000e+03
1.640094262658640334e+00 1.817087158203125000e+03
1.643529015041171659e+00 1.820297607421875000e+03
1.646963767423702762e+00 1.796834228515625000e+03
1.650398519806234088e+00 1.755185302734375000e+03
1.653833272188765191e+00 1.698556762695312500e+03
1.657268024571296294e+00 1.653378540039062500e+03
1.660702776953827398e+00 1.619362792968750000e+03
1.664137529336358501e+00 1.598277343750000000e+03
1.667572281718889826e+00 1.582216186523437500e+03
1.671007034101420929e+00 1.574326782226562500e+03
1.674441786483952255e+00 1.576623046875000000e+03
1.677876538866483358e+00 1.578177124023437500e+03
1.681311291249014683e+00 1.585219604492187500e+03
1.684746043631545787e+00 1.582650756835937500e+03
1.688180796014076890e+00 1.583301635742187500e+03
1.691615548396608215e+00 1.582235839843750000e+03
1.695050300779139318e+00 1.573000122070312500e+03
1.698485053161670422e+00 1.566156005859375000e+03
1.701919805544201525e+00 1.555420654296875000e+03
1.705354557926732850e+00 1.557153564453125000e+03
1.708789310309263954e+00 1.555488769531250000e+03
1.712224062691795279e+00 1.554333496093750000e+03
1.715658815074326382e+00 1.546545776367187500e+03
1.719093567456857707e+00 1.541313842773437500e+03
1.722528319839388811e+00 1.537809326171875000e+03
1.725963072221919914e+00 1.547272583007812500e+03
1.729397824604451239e+00 1.547393310546875000e+03
1.732832576986982343e+00 1.552980712890625000e+03
1.736267329369513446e+00 1.540899414062500000e+03
1.739702081752044549e+00 1.534366088867187500e+03
1.743136834134575874e+00 1.532024291992187500e+03
1.746571586517106978e+00 1.543560791015625000e+03
1.750006338899638303e+00 1.550384277343750000e+03
1.753441091282169406e+00 1.546320556640625000e+03
1.756875843664700731e+00 1.531675537109375000e+03
1.760310596047231835e+00 1.527528320312500000e+03
1.763745348429762938e+00 1.523080078125000000e+03
1.767180100812294263e+00 1.532167968750000000e+03
1.770614853194825367e+00 1.536635864257812500e+03
1.774049605577356470e+00 1.548274780273437500e+03
1.777484357959887573e+00 1.552650024414062500e+03
1.780919110342418898e+00 1.557896850585937500e+03
1.784353862724950002e+00 1.564618408203125000e+03
1.787788615107481327e+00 1.572772460937500000e+03
1.791223367490012208e+00 1.567974731445312500e+03
1.794658119872543534e+00 1.548637451171875000e+03
1.798092872255074859e+00 1.523620117187500000e+03
1.801527624637606184e+00 1.505635253906250000e+03
1.804962377020137065e+00 1.500580688476562500e+03
1.808397129402668391e+00 1.497130981445312500e+03
1.811831881785199494e+00 1.493626464843750000e+03
1.815266634167730819e+00 1.480528808593750000e+03
1.818701386550261700e+00 1.465775878906250000e+03
1.822136138932793026e+00 1.444490600585937500e+03
1.825570891315324351e+00 1.428577392578125000e+03
1.829005643697855676e+00 1.422244628906250000e+03
1.832440396080386558e+00 1.422639526367187500e+03
1.835875148462917883e+00 1.418586425781250000e+03
1.839309900845449208e+00 1.417020629882812500e+03
1.842744653227980089e+00 1.409986572265625000e+03
1.846179405610511415e+00 1.411149902343750000e+03
1.849614157993042740e+00 1.399360351562500000e+03
1.853048910375573843e+00 1.387222045898437500e+03
1.856483662758104725e+00 1.372730468750000000e+03
1.859918415140636050e+00 1.371514160156250000e+03
1.863353167523167375e+00 1.372016357421875000e+03
1.866787919905698701e+00 1.361800415039062500e+03
1.870222672288229582e+00 1.349110717773437500e+03
1.873657424670760907e+00 1.356357421875000000e+03
1.877092177053292232e+00 1.371617797851562500e+03
1.880526929435823114e+00 1.371231811523437500e+03
1.883961681818354439e+00 1.362651245117187500e+03
1.887396434200885764e+00 1.355699707031250000e+03
1.890831186583416867e+00 1.354176391601562500e+03
1.894265938965947749e+00 1.358093872070312500e+03
1.897700691348479074e+00 1.355811401367187500e+03
1.901135443731010399e+00 1.349098144531250000e+03
1.904570196113541725e+00 1.325882446289062500e+03
1.908004948496072606e+00 1.310557739257812500e+03
1.911439700878603931e+00 1.298640502929687500e+03
1.914874453261135256e+00 1.304538208007812500e+03
1.918309205643666138e+00 1.307259765625000000e+03
1.921743958026197463e+00 1.307408081054687500e+03
1.925178710408728788e+00 1.303510620117187500e+03
1.928613462791259892e+00 1.290788085937500000e+03
1.932048215173790773e+00 1.279243164062500000e+03
1.935482967556322098e+00 1.268681762695312500e+03
1.938917719938853423e+00 1.269663696289062500e+03
1.942352472321384749e+00 1.266395874023437500e+03
1.945787224703915630e+00 1.267497802734375000e+03
1.949221977086446955e+00 1.266044433593750000e+03
1.952656729468978281e+00 1.262669921875000000e+03
1.956091481851509162e+00 1.243590942382812500e+03
1.959526234234040487e+00 1.232086303710937500e+03
1.962960986616571812e+00 1.221806640625000000e+03
1.966395738999102916e+00 1.221657592773437500e+03
1.969830491381633797e+00 1.219470336914062500e+03
1.973265243764165122e+00 1.221383056640625000e+03
1.976699996146696447e+00 1.220204101562500000e+03
1.980134748529227329e+00 1.228267822265625000e+03
1.983569500911758654e+00 1.235858032226562500e+03
1.987004253294289979e+00 1.244888305664062500e+03
1.990439005676821305e+00 1.249409912109375000e+03
1.993873758059352186e+00 1.278590454101562500e+03
1.997308510441883511e+00 1.329652832031250000e+03
2.000743262824414614e+00 1.402665893554687500e+03
2.004178015206945940e+00 1.463078613281250000e+03
2.007612767589476821e+00 1.507494262695312500e+03
2.011047519972008146e+00 1.517252197265625000e+03
2.014482272354539472e+00 1.503758422851562500e+03
2.017917024737070353e+00 1.476865356445312500e+03
2.021351777119601678e+00 1.442782958984375000e+03
2.024786529502133003e+00 1.389603881835937500e+03
2.028221281884664329e+00 1.327403686523437500e+03
2.031656034267195210e+00 1.265755615234375000e+03
2.035090786649726535e+00 1.214893676757812500e+03
2.038525539032257861e+00 1.180218017578125000e+03
2.041960291414789186e+00 1.160323730468750000e+03
2.045395043797320067e+00 1.153914062500000000e+03
2.048829796179851392e+00 1.140915771484375000e+03
2.052264548562382718e+00 1.130930786132812500e+03
2.055699300944913599e+00 1.119746582031250000e+03
2.059134053327444924e+00 1.114764526367187500e+03
2.062568805709975805e+00 1.106752075195312500e+03
2.066003558092507131e+00 1.100315185546875000e+03
2.069438310475038012e+00 1.097379272460937500e+03
2.072873062857569337e+00 1.103481323242187500e+03
2.076307815240100663e+00 1.106381225585937500e+03
2.079742567622631988e+00 1.091205566406250000e+03
2.083177320005162869e+00 1.072407348632812500e+03
2.086612072387694194e+00 1.065859008789062500e+03
2.090046824770225520e+00 1.068571289062500000e+03
2.093481577152756401e+00 1.074929687500000000e+03
2.096916329535287726e+00 1.076407958984375000e+03
2.100351081917819052e+00 1.080782470703125000e+03
2.103785834300350377e+00 1.083067871093750000e+03
2.107220586682881258e+00 1.086373535156250000e+03
2.110655339065412583e+00 1.083127319335937500e+03
2.114090091447943909e+00 1.075977783203125000e+03
2.117524843830475234e+00 1.065116088867187500e+03
2.120959596213006115e+00 1.058368408203125000e+03
2.124394348595537441e+00 1.050569091796875000e+03
2.127829100978068766e+00 1.046449951171875000e+03
2.131263853360599647e+00 1.039402709960937500e+03
2.134698605743130972e+00 1.033711425781250000e+03
2.138133358125661854e+00 1.031549194335937500e+03
2.141568110508193179e+00 1.032249511718750000e+03
2.145002862890724060e+00 1.036344482421875000e+03
2.148437615273255386e+00 1.032711791992187500e+03
2.151872367655786711e+00 1.020345520019531250e+03
2.155307120038318036e+00 1.016385803222656250e+03
2.158741872420848917e+00 1.017652526855468750e+03
2.162176624803380243e+00 1.024316040039062500e+03
2.165611377185911568e+00 1.018227294921875000e+03
2.169046129568442449e+00 1.012691589355468750e+03
2.172480881950973775e+00 1.002218994140625000e+03
2.175915634333505100e+00 9.914217529296875000e+02
2.179350386716036425e+00 9.824611206054687500e+02
2.182785139098567306e+00 9.862584838867187500e+02
2.186219891481098632e+00 9.916902465820312500e+02
2.189654643863629957e+00 9.912754516601562500e+02
2.193089396246161282e+00 9.873510742187500000e+02
2.196524148628692163e+00 9.913637695312500000e+02
2.199958901011223489e+00 9.901478881835937500e+02
2.203393653393754814e+00 9.873328247070312500e+02
2.206828405776285695e+00 9.770657348632812500e+02
2.210263158158817021e+00 9.776630249023437500e+02
2.213697910541347902e+00 9.748467407226562500e+02
2.217132662923879227e+00 9.715785522460937500e+02
2.220567415306410108e+00 9.586098022460937500e+02
2.224002167688941434e+00 9.475729370117187500e+02
2.227436920071472759e+00 9.483938598632812500e+02
2.230871672454004084e+00 9.560694580078125000e+02
2.234306424836534966e+00 9.601787719726562500e+02
2.237741177219066291e+00 9.501917724609375000e+02
2.241175929601597616e+00 9.460498657226562500e+02
2.244610681984128497e+00 9.466694335937500000e+02
2.248045434366659823e+00 9.488979492187500000e+02
2.251480186749191148e+00 9.464822998046875000e+02
2.254914939131722473e+00 9.397246093750000000e+02
2.258349691514253355e+00 9.395336303710937500e+02
2.261784443896784680e+00 9.390282592773437500e+02
2.265219196279316005e+00 9.381271972656250000e+02
2.268653948661847330e+00 9.330734863281250000e+02
2.272088701044378212e+00 9.323496704101562500e+02
2.275523453426909537e+00 9.271079101562500000e+02
2.278958205809440862e+00 9.199245605468750000e+02
2.282392958191971744e+00 9.114225463867187500e+02
2.285827710574503069e+00 9.065470581054687500e+02
2.289262462957033950e+00 9.039683227539062500e+02
2.292697215339565275e+00 9.018981933593750000e+02
2.296131967722096157e+00 9.013611450195312500e+02
2.299566720104627482e+00 8.988347167968750000e+02
2.303001472487158807e+00 9.020839233398437500e+02
2.306436224869690133e+00 9.137286376953125000e+02
2.309870977252221014e+00 9.388754272460937500e+02
2.313305729634752339e+00 9.839633789062500000e+02
2.316740482017283664e+00 1.036070068359375000e+03
2.320175234399814546e+00 1.094944702148437500e+03
2.323609986782345871e+00 1.142475952148437500e+03
2.327044739164877196e+00 1.183090087890625000e+03
2.330479491547408522e+00 1.194746337890625000e+03
2.333914243929939403e+00 1.182765380859375000e+03
2.337348996312470728e+00 1.153407592773437500e+03
2.340783748695002053e+00 1.109530883789062500e+03
2.344218501077533379e+00 1.059755493164062500e+03
2.347653253460064260e+00 1.002172668457031250e+03
2.351088005842595585e+00 9.548525390625000000e+02
2.354522758225126911e+00 9.176584472656250000e+02
2.357957510607657792e+00 8.950747070312500000e+02
2.361392262990189117e+00 8.833561401367187500e+02
2.364827015372720442e+00 8.766860961914062500e+02
2.368261767755251324e+00 8.729738769531250000e+02
2.371696520137782205e+00 8.628593750000000000e+02
2.375131272520313530e+00 8.592088012695312500e+02
2.378566024902844855e+00 8.583698120117187500e+02
2.382000777285376181e+00 8.572160644531250000e+02
2.385435529667907062e+00 8.505033569335937500e+02
2.388870282050438387e+00 8.464522094726562500e+02
2.392305034432969713e+00 8.410738525390625000e+02
2.395739786815500594e+00 8.391553955078125000e+02
2.399174539198031919e+00 8.409620361328125000e+02
2.402609291580563244e+00 8.398041381835937500e+02
2.406044043963094570e+00 8.337913818359375000e+02
2.409478796345625451e+00 8.335980834960937500e+02
2.412913548728156776e+00 8.406242065429687500e+02
2.416348301110688102e+00 8.497011718750000000e+02
2.419783053493219427e+00 8.487147216796875000e+02
2.423217805875750308e+00 8.486960449218750000e+02
2.426652558258281633e+00 8.466716918945312500e+02
2.430087310640812959e+00 8.430402832031250000e+02
2.433522063023343840e+00 8.350308837890625000e+02
2.436956815405875165e+00 8.288997192382812500e+02
2.440391567788406491e+00 8.284918212890625000e+02
2.443826320170937372e+00 8.380955810546875000e+02
2.447261072553468253e+00 8.373282470703125000e+02
2.450695824935999578e+00 8.406755371093750000e+02
2.454130577318530904e+00 8.335382690429687500e+02
2.457565329701061785e+00 8.330955810546875000e+02
2.461000082083593110e+00 8.244497680664062500e+02
2.464434834466124435e+00 8.213293457031250000e+02
2.467869586848655761e+00 8.205528564453125000e+02
2.471304339231186642e+00 8.248660278320312500e+02
2.474739091613717967e+00 8.225162963867187500e+02
2.478173843996249293e+00 8.166077270507812500e+02
2.481608596378780618e+00 8.087586059570312500e+02
2.485043348761311499e+00 8.028635864257812500e+02
2.488478101143842824e+00 8.039697875976562500e+02
2.491912853526374150e+00 8.066366577148437500e+02
2.495347605908905031e+00 8.084054565429687500e+02
2.498782358291436356e+00 8.164180908203125000e+02
2.502217110673967682e+00 8.205173339843750000e+02
2.505651863056499007e+00 8.344099121093750000e+02
2.509086615439029888e+00 8.436275634765625000e+02
2.512521367821561213e+00 8.677640380859375000e+02
2.515956120204092539e+00 8.962200927734375000e+02
2.519390872586623420e+00 9.140006103515625000e+02
2.522825624969154301e+00 9.109296875000000000e+02
2.526260377351685626e+00 8.979854736328125000e+02
2.529695129734216952e+00 8.755042724609375000e+02
2.533129882116747833e+00 8.518565063476562500e+02
2.536564634499279158e+00 8.271412963867187500e+02
2.539999386881810484e+00 8.130246582031250000e+02
2.543434139264341809e+00 8.048237915039062500e+02
2.546868891646872690e+00 7.988077392578125000e+02
2.550303644029404015e+00 7.926316528320312500e+02
2.553738396411935341e+00 7.895272216796875000e+02
2.557173148794466666e+00 7.905727539062500000e+02
2.560607901176997547e+00 7.837880249023437500e+02
2.564042653559528873e+00 7.739964599609375000e+02
2.567477405942060198e+00 7.707277832031250000e+02
2.570912158324591079e+00 7.733582153320312500e+02
2.574346910707122404e+00 7.730110473632812500e+02
2.577781663089653730e+00 7.691740112304687500e+02
2.581216415472185055e+00 7.651646728515625000e+02
2.584651167854715936e+00 7.638944091796875000e+02
2.588085920237247262e+00 7.538349609375000000e+02
2.591520672619778587e+00 7.531926879882812500e+02
2.594955425002309468e+00 7.497639770507812500e+02
2.598390177384840349e+00 7.556192016601562500e+02
2.601824929767371675e+00 7.512727661132812500e+02
2.605259682149903000e+00 7.535026855468750000e+02
2.608694434532433881e+00 7.556932373046875000e+02
2.612129186914965207e+00 7.560215454101562500e+02
2.615563939297496532e+00 7.531864013671875000e+02
2.618998691680027857e+00 7.474437255859375000e+02
2.622433444062558738e+00 7.437562866210937500e+02
2.625868196445090064e+00 7.390866699218750000e+02
2.629302948827621389e+00 7.406777343750000000e+02
2.632737701210152714e+00 7.410832519531250000e+02
2.636172453592683596e+00 7.448323364257812500e+02
2.639607205975214921e+00 7.353001708984375000e+02
2.643041958357746246e+00 7.330016479492187500e+02
2.646476710740277127e+00 7.316852416992187500e+02
2.649911463122808453e+00 7.338758544921875000e+02
2.653346215505339778e+00 7.331432495117187500e+02
2.656780967887871103e+00 7.276584472656250000e+02
2.660215720270401984e+00 7.294978027343750000e+02
2.663650472652933310e+00 7.284362792968750000e+02
2.667085225035464635e+00 7.319812622070312500e+02
2.670519977417995516e+00 7.293983154296875000e+02
2.673954729800526398e+00 7.279802856445312500e+02
2.677389482183057723e+00 7.278244018554687500e+02
2.680824234565589048e+00 7.278571777343750000e+02
2.684258986948119929e+00 7.347672119140625000e+02
2.687693739330651255e+00 7.379517211914062500e+02
2.691128491713182580e+00 7.384442749023437500e+02
2.694563244095713905e+00 7.325442504882812500e+02
2.697997996478244787e+00 7.323139648437500000e+02
2.701432748860776112e+00 7.388221435546875000e+02
2.704867501243307437e+00 7.401701660156250000e+02
2.708302253625838762e+00 7.401098632812500000e+02
2.711737006008369644e+00 7.357896728515625000e+02
2.715171758390900969e+00 7.372530517578125000e+02
2.718606510773432294e+00 7.275927734375000000e+02
2.722041263155963176e+00 7.261448974609375000e+02
2.725476015538494501e+00 7.241804199218750000e+02
2.728910767921025826e+00 7.277602539062500000e+02
2.732345520303557151e+00 7.232788696289062500e+02
2.735780272686088033e+00 7.199616699218750000e+02
2.739215025068619358e+00 7.199158325195312500e+02
2.742649777451150683e+00 7.250896606445312500e+02
2.746084529833681565e+00 7.405129394531250000e+02
2.749519282216212890e+00 7.480446166992187500e+02
2.752954034598743771e+00 7.623522949218750000e+02
2.756388786981275096e+00 7.866549072265625000e+02
2.759823539363805978e+00 8.421059570312500000e+02
2.763258291746337303e+00 9.080245361328125000e+02
2.766693044128868628e+00 9.814827880859375000e+02
2.770127796511399954e+00 1.043748046875000000e+03
2.773562548893930835e+00 1.093036254882812500e+03
2.776997301276462160e+00 1.119324218750000000e+03
2.780432053658993485e+00 1.109825317382812500e+03
2.783866806041524811e+00 1.069584838867187500e+03
2.787301558424055692e+00 1.010462280273437500e+03
2.790736310806587017e+00 9.499351196289062500e+02
2.794171063189118343e+00 8.831238403320312500e+02
2.797605815571649224e+00 8.269349365234375000e+02
2.801040567954180549e+00 7.972226562500000000e+02
2.804475320336711874e+00 7.889815063476562500e+02
2.807910072719243200e+00 7.974357910156250000e+02
2.811344825101774081e+00 8.104188232421875000e+02
2.814779577484305406e+00 8.504963989257812500e+02
2.818214329866836731e+00 9.248011474609375000e+02
2.821649082249367613e+00 1.139180053710937500e+03
2.825083834631898938e+00 1.546910034179687500e+03
2.828518587014429819e+00 2.409208007812500000e+03
2.831953339396961145e+00 2.994444335937500000e+03
2.835388091779492026e+00 3.332609375000000000e+03
2.838822844162023351e+00 2.695768310546875000e+03
2.842257596544554676e+00 1.993285766601562500e+03
2.845692348927086002e+00 1.380467895507812500e+03
2.849127101309616883e+00 1.067602416992187500e+03
2.852561853692148208e+00 9.317404785156250000e+02
2.855996606074679534e+00 8.643911132812500000e+02
2.859431358457210415e+00 8.219301757812500000e+02
2.862866110839741740e+00 7.838112182617187500e+02
2.866300863222273065e+00 7.547546997070312500e+02
2.869735615604804391e+00 7.359124145507812500e+02
2.873170367987335272e+00 7.223941040039062500e+02
2.876605120369866597e+00 7.150558471679687500e+02
2.880039872752397923e+00 7.042764282226562500e+02
2.883474625134929248e+00 6.996466674804687500e+02
2.886909377517460129e+00 6.958093261718750000e+02
2.890344129899991454e+00 6.932091064453125000e+02
2.893778882282522780e+00 6.867582397460937500e+02
2.897213634665053661e+00 6.774200439453125000e+02
2.900648387047584986e+00 6.753465576171875000e+02
2.904083139430115867e+00 6.782740478515625000e+02
2.907517891812647193e+00 6.801822509765625000e+02
2.910952644195178074e+00 6.815676269531250000e+02
2.914387396577709399e+00 6.809166870117187500e+02
2.917822148960240725e+00 6.850570068359375000e+02
2.921256901342772050e+00 6.864521484375000000e+02
2.924691653725302931e+00 6.872233276367187500e+02
2.928126406107834256e+00 6.904015502929687500e+02
2.931561158490365582e+00 6.912958374023437500e+02
2.934995910872896463e+00 7.029343872070312500e+02
2.938430663255427788e+00 7.195380249023437500e+02
2.941865415637959114e+00 7.332123413085937500e+02
2.945300168020490439e+00 7.377720947265625000e+02
2.948734920403021320e+00 7.337291870117187500e+02
2.952169672785552645e+00 7.310245971679687500e+02
2.955604425168083971e+00 7.233556518554687500e+02
2.959039177550615296e+00 7.157915039062500000e+02
2.962473929933146177e+00 7.095399780273437500e+02
2.965908682315677503e+00 7.023330688476562500e+02
2.969343434698208828e+00 6.947332153320312500e+02
2.972778187080739709e+00 6.977598876953125000e+02
2.976212939463271034e+00 7.160561523437500000e+02
2.979647691845801916e+00 7.411618652343750000e+02
2.983082444228333241e+00 7.626472167968750000e+02
2.986517196610864122e+00 7.740763549804687500e+02
2.989951948993395447e+00 7.742428588867187500e+02
2.993386701375926773e+00 7.670115966796875000e+02
2.996821453758458098e+00 7.483214721679687500e+02
3.000256206140988979e+00 7.289429931640625000e+02
3.003690958523520305e+00 7.108490600585937500e+02
3.007125710906051630e+00 6.899976196289062500e+02
3.010560463288582511e+00 6.793710327148437500e+02
3.013995215671113836e+00 6.668185424804687500e+02
3.017429968053645162e+00 6.606987304687500000e+02
3.020864720436176487e+00 6.495050659179687500e+02
3.024299472818707368e+00 6.435187988281250000e+02
3.027734225201238694e+00 6.418992919921875000e+02
3.031168977583770019e+00 6.363245239257812500e+02
3.034603729966301344e+00 6.318319702148437500e+02
3.038038482348832225e+00 6.330029296875000000e+02
3.041473234731363551e+00 6.419369506835937500e+02
3.044907987113894876e+00 6.516403198242187500e+02
3.048342739496425757e+00 6.621322631835937500e+02
3.051777491878957083e+00 6.713847045898437500e+02
3.055212244261487964e+00 6.721341552734375000e+02
3.058646996644019289e+00 6.746300659179687500e+02
3.062081749026550170e+00 6.786767578125000000e+02
3.065516501409081496e+00 6.837270507812500000e+02
3.068951253791612821e+00 6.881220092773437500e+02
3.072386006174144146e+00 6.988771972656250000e+02
3.075820758556675028e+00 7.086823120117187500e+02
3.079255510939206353e+00 7.161471557617187500e+02
3.082690263321737678e+00 7.175000000000000000e+02
3.086125015704268559e+00 7.194775390625000000e+02
3.089559768086799885e+00 7.270462646484375000e+02
3.092994520469331210e+00 7.202249755859375000e+02
3.096429272851862535e+00 7.059681396484375000e+02
3.099864025234393416e+00 6.804075927734375000e+02
3.103298777616924742e+00 6.673150634765625000e+02
3.106733529999456067e+00 6.571406860351562500e+02
3.110168282381987392e+00 6.512077026367187500e+02
3.113603034764518274e+00 6.340679321289062500e+02
3.117037787147049599e+00 6.242719116210937500e+02
3.120472539529580924e+00 6.161889648437500000e+02
3.123907291912111805e+00 6.195049438476562500e+02
3.127342044294643131e+00 6.209253540039062500e+02
3.130776796677174012e+00 6.179406738281250000e+02
3.134211549059705337e+00 6.180015869140625000e+02
3.137646301442236219e+00 6.115314941406250000e+02
3.141081053824767544e+00 6.087810668945312500e+02
3.144515806207298869e+00 6.068657836914062500e+02
3.147950558589830194e+00 6.112330932617187500e+02
3.151385310972361076e+00 6.094736938476562500e+02
3.154820063354892401e+00 6.028644409179687500e+02
3.158254815737423726e+00 5.955186157226562500e+02
3.161689568119954608e+00 5.884680786132812500e+02
3.165124320502485933e+00 5.889807128906250000e+02
3.168559072885017258e+00 5.909566650390625000e+02
3.171993825267548583e+00 5.987225341796875000e+02
3.175428577650079465e+00 6.043342895507812500e+02
3.178863330032610790e+00 6.095789184570312500e+02
3.182298082415142115e+00 6.051367187500000000e+02
3.185732834797673441e+00 6.061901245117187500e+02
3.189167587180204322e+00 6.000076293945312500e+02
3.192602339562735647e+00 5.932047729492187500e+02
3.196037091945266972e+00 5.887993164062500000e+02
3.199471844327797854e+00 5.872250366210937500e+02
3.202906596710329179e+00 5.880982055664062500e+02
3.206341349092860060e+00 5.822492065429687500e+02
3.209776101475391386e+00 5.830135498046875000e+02
3.213210853857922267e+00 5.877324829101562500e+02
3.216645606240453592e+00 5.912772827148437500e+02
3.220080358622984917e+00 5.918105468750000000e+02
3.223515111005516243e+00 5.905671997070312500e+02
3.226949863388047124e+00 5.878538208007812500e+02
3.230384615770578449e+00 5.842829589843750000e+02
3.233819368153109775e+00 5.789674072265625000e+02
3.237254120535640656e+00 5.841067504882812500e+02
3.240688872918171981e+00 5.899812011718750000e+02
3.244123625300703306e+00 5.908035278320312500e+02
3.247558377683234632e+00 5.849135742187500000e+02
3.250993130065765513e+00 5.873551635742187500e+02
3.254427882448296838e+00 6.030104370117187500e+02
3.257862634830828164e+00 6.172275390625000000e+02
3.261297387213359489e+00 6.316788330078125000e+02
3.264732139595890370e+00 6.427781372070312500e+02
3.268166891978421695e+00 6.530554199218750000e+02
3.271601644360953021e+00 6.623964843750000000e+02
3.275036396743483902e+00 6.690924072265625000e+02
3.278471149126015227e+00 6.739570312500000000e+02
3.281905901508546108e+00 6.615737915039062500e+02
3.285340653891077434e+00 6.490770874023437500e+02
3.288775406273608315e+00 6.378247070312500000e+02
3.292210158656139640e+00 6.274868774414062500e+02
3.295644911038670966e+00 6.138350830078125000e+02
3.299079663421202291e+00 5.992919921875000000e+02
3.302514415803733172e+00 5.886683959960937500e+02
3.305949168186264497e+00 5.827257080078125000e+02
3.309383920568795823e+00 5.769817504882812500e+02
3.312818672951326704e+00 5.751203613281250000e+02
3.316253425333858029e+00 5.738957519531250000e+02
3.319688177716389355e+00 5.747741699218750000e+02
3.323122930098920680e+00 5.727384643554687500e+02
3.326557682481451561e+00 5.731988525390625000e+02
3.329992434863982886e+00 5.731468505859375000e+02
3.333427187246514212e+00 5.766594848632812500e+02
3.336861939629045093e+00 5.751507568359375000e+02
3.340296692011576418e+00 5.764565429687500000e+02
3.343731444394107744e+00 5.767291259765625000e+02
3.347166196776639069e+00 5.781143798828125000e+02
3.350600949159169950e+00 5.746539306640625000e+02
3.354035701541701275e+00 5.775386962890625000e+02
3.357470453924232601e+00 5.840447998046875000e+02
3.360905206306763482e+00 5.959219360351562500e+02
3.364339958689294363e+00 5.955877685546875000e+02
3.367774711071825688e+00 6.033537597656250000e+02
3.371209463454357014e+00 6.090613403320312500e+02
3.374644215836887895e+00 6.122125854492187500e+02
3.378078968219419220e+00 6.069983520507812500e+02
3.381513720601950546e+00 6.057626342773437500e+02
3.384948472984481871e+00 6.051390380859375000e+02
3.388383225367012752e+00 6.014997558593750000e+02
3.391817977749544077e+00 5.899258422851562500e+02
3.395252730132075403e+00 5.861936645507812500e+02
3.398687482514606728e+00 5.841479492187500000e+02
3.402122234897137609e+00 5.797973632812500000e+02
3.405556987279668935e+00 5.755023193359375000e+02
3.408991739662200260e+00 5.691954956054687500e+02
3.412426492044731141e+00 5.728223876953125000e+02
3.415861244427262466e+00 5.722645874023437500e+02
3.419295996809793792e+00 5.763549804687500000e+02
3.422730749192325117e+00 5.786705932617187500e+02
3.426165501574855998e+00 5.800415039062500000e+02
3.429600253957387324e+00 5.861464843750000000e+02
3.433035006339918649e+00 5.933143920898437500e+02
3.436469758722449530e+00 5.999862060546875000e+02
3.439904511104980411e+00 5.984978637695312500e+02
3.443339263487511737e+00 5.908434448242187500e+02
3.446774015870043062e+00 5.883903808593750000e+02
3.450208768252573943e+00 5.906227416992187500e+02
3.453643520635105268e+00 5.912999877929687500e+02
3.457078273017636594e+00 5.891015014648437500e+02
3.460513025400167919e+00 5.850885620117187500e+02
3.463947777782698800e+00 5.797783813476562500e+02
3.467382530165230126e+00 5.717156982421875000e+02
3.470817282547761451e+00 5.623418579101562500e+02
3.474252034930292776e+00 5.613868408203125000e+02
3.477686787312823657e+00 5.657880859375000000e+02
3.481121539695354983e+00 5.684481811523437500e+02
3.484556292077886308e+00 5.681092529296875000e+02
3.487991044460417189e+00 5.689401855468750000e+02
3.491425796842948515e+00 5.740210571289062500e+02
3.494860549225479840e+00 5.775869140625000000e+02
3.498295301608011165e+00 5.720093994140625000e+02
3.501730053990542046e+00 5.626239624023437500e+02
3.505164806373073372e+00 5.541040649414062500e+02
3.508599558755604697e+00 5.453748779296875000e+02
3.512034311138135578e+00 5.477032470703125000e+02
3.515469063520666460e+00 5.476134033203125000e+02
3.518903815903197785e+00 5.487247314453125000e+02
3.522338568285729110e+00 5.443509521484375000e+02
3.525773320668259991e+00 5.489578857421875000e+02
3.529208073050791317e+00 5.481425170898437500e+02
3.532642825433322642e+00 5.478688964843750000e+02
3.536077577815853967e+00 5.468480224609375000e+02
3.539512330198384849e+00 5.465709228515625000e+02
3.542947082580916174e+00 5.448580322265625000e+02
3.546381834963447499e+00 5.443436889648437500e+02
3.549816587345978824e+00 5.528773803710937500e+02
3.553251339728509706e+00 5.502473754882812500e+02
3.556686092111041031e+00 5.446864624023437500e+02
3.560120844493572356e+00 5.456873779296875000e+02
3.563555596876103237e+00 5.549528198242187500e+02
3.566990349258634563e+00 5.645277099609375000e+02
3.570425101641165888e+00 5.604769897460937500e+02
3.573859854023697213e+00 5.576740722656250000e+02
3.577294606406228095e+00 5.511677246093750000e+02
3.580729358788759420e+00 5.536489868164062500e+02
3.584164111171290301e+00 5.483587036132812500e+02
3.587598863553821626e+00 5.457712402343750000e+02
3.591033615936352508e+00 5.437447509765625000e+02
3.594468368318883833e+00 5.445404052734375000e+02
3.597903120701415158e+00 5.390937500000000000e+02
3.601337873083946484e+00 5.303423461914062500e+02
3.604772625466477809e+00 5.245352783203125000e+02
3.608207377849008246e+00 5.315630493164062500e+02
3.611642130231539571e+00 5.314846191406250000e+02
3.615076882614070897e+00 5.320361328125000000e+02
3.618511634996602222e+00 5.270808715820312500e+02
3.621946387379133547e+00 5.299416503906250000e+02
3.625381139761664873e+00 5.297780761718750000e+02
3.628815892144196198e+00 5.326748046875000000e+02
3.632250644526726635e+00 5.320111083984375000e+02
3.635685396909257960e+00 5.336231689453125000e+02
3.639120149291789286e+00 5.314978637695312500e+02
3.642554901674320611e+00 5.334984130859375000e+02
3.645989654056851936e+00 5.301716918945312500e+02
3.649424406439383262e+00 5.249727783203125000e+02
3.652859158821914587e+00 5.242509765625000000e+02
3.656293911204445912e+00 5.257420043945312500e+02
3.659728663586976349e+00 5.249727783203125000e+02
3.663163415969507675e+00 5.189091186523437500e+02
3.666598168352038556e+00 5.147144775390625000e+02
3.670032920734569881e+00 5.153643188476562500e+02
3.673467673117101207e+00 5.201874389648437500e+02
3.676902425499632532e+00 5.244009399414062500e+02
3.680337177882163857e+00 5.265726928710937500e+02
3.683771930264694294e+00 5.182889404296875000e+02
3.687206682647225620e+00 5.111581115722656250e+02
3.690641435029756945e+00 5.048780822753906250e+02
3.694076187412288270e+00 5.097833251953125000e+02
3.697510939794819596e+00 5.173088378906250000e+02
3.700945692177350921e+00 5.193242187500000000e+02
3.704380444559882246e+00 5.165992431640625000e+02
3.707815196942412683e+00 5.083594970703125000e+02
3.711249949324944009e+00 5.098869018554687500e+02
3.714684701707475334e+00 5.123232421875000000e+02
3.718119454090006659e+00 5.164727783203125000e+02
3.721554206472537984e+00 5.135437011718750000e+02
3.724988958855069310e+00 5.133059082031250000e+02
3.728423711237600635e+00 5.177220458984375000e+02
3.731858463620131960e+00 5.196270141601562500e+02
3.735293216002662398e+00 5.134769287109375000e+02
3.738727968385193723e+00 5.061562805175781250e+02
3.742162720767725048e+00 5.035715026855468750e+02
3.745597473150255929e+00 5.066613464355468750e+02
3.749032225532787255e+00 5.101481933593750000e+02
3.752466977915318580e+00 5.176503295898437500e+02
3.755901730297849905e+00 5.210541992187500000e+02
3.759336482680380342e+00 5.233231201171875000e+02
3.762771235062911668e+00 5.190355224609375000e+02
3.766205987445442993e+00 5.266477661132812500e+02
3.769640739827974318e+00 5.375119628906250000e+02
3.773075492210505644e+00 5.542109375000000000e+02
3.776510244593036969e+00 5.587896728515625000e+02
3.779944996975568294e+00 5.624025268554687500e+02
3.783379749358098731e+00 5.615037841796875000e+02
3.786814501740630057e+00 5.646389160156250000e+02
3.790249254123161382e+00 5.610243530273437500e+02
3.793684006505692707e+00 5.582489013671875000e+02
3.797118758888224033e+00 5.515705566406250000e+02
3.800553511270755358e+00 5.417337646484375000e+02
3.803988263653286683e+00 5.310108032226562500e+02
3.807423016035818009e+00 5.254875488281250000e+02
3.810857768418348446e+00 5.238943481445312500e+02
3.814292520800879771e+00 5.198754272460937500e+02
3.817727273183411096e+00 5.144072265625000000e+02
3.821162025565941978e+00 5.122531127929687500e+02
3.824596777948473303e+00 5.106156921386718750e+02
3.828031530331004628e+00 5.088481140136718750e+02
3.831466282713535954e+00 5.103959960937500000e+02
3.834901035096066391e+00 5.166727905273437500e+02
3.838335787478597716e+00 5.260665283203125000e+02
3.841770539861129041e+00 5.366791381835937500e+02
3.845205292243660367e+00 5.490660400390625000e+02
3.848640044626191692e+00 5.553062744140625000e+02
3.852074797008723017e+00 5.645366821289062500e+02
3.855509549391254343e+00 5.717080078125000000e+02
3.858944301773784780e+00 5.768945922851562500e+02
3.862379054156316105e+00 5.731162109375000000e+02
3.865813806538847430e+00 5.733859252929687500e+02
3.869248558921378756e+00 5.708054199218750000e+02
3.872683311303910081e+00 5.696256103515625000e+02
3.876118063686441406e+00 5.647829589843750000e+02
3.879552816068972732e+00 5.581723632812500000e+02
3.882987568451504057e+00 5.486117553710937500e+02
3.886422320834034494e+00 5.344128417968750000e+02
3.889857073216565819e+00 5.258503417968750000e+02
3.893291825599097145e+00 5.216530761718750000e+02
3.896726577981628026e+00 5.169423828125000000e+02
3.900161330364159351e+00 5.152925415039062500e+02
3.903596082746690676e+00 5.081421508789062500e+02
3.907030835129222002e+00 5.084930419921875000e+02
3.910465587511752439e+00 5.055297546386718750e+02
3.913900339894283764e+00 5.056318969726562500e+02
3.917335092276815089e+00 5.074257507324218750e+02
3.920769844659346415e+00 5.054211730957031250e+02
3.924204597041877740e+00 5.001315307617187500e+02
3.927639349424409065e+00 4.972474975585937500e+02
3.931074101806940391e+00 4.993752441406250000e+02
3.934508854189470828e+00 5.034114685058593750e+02
3.937943606572002153e+00 4.979615478515625000e+02
3.941378358954533478e+00 4.889154052734375000e+02
3.944813111337064804e+00 4.864129943847656250e+02
3.948247863719596129e+00 4.904893188476562500e+02
3.951682616102127454e+00 4.966830139160156250e+02
3.955117368484658780e+00 4.955140991210937500e+02
3.958552120867189217e+00 4.942073364257812500e+02
3.961986873249720542e+00 4.941735229492187500e+02
3.965421625632251867e+00 4.998290405273437500e+02
3.968856378014783193e+00 4.996911621093750000e+02
3.972291130397314074e+00 4.986484375000000000e+02
3.975725882779845399e+00 4.906376037597656250e+02
3.979160635162376725e+00 4.910147705078125000e+02
3.982595387544908050e+00 4.943678894042968750e+02
3.986030139927438487e+00 5.013356018066406250e+02
3.989464892309969812e+00 5.051713256835937500e+02
3.992899644692501138e+00 4.998217773437500000e+02
3.996334397075032463e+00 5.033327941894531250e+02
3.999769149457563788e+00 5.124244995117187500e+02
4.003203901840095114e+00 5.429044799804687500e+02
4.006638654222625995e+00 5.755768432617187500e+02
4.010073406605156876e+00 6.129322509765625000e+02
4.013508158987687757e+00 6.537174682617187500e+02
4.016942911370219527e+00 6.810814819335937500e+02
4.020377663752750408e+00 6.921101074218750000e+02
4.023812416135282177e+00 6.806228027343750000e+02
4.027247168517813058e+00 6.679304199218750000e+02
4.030681920900344828e+00 6.502875976562500000e+02
4.034116673282874821e+00 6.273825683593750000e+02
4.037551425665406590e+00 5.987257690429687500e+02
4.040986178047937472e+00 5.732065429687500000e+02
4.044420930430469241e+00 5.496100463867187500e+02
4.047855682813000122e+00 5.314139404296875000e+02
4.051290435195531892e+00 5.132006835937500000e+02
4.054725187578062773e+00 5.021851196289062500e+02
4.058159939960594542e+00 4.920361328125000000e+02
4.061594692343124535e+00 4.914859313964843750e+02
4.065029444725656305e+00 4.834869689941406250e+02
4.068464197108187186e+00 4.827636108398437500e+02
4.071898949490718955e+00 4.836876220703125000e+02
4.075333701873249836e+00 4.934714660644531250e+02
4.078768454255781606e+00 4.937767028808593750e+02
4.082203206638312487e+00 4.958645629882812500e+02
4.085637959020843368e+00 4.937067565917968750e+02
4.089072711403374250e+00 4.956574707031250000e+02
4.092507463785905131e+00 4.885632934570312500e+02
4.095942216168436900e+00 4.826916809082031250e+02
4.099376968550967781e+00 4.766939086914062500e+02
4.102811720933499551e+00 4.755940856933593750e+02
4.106246473316030432e+00 4.809006042480468750e+02
4.109681225698561313e+00 4.865177612304687500e+02
4.113115978081092194e+00 4.897696533203125000e+02
4.116550730463623964e+00 4.906838684082031250e+02
4.119985482846154845e+00 4.897105102539062500e+02
4.123420235228686614e+00 4.915059814453125000e+02
4.126854987611217496e+00 4.870010986328125000e+02
4.130289739993749265e+00 4.815277709960937500e+02
4.133724492376280146e+00 4.731215820312500000e+02
4.137159244758811028e+00 4.702158813476562500e+02
4.140593997141341909e+00 4.716745300292968750e+02
4.144028749523873678e+00 4.723318786621093750e+02
4.147463501906404559e+00 4.716085510253906250e+02
4.150898254288936329e+00 4.731961975097656250e+02
4.154333006671467210e+00 4.741026611328125000e+02
4.157767759053998091e+00 4.759782104492187500e+02
4.161202511436528972e+00 4.796782836914062500e+02
4.164637263819060742e+00 4.835212402343750000e+02
4.168072016201591623e+00 4.869197387695312500e+02
4.171506768584122504e+00 4.872022705078125000e+02
4.174941520966654274e+00 4.932215881347656250e+02
4.178376273349185155e+00 5.030747070312500000e+02
4.181811025731716924e+00 5.176569213867187500e+02
4.185245778114246917e+00 5.309617919921875000e+02
4.188680530496778687e+00 5.394769897460937500e+02
4.192115282879309568e+00 5.464878540039062500e+02
4.195550035261841337e+00 5.465411987304687500e+02
4.198984787644372219e+00 5.447943115234375000e+02
4.202419540026903988e+00 5.394157104492187500e+02
4.205854292409434869e+00 5.419675292968750000e+02
4.209289044791966639e+00 5.375832519531250000e+02
4.212723797174496632e+00 5.379873657226562500e+02
4.216158549557028401e+00 5.425007934570312500e+02
4.219593301939559282e+00 5.623742065429687500e+02
4.223028054322091052e+00 5.757025146484375000e+02
4.226462806704621933e+00 5.775231933593750000e+02
4.229897559087153702e+00 5.661625366210937500e+02
4.233332311469684583e+00 5.556505126953125000e+02
4.236767063852215465e+00 5.452111206054687500e+02
4.240201816234746346e+00 5.373446655273437500e+02
4.243636568617277227e+00 5.275799560546875000e+02
4.247071320999808997e+00 5.205958251953125000e+02
4.250506073382339878e+00 5.070024719238281250e+02
4.253940825764871647e+00 4.952388000488281250e+02
4.257375578147402528e+00 4.820307006835937500e+02
4.260810330529933410e+00 4.761647644042968750e+02
4.264245082912464291e+00 4.766821899414062500e+02
4.267679835294996060e+00 4.773895568847656250e+02
4.271114587677526941e+00 4.792498474121093750e+02
4.274549340060058711e+00 4.738115539550781250e+02
4.277984092442589592e+00 4.742248535156250000e+02
4.281418844825121361e+00 4.790408325195312500e+02
4.284853597207652243e+00 4.864521789550781250e+02
4.288288349590183124e+00 4.946536865234375000e+02
4.291723101972714005e+00 5.069662780761718750e+02
4.295157854355245775e+00 5.250290527343750000e+02
4.298592606737776656e+00 5.406782226562500000e+02
4.302027359120308425e+00 5.494174194335937500e+02
4.305462111502839306e+00 5.535234985351562500e+02
4.308896863885370188e+00 5.546333007812500000e+02
4.312331616267901069e+00 5.522000122070312500e+02
4.315766368650432838e+00 5.417828369140625000e+02
4.319201121032963719e+00 5.342305297851562500e+02
4.322635873415494601e+00 5.229229736328125000e+02
4.326070625798026370e+00 5.080133361816406250e+02
4.329505378180557251e+00 4.920447998046875000e+02
4.332940130563089021e+00 4.786193847656250000e+02
4.336374882945619014e+00 4.711714477539062500e+02
4.339809635328150783e+00 4.561202697753906250e+02
4.343244387710681664e+00 4.532673034667968750e+02
4.346679140093213434e+00 4.526349487304687500e+02
4.350113892475744315e+00 4.539678955078125000e+02
4.353548644858276084e+00 4.549450073242187500e+02
4.356983397240806966e+00 4.607141113281250000e+02
4.360418149623338735e+00 4.679005737304687500e+02
4.363852902005868728e+00 4.691177673339843750e+02
4.367287654388400497e+00 4.692326049804687500e+02
4.370722406770931379e+00 4.665768737792968750e+02
4.374157159153463148e+00 4.634835815429687500e+02
4.377591911535994029e+00 4.598496704101562500e+02
4.381026663918525799e+00 4.579053649902343750e+02
4.384461416301056680e+00 4.633315124511718750e+02
4.387896168683587561e+00 4.630862121582031250e+02
4.391330921066118442e+00 4.646840515136718750e+02
4.394765673448649324e+00 4.619445495605468750e+02
4.398200425831181093e+00 4.634485168457031250e+02
4.401635178213711974e+00 4.638050231933593750e+02
4.405069930596243744e+00 4.718046875000000000e+02
4.408504682978774625e+00 4.778660278320312500e+02
4.411939435361305506e+00 4.862771301269531250e+02
4.415374187743836387e+00 4.863314819335937500e+02
4.418808940126368157e+00 4.891566772460937500e+02
4.422243692508899038e+00 4.892223815917968750e+02
4.425678444891430807e+00 4.930215148925781250e+02
4.429113197273961688e+00 4.947503051757812500e+02
4.432547949656493458e+00 4.900604858398437500e+02
4.435982702039023451e+00 4.843632507324218750e+02
4.439417454421555220e+00 4.720724792480468750e+02
4.442852206804086101e+00 4.645215759277343750e+02
4.446286959186617871e+00 4.543056945800781250e+02
4.449721711569148752e+00 4.534603576660156250e+02
4.453156463951680522e+00 4.482940979003906250e+02
4.456591216334211403e+00 4.484820251464843750e+02
4.460025968716742284e+00 4.495036315917968750e+02
4.463460721099273165e+00 4.522014465332031250e+02
4.466895473481804935e+00 4.523143005371093750e+02
4.470330225864335816e+00 4.520495910644531250e+02
4.473764978246866697e+00 4.514667663574218750e+02
4.477199730629398466e+00 4.519542541503906250e+02
4.480634483011929348e+00 4.468267517089843750e+02
4.484069235394461117e+00 4.444162597656250000e+02
4.487503987776991110e+00 4.370675659179687500e+02
4.490938740159522879e+00 4.379024353027343750e+02
4.494373492542053761e+00 4.376221313476562500e+02
4.497808244924585530e+00 4.360228271484375000e+02
4.501242997307116411e+00 4.329059448242187500e+02
4.504677749689648181e+00 4.360195922851562500e+02
4.508112502072179062e+00 4.396517944335937500e+02
4.511547254454709943e+00 4.428061523437500000e+02
4.514982006837240824e+00 4.411439208984375000e+02
4.518416759219772594e+00 4.424083862304687500e+02
4.521851511602303475e+00 4.391124572753906250e+02
4.525286263984835244e+00 4.403784484863281250e+02
4.528721016367366126e+00 4.391617126464843750e+02
4.532155768749897895e+00 4.395549621582031250e+02
4.535590521132428776e+00 4.405074462890625000e+02
4.539025273514959657e+00 4.409669799804687500e+02
4.542460025897490539e+00 4.399671936035156250e+02
4.545894778280021420e+00 4.375702514648437500e+02
4.549329530662553189e+00 4.439429321289062500e+02
4.552764283045084071e+00 4.475528564453125000e+02
4.556199035427615840e+00 4.446954956054687500e+02
4.559633787810146721e+00 4.371421813964843750e+02
4.563068540192677602e+00 4.342040100097656250e+02
4.566503292575208484e+00 4.379179992675781250e+02
4.569938044957740253e+00 4.434806823730468750e+02
4.573372797340271134e+00 4.530393371582031250e+02
4.576807549722802904e+00 4.579619445800781250e+02
4.580242302105333785e+00 4.499570007324218750e+02
4.583677054487865554e+00 4.418973999023437500e+02
4.587111806870395547e+00 4.362742919921875000e+02
4.590546559252927317e+00 4.388388671875000000e+02
4.593981311635458198e+00 4.371249694824218750e+02
4.597416064017989967e+00 4.412941894531250000e+02
4.600850816400520849e+00 4.423034057617187500e+02
4.604285568783052618e+00 4.440129089355468750e+02
4.607720321165583499e+00 4.403361816406250000e+02
4.611155073548115269e+00 4.372451782226562500e+02
4.614589825930645262e+00 4.386077270507812500e+02
4.618024578313177031e+00 4.372903442382812500e+02
4.621459330695707912e+00 4.385513610839843750e+02
4.624894083078238793e+00 4.386493225097656250e+02
4.628328835460770563e+00 4.446777648925781250e+02
4.631763587843301444e+00 4.522612609863281250e+02
4.635198340225833213e+00 4.582498779296875000e+02
4.638633092608363206e+00 4.661395874023437500e+02
4.642067844990894976e+00 4.771234436035156250e+02
4.645502597373425857e+00 4.948997497558593750e+02
4.648937349755957626e+00 5.162055053710937500e+02
4.652372102138488508e+00 5.351325073242187500e+02
4.655806854521020277e+00 5.510794067382812500e+02
4.659241606903551158e+00 5.632633666992187500e+02
4.662676359286082040e+00 5.707535400390625000e+02
4.666111111668612921e+00 5.729005737304687500e+02
4.669545864051144690e+00 5.726550903320312500e+02
4.672980616433675571e+00 5.760101318359375000e+02
4.676415368816207341e+00 5.705744018554687500e+02
4.679850121198738222e+00 5.610055541992187500e+02
4.683284873581269991e+00 5.450280761718750000e+02
4.686719625963800873e+00 5.277151489257812500e+02
4.690154378346331754e+00 5.160001220703125000e+02
4.693589130728862635e+00 4.947784423828125000e+02
4.697023883111393516e+00 4.785617065429687500e+02
4.700458635493925286e+00 4.612274780273437500e+02
4.703893387876456167e+00 4.496925354003906250e+02
4.707328140258987936e+00 4.439797973632812500e+02
4.710762892641518818e+00 4.374477233886718750e+02
4.714197645024049699e+00 4.368149108886718750e+02
4.717632397406580580e+00 4.334810791015625000e+02
4.721067149789112349e+00 4.311879272460937500e+02
4.724501902171643231e+00 4.240434875488281250e+02
4.727936654554175000e+00 4.213994445800781250e+02
4.731371406936705881e+00 4.249645996093750000e+02
4.734806159319237651e+00 4.314970092773437500e+02
4.738240911701767644e+00 4.363533935546875000e+02
4.741675664084299413e+00 4.375584106445312500e+02
4.745110416466830294e+00 4.375594482421875000e+02
4.748545168849362064e+00 4.379887695312500000e+02
4.751979921231892945e+00 4.394655456542968750e+02
4.755414673614424714e+00 4.418116760253906250e+02
4.758849425996955596e+00 4.422924499511718750e+02
4.762284178379487365e+00 4.400250854492187500e+02
4.765718930762017358e+00 4.349336242675781250e+02
4.769153683144549127e+00 4.311650085449218750e+02
4.772588435527080009e+00 4.288755187988281250e+02
4.776023187909610890e+00 4.280761413574218750e+02
4.779457940292142659e+00 4.217191467285156250e+02
4.782892692674673540e+00 4.185382690429687500e+02
4.786327445057205310e+00 4.194709472656250000e+02
4.789762197439735303e+00 4.262973937988281250e+02
4.793196949822267072e+00 4.319362792968750000e+02
4.796631702204797953e+00 4.350093078613281250e+02
4.800066454587329723e+00 4.359962158203125000e+02
4.803501206969860604e+00 4.383101806640625000e+02
4.806935959352392373e+00 4.378609008789062500e+02
4.810370711734923255e+00 4.396420288085937500e+02
4.813805464117454136e+00 4.402122497558593750e+02
4.817240216499985017e+00 4.430820617675781250e+02
4.820674968882516787e+00 4.407569274902343750e+02
4.824109721265047668e+00 4.418410339355468750e+02
4.827544473647579437e+00 4.439572753906250000e+02
4.830979226030110318e+00 4.431929016113281250e+02
4.834413978412642088e+00 4.381778259277343750e+02
4.837848730795172969e+00 4.326363830566406250e+02
4.841283483177703850e+00 4.298628234863281250e+02
4.844718235560234731e+00 4.291315002441406250e+02
4.848152987942766501e+00 4.247386169433593750e+02
4.851587740325297382e+00 4.240999450683593750e+02
4.855022492707828263e+00 4.261930236816406250e+02
4.858457245090360033e+00 4.336778564453125000e+02
4.861891997472890914e+00 4.462218322753906250e+02
4.865326749855421795e+00 4.632812500000000000e+02
4.868761502237952676e+00 4.864824218750000000e+02
4.872196254620484446e+00 5.042329711914062500e+02
4.875631007003015327e+00 5.156992797851562500e+02
4.879065759385547096e+00 5.257844848632812500e+02
4.882500511768077978e+00 5.300030517578125000e+02
4.885935264150609747e+00 5.323715820312500000e+02
4.889370016533139740e+00 5.274143066406250000e+02
4.892804768915671509e+00 5.197621459960937500e+02
4.896239521298202391e+00 5.030931701660156250e+02
4.899674273680734160e+00 4.838165283203125000e+02
4.903109026063265041e+00 4.666641235351562500e+02
4.906543778445796811e+00 4.576735229492187500e+02
4.909978530828327692e+00 4.442614440917968750e+02
4.913413283210858573e+00 4.340913696289062500e+02
4.916848035593389454e+00 4.261894226074218750e+02
4.920282787975921224e+00 4.263046264648437500e+02
4.923717540358452105e+00 4.246444396972656250e+02
4.927152292740982986e+00 4.189970703125000000e+02
4.930587045123514756e+00 4.176156005859375000e+02
4.934021797506045637e+00 4.182439270019531250e+02
4.937456549888577406e+00 4.248302307128906250e+02
4.940891302271107399e+00 4.275789489746093750e+02
4.944326054653639169e+00 4.325640869140625000e+02
4.947760807036170050e+00 4.345996398925781250e+02
4.951195559418701819e+00 4.352516479492187500e+02
4.954630311801232700e+00 4.356889953613281250e+02
4.958065064183764470e+00 4.437005004882812500e+02
4.961499816566295351e+00 4.518040466308593750e+02
4.964934568948826232e+00 4.542942504882812500e+02
4.968369321331357114e+00 4.448058471679687500e+02
4.971804073713888883e+00 4.374623718261718750e+02
4.975238826096419764e+00 4.338542480468750000e+02
4.978673578478951534e+00 4.371976013183593750e+02
4.982108330861482415e+00 4.370608215332031250e+02
4.985543083244014184e+00 4.358248291015625000e+02
4.988977835626544177e+00 4.296698913574218750e+02
4.992412588009075947e+00 4.288023681640625000e+02
4.995847340391606828e+00 4.211728515625000000e+02
4.999282092774138597e+00 4.209841613769531250e+02
5.002716845156669478e+00 4.180120544433593750e+02
5.006151597539200360e+00 4.167372131347656250e+02
5.009586349921732129e+00 4.171393127441406250e+02
5.013021102304263010e+00 4.226914978027343750e+02
5.016455854686793892e+00 4.286252136230468750e+02
5.019890607069324773e+00 4.284786987304687500e+02
5.023325359451856542e+00 4.275067443847656250e+02
5.026760111834387423e+00 4.295714111328125000e+02
5.030194864216919193e+00 4.278341369628906250e+02
5.033629616599450074e+00 4.295294494628906250e+02
5.037064368981981843e+00 4.277358703613281250e+02
5.040499121364511836e+00 4.304961853027343750e+02
5.043933873747043606e+00 4.296041870117187500e+02
5.047368626129574487e+00 4.311531677246093750e+02
5.050803378512106256e+00 4.322983398437500000e+02
5.054238130894637138e+00 4.322257995605468750e+02
5.057672883277168907e+00 4.352999877929687500e+02
5.061107635659699788e+00 4.324151000976562500e+02
5.064542388042230669e+00 4.267201538085937500e+02
5.067977140424761551e+00 4.212695007324218750e+02
5.071411892807293320e+00 4.188533630371093750e+02
5.074846645189824201e+00 4.180397338867187500e+02
5.078281397572355083e+00 4.174784545898437500e+02
5.081716149954886852e+00 4.172526550292968750e+02
5.085150902337417733e+00 4.156187438964843750e+02
5.088585654719949503e+00 4.159938659667968750e+02
5.092020407102479496e+00 4.175136413574218750e+02
5.095455159485011265e+00 4.218580932617187500e+02
5.098889911867542146e+00 4.213164672851562500e+02
5.102324664250073916e+00 4.148854980468750000e+02
5.105759416632604797e+00 4.116699523925781250e+02
5.109194169015136566e+00 4.091424255371093750e+02
5.112628921397667447e+00 4.091048889160156250e+02
5.116063673780198329e+00 4.069727783203125000e+02
5.119498426162729210e+00 4.046812438964843750e+02
5.122933178545260979e+00 4.060232849121093750e+02
5.126367930927791861e+00 4.041145019531250000e+02
5.129802683310323630e+00 4.041616516113281250e+02
5.133237435692854511e+00 4.049244689941406250e+02
5.136672188075386281e+00 4.057065429687500000e+02
5.140106940457916274e+00 4.084159240722656250e+02
5.143541692840448043e+00 4.040990295410156250e+02
5.146976445222978924e+00 4.028594055175781250e+02
5.150411197605510694e+00 4.058699035644531250e+02
5.153845949988041575e+00 4.115195007324218750e+02
5.157280702370572456e+00 4.121414489746093750e+02
5.160715454753104225e+00 4.066860961914062500e+02
5.164150207135635107e+00 4.078346557617187500e+02
5.167584959518165988e+00 4.105919799804687500e+02
5.171019711900696869e+00 4.127072143554687500e+02
5.174454464283228639e+00 4.108482360839843750e+02
5.177889216665759520e+00 4.108927612304687500e+02
5.181323969048291289e+00 4.112146301269531250e+02
5.184758721430822170e+00 4.117041625976562500e+02
5.188193473813353940e+00 4.099761352539062500e+02
5.191628226195883933e+00 4.076961364746093750e+02
5.195062978578415702e+00 4.029191589355468750e+02
5.198497730960946583e+00 4.026398620605468750e+02
5.201932483343478353e+00 4.017912902832031250e+02
5.205367235726009234e+00 4.118839721679687500e+02
5.208801988108541003e+00 4.261458435058593750e+02
5.212236740491071885e+00 4.401997375488281250e+02
5.215671492873602766e+00 4.486794128417968750e+02
5.219106245256133647e+00 4.515465393066406250e+02
5.222540997638665417e+00 4.529259338378906250e+02
5.225975750021196298e+00 4.519040527343750000e+02
5.229410502403727179e+00 4.503352050781250000e+02
5.232845254786258948e+00 4.496968688964843750e+02
5.236280007168789830e+00 4.426946716308593750e+02
5.239714759551321599e+00 4.337642211914062500e+02
5.243149511933851592e+00 4.234332275390625000e+02
5.246584264316383361e+00 4.171512756347656250e+02
5.250019016698914243e+00 4.096478271484375000e+02
5.253453769081446012e+00 4.080751037597656250e+02
5.256888521463976893e+00 4.023481140136718750e+02
5.260323273846508663e+00 4.023044128417968750e+02
5.263758026229039544e+00 4.026471862792968750e+02
5.267192778611570425e+00 4.052790222167968750e+02
5.270627530994101306e+00 4.096412963867187500e+02
5.274062283376633076e+00 4.093448181152343750e+02
5.277497035759163957e+00 4.083531799316406250e+02
5.280931788141695726e+00 4.048119201660156250e+02
5.284366540524226608e+00 4.058276367187500000e+02
5.287801292906758377e+00 4.088295288085937500e+02
5.291236045289288370e+00 4.086238708496093750e+02
5.294670797671820139e+00 4.103560180664062500e+02
5.298105550054351021e+00 4.059678344726562500e+02
5.301540302436882790e+00 4.041470947265625000e+02
5.304975054819413671e+00 4.009190368652343750e+02
5.308409807201944552e+00 3.993664855957031250e+02
5.311844559584476322e+00 3.994945068359375000e+02
5.315279311967006315e+00 3.990662841796875000e+02
5.318714064349538084e+00 4.024521789550781250e+02
5.322148816732068966e+00 4.022370605468750000e+02
5.325583569114600735e+00 4.104418029785156250e+02
5.329018321497131616e+00 4.156683044433593750e+02
5.332453073879663386e+00 4.197238159179687500e+02
5.335887826262194267e+00 4.194597473144531250e+02
5.339322578644726036e+00 4.281692504882812500e+02
5.342757331027256029e+00 4.369180297851562500e+02
5.346192083409787799e+00 4.467330932617187500e+02
5.349626835792318680e+00 4.537487792968750000e+02
5.353061588174850449e+00 4.570392456054687500e+02
5.356496340557381330e+00 4.576080627441406250e+02
5.359931092939913100e+00 4.544506225585937500e+02
5.363365845322443981e+00 4.519766235351562500e+02
5.366800597704974862e+00 4.448678283691406250e+02
5.370235350087505743e+00 4.379196166992187500e+02
5.373670102470037513e+00 4.328588867187500000e+02
5.377104854852568394e+00 4.287236938476562500e+02
5.380539607235100164e+00 4.205673217773437500e+02
5.383974359617631045e+00 4.148973083496093750e+02
5.387409112000161926e+00 4.085446777343750000e+02
5.390843864382692807e+00 4.012394714355468750e+02
5.394278616765223688e+00 4.010866088867187500e+02
5.397713369147755458e+00 4.023173522949218750e+02
5.401148121530286339e+00 4.012668151855468750e+02
5.404582873912818108e+00 3.973639526367187500e+02
5.408017626295348990e+00 3.959647827148437500e+02
5.411452378677880759e+00 4.010801391601562500e+02
5.414887131060411640e+00 4.039339294433593750e+02
5.418321883442942521e+00 4.051183776855468750e+02
5.421756635825473403e+00 4.057132263183593750e+02
5.425191388208005172e+00 4.033722229003906250e+02
5.428626140590536053e+00 4.047955322265625000e+02
5.432060892973067823e+00 4.050101623535156250e+02
5.435495645355598704e+00 4.090057373046875000e+02
5.438930397738130473e+00 4.130870361328125000e+02
5.442365150120660466e+00 4.156123657226562500e+02
5.445799902503192236e+00 4.159316406250000000e+02
5.449234654885723117e+00 4.092060546875000000e+02
5.452669407268254886e+00 4.063306579589843750e+02
5.456104159650785768e+00 4.020251770019531250e+02
5.459538912033316649e+00 4.041128540039062500e+02
5.462973664415848418e+00 4.045671386718750000e+02
5.466408416798379299e+00 4.080652160644531250e+02
5.469843169180910181e+00 4.081295776367187500e+02
5.473277921563441062e+00 4.156480407714843750e+02
5.476712673945972831e+00 4.255412292480468750e+02
5.480147426328503713e+00 4.376388549804687500e+02
5.483582178711035482e+00 4.391726379394531250e+02
5.487016931093566363e+00 4.396616821289062500e+02
5.490451683476098133e+00 4.410339965820312500e+02
5.493886435858628126e+00 4.426151428222656250e+02
5.497321188241159895e+00 4.427502441406250000e+02
5.500755940623690776e+00 4.380070800781250000e+02
5.504190693006222546e+00 4.370443420410156250e+02
5.507625445388753427e+00 4.294212036132812500e+02
5.511060197771285196e+00 4.279410095214843750e+02
5.514494950153816077e+00 4.273407592773437500e+02
5.517929702536346959e+00 4.274969787597656250e+02
5.521364454918877840e+00 4.259326171875000000e+02
5.524799207301409609e+00 4.210574340820312500e+02
5.528233959683940490e+00 4.196998596191406250e+02
5.531668712066472260e+00 4.114892272949218750e+02
5.535103464449003141e+00 4.048890686035156250e+02
5.538538216831534022e+00 4.033321533203125000e+02
5.541972969214064904e+00 4.092455444335937500e+02
5.545407721596595785e+00 4.107290954589843750e+02
5.548842473979127554e+00 4.062893066406250000e+02
5.552277226361658435e+00 4.011557006835937500e+02
5.555711978744190205e+00 4.004403686523437500e+02
5.559146731126721086e+00 4.043457336425781250e+02
5.562581483509252855e+00 4.085217895507812500e+02
5.566016235891783737e+00 4.094724426269531250e+02
5.569450988274314618e+00 4.114525451660156250e+02
5.572885740656845499e+00 4.106260681152343750e+02
5.576320493039377268e+00 4.108840332031250000e+02
5.579755245421908150e+00 4.084357604980468750e+02
5.583189997804439919e+00 4.077805480957031250e+02
5.586624750186970800e+00 4.031374816894531250e+02
5.590059502569502570e+00 4.059151611328125000e+02
5.593494254952032563e+00 4.067431030273437500e+02
5.596929007334564332e+00 4.124278869628906250e+02
5.600363759717095213e+00 4.106974792480468750e+02
5.603798512099626983e+00 4.071892395019531250e+02
5.607233264482157864e+00 4.058930664062500000e+02
5.610668016864688745e+00 4.072145690917968750e+02
5.614102769247220515e+00 4.096080322265625000e+02
5.617537521629751396e+00 4.051801757812500000e+02
5.620972274012282277e+00 4.015555419921875000e+02
5.624407026394813158e+00 3.968721923828125000e+02
5.627841778777344928e+00 3.974515380859375000e+02
5.631276531159875809e+00 4.026130676269531250e+02
5.634711283542407578e+00 4.135025329589843750e+02
5.638146035924938460e+00 4.202994689941406250e+02
5.641580788307470229e+00 4.197844848632812500e+02
5.645015540690000222e+00 4.164248046875000000e+02
5.648450293072531991e+00 4.140468139648437500e+02
5.651885045455062873e+00 4.089596557617187500e+02
5.655319797837594642e+00 4.064743652343750000e+02
5.658754550220125523e+00 4.054200439453125000e+02
5.662189302602657293e+00 4.079732360839843750e+02
5.665624054985188174e+00 4.086673278808593750e+02
5.669058807367719055e+00 4.074870300292968750e+02
5.672493559750249936e+00 4.076984558105468750e+02
5.675928312132781706e+00 4.118887023925781250e+02
5.679363064515312587e+00 4.193673095703125000e+02
5.682797816897844356e+00 4.234996337890625000e+02
5.686232569280375237e+00 4.269876098632812500e+02
5.689667321662906119e+00 4.315827331542968750e+02
5.693102074045437000e+00 4.399057312011718750e+02
5.696536826427967881e+00 4.540966186523437500e+02
5.699971578810499651e+00 4.697866210937500000e+02
5.703406331193030532e+00 5.117006530761718750e+02
5.706841083575562301e+00 5.786276855468750000e+02
5.710275835958093182e+00 6.697904052734375000e+02
5.713710588340624952e+00 7.697065429687500000e+02
5.717145340723154945e+00 8.695081787109375000e+02
5.720580093105686714e+00 9.584523925781250000e+02
5.724014845488217595e+00 1.019619445800781250e+03
5.727449597870749365e+00 1.038987915039062500e+03
5.730884350253280246e+00 1.034504028320312500e+03
5.734319102635812015e+00 1.002462829589843750e+03
5.737753855018342897e+00 9.527623901367187500e+02
5.741188607400874666e+00 8.799743652343750000e+02
5.744623359783404659e+00 8.003809204101562500e+02
5.748058112165936429e+00 7.199325561523437500e+02
5.751492864548467310e+00 6.425217895507812500e+02
5.754927616930999079e+00 5.627616577148437500e+02
5.758362369313529960e+00 4.993073730468750000e+02
5.761797121696060842e+00 4.544439392089843750e+02
5.765231874078592611e+00 4.363605957031250000e+02
5.768666626461123492e+00 4.236866149902343750e+02
5.772101378843654373e+00 4.117937316894531250e+02
5.775536131226185255e+00 4.030385742187500000e+02
5.778970883608717024e+00 3.998387145996093750e+02
5.782405635991247905e+00 4.007705078125000000e+02
5.785840388373779675e+00 3.982204895019531250e+02
5.789275140756310556e+00 3.949443054199218750e+02
5.792709893138841437e+00 3.945577087402343750e+02
5.796144645521372318e+00 3.972055969238281250e+02
5.799579397903904088e+00 4.011127014160156250e+02
5.803014150286434969e+00 4.016535034179687500e+02
5.806448902668966738e+00 4.007048645019531250e+02
5.809883655051497620e+00 3.990202636718750000e+02
5.813318407434029389e+00 3.986879577636718750e+02
5.816753159816560270e+00 3.944027709960937500e+02
5.820187912199091151e+00 3.963039550781250000e+02
5.823622664581622033e+00 3.957519836425781250e+02
5.827057416964153802e+00 3.948689880371093750e+02
5.830492169346684683e+00 3.916228637695312500e+02
5.833926921729216453e+00 3.881795959472656250e+02
5.837361674111747334e+00 3.881652221679687500e+02
5.840796426494278215e+00 3.863466491699218750e+02
5.844231178876809096e+00 3.872996215820312500e+02
5.847665931259339978e+00 3.898826904296875000e+02
5.851100683641871747e+00 3.889892578125000000e+02
5.854535436024402628e+00 3.903449096679687500e+02
5.857970188406934398e+00 3.867369689941406250e+02
5.861404940789465279e+00 3.834750366210937500e+02
5.864839693171997048e+00 3.789650878906250000e+02
5.868274445554527041e+00 3.784312438964843750e+02
5.871709197937058811e+00 3.826504821777343750e+02
5.875143950319589692e+00 3.816718139648437500e+02
5.878578702702121461e+00 3.801181030273437500e+02
5.882013455084652342e+00 3.779993896484375000e+02
5.885448207467184112e+00 3.831398620605468750e+02
5.888882959849714993e+00 3.888575744628906250e+02
5.892317712232246762e+00 3.919542541503906250e+02
5.895752464614776756e+00 3.903806152343750000e+02
5.899187216997308525e+00 3.881147155761718750e+02
5.902621969379839406e+00 3.857510070800781250e+02
5.906056721762371176e+00 3.858966064453125000e+02
5.909491474144902057e+00 3.826083679199218750e+02
5.912926226527432938e+00 3.808998718261718750e+02
5.916360978909964707e+00 3.760863647460937500e+02
5.919795731292495589e+00 3.783013916015625000e+02
5.923230483675026470e+00 3.770574951171875000e+02
5.926665236057557351e+00 3.756586608886718750e+02
5.930099988440089120e+00 3.763080139160156250e+02
5.933534740822620002e+00 3.813842773437500000e+02
5.936969493205151771e+00 3.846357116699218750e+02
5.940404245587682652e+00 3.862432556152343750e+02
5.943838997970213534e+00 3.913411865234375000e+02
5.947273750352744415e+00 3.930893859863281250e+02
5.950708502735276184e+00 3.923649291992187500e+02
5.954143255117807065e+00 3.906270446777343750e+02
5.957578007500338835e+00 3.927471008300781250e+02
5.961012759882869716e+00 3.904522705078125000e+02
5.964447512265401485e+00 3.866412353515625000e+02
5.967882264647932367e+00 3.935877075195312500e+02
5.971317017030463248e+00 4.040672302246093750e+02
5.974751769412994129e+00 4.048045043945312500e+02
5.978186521795525898e+00 3.953195800781250000e+02
5.981621274178056780e+00 3.925055847167968750e+02
5.985056026560588549e+00 3.953170471191406250e+02
5.988490778943119430e+00 3.967053833007812500e+02
5.991925531325650311e+00 3.971498718261718750e+02
5.995360283708181193e+00 3.991700439453125000e+02
5.998795036090712074e+00 3.981087036132812500e+02
6.002229788473243843e+00 3.929442138671875000e+02
6.005664540855774725e+00 3.859126892089843750e+02
6.009099293238306494e+00 3.850392761230468750e+02
6.012534045620837375e+00 3.831153259277343750e+02
6.015968798003369145e+00 3.864815368652343750e+02
6.019403550385899138e+00 3.867716064453125000e+02
6.022838302768430907e+00 3.912634277343750000e+02
6.026273055150961788e+00 3.906240234375000000e+02
6.029707807533493558e+00 3.898435974121093750e+02
6.033142559916024439e+00 3.875077514648437500e+02
6.036577312298556208e+00 3.880590515136718750e+02
6.040012064681087089e+00 3.908878173828125000e+02
6.043446817063618859e+00 3.907552185058593750e+02
6.046881569446148852e+00 3.876635437011718750e+02
6.050316321828680621e+00 3.883661499023437500e+02
6.053751074211211503e+00 3.904309082031250000e+02
6.057185826593743272e+00 3.970904541015625000e+02
6.060620578976274153e+00 3.989732666015625000e+02
6.064055331358805923e+00 4.006999206542968750e+02
6.067490083741336804e+00 4.048616943359375000e+02
6.070924836123867685e+00 4.077848815917968750e+02
6.074359588506398566e+00 4.109911499023437500e+02
6.077794340888929447e+00 4.073290405273437500e+02
6.081229093271461217e+00 4.037684020996093750e+02
6.084663845653992098e+00 4.010177307128906250e+02
6.088098598036523867e+00 3.976885986328125000e+02
6.091533350419054749e+00 3.930030822753906250e+02
6.094968102801585630e+00 3.886513671875000000e+02
6.098402855184116511e+00 3.853569030761718750e+02
6.101837607566648281e+00 3.823181457519531250e+02
6.105272359949179162e+00 3.840190429687500000e+02
6.108707112331710931e+00 3.857608642578125000e+02
6.112141864714241812e+00 3.851313476562500000e+02
6.115576617096773582e+00 3.776766052246093750e+02
6.119011369479304463e+00 3.777452392578125000e+02
6.122446121861835344e+00 3.765256347656250000e+02
6.125880874244366225e+00 3.784306945800781250e+02
6.129315626626897995e+00 3.799053649902343750e+02
6.132750379009428876e+00 3.810718994140625000e+02
6.136185131391960645e+00 3.762149353027343750e+02
6.139619883774491527e+00 3.738448791503906250e+02
6.143054636157022408e+00 3.755844421386718750e+02
6.146489388539553289e+00 3.774495849609375000e+02
6.149924140922085058e+00 3.794085998535156250e+02
6.153358893304615940e+00 3.828622741699218750e+02
6.156793645687146821e+00 3.863264160156250000e+02
6.160228398069678590e+00 3.806751098632812500e+02
6.163663150452209472e+00 3.782128906250000000e+02
6.167097902834741241e+00 3.769115295410156250e+02
6.170532655217271234e+00 3.773389282226562500e+02
6.173967407599803003e+00 3.745223083496093750e+02
6.177402159982333885e+00 3.687697448730468750e+02
6.180836912364865654e+00 3.683227233886718750e+02
6.184271664747396535e+00 3.674367370605468750e+02
6.187706417129928305e+00 3.707881774902343750e+02
6.191141169512459186e+00 3.728503723144531250e+02
6.194575921894990067e+00 3.731316528320312500e+02
6.198010674277520948e+00 3.670496826171875000e+02
6.201445426660052718e+00 3.621502990722656250e+02
6.204880179042583599e+00 3.596615905761718750e+02
6.208314931425115368e+00 3.603264465332031250e+02
6.211749683807646250e+00 3.605033264160156250e+02
6.215184436190178019e+00 3.598598632812500000e+02
6.218619188572708900e+00 3.609079284667968750e+02
6.222053940955239781e+00 3.638204650878906250e+02
6.225488693337770663e+00 3.680031127929687500e+02
6.228923445720301544e+00 3.666213684082031250e+02
6.232358198102833313e+00 3.645798645019531250e+02
6.235792950485364194e+00 3.585872802734375000e+02
6.239227702867895964e+00 3.593159179687500000e+02
6.242662455250426845e+00 3.594151611328125000e+02
6.246097207632957726e+00 3.637997741699218750e+02
6.249531960015488607e+00 3.590988159179687500e+02
6.252966712398020377e+00 3.566625366210937500e+02
6.256401464780551258e+00 3.574086914062500000e+02
6.259836217163083028e+00 3.612044067382812500e+02
6.263270969545613909e+00 3.685131225585937500e+02
6.266705721928145678e+00 3.724438171386718750e+02
6.270140474310675671e+00 3.769874572753906250e+02
6.273575226693207441e+00 3.735910339355468750e+02
6.277009979075738322e+00 3.726806945800781250e+02
6.280444731458270091e+00 3.781175537109375000e+02
6.283879483840800972e+00 3.836824035644531250e+02
6.287314236223332742e+00 3.865485534667968750e+02
6.290748988605863623e+00 3.799255371093750000e+02
6.294183740988394504e+00 3.737947082519531250e+02
6.297618493370925385e+00 3.710350952148437500e+02
6.301053245753457155e+00 3.731265258789062500e+02
6.304487998135988036e+00 3.755543823242187500e+02
6.307922750518518917e+00 3.733020019531250000e+02
6.311357502901050687e+00 3.681488037109375000e+02
6.314792255283581568e+00 3.673658142089843750e+02
6.318227007666113337e+00 3.638601379394531250e+02
6.321661760048643330e+00 3.624074707031250000e+02
6.325096512431175100e+00 3.607180175781250000e+02
6.328531264813705981e+00 3.675310363769531250e+02
6.331966017196237750e+00 3.752266540527343750e+02
6.335400769578768632e+00 3.797804260253906250e+02
6.338835521961300401e+00 3.830555725097656250e+02
6.342270274343831282e+00 3.787068176269531250e+02
6.345705026726362163e+00 3.804131469726562500e+02
6.349139779108893045e+00 3.780778503417968750e+02
6.352574531491424814e+00 3.803546447753906250e+02
6.356009283873955695e+00 3.779017944335937500e+02
6.359444036256487465e+00 3.760758666992187500e+02
6.362878788639018346e+00 3.782572631835937500e+02
6.366313541021550115e+00 3.787130432128906250e+02
6.369748293404080997e+00 3.759074401855468750e+02
6.373183045786611878e+00 3.662666015625000000e+02
6.376617798169142759e+00 3.586113281250000000e+02
6.380052550551673640e+00 3.569071960449218750e+02
6.383487302934205410e+00 3.540064697265625000e+02
6.386922055316736291e+00 3.519289855957031250e+02
6.390356807699268060e+00 3.517986145019531250e+02
6.393791560081798941e+00 3.577476501464843750e+02
6.397226312464329823e+00 3.587460327148437500e+02
6.400661064846860704e+00 3.562194824218750000e+02
6.404095817229392473e+00 3.556296081542968750e+02
6.407530569611923355e+00 3.563864135742187500e+02
6.410965321994455124e+00 3.613565979003906250e+02
6.414400074376986005e+00 3.670917053222656250e+02
6.417834826759517775e+00 3.692362060546875000e+02
6.421269579142047768e+00 3.738875427246093750e+02
6.424704331524579537e+00 3.754825744628906250e+02
6.428139083907110418e+00 3.807824096679687500e+02
6.431573836289642188e+00 3.782291259765625000e+02
6.435008588672173069e+00 3.813030090332031250e+02
6.438443341054704838e+00 3.812425231933593750e+02
6.441878093437235719e+00 3.826752929687500000e+02
6.445312845819766601e+00 3.778606262207031250e+02
6.448747598202297482e+00 3.753821411132812500e+02
6.452182350584829251e+00 3.712131958007812500e+02
6.455617102967360132e+00 3.662832031250000000e+02
6.459051855349891014e+00 3.671745605468750000e+02
6.462486607732422783e+00 3.672521667480468750e+02
6.465921360114953664e+00 3.697542724609375000e+02
6.469356112497485434e+00 3.701958923339843750e+02
6.472790864880015427e+00 3.703245849609375000e+02
6.476225617262547196e+00 3.686541748046875000e+02
6.479660369645078077e+00 3.624543762207031250e+02
6.483095122027609847e+00 3.591542663574218750e+02
6.486529874410140728e+00 3.587157897949218750e+02
6.489964626792672497e+00 3.605400085449218750e+02
6.493399379175203379e+00 3.578927001953125000e+02
6.496834131557734260e+00 3.526598815917968750e+02
6.500268883940265141e+00 3.493309326171875000e+02
6.503703636322796910e+00 3.515593566894531250e+02
6.507138388705327792e+00 3.563407287597656250e+02
6.510573141087859561e+00 3.580883178710937500e+02
6.514007893470390442e+00 3.574464111328125000e+02
6.517442645852922212e+00 3.537646484375000000e+02
6.520877398235453093e+00 3.545273437500000000e+02
6.524312150617983974e+00 3.567561340332031250e+02
6.527746903000514855e+00 3.583037414550781250e+02
6.531181655383045737e+00 3.608489685058593750e+02
6.534616407765577506e+00 3.619099426269531250e+02
6.538051160148108387e+00 3.613320007324218750e+02
6.541485912530640157e+00 3.593395080566406250e+02
6.544920664913171038e+00 3.552066345214843750e+02
6.548355417295701919e+00 3.533912963867187500e+02
6.551790169678232800e+00 3.551433715820312500e+02
6.555224922060764570e+00 3.553783874511718750e+02
6.558659674443295451e+00 3.562136230468750000e+02
6.562094426825827220e+00 3.516343994140625000e+02
6.565529179208358102e+00 3.504743041992187500e+02
6.568963931590889871e+00 3.495980834960937500e+02
6.572398683973419864e+00 3.516075744628906250e+02
6.575833436355951633e+00 3.549391784667968750e+02
6.579268188738482515e+00 3.556788330078125000e+02
6.582702941121014284e+00 3.550741882324218750e+02
6.586137693503545165e+00 3.551417236328125000e+02
6.589572445886076935e+00 3.565820007324218750e+02
6.593007198268607816e+00 3.589438781738281250e+02
6.596441950651138697e+00 3.583739624023437500e+02
6.599876703033669578e+00 3.571578369140625000e+02
6.603311455416201348e+00 3.549735717773437500e+02
6.606746207798732229e+00 3.486059265136718750e+02
6.610180960181263110e+00 3.523756408691406250e+02
6.613615712563794879e+00 3.551915893554687500e+02
6.617050464946325761e+00 3.571172790527343750e+02
6.620485217328857530e+00 3.532554931640625000e+02
6.623919969711387523e+00 3.520572204589843750e+02
6.627354722093919293e+00 3.504038696289062500e+02
6.630789474476450174e+00 3.488812561035156250e+02
6.634224226858981943e+00 3.496785278320312500e+02
6.637658979241512824e+00 3.486930847167968750e+02
6.641093731624044594e+00 3.464393310546875000e+02
6.644528484006575475e+00 3.443863220214843750e+02
6.647963236389106356e+00 3.417893371582031250e+02
6.651397988771637237e+00 3.424821777343750000e+02
6.654832741154169007e+00 3.455895080566406250e+02
6.658267493536699888e+00 3.493872680664062500e+02
6.661702245919231657e+00 3.488496704101562500e+02
6.665136998301762539e+00 3.450567626953125000e+02
6.668571750684294308e+00 3.448319091796875000e+02
6.672006503066824301e+00 3.439773254394531250e+02
6.675441255449356071e+00 3.461091918945312500e+02
6.678876007831886952e+00 3.511669006347656250e+02
6.682310760214417833e+00 3.564519958496093750e+02
6.685745512596949602e+00 3.657639465332031250e+02
6.689180264979480484e+00 3.698068847656250000e+02
6.692615017362012253e+00 3.688552856445312500e+02
6.696049769744543134e+00 3.649835510253906250e+02
6.699484522127074015e+00 3.633096313476562500e+02
6.702919274509604897e+00 3.682446594238281250e+02
6.706354026892136666e+00 3.673417663574218750e+02
6.709788779274667547e+00 3.611713562011718750e+02
6.713223531657199317e+00 3.551658020019531250e+02
6.716658284039730198e+00 3.546367492675781250e+02
6.720093036422261967e+00 3.571238708496093750e+02
6.723527788804791960e+00 3.573957824707031250e+02
6.726962541187323730e+00 3.567816467285156250e+02
6.730397293569854611e+00 3.532991943359375000e+02
6.733832045952386380e+00 3.476588439941406250e+02
6.737266798334917262e+00 3.470552368164062500e+02
6.740701550717449031e+00 3.487259216308593750e+02
6.744136303099979912e+00 3.529567260742187500e+02
6.747571055482510793e+00 3.526246032714843750e+02
6.751005807865041675e+00 3.524491882324218750e+02
6.754440560247573444e+00 3.493428039550781250e+02
6.757875312630104325e+00 3.467162475585937500e+02
6.761310065012635206e+00 3.479043884277343750e+02
6.764744817395166976e+00 3.439270935058593750e+02
6.768179569777697857e+00 3.430920715332031250e+02
6.771614322160229626e+00 3.467802124023437500e+02
6.775049074542759620e+00 3.506149597167968750e+02
6.778483826925291389e+00 3.559520874023437500e+02
6.781918579307822270e+00 3.527321166992187500e+02
6.785353331690354040e+00 3.536811218261718750e+02
6.788788084072884921e+00 3.514148559570312500e+02
6.792222836455416690e+00 3.504616088867187500e+02
6.795657588837947571e+00 3.486606140136718750e+02
6.799092341220478453e+00 3.481466064453125000e+02
6.802527093603009334e+00 3.507662353515625000e+02
6.805961845985541103e+00 3.532898559570312500e+02
6.809396598368071984e+00 3.529973449707031250e+02
6.812831350750603754e+00 3.538462524414062500e+02
6.816266103133134635e+00 3.541035156250000000e+02
6.819700855515666404e+00 3.544389953613281250e+02
6.823135607898196398e+00 3.505543518066406250e+02
6.826570360280728167e+00 3.483934326171875000e+02
6.830005112663259048e+00 3.474456787109375000e+02
6.833439865045790818e+00 3.454123229980468750e+02
6.836874617428321699e+00 3.423588867187500000e+02
6.840309369810852580e+00 3.405812988281250000e+02
6.843744122193384349e+00 3.452088928222656250e+02
6.847178874575915231e+00 3.509181213378906250e+02
6.850613626958446112e+00 3.501091308593750000e+02
6.854048379340976993e+00 3.505612487792968750e+02
6.857483131723508762e+00 3.522470092773437500e+02
6.860917884106039644e+00 3.564733276367187500e+02
6.864352636488571413e+00 3.557288818359375000e+02
6.867787388871102294e+00 3.538778076171875000e+02
6.871222141253634064e+00 3.525839233398437500e+02
6.874656893636164057e+00 3.516372375488281250e+02
6.878091646018695826e+00 3.504188232421875000e+02
6.881526398401226707e+00 3.481531066894531250e+02
6.884961150783758477e+00 3.471109008789062500e+02
6.888395903166289358e+00 3.460784606933593750e+02
6.891830655548821127e+00 3.452800292968750000e+02
6.895265407931352009e+00 3.433879089355468750e+02
6.898700160313882890e+00 3.424396667480468750e+02
6.902134912696413771e+00 3.433170166015625000e+02
6.905569665078945540e+00 3.419676208496093750e+02
6.909004417461476422e+00 3.408161315917968750e+02
6.912439169844007303e+00 3.393927001953125000e+02
6.915873922226539072e+00 3.392559509277343750e+02
6.919308674609069953e+00 3.397508850097656250e+02
6.922743426991601723e+00 3.397328491210937500e+02
6.926178179374131716e+00 3.410130920410156250e+02
6.929612931756663485e+00 3.432367553710937500e+02
6.933047684139194367e+00 3.434728698730468750e+02
6.936482436521726136e+00 3.452088928222656250e+02
6.939917188904257017e+00 3.474953308105468750e+02
6.943351941286788787e+00 3.539968261718750000e+02
6.946786693669319668e+00 3.585563049316406250e+02
6.950221446051850549e+00 3.575522766113281250e+02
6.953656198434381430e+00 3.516622924804687500e+02
6.957090950816913200e+00 3.496655883789062500e+02
6.960525703199444081e+00 3.500169372558593750e+02
6.963960455581975850e+00 3.545672912597656250e+02
6.967395207964506731e+00 3.557621765136718750e+02
6.970829960347038501e+00 3.583514404296875000e+02
6.974264712729568494e+00 3.583801879882812500e+02
6.977699465112100263e+00 3.578468627929687500e+02
6.981134217494631145e+00 3.554556274414062500e+02
6.984568969877162914e+00 3.541402282714843750e+02
6.988003722259693795e+00 3.505559082031250000e+02
6.991438474642224676e+00 3.484765930175781250e+02
6.994873227024756446e+00 3.454382324218750000e+02
6.998307979407287327e+00 3.449059448242187500e+02
7.001742731789818208e+00 3.420457153320312500e+02
7.005177484172349089e+00 3.420732421875000000e+02
7.008612236554880859e+00 3.437030029296875000e+02
7.012046988937411740e+00 3.464957885742187500e+02
7.015481741319943509e+00 3.472471313476562500e+02
7.018916493702474391e+00 3.453973083496093750e+02
7.022351246085006160e+00 3.479246520996093750e+02
7.025785998467536153e+00 3.508856201171875000e+02
7.029220750850067922e+00 3.547410583496093750e+02
7.032655503232598804e+00 3.492548522949218750e+02
7.036090255615130573e+00 3.449802551269531250e+02
7.039525007997661454e+00 3.382515258789062500e+02
7.042959760380193224e+00 3.399507141113281250e+02
7.046394512762724105e+00 3.397621459960937500e+02
7.049829265145254986e+00 3.440915832519531250e+02
7.053264017527785867e+00 3.455786132812500000e+02
7.056698769910317637e+00 3.457009582519531250e+02
7.060133522292848518e+00 3.476930541992187500e+02
7.063568274675379399e+00 3.490282897949218750e+02
7.067003027057911169e+00 3.502541809082031250e+02
7.070437779440442050e+00 3.512667846679687500e+02
7.073872531822972931e+00 3.498475341796875000e+02
7.077307284205503812e+00 3.457171325683593750e+02
7.080742036588035582e+00 3.425829467773437500e+02
7.084176788970566463e+00 3.438097229003906250e+02
7.087611541353098232e+00 3.529726257324218750e+02
7.091046293735629114e+00 3.605987243652343750e+02
7.094481046118160883e+00 3.701672973632812500e+02
7.097915798500691764e+00 3.723780212402343750e+02
7.101350550883222645e+00 3.717317504882812500e+02
7.104785303265753527e+00 3.670204162597656250e+02
7.108220055648285296e+00 3.611838989257812500e+02
7.111654808030816177e+00 3.569123840332031250e+02
7.115089560413347947e+00 3.549078674316406250e+02
7.118524312795878828e+00 3.538271789550781250e+02
7.121959065178410597e+00 3.487911987304687500e+02
7.125393817560940590e+00 3.437102050781250000e+02
7.128828569943472360e+00 3.411694030761718750e+02
7.132263322326003241e+00 3.390617980957031250e+02
7.135698074708535010e+00 3.397220458984375000e+02
7.139132827091065892e+00 3.391314697265625000e+02
7.142567579473596773e+00 3.346933288574218750e+02
7.146002331856128542e+00 3.296108398437500000e+02
7.149437084238658535e+00 3.261174926757812500e+02
7.152871836621190305e+00 3.264866333007812500e+02
7.156306589003721186e+00 3.306023559570312500e+02
7.159741341386252955e+00 3.335134887695312500e+02
7.163176093768782948e+00 3.354697265625000000e+02
7.166610846151314718e+00 3.356965026855468750e+02
7.170045598533845599e+00 3.382434692382812500e+02
7.173480350916377368e+00 3.418561401367187500e+02
7.176915103298908249e+00 3.379035339355468750e+02
7.180349855681440019e+00 3.332311096191406250e+02
7.183784608063970900e+00 3.327917785644531250e+02
7.187219360446502670e+00 3.314725646972656250e+02
7.190654112829033551e+00 3.324203491210937500e+02
7.194088865211565320e+00 3.324832458496093750e+02
7.197523617594096201e+00 3.352191467285156250e+02
7.200958369976627971e+00 3.350156860351562500e+02
7.204393122359158852e+00 3.336248779296875000e+02
7.207827874741689733e+00 3.360510559082031250e+02
7.211262627124221503e+00 3.361132507324218750e+02
7.214697379506751496e+00 3.344962463378906250e+02
7.218132131889282377e+00 3.266982727050781250e+02
7.221566884271814146e+00 3.232189025878906250e+02
7.225001636654345027e+00 3.235886840820312500e+02
7.228436389036875909e+00 3.256481323242187500e+02
7.231871141419407678e+00 3.275579528808593750e+02
7.235305893801938559e+00 3.268820495605468750e+02
7.238740646184470329e+00 3.260704040527343750e+02
7.242175398567001210e+00 3.253199157714843750e+02
7.245610150949532979e+00 3.280082397460937500e+02
7.249044903332063861e+00 3.268314819335937500e+02
7.252479655714595630e+00 3.238355102539062500e+02
7.255914408097126511e+00 3.205312500000000000e+02
7.259349160479658281e+00 3.234176635742187500e+02
7.262783912862187385e+00 3.263675537109375000e+02
7.266218665244719155e+00 3.307562561035156250e+02
7.269653417627250036e+00 3.302532653808593750e+02
7.273088170009781805e+00 3.341665954589843750e+02
7.276522922392312687e+00 3.368464050292968750e+02
7.279957674774844456e+00 3.379858093261718750e+02
7.283392427157375337e+00 3.320937500000000000e+02
7.286827179539907107e+00 3.281298828125000000e+02
7.290261931922437988e+00 3.259695434570312500e+02
7.293696684304968869e+00 3.275686645507812500e+02
7.297131436687500639e+00 3.308121032714843750e+02
7.300566189070031520e+00 3.338329467773437500e+02
7.304000941452563289e+00 3.301067810058593750e+02
7.307435693835094170e+00 3.267382202148437500e+02
7.310870446217625940e+00 3.241911010742187500e+02
7.314305198600155045e+00 3.263581542968750000e+02
7.317739950982686814e+00 3.274673767089843750e+02
7.321174703365217695e+00 3.292438049316406250e+02
7.324609455747749465e+00 3.305619201660156250e+02
7.328044208130280346e+00 3.304779663085937500e+02
7.331478960512812115e+00 3.305097656250000000e+02
7.334913712895342996e+00 3.293662719726562500e+02
7.338348465277874766e+00 3.290816040039062500e+02
7.341783217660405647e+00 3.265732116699218750e+02
7.345217970042937417e+00 3.239842224121093750e+02
7.348652722425468298e+00 3.224863281250000000e+02
7.352087474808000067e+00 3.231544799804687500e+02
7.355522227190530948e+00 3.228632812500000000e+02
7.358956979573061830e+00 3.242559204101562500e+02
7.362391731955593599e+00 3.255734252929687500e+02
7.365826484338123592e+00 3.280427551269531250e+02
7.369261236720654473e+00 3.250656433105468750e+02
7.372695989103186243e+00 3.235915527343750000e+02
7.376130741485717124e+00 3.227093200683593750e+02
7.379565493868248005e+00 3.265541076660156250e+02
7.383000246250779774e+00 3.292094421386718750e+02
7.386434998633310656e+00 3.338784484863281250e+02
7.389869751015842425e+00 3.372727661132812500e+02
7.393304503398373306e+00 3.405926513671875000e+02
7.396739255780905076e+00 3.381209106445312500e+02
7.400174008163435957e+00 3.350137939453125000e+02
7.403608760545967726e+00 3.342786254882812500e+02
7.407043512928498608e+00 3.392464599609375000e+02
7.410478265311030377e+00 3.351309814453125000e+02
7.413913017693559482e+00 3.279492187500000000e+02
7.417347770076091251e+00 3.217600708007812500e+02
7.420782522458622132e+00 3.264857482910156250e+02
7.424217274841153902e+00 3.305021362304687500e+02
7.427652027223684783e+00 3.284990844726562500e+02
7.431086779606216552e+00 3.238663940429687500e+02
7.434521531988747434e+00 3.212205810546875000e+02
7.437956284371279203e+00 3.227117919921875000e+02
