# # sector 01: chi = -165.00 deg (range [-170, -160))
# # columns: 2theta(deg)  intensity
1.052751605245807909e+00 1.234979614257812500e+03
1.056186357628339012e+00 1.226824096679687500e+03
1.059621110010870337e+00 1.204805664062500000e+03
1.063055862393401441e+00 1.209338012695312500e+03
1.066490614775932544e+00 1.211741577148437500e+03
1.069925367158463869e+00 1.207889648437500000e+03
1.073360119540994972e+00 1.210225463867187500e+03
1.076794871923526298e+00 1.225764770507812500e+03
1.080229624306057401e+00 1.247143066406250000e+03
1.083664376688588726e+00 1.252985229492187500e+03
1.087099129071119830e+00 1.251984252929687500e+03
1.090533881453650933e+00 1.258287719726562500e+03
1.093968633836182036e+00 1.262432739257812500e+03
1.097403386218713361e+00 1.277896850585937500e+03
1.100838138601244465e+00 1.270444580078125000e+03
1.104272890983775568e+00 1.269772827148437500e+03
1.107707643366306893e+00 1.275444702148437500e+03
1.111142395748837997e+00 1.283270141601562500e+03
1.114577148131369322e+00 1.277760986328125000e+03
1.118011900513900425e+00 1.277213256835937500e+03
1.121446652896431750e+00 1.277283325195312500e+03
1.124881405278962854e+00 1.286473999023437500e+03
1.128316157661493957e+00 1.275357421875000000e+03
1.131750910044025060e+00 1.271509887695312500e+03
1.135185662426556386e+00 1.271139526367187500e+03
1.138620414809087489e+00 1.277225830078125000e+03
1.142055167191618592e+00 1.269425292968750000e+03
1.145489919574149917e+00 1.274578369140625000e+03
1.148924671956681021e+00 1.280443969726562500e+03
1.152359424339212346e+00 1.290166503906250000e+03
1.155794176721743449e+00 1.305754028320312500e+03
1.159228929104274775e+00 1.301101806640625000e+03
1.162663681486805878e+00 1.301169311523437500e+03
1.166098433869336981e+00 1.286767333984375000e+03
1.169533186251868084e+00 1.293588500976562500e+03
1.172967938634399410e+00 1.297896118164062500e+03
1.176402691016930513e+00 1.308027465820312500e+03
1.179837443399461616e+00 1.321315673828125000e+03
1.183272195781992941e+00 1.326080078125000000e+03
1.186706948164524045e+00 1.323185791015625000e+03
1.190141700547055370e+00 1.311674682617187500e+03
1.193576452929586473e+00 1.312627807617187500e+03
1.197011205312117799e+00 1.320125732421875000e+03
1.200445957694648902e+00 1.327748535156250000e+03
1.203880710077180005e+00 1.341862792968750000e+03
1.207315462459711108e+00 1.338049804687500000e+03
1.210750214842242434e+00 1.340876342773437500e+03
1.214184967224773537e+00 1.345795898437500000e+03
1.217619719607304640e+00 1.348973388671875000e+03
1.221054471989835966e+00 1.342494384765625000e+03
1.224489224372367069e+00 1.337146484375000000e+03
1.227923976754898394e+00 1.326465698242187500e+03
1.231358729137429497e+00 1.329168945312500000e+03
1.234793481519960823e+00 1.340714477539062500e+03
1.238228233902491926e+00 1.363423461914062500e+03
1.241662986285023029e+00 1.391001586914062500e+03
1.245097738667554133e+00 1.397628906250000000e+03
1.248532491050085236e+00 1.386060791015625000e+03
1.251967243432616561e+00 1.381398071289062500e+03
1.255401995815147664e+00 1.380991821289062500e+03
1.258836748197678990e+00 1.389428588867187500e+03
1.262271500580210093e+00 1.387814819335937500e+03
1.265706252962741418e+00 1.379977416992187500e+03
1.269141005345272522e+00 1.377529541015625000e+03
1.272575757727803847e+00 1.387464721679687500e+03
1.276010510110334950e+00 1.386866210937500000e+03
1.279445262492866053e+00 1.390771118164062500e+03
1.282880014875397157e+00 1.388865966796875000e+03
1.286314767257928260e+00 1.399725830078125000e+03
1.289749519640459585e+00 1.393172973632812500e+03
1.293184272022990688e+00 1.401651977539062500e+03
1.296619024405522014e+00 1.397963256835937500e+03
1.300053776788053117e+00 1.402700927734375000e+03
1.303488529170584442e+00 1.408130981445312500e+03
1.306923281553115546e+00 1.413041992187500000e+03
1.310358033935646871e+00 1.406419067382812500e+03
1.313792786318177974e+00 1.413361083984375000e+03
1.317227538700709077e+00 1.421513061523437500e+03
1.320662291083240181e+00 1.421579956054687500e+03
1.324097043465771284e+00 1.423881469726562500e+03
1.327531795848302609e+00 1.430132202148437500e+03
1.330966548230833713e+00 1.436408203125000000e+03
1.334401300613365038e+00 1.440261230468750000e+03
1.337836052995896141e+00 1.451777343750000000e+03
1.341270805378427466e+00 1.468242065429687500e+03
1.344705557760958570e+00 1.487946899414062500e+03
1.348140310143489895e+00 1.505289062500000000e+03
1.351575062526020998e+00 1.525271728515625000e+03
1.355009814908552102e+00 1.534650268554687500e+03
1.358444567291083205e+00 1.542580688476562500e+03
1.361879319673614308e+00 1.552913574218750000e+03
1.365314072056145633e+00 1.547452636718750000e+03
1.368748824438676737e+00 1.538850830078125000e+03
1.372183576821208062e+00 1.522667114257812500e+03
1.375618329203739165e+00 1.507723632812500000e+03
1.379053081586270491e+00 1.478747924804687500e+03
1.382487833968801594e+00 1.464379882812500000e+03
1.385922586351332919e+00 1.465266601562500000e+03
1.389357338733864022e+00 1.468092773437500000e+03
1.392792091116395126e+00 1.465706420898437500e+03
1.396226843498926229e+00 1.462130981445312500e+03
1.399661595881457332e+00 1.457543457031250000e+03
1.403096348263988657e+00 1.475955932617187500e+03
1.406531100646519761e+00 1.480630004882812500e+03
1.409965853029051086e+00 1.474724731445312500e+03
1.413400605411582189e+00 1.468766357421875000e+03
1.416835357794113515e+00 1.475745849609375000e+03
1.420270110176644618e+00 1.477374511718750000e+03
1.423704862559175943e+00 1.478625488281250000e+03
1.427139614941707046e+00 1.471772216796875000e+03
1.430574367324238150e+00 1.468672973632812500e+03
1.434009119706769253e+00 1.482546264648437500e+03
1.437443872089300356e+00 1.488873535156250000e+03
1.440878624471831682e+00 1.486328735351562500e+03
1.444313376854362785e+00 1.480664550781250000e+03
1.447748129236894110e+00 1.492363525390625000e+03
1.451182881619425213e+00 1.494417602539062500e+03
1.454617634001956539e+00 1.489977416992187500e+03
1.458052386384487642e+00 1.501126098632812500e+03
1.461487138767018967e+00 1.500622436523437500e+03
1.464921891149550071e+00 1.508444580078125000e+03
1.468356643532081174e+00 1.494262939453125000e+03
1.471791395914612277e+00 1.490724365234375000e+03
1.475226148297143380e+00 1.499363159179687500e+03
1.478660900679674706e+00 1.517756103515625000e+03
1.482095653062205809e+00 1.509879760742187500e+03
1.485530405444737134e+00 1.500075561523437500e+03
1.488965157827268238e+00 1.507663330078125000e+03
1.492399910209799563e+00 1.524735229492187500e+03
1.495834662592330666e+00 1.536519653320312500e+03
1.499269414974861991e+00 1.530577148437500000e+03
1.502704167357393095e+00 1.519620361328125000e+03
1.506138919739924198e+00 1.513538574218750000e+03
1.509573672122455301e+00 1.519846679687500000e+03
1.513008424504986404e+00 1.515345336914062500e+03
1.516443176887517730e+00 1.511085693359375000e+03
1.519877929270048833e+00 1.492886962890625000e+03
1.523312681652580158e+00 1.490245483398437500e+03
1.526747434035111262e+00 1.481930664062500000e+03
1.530182186417642587e+00 1.491197998046875000e+03
1.533616938800173690e+00 1.493183105468750000e+03
1.537051691182705015e+00 1.511925048828125000e+03
1.540486443565236119e+00 1.520094238281250000e+03
1.543921195947767222e+00 1.532610961914062500e+03
1.547355948330298325e+00 1.545213500976562500e+03
1.550790700712829429e+00 1.551868774414062500e+03
1.554225453095360754e+00 1.553950317382812500e+03
1.557660205477891857e+00 1.557420410156250000e+03
1.561094957860423182e+00 1.561869628906250000e+03
1.564529710242954286e+00 1.556074462890625000e+03
1.567964462625485611e+00 1.555226684570312500e+03
1.571399215008016714e+00 1.546345581054687500e+03
1.574833967390548040e+00 1.546715576171875000e+03
1.578268719773079143e+00 1.545781250000000000e+03
1.581703472155610246e+00 1.545821533203125000e+03
1.585138224538141349e+00 1.555113403320312500e+03
1.588572976920672453e+00 1.576702026367187500e+03
1.592007729303203778e+00 1.594466430664062500e+03
1.595442481685734881e+00 1.595644775390625000e+03
1.598877234068266207e+00 1.588261230468750000e+03
1.602311986450797310e+00 1.584709838867187500e+03
1.605746738833328635e+00 1.587692626953125000e+03
1.609181491215859738e+00 1.582360229492187500e+03
1.612616243598391064e+00 1.589244628906250000e+03
1.616050995980922167e+00 1.596748413085937500e+03
1.619485748363453270e+00 1.615509887695312500e+03
1.622920500745984373e+00 1.644730102539062500e+03
1.626355253128515477e+00 1.701052856445312500e+03
1.629790005511046802e+00 1.744989501953125000e+03
1.633224757893577905e+00 1.786483154296875000e+03
1.636659510276109231e+00 1.818812011718750000e+03
1.640094262658640334e+00 1.824317626953125000e+03
1.643529015041171659e+00 1.825261108398437500e+03
1.646963767423702762e+00 1.820955200195312500e+03
1.650398519806234088e+00 1.799464843750000000e+03
1.653833272188765191e+00 1.747667724609375000e+03
1.657268024571296294e+00 1.705694458007812500e+03
1.660702776953827398e+00 1.656284545898437500e+03
1.664137529336358501e+00 1.623227539062500000e+03
1.667572281718889826e+00 1.605674072265625000e+03
1.671007034101420929e+00 1.606626953125000000e+03
1.674441786483952255e+00 1.604031616210937500e+03
1.677876538866483358e+00 1.606994750976562500e+03
1.681311291249014683e+00 1.605493652343750000e+03
1.684746043631545787e+00 1.599073608398437500e+03
1.688180796014076890e+00 1.593159301757812500e+03
1.691615548396608215e+00 1.594054443359375000e+03
1.695050300779139318e+00 1.593133789062500000e+03
1.698485053161670422e+00 1.592189941406250000e+03
1.701919805544201525e+00 1.586640625000000000e+03
1.705354557926732850e+00 1.591537597656250000e+03
1.708789310309263954e+00 1.591545654296875000e+03
1.712224062691795279e+00 1.604347167968750000e+03
1.715658815074326382e+00 1.609566650390625000e+03
1.719093567456857707e+00 1.617821777343750000e+03
1.722528319839388811e+00 1.617106323242187500e+03
1.725963072221919914e+00 1.608153198242187500e+03
1.729397824604451239e+00 1.601817504882812500e+03
1.732832576986982343e+00 1.606174438476562500e+03
1.736267329369513446e+00 1.613800048828125000e+03
1.739702081752044549e+00 1.617795776367187500e+03
1.743136834134575874e+00 1.618037597656250000e+03
1.746571586517106978e+00 1.604890869140625000e+03
1.750006338899638303e+00 1.598635131835937500e+03
1.753441091282169406e+00 1.592458007812500000e+03
1.756875843664700731e+00 1.591526245117187500e+03
1.760310596047231835e+00 1.575813232421875000e+03
1.763745348429762938e+00 1.573781005859375000e+03
1.767180100812294263e+00 1.564862426757812500e+03
1.770614853194825367e+00 1.566032470703125000e+03
1.774049605577356470e+00 1.569666992187500000e+03
1.777484357959887573e+00 1.590941406250000000e+03
1.780919110342418898e+00 1.603733886718750000e+03
1.784353862724950002e+00 1.603109008789062500e+03
1.787788615107481327e+00 1.600340209960937500e+03
1.791223367490012208e+00 1.602855224609375000e+03
1.794658119872543534e+00 1.601484985351562500e+03
1.798092872255074859e+00 1.589603149414062500e+03
1.801527624637606184e+00 1.576877075195312500e+03
1.804962377020137065e+00 1.563919921875000000e+03
1.808397129402668391e+00 1.553989746093750000e+03
1.811831881785199494e+00 1.532818603515625000e+03
1.815266634167730819e+00 1.519748413085937500e+03
1.818701386550261700e+00 1.500343750000000000e+03
1.822136138932793026e+00 1.492320922851562500e+03
1.825570891315324351e+00 1.486361450195312500e+03
1.829005643697855676e+00 1.487753173828125000e+03
1.832440396080386558e+00 1.484875976562500000e+03
1.835875148462917883e+00 1.479845214843750000e+03
1.839309900845449208e+00 1.467540039062500000e+03
1.842744653227980089e+00 1.452381835937500000e+03
1.846179405610511415e+00 1.441992309570312500e+03
1.849614157993042740e+00 1.440206176757812500e+03
1.853048910375573843e+00 1.444766967773437500e+03
1.856483662758104725e+00 1.440010620117187500e+03
1.859918415140636050e+00 1.434883422851562500e+03
1.863353167523167375e+00 1.424311523437500000e+03
1.866787919905698701e+00 1.412911132812500000e+03
1.870222672288229582e+00 1.410148193359375000e+03
1.873657424670760907e+00 1.408887451171875000e+03
1.877092177053292232e+00 1.403304443359375000e+03
1.880526929435823114e+00 1.399482421875000000e+03
1.883961681818354439e+00 1.407123413085937500e+03
1.887396434200885764e+00 1.415641235351562500e+03
1.890831186583416867e+00 1.413606689453125000e+03
1.894265938965947749e+00 1.409516723632812500e+03
1.897700691348479074e+00 1.413294189453125000e+03
1.901135443731010399e+00 1.412960083007812500e+03
1.904570196113541725e+00 1.407218505859375000e+03
1.908004948496072606e+00 1.385553955078125000e+03
1.911439700878603931e+00 1.359943359375000000e+03
1.914874453261135256e+00 1.337260498046875000e+03
1.918309205643666138e+00 1.338810913085937500e+03
1.921743958026197463e+00 1.352285644531250000e+03
1.925178710408728788e+00 1.352214233398437500e+03
1.928613462791259892e+00 1.336439208984375000e+03
1.932048215173790773e+00 1.325074218750000000e+03
1.935482967556322098e+00 1.317002319335937500e+03
1.938917719938853423e+00 1.312901855468750000e+03
1.942352472321384749e+00 1.311734985351562500e+03
1.945787224703915630e+00 1.314854492187500000e+03
1.949221977086446955e+00 1.300909179687500000e+03
1.952656729468978281e+00 1.284816528320312500e+03
1.956091481851509162e+00 1.287037231445312500e+03
1.959526234234040487e+00 1.292528930664062500e+03
1.962960986616571812e+00 1.280361938476562500e+03
1.966395738999102916e+00 1.259326538085937500e+03
1.969830491381633797e+00 1.252251831054687500e+03
1.973265243764165122e+00 1.253677490234375000e+03
1.976699996146696447e+00 1.257528564453125000e+03
1.980134748529227329e+00 1.270681274414062500e+03
1.983569500911758654e+00 1.275658569335937500e+03
1.987004253294289979e+00 1.284071899414062500e+03
1.990439005676821305e+00 1.286123535156250000e+03
1.993873758059352186e+00 1.306639282226562500e+03
1.997308510441883511e+00 1.356424072265625000e+03
2.000743262824414614e+00 1.423631591796875000e+03
2.004178015206945940e+00 1.484084472656250000e+03
2.007612767589476821e+00 1.526628295898437500e+03
2.011047519972008146e+00 1.542317626953125000e+03
2.014482272354539472e+00 1.535000366210937500e+03
2.017917024737070353e+00 1.517136352539062500e+03
2.021351777119601678e+00 1.483304931640625000e+03
2.024786529502133003e+00 1.437545043945312500e+03
2.028221281884664329e+00 1.386827392578125000e+03
2.031656034267195210e+00 1.326010253906250000e+03
2.035090786649726535e+00 1.270567993164062500e+03
2.038525539032257861e+00 1.244727172851562500e+03
2.041960291414789186e+00 1.222489501953125000e+03
2.045395043797320067e+00 1.204192260742187500e+03
2.048829796179851392e+00 1.190633422851562500e+03
2.052264548562382718e+00 1.185707275390625000e+03
2.055699300944913599e+00 1.181881103515625000e+03
2.059134053327444924e+00 1.178038085937500000e+03
2.062568805709975805e+00 1.172778564453125000e+03
2.066003558092507131e+00 1.169773315429687500e+03
2.069438310475038012e+00 1.156604248046875000e+03
2.072873062857569337e+00 1.150187988281250000e+03
2.076307815240100663e+00 1.146304199218750000e+03
2.079742567622631988e+00 1.141080932617187500e+03
2.083177320005162869e+00 1.135419677734375000e+03
2.086612072387694194e+00 1.139183593750000000e+03
2.090046824770225520e+00 1.142100463867187500e+03
2.093481577152756401e+00 1.132114746093750000e+03
2.096916329535287726e+00 1.115682128906250000e+03
2.100351081917819052e+00 1.105908081054687500e+03
2.103785834300350377e+00 1.109111816406250000e+03
2.107220586682881258e+00 1.105046142578125000e+03
2.110655339065412583e+00 1.104028442382812500e+03
2.114090091447943909e+00 1.104253662109375000e+03
2.117524843830475234e+00 1.098501586914062500e+03
2.120959596213006115e+00 1.095359497070312500e+03
2.124394348595537441e+00 1.091259277343750000e+03
2.127829100978068766e+00 1.080171264648437500e+03
2.131263853360599647e+00 1.078000122070312500e+03
2.134698605743130972e+00 1.072462280273437500e+03
2.138133358125661854e+00 1.062922363281250000e+03
2.141568110508193179e+00 1.065185180664062500e+03
2.145002862890724060e+00 1.066593383789062500e+03
2.148437615273255386e+00 1.073568359375000000e+03
2.151872367655786711e+00 1.068140747070312500e+03
2.155307120038318036e+00 1.067031250000000000e+03
2.158741872420848917e+00 1.067277587890625000e+03
2.162176624803380243e+00 1.068963012695312500e+03
2.165611377185911568e+00 1.068986328125000000e+03
2.169046129568442449e+00 1.068916503906250000e+03
2.172480881950973775e+00 1.052367553710937500e+03
2.175915634333505100e+00 1.038269042968750000e+03
2.179350386716036425e+00 1.037860473632812500e+03
2.182785139098567306e+00 1.037807495117187500e+03
2.186219891481098632e+00 1.036555908203125000e+03
2.189654643863629957e+00 1.041762207031250000e+03
2.193089396246161282e+00 1.043322998046875000e+03
2.196524148628692163e+00 1.038277954101562500e+03
2.199958901011223489e+00 1.037171997070312500e+03
2.203393653393754814e+00 1.014650085449218750e+03
2.206828405776285695e+00 1.006760131835937500e+03
2.210263158158817021e+00 1.002828063964843750e+03
2.213697910541347902e+00 1.007512329101562500e+03
2.217132662923879227e+00 1.006302307128906250e+03
2.220567415306410108e+00 1.010567687988281250e+03
2.224002167688941434e+00 1.008034179687500000e+03
2.227436920071472759e+00 1.003012573242187500e+03
2.230871672454004084e+00 9.995942382812500000e+02
2.234306424836534966e+00 1.001077331542968750e+03
2.237741177219066291e+00 1.001941223144531250e+03
2.241175929601597616e+00 1.002017272949218750e+03
2.244610681984128497e+00 9.952813110351562500e+02
2.248045434366659823e+00 9.890032348632812500e+02
2.251480186749191148e+00 9.895063476562500000e+02
2.254914939131722473e+00 9.933425292968750000e+02
2.258349691514253355e+00 9.806501464843750000e+02
2.261784443896784680e+00 9.687717285156250000e+02
2.265219196279316005e+00 9.566729736328125000e+02
2.268653948661847330e+00 9.609628295898437500e+02
2.272088701044378212e+00 9.625968017578125000e+02
2.275523453426909537e+00 9.705361328125000000e+02
2.278958205809440862e+00 9.691229248046875000e+02
2.282392958191971744e+00 9.652970581054687500e+02
2.285827710574503069e+00 9.569942626953125000e+02
2.289262462957033950e+00 9.636230468750000000e+02
2.292697215339565275e+00 9.641965332031250000e+02
2.296131967722096157e+00 9.680159912109375000e+02
2.299566720104627482e+00 9.666663208007812500e+02
2.303001472487158807e+00 9.690971679687500000e+02
2.306436224869690133e+00 9.667770996093750000e+02
2.309870977252221014e+00 9.831819458007812500e+02
2.313305729634752339e+00 1.021059265136718750e+03
2.316740482017283664e+00 1.071041503906250000e+03
2.320175234399814546e+00 1.122207763671875000e+03
2.323609986782345871e+00 1.167637084960937500e+03
2.327044739164877196e+00 1.204871337890625000e+03
2.330479491547408522e+00 1.217360595703125000e+03
2.333914243929939403e+00 1.203949462890625000e+03
2.337348996312470728e+00 1.170545532226562500e+03
2.340783748695002053e+00 1.133167114257812500e+03
2.344218501077533379e+00 1.094287963867187500e+03
2.347653253460064260e+00 1.046205566406250000e+03
2.351088005842595585e+00 1.006245910644531250e+03
2.354522758225126911e+00 9.656189575195312500e+02
2.357957510607657792e+00 9.398391113281250000e+02
2.361392262990189117e+00 9.283774414062500000e+02
2.364827015372720442e+00 9.162376098632812500e+02
2.368261767755251324e+00 9.064922485351562500e+02
2.371696520137782205e+00 8.962864379882812500e+02
2.375131272520313530e+00 8.946485595703125000e+02
2.378566024902844855e+00 8.934645385742187500e+02
2.382000777285376181e+00 8.920379028320312500e+02
2.385435529667907062e+00 8.915930175781250000e+02
2.388870282050438387e+00 8.916478271484375000e+02
2.392305034432969713e+00 8.968323364257812500e+02
2.395739786815500594e+00 8.922439575195312500e+02
2.399174539198031919e+00 8.919645385742187500e+02
2.402609291580563244e+00 8.796439208984375000e+02
2.406044043963094570e+00 8.720222167968750000e+02
2.409478796345625451e+00 8.745179443359375000e+02
2.412913548728156776e+00 8.872742309570312500e+02
2.416348301110688102e+00 8.836321411132812500e+02
2.419783053493219427e+00 8.701874389648437500e+02
2.423217805875750308e+00 8.652775878906250000e+02
2.426652558258281633e+00 8.670619506835937500e+02
2.430087310640812959e+00 8.760048217773437500e+02
2.433522063023343840e+00 8.730279541015625000e+02
2.436956815405875165e+00 8.654917602539062500e+02
2.440391567788406491e+00 8.518125610351562500e+02
2.443826320170937372e+00 8.501281738281250000e+02
2.447261072553468253e+00 8.521102294921875000e+02
2.450695824935999578e+00 8.598001708984375000e+02
2.454130577318530904e+00 8.624374389648437500e+02
2.457565329701061785e+00 8.551562500000000000e+02
2.461000082083593110e+00 8.552604980468750000e+02
2.464434834466124435e+00 8.512868652343750000e+02
2.467869586848655761e+00 8.435177001953125000e+02
2.471304339231186642e+00 8.408410034179687500e+02
2.474739091613717967e+00 8.468616333007812500e+02
2.478173843996249293e+00 8.529222412109375000e+02
2.481608596378780618e+00 8.480159301757812500e+02
2.485043348761311499e+00 8.423716430664062500e+02
2.488478101143842824e+00 8.277115478515625000e+02
2.491912853526374150e+00 8.224573364257812500e+02
2.495347605908905031e+00 8.264113769531250000e+02
2.498782358291436356e+00 8.360679321289062500e+02
2.502217110673967682e+00 8.382767944335937500e+02
2.505651863056499007e+00 8.502426147460937500e+02
2.509086615439029888e+00 8.715089721679687500e+02
2.512521367821561213e+00 8.905642089843750000e+02
2.515956120204092539e+00 9.056514892578125000e+02
2.519390872586623420e+00 9.165361328125000000e+02
2.522825624969154301e+00 9.143244018554687500e+02
2.526260377351685626e+00 9.098493041992187500e+02
2.529695129734216952e+00 8.930478515625000000e+02
2.533129882116747833e+00 8.726124877929687500e+02
2.536564634499279158e+00 8.617548217773437500e+02
2.539999386881810484e+00 8.539179687500000000e+02
2.543434139264341809e+00 8.481217041015625000e+02
2.546868891646872690e+00 8.325044555664062500e+02
2.550303644029404015e+00 8.172071533203125000e+02
2.553738396411935341e+00 8.034726562500000000e+02
2.557173148794466666e+00 8.001419677734375000e+02
2.560607901176997547e+00 7.959539794921875000e+02
2.564042653559528873e+00 7.946024169921875000e+02
2.567477405942060198e+00 7.815367431640625000e+02
2.570912158324591079e+00 7.806737060546875000e+02
2.574346910707122404e+00 7.814491577148437500e+02
2.577781663089653730e+00 7.875991821289062500e+02
2.581216415472185055e+00 7.815848999023437500e+02
2.584651167854715936e+00 7.814835815429687500e+02
2.588085920237247262e+00 7.789566650390625000e+02
2.591520672619778587e+00 7.730927734375000000e+02
2.594955425002309468e+00 7.665837402343750000e+02
2.598390177384840349e+00 7.689152832031250000e+02
2.601824929767371675e+00 7.641040649414062500e+02
2.605259682149903000e+00 7.664891967773437500e+02
2.608694434532433881e+00 7.670521240234375000e+02
2.612129186914965207e+00 7.674067382812500000e+02
2.615563939297496532e+00 7.675118408203125000e+02
2.618998691680027857e+00 7.647416381835937500e+02
2.622433444062558738e+00 7.563801879882812500e+02
2.625868196445090064e+00 7.491543579101562500e+02
2.629302948827621389e+00 7.535280151367187500e+02
2.632737701210152714e+00 7.553032836914062500e+02
2.636172453592683596e+00 7.585924072265625000e+02
2.639607205975214921e+00 7.578836059570312500e+02
2.643041958357746246e+00 7.668195190429687500e+02
2.646476710740277127e+00 7.565534667968750000e+02
2.649911463122808453e+00 7.525798950195312500e+02
2.653346215505339778e+00 7.529244995117187500e+02
2.656780967887871103e+00 7.587096557617187500e+02
2.660215720270401984e+00 7.559080810546875000e+02
2.663650472652933310e+00 7.564214477539062500e+02
2.667085225035464635e+00 7.541534423828125000e+02
2.670519977417995516e+00 7.463087158203125000e+02
2.673954729800526398e+00 7.307205200195312500e+02
2.677389482183057723e+00 7.355246582031250000e+02
2.680824234565589048e+00 7.403510742187500000e+02
2.684258986948119929e+00 7.445047607421875000e+02
2.687693739330651255e+00 7.467899169921875000e+02
2.691128491713182580e+00 7.506753540039062500e+02
2.694563244095713905e+00 7.386488647460937500e+02
2.697997996478244787e+00 7.394083862304687500e+02
2.701432748860776112e+00 7.414503784179687500e+02
2.704867501243307437e+00 7.381390380859375000e+02
2.708302253625838762e+00 7.249028320312500000e+02
2.711737006008369644e+00 7.267175903320312500e+02
2.715171758390900969e+00 7.277927856445312500e+02
2.718606510773432294e+00 7.236947631835937500e+02
2.722041263155963176e+00 7.233046875000000000e+02
2.725476015538494501e+00 7.267344360351562500e+02
2.728910767921025826e+00 7.310491333007812500e+02
2.732345520303557151e+00 7.318094482421875000e+02
2.735780272686088033e+00 7.321468505859375000e+02
2.739215025068619358e+00 7.276840209960937500e+02
2.742649777451150683e+00 7.219658813476562500e+02
2.746084529833681565e+00 7.224074096679687500e+02
2.749519282216212890e+00 7.333851928710937500e+02
2.752954034598743771e+00 7.446094970703125000e+02
2.756388786981275096e+00 7.699345703125000000e+02
2.759823539363805978e+00 8.055825805664062500e+02
2.763258291746337303e+00 8.639903564453125000e+02
2.766693044128868628e+00 9.351372680664062500e+02
2.770127796511399954e+00 1.006270080566406250e+03
2.773562548893930835e+00 1.055469116210937500e+03
2.776997301276462160e+00 1.079080200195312500e+03
2.780432053658993485e+00 1.082811401367187500e+03
2.783866806041524811e+00 1.057675781250000000e+03
2.787301558424055692e+00 1.010796936035156250e+03
2.790736310806587017e+00 9.577239379882812500e+02
2.794171063189118343e+00 9.066568603515625000e+02
2.797605815571649224e+00 8.570357666015625000e+02
2.801040567954180549e+00 8.082716064453125000e+02
2.804475320336711874e+00 7.623771362304687500e+02
2.807910072719243200e+00 7.222016601562500000e+02
2.811344825101774081e+00 7.034295654296875000e+02
2.814779577484305406e+00 6.952624511718750000e+02
2.818214329866836731e+00 6.996057739257812500e+02
2.821649082249367613e+00 7.021533813476562500e+02
2.825083834631898938e+00 7.118313598632812500e+02
2.828518587014429819e+00 7.185309448242187500e+02
2.831953339396961145e+00 7.327049560546875000e+02
2.835388091779492026e+00 7.496289672851562500e+02
2.838822844162023351e+00 7.719812011718750000e+02
2.842257596544554676e+00 7.926622924804687500e+02
2.845692348927086002e+00 8.083932495117187500e+02
2.849127101309616883e+00 8.180401000976562500e+02
2.852561853692148208e+00 8.162837524414062500e+02
2.855996606074679534e+00 8.009330444335937500e+02
2.859431358457210415e+00 7.893662719726562500e+02
2.862866110839741740e+00 7.764199218750000000e+02
2.866300863222273065e+00 7.555205078125000000e+02
2.869735615604804391e+00 7.375543212890625000e+02
2.873170367987335272e+00 7.259916381835937500e+02
2.876605120369866597e+00 7.098796997070312500e+02
2.880039872752397923e+00 7.019707641601562500e+02
2.883474625134929248e+00 7.000902709960937500e+02
2.886909377517460129e+00 6.984112548828125000e+02
2.890344129899991454e+00 6.994110107421875000e+02
2.893778882282522780e+00 6.954638671875000000e+02
2.897213634665053661e+00 6.971793212890625000e+02
2.900648387047584986e+00 7.048001708984375000e+02
2.904083139430115867e+00 7.169212036132812500e+02
2.907517891812647193e+00 7.139595947265625000e+02
2.910952644195178074e+00 7.131198730468750000e+02
2.914387396577709399e+00 7.123446655273437500e+02
2.917822148960240725e+00 7.174078979492187500e+02
2.921256901342772050e+00 7.181356201171875000e+02
2.924691653725302931e+00 7.317484130859375000e+02
2.928126406107834256e+00 7.511613769531250000e+02
2.931561158490365582e+00 7.698088989257812500e+02
2.934995910872896463e+00 7.870900878906250000e+02
2.938430663255427788e+00 8.056759033203125000e+02
2.941865415637959114e+00 8.292626342773437500e+02
2.945300168020490439e+00 8.485267944335937500e+02
2.948734920403021320e+00 8.708090209960937500e+02
2.952169672785552645e+00 8.957506713867187500e+02
2.955604425168083971e+00 9.271815185546875000e+02
2.959039177550615296e+00 9.804597167968750000e+02
2.962473929933146177e+00 1.081677856445312500e+03
2.965908682315677503e+00 1.319421020507812500e+03
2.969343434698208828e+00 1.800697021484375000e+03
2.972778187080739709e+00 2.733068603515625000e+03
2.976212939463271034e+00 4.114718750000000000e+03
2.979647691845801916e+00 5.901317871093750000e+03
2.983082444228333241e+00 7.700126953125000000e+03
2.986517196610864122e+00 9.283812500000000000e+03
2.989951948993395447e+00 1.026710253906250000e+04
2.993386701375926773e+00 1.060546484375000000e+04
2.996821453758458098e+00 1.023394531250000000e+04
3.000256206140988979e+00 9.385063476562500000e+03
3.003690958523520305e+00 8.150205566406250000e+03
3.007125710906051630e+00 6.724616699218750000e+03
3.010560463288582511e+00 5.236606445312500000e+03
3.013995215671113836e+00 3.830781494140625000e+03
3.017429968053645162e+00 2.649979736328125000e+03
3.020864720436176487e+00 1.819528686523437500e+03
3.024299472818707368e+00 1.314849853515625000e+03
3.027734225201238694e+00 1.052676269531250000e+03
3.031168977583770019e+00 9.183828125000000000e+02
3.034603729966301344e+00 8.456601562500000000e+02
3.038038482348832225e+00 8.061070556640625000e+02
3.041473234731363551e+00 7.900441894531250000e+02
3.044907987113894876e+00 7.883624267578125000e+02
3.048342739496425757e+00 7.838912353515625000e+02
3.051777491878957083e+00 7.648660278320312500e+02
3.055212244261487964e+00 7.523121948242187500e+02
3.058646996644019289e+00 7.590772705078125000e+02
3.062081749026550170e+00 7.642337036132812500e+02
3.065516501409081496e+00 7.689187622070312500e+02
3.068951253791612821e+00 7.735692138671875000e+02
3.072386006174144146e+00 7.737421875000000000e+02
3.075820758556675028e+00 7.708520507812500000e+02
3.079255510939206353e+00 7.735354614257812500e+02
3.082690263321737678e+00 7.847817993164062500e+02
3.086125015704268559e+00 7.919201660156250000e+02
3.089559768086799885e+00 7.926605834960937500e+02
3.092994520469331210e+00 7.724664916992187500e+02
3.096429272851862535e+00 7.501333618164062500e+02
3.099864025234393416e+00 7.322044677734375000e+02
3.103298777616924742e+00 7.201086425781250000e+02
3.106733529999456067e+00 6.997788696289062500e+02
3.110168282381987392e+00 6.825180664062500000e+02
3.113603034764518274e+00 6.674091796875000000e+02
3.117037787147049599e+00 6.561575317382812500e+02
3.120472539529580924e+00 6.396276855468750000e+02
3.123907291912111805e+00 6.295977783203125000e+02
3.127342044294643131e+00 6.274878540039062500e+02
3.130776796677174012e+00 6.263555297851562500e+02
3.134211549059705337e+00 6.246987915039062500e+02
3.137646301442236219e+00 6.188288574218750000e+02
3.141081053824767544e+00 6.160021972656250000e+02
3.144515806207298869e+00 6.157291870117187500e+02
3.147950558589830194e+00 6.187692871093750000e+02
3.151385310972361076e+00 6.217897338867187500e+02
3.154820063354892401e+00 6.247298583984375000e+02
3.158254815737423726e+00 6.246241455078125000e+02
3.161689568119954608e+00 6.206231079101562500e+02
3.165124320502485933e+00 6.199103393554687500e+02
3.168559072885017258e+00 6.150952758789062500e+02
3.171993825267548583e+00 6.094063110351562500e+02
3.175428577650079465e+00 6.111198120117187500e+02
3.178863330032610790e+00 6.155080566406250000e+02
3.182298082415142115e+00 6.224176025390625000e+02
3.185732834797673441e+00 6.180516357421875000e+02
3.189167587180204322e+00 6.152526855468750000e+02
3.192602339562735647e+00 6.121186523437500000e+02
3.196037091945266972e+00 6.125918579101562500e+02
3.199471844327797854e+00 6.117850341796875000e+02
3.202906596710329179e+00 6.071033325195312500e+02
3.206341349092860060e+00 6.055235595703125000e+02
3.209776101475391386e+00 5.994515380859375000e+02
3.213210853857922267e+00 6.041497192382812500e+02
3.216645606240453592e+00 6.029758300781250000e+02
3.220080358622984917e+00 5.975686035156250000e+02
3.223515111005516243e+00 5.942703247070312500e+02
3.226949863388047124e+00 6.036807250976562500e+02
3.230384615770578449e+00 6.046286621093750000e+02
3.233819368153109775e+00 6.067359619140625000e+02
3.237254120535640656e+00 6.061321411132812500e+02
3.240688872918171981e+00 6.061348266601562500e+02
3.244123625300703306e+00 6.014212646484375000e+02
3.247558377683234632e+00 5.996056518554687500e+02
3.250993130065765513e+00 6.042163696289062500e+02
3.254427882448296838e+00 6.100651855468750000e+02
3.257862634830828164e+00 6.223151245117187500e+02
3.261297387213359489e+00 6.309652099609375000e+02
3.264732139595890370e+00 6.406713256835937500e+02
3.268166891978421695e+00 6.439393920898437500e+02
3.271601644360953021e+00 6.560579223632812500e+02
3.275036396743483902e+00 6.679132690429687500e+02
3.278471149126015227e+00 6.653641357421875000e+02
3.281905901508546108e+00 6.523315429687500000e+02
3.285340653891077434e+00 6.429425659179687500e+02
3.288775406273608315e+00 6.364316406250000000e+02
3.292210158656139640e+00 6.230700683593750000e+02
3.295644911038670966e+00 6.112515869140625000e+02
3.299079663421202291e+00 6.043453369140625000e+02
3.302514415803733172e+00 6.002473144531250000e+02
3.305949168186264497e+00 5.992465209960937500e+02
3.309383920568795823e+00 5.964713134765625000e+02
3.312818672951326704e+00 5.865101928710937500e+02
3.316253425333858029e+00 5.871688232421875000e+02
3.319688177716389355e+00 5.849948120117187500e+02
3.323122930098920680e+00 5.825156860351562500e+02
3.326557682481451561e+00 5.858709716796875000e+02
3.329992434863982886e+00 5.918341674804687500e+02
3.333427187246514212e+00 5.915432739257812500e+02
3.336861939629045093e+00 5.871329956054687500e+02
3.340296692011576418e+00 5.937689819335937500e+02
3.343731444394107744e+00 5.990989379882812500e+02
3.347166196776639069e+00 5.954495849609375000e+02
3.350600949159169950e+00 5.911124877929687500e+02
3.354035701541701275e+00 5.957031250000000000e+02
3.357470453924232601e+00 5.987983398437500000e+02
3.360905206306763482e+00 6.016313476562500000e+02
3.364339958689294363e+00 6.041582641601562500e+02
3.367774711071825688e+00 6.012891845703125000e+02
3.371209463454357014e+00 5.905480957031250000e+02
3.374644215836887895e+00 5.912064819335937500e+02
3.378078968219419220e+00 6.032544555664062500e+02
3.381513720601950546e+00 6.156669921875000000e+02
3.384948472984481871e+00 6.123154296875000000e+02
3.388383225367012752e+00 6.004824218750000000e+02
3.391817977749544077e+00 5.905032348632812500e+02
3.395252730132075403e+00 5.822241821289062500e+02
3.398687482514606728e+00 5.771560058593750000e+02
3.402122234897137609e+00 5.757651367187500000e+02
3.405556987279668935e+00 5.741713867187500000e+02
3.408991739662200260e+00 5.727921752929687500e+02
3.412426492044731141e+00 5.790662841796875000e+02
3.415861244427262466e+00 5.868887329101562500e+02
3.419295996809793792e+00 5.920282592773437500e+02
3.422730749192325117e+00 5.985152587890625000e+02
3.426165501574855998e+00 6.087899780273437500e+02
3.429600253957387324e+00 6.179819335937500000e+02
3.433035006339918649e+00 6.308640747070312500e+02
3.436469758722449530e+00 6.488867187500000000e+02
3.439904511104980411e+00 6.682040405273437500e+02
3.443339263487511737e+00 6.757804565429687500e+02
3.446774015870043062e+00 6.813075561523437500e+02
3.450208768252573943e+00 6.917349243164062500e+02
3.453643520635105268e+00 6.911975708007812500e+02
3.457078273017636594e+00 6.832116699218750000e+02
3.460513025400167919e+00 6.826415405273437500e+02
3.463947777782698800e+00 6.802564697265625000e+02
3.467382530165230126e+00 6.618939208984375000e+02
3.470817282547761451e+00 6.428275146484375000e+02
3.474252034930292776e+00 6.310302124023437500e+02
3.477686787312823657e+00 6.243996582031250000e+02
3.481121539695354983e+00 6.130173339843750000e+02
3.484556292077886308e+00 6.034523315429687500e+02
3.487991044460417189e+00 5.939218139648437500e+02
3.491425796842948515e+00 5.902122802734375000e+02
3.494860549225479840e+00 5.822950439453125000e+02
3.498295301608011165e+00 5.724678955078125000e+02
3.501730053990542046e+00 5.653300170898437500e+02
3.505164806373073372e+00 5.683874511718750000e+02
3.508599558755604697e+00 5.696044921875000000e+02
3.512034311138135578e+00 5.638676757812500000e+02
3.515469063520666460e+00 5.627966308593750000e+02
3.518903815903197785e+00 5.623306274414062500e+02
3.522338568285729110e+00 5.585908813476562500e+02
3.525773320668259991e+00 5.543007812500000000e+02
3.529208073050791317e+00 5.556637573242187500e+02
3.532642825433322642e+00 5.565603027343750000e+02
3.536077577815853967e+00 5.576871948242187500e+02
3.539512330198384849e+00 5.589567260742187500e+02
3.542947082580916174e+00 5.630151977539062500e+02
3.546381834963447499e+00 5.613713378906250000e+02
3.549816587345978824e+00 5.705108032226562500e+02
3.553251339728509706e+00 5.766649780273437500e+02
3.556686092111041031e+00 5.767319946289062500e+02
3.560120844493572356e+00 5.717642211914062500e+02
3.563555596876103237e+00 5.756184082031250000e+02
3.566990349258634563e+00 5.753367309570312500e+02
3.570425101641165888e+00 5.773686523437500000e+02
3.573859854023697213e+00 5.767752075195312500e+02
3.577294606406228095e+00 5.743082885742187500e+02
3.580729358788759420e+00 5.686815185546875000e+02
3.584164111171290301e+00 5.600816040039062500e+02
3.587598863553821626e+00 5.568179931640625000e+02
3.591033615936352508e+00 5.552691650390625000e+02
3.594468368318883833e+00 5.593823852539062500e+02
3.597903120701415158e+00 5.605157470703125000e+02
3.601337873083946484e+00 5.614718627929687500e+02
3.604772625466477809e+00 5.476552124023437500e+02
3.608207377849008246e+00 5.457058105468750000e+02
3.611642130231539571e+00 5.452600097656250000e+02
3.615076882614070897e+00 5.426370849609375000e+02
3.618511634996602222e+00 5.394321289062500000e+02
3.621946387379133547e+00 5.404696655273437500e+02
3.625381139761664873e+00 5.351733398437500000e+02
3.628815892144196198e+00 5.315844726562500000e+02
3.632250644526726635e+00 5.296445312500000000e+02
3.635685396909257960e+00 5.329793090820312500e+02
3.639120149291789286e+00 5.358089599609375000e+02
3.642554901674320611e+00 5.350803222656250000e+02
3.645989654056851936e+00 5.341217651367187500e+02
3.649424406439383262e+00 5.329974365234375000e+02
3.652859158821914587e+00 5.326604003906250000e+02
3.656293911204445912e+00 5.350321044921875000e+02
3.659728663586976349e+00 5.348110351562500000e+02
3.663163415969507675e+00 5.373711547851562500e+02
3.666598168352038556e+00 5.379799804687500000e+02
3.670032920734569881e+00 5.363090820312500000e+02
3.673467673117101207e+00 5.277642211914062500e+02
3.676902425499632532e+00 5.280143432617187500e+02
3.680337177882163857e+00 5.287636718750000000e+02
3.683771930264694294e+00 5.307836303710937500e+02
3.687206682647225620e+00 5.321073608398437500e+02
3.690641435029756945e+00 5.395917968750000000e+02
3.694076187412288270e+00 5.395569458007812500e+02
3.697510939794819596e+00 5.362631225585937500e+02
3.700945692177350921e+00 5.324053344726562500e+02
3.704380444559882246e+00 5.318902587890625000e+02
3.707815196942412683e+00 5.358550415039062500e+02
3.711249949324944009e+00 5.311068725585937500e+02
3.714684701707475334e+00 5.278368530273437500e+02
3.718119454090006659e+00 5.282593383789062500e+02
3.721554206472537984e+00 5.300547485351562500e+02
3.724988958855069310e+00 5.280435791015625000e+02
3.728423711237600635e+00 5.255475463867187500e+02
3.731858463620131960e+00 5.254142456054687500e+02
3.735293216002662398e+00 5.273616333007812500e+02
3.738727968385193723e+00 5.315784912109375000e+02
3.742162720767725048e+00 5.328361206054687500e+02
3.745597473150255929e+00 5.255861816406250000e+02
3.749032225532787255e+00 5.157712402343750000e+02
3.752466977915318580e+00 5.084665832519531250e+02
3.755901730297849905e+00 5.166777343750000000e+02
3.759336482680380342e+00 5.222267456054687500e+02
3.762771235062911668e+00 5.299265747070312500e+02
3.766205987445442993e+00 5.352018432617187500e+02
3.769640739827974318e+00 5.398212280273437500e+02
3.773075492210505644e+00 5.466284179687500000e+02
3.776510244593036969e+00 5.562885131835937500e+02
3.779944996975568294e+00 5.653611450195312500e+02
3.783379749358098731e+00 5.778135375976562500e+02
3.786814501740630057e+00 5.846683959960937500e+02
3.790249254123161382e+00 5.777434082031250000e+02
3.793684006505692707e+00 5.684428100585937500e+02
3.797118758888224033e+00 5.608662719726562500e+02
3.800553511270755358e+00 5.544711914062500000e+02
3.803988263653286683e+00 5.531715698242187500e+02
3.807423016035818009e+00 5.548717041015625000e+02
3.810857768418348446e+00 5.554721679687500000e+02
3.814292520800879771e+00 5.467419433593750000e+02
3.817727273183411096e+00 5.378099365234375000e+02
3.821162025565941978e+00 5.325131225585937500e+02
3.824596777948473303e+00 5.285737304687500000e+02
3.828031530331004628e+00 5.264163208007812500e+02
3.831466282713535954e+00 5.301178588867187500e+02
3.834901035096066391e+00 5.343053588867187500e+02
3.838335787478597716e+00 5.468842773437500000e+02
3.841770539861129041e+00 5.506306762695312500e+02
3.845205292243660367e+00 5.488286743164062500e+02
3.848640044626191692e+00 5.574859008789062500e+02
3.852074797008723017e+00 5.794490356445312500e+02
3.855509549391254343e+00 5.949215698242187500e+02
3.858944301773784780e+00 5.972931518554687500e+02
3.862379054156316105e+00 5.991172485351562500e+02
3.865813806538847430e+00 6.031563720703125000e+02
3.869248558921378756e+00 6.035908203125000000e+02
3.872683311303910081e+00 6.062449340820312500e+02
3.876118063686441406e+00 6.033411254882812500e+02
3.879552816068972732e+00 5.955442504882812500e+02
3.882987568451504057e+00 5.857270507812500000e+02
3.886422320834034494e+00 5.749461669921875000e+02
3.889857073216565819e+00 5.686112060546875000e+02
3.893291825599097145e+00 5.601129150390625000e+02
3.896726577981628026e+00 5.583799438476562500e+02
3.900161330364159351e+00 5.542550659179687500e+02
3.903596082746690676e+00 5.581165771484375000e+02
3.907030835129222002e+00 5.507101440429687500e+02
3.910465587511752439e+00 5.449247436523437500e+02
3.913900339894283764e+00 5.386296386718750000e+02
3.917335092276815089e+00 5.477483520507812500e+02
3.920769844659346415e+00 5.569223632812500000e+02
3.924204597041877740e+00 5.540053100585937500e+02
3.927639349424409065e+00 5.567528076171875000e+02
3.931074101806940391e+00 5.629984741210937500e+02
3.934508854189470828e+00 5.722585449218750000e+02
3.937943606572002153e+00 5.734757690429687500e+02
3.941378358954533478e+00 5.736085205078125000e+02
3.944813111337064804e+00 5.726755981445312500e+02
3.948247863719596129e+00 5.830564575195312500e+02
3.951682616102127454e+00 5.939307250976562500e+02
3.955117368484658780e+00 6.016519165039062500e+02
3.958552120867189217e+00 6.294848022460937500e+02
3.961986873249720542e+00 6.795364379882812500e+02
3.965421625632251867e+00 8.591807250976562500e+02
3.968856378014783193e+00 1.084716308593750000e+03
3.972291130397314074e+00 1.806086181640625000e+03
3.975725882779845399e+00 2.579586181640625000e+03
3.979160635162376725e+00 3.381990966796875000e+03
3.982595387544908050e+00 4.307076171875000000e+03
3.986030139927438487e+00 4.672471191406250000e+03
3.989464892309969812e+00 5.227004882812500000e+03
3.992899644692501138e+00 5.314513671875000000e+03
3.996334397075032463e+00 5.067505859375000000e+03
3.999769149457563788e+00 4.278600585937500000e+03
4.003203901840095114e+00 3.292097412109375000e+03
4.006638654222625995e+00 2.533398437500000000e+03
4.010073406605156876e+00 1.676399536132812500e+03
4.013508158987687757e+00 1.214463012695312500e+03
4.016942911370219527e+00 9.693084716796875000e+02
4.020377663752750408e+00 8.591201782226562500e+02
4.023812416135282177e+00 8.082360229492187500e+02
4.027247168517813058e+00 7.705876464843750000e+02
4.030681920900344828e+00 7.515112304687500000e+02
4.034116673282874821e+00 7.235870971679687500e+02
4.037551425665406590e+00 6.934564208984375000e+02
4.040986178047937472e+00 6.632493286132812500e+02
4.044420930430469241e+00 6.401519775390625000e+02
4.047855682813000122e+00 6.172643432617187500e+02
4.051290435195531892e+00 5.925713500976562500e+02
4.054725187578062773e+00 5.694565429687500000e+02
4.058159939960594542e+00 5.580673217773437500e+02
4.061594692343124535e+00 5.508038330078125000e+02
4.065029444725656305e+00 5.405978393554687500e+02
4.068464197108187186e+00 5.374967651367187500e+02
4.071898949490718955e+00 5.359066772460937500e+02
4.075333701873249836e+00 5.316676025390625000e+02
4.078768454255781606e+00 5.257373046875000000e+02
4.082203206638312487e+00 5.253435668945312500e+02
4.085637959020843368e+00 5.264182128906250000e+02
4.089072711403374250e+00 5.222084960937500000e+02
4.092507463785905131e+00 5.149108886718750000e+02
4.095942216168436900e+00 5.082844848632812500e+02
4.099376968550967781e+00 5.113535461425781250e+02
4.102811720933499551e+00 5.135252075195312500e+02
4.106246473316030432e+00 5.163072509765625000e+02
4.109681225698561313e+00 5.133822631835937500e+02
4.113115978081092194e+00 5.179705200195312500e+02
4.116550730463623964e+00 5.184083862304687500e+02
4.119985482846154845e+00 5.145242309570312500e+02
4.123420235228686614e+00 5.060054016113281250e+02
4.126854987611217496e+00 5.080812683105468750e+02
4.130289739993749265e+00 5.094502563476562500e+02
4.133724492376280146e+00 5.118571472167968750e+02
4.137159244758811028e+00 5.117683410644531250e+02
4.140593997141341909e+00 5.052501525878906250e+02
4.144028749523873678e+00 4.927650146484375000e+02
4.147463501906404559e+00 4.887449340820312500e+02
4.150898254288936329e+00 4.870332031250000000e+02
4.154333006671467210e+00 4.834417114257812500e+02
4.157767759053998091e+00 4.874774169921875000e+02
4.161202511436528972e+00 4.855808715820312500e+02
4.164637263819060742e+00 4.887210388183593750e+02
4.168072016201591623e+00 4.954851074218750000e+02
4.171506768584122504e+00 5.025191040039062500e+02
4.174941520966654274e+00 5.055428161621093750e+02
4.178376273349185155e+00 5.113151855468750000e+02
4.181811025731716924e+00 5.257921752929687500e+02
4.185245778114246917e+00 5.406682739257812500e+02
4.188680530496778687e+00 5.479523315429687500e+02
4.192115282879309568e+00 5.553989257812500000e+02
4.195550035261841337e+00 5.604847412109375000e+02
4.198984787644372219e+00 5.562159423828125000e+02
4.202419540026903988e+00 5.486431274414062500e+02
4.205854292409434869e+00 5.490343017578125000e+02
4.209289044791966639e+00 5.511306762695312500e+02
4.212723797174496632e+00 5.559869384765625000e+02
4.216158549557028401e+00 5.599452514648437500e+02
4.219593301939559282e+00 5.634525756835937500e+02
4.223028054322091052e+00 5.638291625976562500e+02
4.226462806704621933e+00 5.593566284179687500e+02
4.229897559087153702e+00 5.582252807617187500e+02
4.233332311469684583e+00 5.553969116210937500e+02
4.236767063852215465e+00 5.468657836914062500e+02
4.240201816234746346e+00 5.366873779296875000e+02
4.243636568617277227e+00 5.355432128906250000e+02
4.247071320999808997e+00 5.255560302734375000e+02
4.250506073382339878e+00 5.114507751464843750e+02
4.253940825764871647e+00 5.040419006347656250e+02
4.257375578147402528e+00 4.976350708007812500e+02
4.260810330529933410e+00 4.927613830566406250e+02
4.264245082912464291e+00 4.808271179199218750e+02
4.267679835294996060e+00 4.750191650390625000e+02
4.271114587677526941e+00 4.768462219238281250e+02
4.274549340060058711e+00 4.783291320800781250e+02
4.277984092442589592e+00 4.816148071289062500e+02
4.281418844825121361e+00 4.862749328613281250e+02
4.284853597207652243e+00 4.956616821289062500e+02
4.288288349590183124e+00 5.031391906738281250e+02
4.291723101972714005e+00 5.100926208496093750e+02
4.295157854355245775e+00 5.194528808593750000e+02
4.298592606737776656e+00 5.338423461914062500e+02
4.302027359120308425e+00 5.488634033203125000e+02
4.305462111502839306e+00 5.563397827148437500e+02
4.308896863885370188e+00 5.554801635742187500e+02
4.312331616267901069e+00 5.575996704101562500e+02
4.315766368650432838e+00 5.497343139648437500e+02
4.319201121032963719e+00 5.417924804687500000e+02
4.322635873415494601e+00 5.225543823242187500e+02
4.326070625798026370e+00 5.064890136718750000e+02
4.329505378180557251e+00 4.933222045898437500e+02
4.332940130563089021e+00 4.872757568359375000e+02
4.336374882945619014e+00 4.786760253906250000e+02
4.339809635328150783e+00 4.700272521972656250e+02
4.343244387710681664e+00 4.662858886718750000e+02
4.346679140093213434e+00 4.679400024414062500e+02
4.350113892475744315e+00 4.733250732421875000e+02
4.353548644858276084e+00 4.704833679199218750e+02
4.356983397240806966e+00 4.685732116699218750e+02
4.360418149623338735e+00 4.719204101562500000e+02
4.363852902005868728e+00 4.772702026367187500e+02
4.367287654388400497e+00 4.723578491210937500e+02
4.370722406770931379e+00 4.653906860351562500e+02
4.374157159153463148e+00 4.625500793457031250e+02
4.377591911535994029e+00 4.685513000488281250e+02
4.381026663918525799e+00 4.675880432128906250e+02
4.384461416301056680e+00 4.668738708496093750e+02
4.387896168683587561e+00 4.646894836425781250e+02
4.391330921066118442e+00 4.605935668945312500e+02
4.394765673448649324e+00 4.651785583496093750e+02
4.398200425831181093e+00 4.705193176269531250e+02
4.401635178213711974e+00 4.789462890625000000e+02
4.405069930596243744e+00 4.848623046875000000e+02
4.408504682978774625e+00 4.928742675781250000e+02
4.411939435361305506e+00 4.980920104980468750e+02
4.415374187743836387e+00 5.038890686035156250e+02
4.418808940126368157e+00 5.128428955078125000e+02
4.422243692508899038e+00 5.180438232421875000e+02
4.425678444891430807e+00 5.158297119140625000e+02
4.429113197273961688e+00 5.065473022460937500e+02
4.432547949656493458e+00 4.981005859375000000e+02
4.435982702039023451e+00 4.882588806152343750e+02
4.439417454421555220e+00 4.756995544433593750e+02
4.442852206804086101e+00 4.670568542480468750e+02
4.446286959186617871e+00 4.618351745605468750e+02
4.449721711569148752e+00 4.629078979492187500e+02
4.453156463951680522e+00 4.607680664062500000e+02
4.456591216334211403e+00 4.602134704589843750e+02
4.460025968716742284e+00 4.585963439941406250e+02
4.463460721099273165e+00 4.601835327148437500e+02
4.466895473481804935e+00 4.577203979492187500e+02
4.470330225864335816e+00 4.567747802734375000e+02
4.473764978246866697e+00 4.555293273925781250e+02
4.477199730629398466e+00 4.633039550781250000e+02
4.480634483011929348e+00 4.676860961914062500e+02
4.484069235394461117e+00 4.584345703125000000e+02
4.487503987776991110e+00 4.425537719726562500e+02
4.490938740159522879e+00 4.383401794433593750e+02
4.494373492542053761e+00 4.445160827636718750e+02
4.497808244924585530e+00 4.542433471679687500e+02
4.501242997307116411e+00 4.542697753906250000e+02
4.504677749689648181e+00 4.499343872070312500e+02
4.508112502072179062e+00 4.446836547851562500e+02
4.511547254454709943e+00 4.507595214843750000e+02
4.514982006837240824e+00 4.566373596191406250e+02
4.518416759219772594e+00 4.545383911132812500e+02
4.521851511602303475e+00 4.539537658691406250e+02
4.525286263984835244e+00 4.601550292968750000e+02
4.528721016367366126e+00 4.567806396484375000e+02
4.532155768749897895e+00 4.518900451660156250e+02
4.535590521132428776e+00 4.490881958007812500e+02
4.539025273514959657e+00 4.455540466308593750e+02
4.542460025897490539e+00 4.436210632324218750e+02
4.545894778280021420e+00 4.434799499511718750e+02
4.549329530662553189e+00 4.522588500976562500e+02
4.552764283045084071e+00 4.562079467773437500e+02
4.556199035427615840e+00 4.487394104003906250e+02
4.559633787810146721e+00 4.433846740722656250e+02
4.563068540192677602e+00 4.432503662109375000e+02
4.566503292575208484e+00 4.480259704589843750e+02
4.569938044957740253e+00 4.513994445800781250e+02
4.573372797340271134e+00 4.541369323730468750e+02
4.576807549722802904e+00 4.522787780761718750e+02
4.580242302105333785e+00 4.539801635742187500e+02
4.583677054487865554e+00 4.491315307617187500e+02
4.587111806870395547e+00 4.483661804199218750e+02
4.590546559252927317e+00 4.477514648437500000e+02
4.593981311635458198e+00 4.456966247558593750e+02
4.597416064017989967e+00 4.420118103027343750e+02
4.600850816400520849e+00 4.425576782226562500e+02
4.604285568783052618e+00 4.432232666015625000e+02
4.607720321165583499e+00 4.377790527343750000e+02
4.611155073548115269e+00 4.389103088378906250e+02
4.614589825930645262e+00 4.425857849121093750e+02
4.618024578313177031e+00 4.490190429687500000e+02
4.621459330695707912e+00 4.522595520019531250e+02
4.624894083078238793e+00 4.503842163085937500e+02
4.628328835460770563e+00 4.509007263183593750e+02
4.631763587843301444e+00 4.562884216308593750e+02
4.635198340225833213e+00 4.633629455566406250e+02
4.638633092608363206e+00 4.711943054199218750e+02
4.642067844990894976e+00 4.852123107910156250e+02
4.645502597373425857e+00 5.003479614257812500e+02
4.648937349755957626e+00 5.150700683593750000e+02
4.652372102138488508e+00 5.320977783203125000e+02
4.655806854521020277e+00 5.482621459960937500e+02
4.659241606903551158e+00 5.596277465820312500e+02
4.662676359286082040e+00 5.628860473632812500e+02
4.666111111668612921e+00 5.698244628906250000e+02
4.669545864051144690e+00 5.767637939453125000e+02
4.672980616433675571e+00 5.808331298828125000e+02
4.676415368816207341e+00 5.788766479492187500e+02
4.679850121198738222e+00 5.735894775390625000e+02
4.683284873581269991e+00 5.587224731445312500e+02
4.686719625963800873e+00 5.370357055664062500e+02
4.690154378346331754e+00 5.243003540039062500e+02
4.693589130728862635e+00 5.100639343261718750e+02
4.697023883111393516e+00 4.999286499023437500e+02
4.700458635493925286e+00 4.860872192382812500e+02
4.703893387876456167e+00 4.742240905761718750e+02
4.707328140258987936e+00 4.683027648925781250e+02
4.710762892641518818e+00 4.640515136718750000e+02
4.714197645024049699e+00 4.625128784179687500e+02
4.717632397406580580e+00 4.551501770019531250e+02
4.721067149789112349e+00 4.495214538574218750e+02
4.724501902171643231e+00 4.433333435058593750e+02
4.727936654554175000e+00 4.385697631835937500e+02
4.731371406936705881e+00 4.355373840332031250e+02
4.734806159319237651e+00 4.352635498046875000e+02
4.738240911701767644e+00 4.395381774902343750e+02
4.741675664084299413e+00 4.401727905273437500e+02
4.745110416466830294e+00 4.417079162597656250e+02
4.748545168849362064e+00 4.443809509277343750e+02
4.751979921231892945e+00 4.479127807617187500e+02
4.755414673614424714e+00 4.447019348144531250e+02
4.758849425996955596e+00 4.450556335449218750e+02
4.762284178379487365e+00 4.488949279785156250e+02
4.765718930762017358e+00 4.518840942382812500e+02
4.769153683144549127e+00 4.521109313964843750e+02
4.772588435527080009e+00 4.504589843750000000e+02
4.776023187909610890e+00 4.532887878417968750e+02
4.779457940292142659e+00 4.512399902343750000e+02
4.782892692674673540e+00 4.508411865234375000e+02
4.786327445057205310e+00 4.529502868652343750e+02
4.789762197439735303e+00 4.602174987792968750e+02
4.793196949822267072e+00 4.619013977050781250e+02
4.796631702204797953e+00 4.635168762207031250e+02
4.800066454587329723e+00 4.571232299804687500e+02
4.803501206969860604e+00 4.521947631835937500e+02
4.806935959352392373e+00 4.542481079101562500e+02
4.810370711734923255e+00 4.653271484375000000e+02
4.813805464117454136e+00 4.704491271972656250e+02
4.817240216499985017e+00 4.738174133300781250e+02
4.820674968882516787e+00 4.761209106445312500e+02
4.824109721265047668e+00 4.749772033691406250e+02
4.827544473647579437e+00 4.730024108886718750e+02
4.830979226030110318e+00 4.701183776855468750e+02
4.834413978412642088e+00 4.671702270507812500e+02
4.837848730795172969e+00 4.630713500976562500e+02
4.841283483177703850e+00 4.628658142089843750e+02
4.844718235560234731e+00 4.626131286621093750e+02
4.848152987942766501e+00 4.586338500976562500e+02
4.851587740325297382e+00 4.569380493164062500e+02
4.855022492707828263e+00 4.617010803222656250e+02
4.858457245090360033e+00 4.635776062011718750e+02
4.861891997472890914e+00 4.655297546386718750e+02
4.865326749855421795e+00 4.651799621582031250e+02
4.868761502237952676e+00 4.687894897460937500e+02
4.872196254620484446e+00 4.862751464843750000e+02
4.875631007003015327e+00 4.926026916503906250e+02
4.879065759385547096e+00 5.034177856445312500e+02
4.882500511768077978e+00 4.967559814453125000e+02
4.885935264150609747e+00 4.881388549804687500e+02
4.889370016533139740e+00 4.778173217773437500e+02
4.892804768915671509e+00 4.852412414550781250e+02
4.896239521298202391e+00 4.842464904785156250e+02
4.899674273680734160e+00 4.821257324218750000e+02
4.903109026063265041e+00 4.791313781738281250e+02
4.906543778445796811e+00 4.686896667480468750e+02
4.909978530828327692e+00 4.571085205078125000e+02
4.913413283210858573e+00 4.554912414550781250e+02
4.916848035593389454e+00 4.591040649414062500e+02
4.920282787975921224e+00 4.512803039550781250e+02
4.923717540358452105e+00 4.507692260742187500e+02
4.927152292740982986e+00 4.510202026367187500e+02
4.930587045123514756e+00 4.576976928710937500e+02
4.934021797506045637e+00 4.599677124023437500e+02
4.937456549888577406e+00 4.606145935058593750e+02
4.940891302271107399e+00 4.608226013183593750e+02
4.944326054653639169e+00 4.628602294921875000e+02
4.947760807036170050e+00 4.564917907714843750e+02
4.951195559418701819e+00 4.531415405273437500e+02
4.954630311801232700e+00 4.537671813964843750e+02
4.958065064183764470e+00 4.572874450683593750e+02
4.961499816566295351e+00 4.571622314453125000e+02
4.964934568948826232e+00 4.642639770507812500e+02
4.968369321331357114e+00 4.699953613281250000e+02
4.971804073713888883e+00 4.663579406738281250e+02
4.975238826096419764e+00 4.565621948242187500e+02
4.978673578478951534e+00 4.538759460449218750e+02
4.982108330861482415e+00 4.512383117675781250e+02
4.985543083244014184e+00 4.571360778808593750e+02
4.988977835626544177e+00 4.574117126464843750e+02
4.992412588009075947e+00 4.519148864746093750e+02
4.995847340391606828e+00 4.477964477539062500e+02
4.999282092774138597e+00 4.439593811035156250e+02
5.002716845156669478e+00 4.405034790039062500e+02
5.006151597539200360e+00 4.348788146972656250e+02
5.009586349921732129e+00 4.299966125488281250e+02
5.013021102304263010e+00 4.262608337402343750e+02
5.016455854686793892e+00 4.320820312500000000e+02
5.019890607069324773e+00 4.301246948242187500e+02
5.023325359451856542e+00 4.302661132812500000e+02
5.026760111834387423e+00 4.303590698242187500e+02
5.030194864216919193e+00 4.362717590332031250e+02
5.033629616599450074e+00 4.388400573730468750e+02
5.037064368981981843e+00 4.457991638183593750e+02
5.040499121364511836e+00 4.476791381835937500e+02
5.043933873747043606e+00 4.490733032226562500e+02
5.047368626129574487e+00 4.515294799804687500e+02
5.050803378512106256e+00 4.543331604003906250e+02
5.054238130894637138e+00 4.549242248535156250e+02
5.057672883277168907e+00 4.502026367187500000e+02
5.061107635659699788e+00 4.434410705566406250e+02
5.064542388042230669e+00 4.359149780273437500e+02
5.067977140424761551e+00 4.316830139160156250e+02
5.071411892807293320e+00 4.318511657714843750e+02
5.074846645189824201e+00 4.352606811523437500e+02
5.078281397572355083e+00 4.336187744140625000e+02
5.081716149954886852e+00 4.352173767089843750e+02
5.085150902337417733e+00 4.359254150390625000e+02
5.088585654719949503e+00 4.358520202636718750e+02
5.092020407102479496e+00 4.289611816406250000e+02
5.095455159485011265e+00 4.241650085449218750e+02
5.098889911867542146e+00 4.242156066894531250e+02
5.102324664250073916e+00 4.276171264648437500e+02
5.105759416632604797e+00 4.280046691894531250e+02
5.109194169015136566e+00 4.223948364257812500e+02
5.112628921397667447e+00 4.229981994628906250e+02
5.116063673780198329e+00 4.178323669433593750e+02
5.119498426162729210e+00 4.194794006347656250e+02
5.122933178545260979e+00 4.218725585937500000e+02
5.126367930927791861e+00 4.191696777343750000e+02
5.129802683310323630e+00 4.108480529785156250e+02
5.133237435692854511e+00 4.079336547851562500e+02
5.136672188075386281e+00 4.061792602539062500e+02
5.140106940457916274e+00 4.079495239257812500e+02
5.143541692840448043e+00 4.105810241699218750e+02
5.146976445222978924e+00 4.132817077636718750e+02
5.150411197605510694e+00 4.159542846679687500e+02
5.153845949988041575e+00 4.138783569335937500e+02
5.157280702370572456e+00 4.147779541015625000e+02
5.160715454753104225e+00 4.141169738769531250e+02
5.164150207135635107e+00 4.183696899414062500e+02
5.167584959518165988e+00 4.182304382324218750e+02
5.171019711900696869e+00 4.165006408691406250e+02
5.174454464283228639e+00 4.167058715820312500e+02
5.177889216665759520e+00 4.227371520996093750e+02
5.181323969048291289e+00 4.254082031250000000e+02
5.184758721430822170e+00 4.183757934570312500e+02
5.188193473813353940e+00 4.142395324707031250e+02
5.191628226195883933e+00 4.090713500976562500e+02
5.195062978578415702e+00 4.145836181640625000e+02
5.198497730960946583e+00 4.199724426269531250e+02
5.201932483343478353e+00 4.243204956054687500e+02
5.205367235726009234e+00 4.300465698242187500e+02
5.208801988108541003e+00 4.362433776855468750e+02
5.212236740491071885e+00 4.418492736816406250e+02
5.215671492873602766e+00 4.485373535156250000e+02
5.219106245256133647e+00 4.564434814453125000e+02
5.222540997638665417e+00 4.602300415039062500e+02
5.225975750021196298e+00 4.606651000976562500e+02
5.229410502403727179e+00 4.570872192382812500e+02
5.232845254786258948e+00 4.491806640625000000e+02
5.236280007168789830e+00 4.402156372070312500e+02
5.239714759551321599e+00 4.357950134277343750e+02
5.243149511933851592e+00 4.338773803710937500e+02
5.246584264316383361e+00 4.301084289550781250e+02
5.250019016698914243e+00 4.267831726074218750e+02
5.253453769081446012e+00 4.179490661621093750e+02
5.256888521463976893e+00 4.090885620117187500e+02
5.260323273846508663e+00 4.038614501953125000e+02
5.263758026229039544e+00 4.008566589355468750e+02
5.267192778611570425e+00 3.978691711425781250e+02
5.270627530994101306e+00 4.001135864257812500e+02
5.274062283376633076e+00 4.079865417480468750e+02
5.277497035759163957e+00 4.049943847656250000e+02
5.280931788141695726e+00 4.049660949707031250e+02
5.284366540524226608e+00 4.041092834472656250e+02
5.287801292906758377e+00 4.099325256347656250e+02
5.291236045289288370e+00 4.119018249511718750e+02
5.294670797671820139e+00 4.104227600097656250e+02
5.298105550054351021e+00 4.130629882812500000e+02
5.301540302436882790e+00 4.133613586425781250e+02
5.304975054819413671e+00 4.098247985839843750e+02
5.308409807201944552e+00 4.099426269531250000e+02
5.311844559584476322e+00 4.158204040527343750e+02
5.315279311967006315e+00 4.152768554687500000e+02
5.318714064349538084e+00 4.101820068359375000e+02
5.322148816732068966e+00 4.127899780273437500e+02
5.325583569114600735e+00 4.150643005371093750e+02
5.329018321497131616e+00 4.169120178222656250e+02
5.332453073879663386e+00 4.225070190429687500e+02
5.335887826262194267e+00 4.285726623535156250e+02
5.339322578644726036e+00 4.355304260253906250e+02
5.342757331027256029e+00 4.447763671875000000e+02
5.346192083409787799e+00 4.462909545898437500e+02
5.349626835792318680e+00 4.427265625000000000e+02
5.353061588174850449e+00 4.454744262695312500e+02
5.356496340557381330e+00 4.523505249023437500e+02
5.359931092939913100e+00 4.561649169921875000e+02
5.363365845322443981e+00 4.542067260742187500e+02
5.366800597704974862e+00 4.513817749023437500e+02
5.370235350087505743e+00 4.428794250488281250e+02
5.373670102470037513e+00 4.328981628417968750e+02
5.377104854852568394e+00 4.234848022460937500e+02
5.380539607235100164e+00 4.126500244140625000e+02
5.383974359617631045e+00 4.079401245117187500e+02
5.387409112000161926e+00 4.075631713867187500e+02
5.390843864382692807e+00 4.025269165039062500e+02
5.394278616765223688e+00 3.993596191406250000e+02
5.397713369147755458e+00 4.005716247558593750e+02
5.401148121530286339e+00 4.041626586914062500e+02
5.404582873912818108e+00 3.993460083007812500e+02
5.408017626295348990e+00 3.956424255371093750e+02
5.411452378677880759e+00 3.909292907714843750e+02
5.414887131060411640e+00 3.914731750488281250e+02
5.418321883442942521e+00 4.010674743652343750e+02
5.421756635825473403e+00 4.062498168945312500e+02
5.425191388208005172e+00 4.057523498535156250e+02
5.428626140590536053e+00 4.055834045410156250e+02
5.432060892973067823e+00 4.085675354003906250e+02
5.435495645355598704e+00 4.110106811523437500e+02
5.438930397738130473e+00 4.088576660156250000e+02
5.442365150120660466e+00 4.098165893554687500e+02
5.445799902503192236e+00 4.126664428710937500e+02
5.449234654885723117e+00 4.104090881347656250e+02
5.452669407268254886e+00 4.061007080078125000e+02
5.456104159650785768e+00 4.023854370117187500e+02
5.459538912033316649e+00 4.005955810546875000e+02
5.462973664415848418e+00 4.000309753417968750e+02
5.466408416798379299e+00 4.023673095703125000e+02
5.469843169180910181e+00 4.077971496582031250e+02
5.473277921563441062e+00 4.159875488281250000e+02
5.476712673945972831e+00 4.261444091796875000e+02
5.480147426328503713e+00 4.395537109375000000e+02
5.483582178711035482e+00 4.418369140625000000e+02
5.487016931093566363e+00 4.366603088378906250e+02
5.490451683476098133e+00 4.361761169433593750e+02
5.493886435858628126e+00 4.381304931640625000e+02
5.497321188241159895e+00 4.429530334472656250e+02
5.500755940623690776e+00 4.409803161621093750e+02
5.504190693006222546e+00 4.274668579101562500e+02
5.507625445388753427e+00 4.165132446289062500e+02
5.511060197771285196e+00 4.066475219726562500e+02
5.514494950153816077e+00 4.108189392089843750e+02
5.517929702536346959e+00 4.137686157226562500e+02
5.521364454918877840e+00 4.168088684082031250e+02
5.524799207301409609e+00 4.153838500976562500e+02
5.528233959683940490e+00 4.103748168945312500e+02
5.531668712066472260e+00 4.101558532714843750e+02
5.535103464449003141e+00 4.104900817871093750e+02
5.538538216831534022e+00 4.099960937500000000e+02
5.541972969214064904e+00 4.065007629394531250e+02
5.545407721596595785e+00 4.047139282226562500e+02
5.548842473979127554e+00 4.063662109375000000e+02
5.552277226361658435e+00 4.080352172851562500e+02
5.555711978744190205e+00 4.115802001953125000e+02
5.559146731126721086e+00 4.113214721679687500e+02
5.562581483509252855e+00 4.098543395996093750e+02
5.566016235891783737e+00 4.062351684570312500e+02
5.569450988274314618e+00 4.029439086914062500e+02
5.572885740656845499e+00 4.015843811035156250e+02
5.576320493039377268e+00 4.063230285644531250e+02
5.579755245421908150e+00 4.116447448730468750e+02
5.583189997804439919e+00 4.118334655761718750e+02
5.586624750186970800e+00 4.082784118652343750e+02
5.590059502569502570e+00 4.044504089355468750e+02
5.593494254952032563e+00 4.022880554199218750e+02
5.596929007334564332e+00 3.985538330078125000e+02
5.600363759717095213e+00 3.960637512207031250e+02
5.603798512099626983e+00 4.009829711914062500e+02
5.607233264482157864e+00 3.991647033691406250e+02
5.610668016864688745e+00 3.966070251464843750e+02
5.614102769247220515e+00 3.928796386718750000e+02
5.617537521629751396e+00 3.933258972167968750e+02
5.620972274012282277e+00 3.952632141113281250e+02
5.624407026394813158e+00 3.958196411132812500e+02
5.627841778777344928e+00 3.944906311035156250e+02
5.631276531159875809e+00 3.866244506835937500e+02
5.634711283542407578e+00 3.854272155761718750e+02
5.638146035924938460e+00 3.877842712402343750e+02
5.641580788307470229e+00 3.885158386230468750e+02
5.645015540690000222e+00 3.863186950683593750e+02
5.648450293072531991e+00 3.932462463378906250e+02
5.651885045455062873e+00 3.984808654785156250e+02
5.655319797837594642e+00 4.007978820800781250e+02
5.658754550220125523e+00 4.020110778808593750e+02
5.662189302602657293e+00 4.002149047851562500e+02
5.665624054985188174e+00 4.008186035156250000e+02
5.669058807367719055e+00 4.064979553222656250e+02
5.672493559750249936e+00 4.071682739257812500e+02
5.675928312132781706e+00 4.097475280761718750e+02
5.679363064515312587e+00 4.133870544433593750e+02
5.682797816897844356e+00 4.178154907226562500e+02
5.686232569280375237e+00 4.204248962402343750e+02
5.689667321662906119e+00 4.280335998535156250e+02
5.693102074045437000e+00 4.417672119140625000e+02
5.696536826427967881e+00 4.594313964843750000e+02
5.699971578810499651e+00 4.871769409179687500e+02
5.703406331193030532e+00 5.401671142578125000e+02
5.706841083575562301e+00 6.248814086914062500e+02
5.710275835958093182e+00 7.369757080078125000e+02
5.713710588340624952e+00 8.586376953125000000e+02
5.717145340723154945e+00 9.774519042968750000e+02
5.720580093105686714e+00 1.075628051757812500e+03
5.724014845488217595e+00 1.142610717773437500e+03
5.727449597870749365e+00 1.161225585937500000e+03
5.730884350253280246e+00 1.142767211914062500e+03
5.734319102635812015e+00 1.096266967773437500e+03
5.737753855018342897e+00 1.026109375000000000e+03
5.741188607400874666e+00 9.463237304687500000e+02
5.744623359783404659e+00 8.625448608398437500e+02
5.748058112165936429e+00 7.815321044921875000e+02
5.751492864548467310e+00 6.969158935546875000e+02
5.754927616930999079e+00 6.180878906250000000e+02
5.758362369313529960e+00 5.430664672851562500e+02
5.761797121696060842e+00 4.866499023437500000e+02
5.765231874078592611e+00 4.514801635742187500e+02
5.768666626461123492e+00 4.281239013671875000e+02
5.772101378843654373e+00 4.145765991210937500e+02
5.775536131226185255e+00 4.042057800292968750e+02
5.778970883608717024e+00 4.041473999023437500e+02
5.782405635991247905e+00 4.048411254882812500e+02
5.785840388373779675e+00 4.024053955078125000e+02
5.789275140756310556e+00 4.030165100097656250e+02
5.792709893138841437e+00 4.013612670898437500e+02
5.796144645521372318e+00 4.016886291503906250e+02
5.799579397903904088e+00 3.992987976074218750e+02
5.803014150286434969e+00 3.970792541503906250e+02
5.806448902668966738e+00 3.943315124511718750e+02
5.809883655051497620e+00 3.925912475585937500e+02
5.813318407434029389e+00 3.952963867187500000e+02
5.816753159816560270e+00 3.940553283691406250e+02
5.820187912199091151e+00 3.921126708984375000e+02
5.823622664581622033e+00 3.921206970214843750e+02
5.827057416964153802e+00 3.966140747070312500e+02
5.830492169346684683e+00 3.923692016601562500e+02
5.833926921729216453e+00 3.859715881347656250e+02
5.837361674111747334e+00 3.842496337890625000e+02
5.840796426494278215e+00 3.849281616210937500e+02
5.844231178876809096e+00 3.910505676269531250e+02
5.847665931259339978e+00 3.932756958007812500e+02
5.851100683641871747e+00 3.959898376464843750e+02
5.854535436024402628e+00 3.964875183105468750e+02
5.857970188406934398e+00 3.916520080566406250e+02
5.861404940789465279e+00 3.873676452636718750e+02
5.864839693171997048e+00 3.855650939941406250e+02
5.868274445554527041e+00 3.884581298828125000e+02
5.871709197937058811e+00 3.930540161132812500e+02
5.875143950319589692e+00 3.951521911621093750e+02
5.878578702702121461e+00 3.953288574218750000e+02
5.882013455084652342e+00 3.946810607910156250e+02
5.885448207467184112e+00 3.961911010742187500e+02
5.888882959849714993e+00 3.960257263183593750e+02
5.892317712232246762e+00 3.931370544433593750e+02
5.895752464614776756e+00 3.866956176757812500e+02
5.899187216997308525e+00 3.854801940917968750e+02
5.902621969379839406e+00 3.892237854003906250e+02
5.906056721762371176e+00 3.884199523925781250e+02
5.909491474144902057e+00 3.880602111816406250e+02
5.912926226527432938e+00 3.886804504394531250e+02
5.916360978909964707e+00 3.940590209960937500e+02
5.919795731292495589e+00 3.972353210449218750e+02
5.923230483675026470e+00 4.005931701660156250e+02
5.926665236057557351e+00 3.987458496093750000e+02
5.930099988440089120e+00 3.904089965820312500e+02
5.933534740822620002e+00 3.869425048828125000e+02
5.936969493205151771e+00 3.936849060058593750e+02
5.940404245587682652e+00 4.047360839843750000e+02
5.943838997970213534e+00 4.136407165527343750e+02
5.947273750352744415e+00 4.262697753906250000e+02
5.950708502735276184e+00 4.405672607421875000e+02
5.954143255117807065e+00 4.641586914062500000e+02
5.957578007500338835e+00 5.030105590820312500e+02
5.961012759882869716e+00 5.728619384765625000e+02
5.964447512265401485e+00 6.730994873046875000e+02
5.967882264647932367e+00 8.013162841796875000e+02
5.971317017030463248e+00 9.370197143554687500e+02
5.974751769412994129e+00 1.059151245117187500e+03
5.978186521795525898e+00 1.149984985351562500e+03
5.981621274178056780e+00 1.201451782226562500e+03
5.985056026560588549e+00 1.208086791992187500e+03
5.988490778943119430e+00 1.168059448242187500e+03
5.991925531325650311e+00 1.104462402343750000e+03
5.995360283708181193e+00 1.033329956054687500e+03
5.998795036090712074e+00 9.486344604492187500e+02
6.002229788473243843e+00 8.489154663085937500e+02
6.005664540855774725e+00 7.537569580078125000e+02
6.009099293238306494e+00 6.655580444335937500e+02
6.012534045620837375e+00 5.824401245117187500e+02
6.015968798003369145e+00 5.127837524414062500e+02
6.019403550385899138e+00 4.669669189453125000e+02
6.022838302768430907e+00 4.322388916015625000e+02
6.026273055150961788e+00 4.115552368164062500e+02
6.029707807533493558e+00 4.054235229492187500e+02
6.033142559916024439e+00 4.090466613769531250e+02
6.036577312298556208e+00 4.081386413574218750e+02
6.040012064681087089e+00 4.026463317871093750e+02
6.043446817063618859e+00 3.971213684082031250e+02
6.046881569446148852e+00 3.991177673339843750e+02
6.050316321828680621e+00 3.998289794921875000e+02
6.053751074211211503e+00 3.976328430175781250e+02
6.057185826593743272e+00 3.982457885742187500e+02
6.060620578976274153e+00 3.996803894042968750e+02
6.064055331358805923e+00 4.033904113769531250e+02
6.067490083741336804e+00 4.063167114257812500e+02
6.070924836123867685e+00 4.095900573730468750e+02
6.074359588506398566e+00 4.101600341796875000e+02
6.077794340888929447e+00 4.064412231445312500e+02
6.081229093271461217e+00 3.995063476562500000e+02
6.084663845653992098e+00 3.980772705078125000e+02
6.088098598036523867e+00 4.010176391601562500e+02
6.091533350419054749e+00 4.011972045898437500e+02
6.094968102801585630e+00 3.951602478027343750e+02
6.098402855184116511e+00 3.914334716796875000e+02
6.101837607566648281e+00 3.960153198242187500e+02
6.105272359949179162e+00 3.931393432617187500e+02
6.108707112331710931e+00 3.865646362304687500e+02
6.112141864714241812e+00 3.815002136230468750e+02
6.115576617096773582e+00 3.804114074707031250e+02
6.119011369479304463e+00 3.825331726074218750e+02
6.122446121861835344e+00 3.792442626953125000e+02
6.125880874244366225e+00 3.748194274902343750e+02
6.129315626626897995e+00 3.767843322753906250e+02
6.132750379009428876e+00 3.807707214355468750e+02
6.136185131391960645e+00 3.831502380371093750e+02
6.139619883774491527e+00 3.851500244140625000e+02
6.143054636157022408e+00 3.887671203613281250e+02
6.146489388539553289e+00 3.915365600585937500e+02
6.149924140922085058e+00 3.901300048828125000e+02
6.153358893304615940e+00 3.857631225585937500e+02
6.156793645687146821e+00 3.804642639160156250e+02
6.160228398069678590e+00 3.804570312500000000e+02
6.163663150452209472e+00 3.765629272460937500e+02
6.167097902834741241e+00 3.757046203613281250e+02
6.170532655217271234e+00 3.744643859863281250e+02
6.173967407599803003e+00 3.735264282226562500e+02
6.177402159982333885e+00 3.782740783691406250e+02
6.180836912364865654e+00 3.795970764160156250e+02
6.184271664747396535e+00 3.763103332519531250e+02
6.187706417129928305e+00 3.698053588867187500e+02
6.191141169512459186e+00 3.684060974121093750e+02
6.194575921894990067e+00 3.699443054199218750e+02
6.198010674277520948e+00 3.727525939941406250e+02
6.201445426660052718e+00 3.781196899414062500e+02
6.204880179042583599e+00 3.765606994628906250e+02
6.208314931425115368e+00 3.725467224121093750e+02
6.211749683807646250e+00 3.707787780761718750e+02
6.215184436190178019e+00 3.668403320312500000e+02
6.218619188572708900e+00 3.584119873046875000e+02
6.222053940955239781e+00 3.586790466308593750e+02
6.225488693337770663e+00 3.613663635253906250e+02
6.228923445720301544e+00 3.664552917480468750e+02
6.232358198102833313e+00 3.696379089355468750e+02
6.235792950485364194e+00 3.663867187500000000e+02
6.239227702867895964e+00 3.625044555664062500e+02
6.242662455250426845e+00 3.606387329101562500e+02
6.246097207632957726e+00 3.611316833496093750e+02
6.249531960015488607e+00 3.639345092773437500e+02
6.252966712398020377e+00 3.641533203125000000e+02
6.256401464780551258e+00 3.628059082031250000e+02
6.259836217163083028e+00 3.619700317382812500e+02
6.263270969545613909e+00 3.611028442382812500e+02
6.266705721928145678e+00 3.633082275390625000e+02
6.270140474310675671e+00 3.636442565917968750e+02
6.273575226693207441e+00 3.650772705078125000e+02
6.277009979075738322e+00 3.700228271484375000e+02
6.280444731458270091e+00 3.807331237792968750e+02
6.283879483840800972e+00 3.911467285156250000e+02
6.287314236223332742e+00 3.964201965332031250e+02
6.290748988605863623e+00 3.885286560058593750e+02
6.294183740988394504e+00 3.879844665527343750e+02
6.297618493370925385e+00 3.892527160644531250e+02
6.301053245753457155e+00 3.906965332031250000e+02
6.304487998135988036e+00 3.900070495605468750e+02
6.307922750518518917e+00 3.871128845214843750e+02
6.311357502901050687e+00 3.823753051757812500e+02
6.314792255283581568e+00 3.774376831054687500e+02
6.318227007666113337e+00 3.758849182128906250e+02
6.321661760048643330e+00 3.753324279785156250e+02
6.325096512431175100e+00 3.741557006835937500e+02
6.328531264813705981e+00 3.707042236328125000e+02
6.331966017196237750e+00 3.777215881347656250e+02
6.335400769578768632e+00 3.835009460449218750e+02
6.338835521961300401e+00 3.833776550292968750e+02
6.342270274343831282e+00 3.779030456542968750e+02
6.345705026726362163e+00 3.773215637207031250e+02
6.349139779108893045e+00 3.774861450195312500e+02
6.352574531491424814e+00 3.771636657714843750e+02
6.356009283873955695e+00 3.725235900878906250e+02
6.359444036256487465e+00 3.678139038085937500e+02
6.362878788639018346e+00 3.680499877929687500e+02
6.366313541021550115e+00 3.632046813964843750e+02
6.369748293404080997e+00 3.619556579589843750e+02
6.373183045786611878e+00 3.605096740722656250e+02
6.376617798169142759e+00 3.601588134765625000e+02
6.380052550551673640e+00 3.601138916015625000e+02
6.383487302934205410e+00 3.610686645507812500e+02
6.386922055316736291e+00 3.612589721679687500e+02
6.390356807699268060e+00 3.554672546386718750e+02
6.393791560081798941e+00 3.532574157714843750e+02
6.397226312464329823e+00 3.576275329589843750e+02
6.400661064846860704e+00 3.592246704101562500e+02
6.404095817229392473e+00 3.581763610839843750e+02
6.407530569611923355e+00 3.534105224609375000e+02
6.410965321994455124e+00 3.546838378906250000e+02
6.414400074376986005e+00 3.600167846679687500e+02
6.417834826759517775e+00 3.632454833984375000e+02
6.421269579142047768e+00 3.667850952148437500e+02
6.424704331524579537e+00 3.708716735839843750e+02
6.428139083907110418e+00 3.751051025390625000e+02
6.431573836289642188e+00 3.734397277832031250e+02
6.435008588672173069e+00 3.744328002929687500e+02
6.438443341054704838e+00 3.758319091796875000e+02
6.441878093437235719e+00 3.806268310546875000e+02
6.445312845819766601e+00 3.812575378417968750e+02
6.448747598202297482e+00 3.755998535156250000e+02
6.452182350584829251e+00 3.741476135253906250e+02
6.455617102967360132e+00 3.711231994628906250e+02
6.459051855349891014e+00 3.653766479492187500e+02
6.462486607732422783e+00 3.626510620117187500e+02
6.465921360114953664e+00 3.612061462402343750e+02
6.469356112497485434e+00 3.600636901855468750e+02
6.472790864880015427e+00 3.594199523925781250e+02
6.476225617262547196e+00 3.589361572265625000e+02
6.479660369645078077e+00 3.588018798828125000e+02
6.483095122027609847e+00 3.541986083984375000e+02
6.486529874410140728e+00 3.500267028808593750e+02
6.489964626792672497e+00 3.481878662109375000e+02
6.493399379175203379e+00 3.490676879882812500e+02
6.496834131557734260e+00 3.516421508789062500e+02
6.500268883940265141e+00 3.580149230957031250e+02
6.503703636322796910e+00 3.598792419433593750e+02
6.507138388705327792e+00 3.591563110351562500e+02
6.510573141087859561e+00 3.546654357910156250e+02
6.514007893470390442e+00 3.511938781738281250e+02
6.517442645852922212e+00 3.495241088867187500e+02
6.520877398235453093e+00 3.585891113281250000e+02
6.524312150617983974e+00 3.602210083007812500e+02
6.527746903000514855e+00 3.610577697753906250e+02
6.531181655383045737e+00 3.612579345703125000e+02
6.534616407765577506e+00 3.622235412597656250e+02
6.538051160148108387e+00 3.611795349121093750e+02
6.541485912530640157e+00 3.587259521484375000e+02
6.544920664913171038e+00 3.546645812988281250e+02
6.548355417295701919e+00 3.520529785156250000e+02
6.551790169678232800e+00 3.487567443847656250e+02
6.555224922060764570e+00 3.511358642578125000e+02
6.558659674443295451e+00 3.529753112792968750e+02
6.562094426825827220e+00 3.542551574707031250e+02
6.565529179208358102e+00 3.524551086425781250e+02
6.568963931590889871e+00 3.498812255859375000e+02
6.572398683973419864e+00 3.461190185546875000e+02
6.575833436355951633e+00 3.435750732421875000e+02
6.579268188738482515e+00 3.403803100585937500e+02
6.582702941121014284e+00 3.401585693359375000e+02
6.586137693503545165e+00 3.428067626953125000e+02
6.589572445886076935e+00 3.471015625000000000e+02
6.593007198268607816e+00 3.491393127441406250e+02
6.596441950651138697e+00 3.492738037109375000e+02
6.599876703033669578e+00 3.518143920898437500e+02
6.603311455416201348e+00 3.556060485839843750e+02
6.606746207798732229e+00 3.564971923828125000e+02
6.610180960181263110e+00 3.597729797363281250e+02
6.613615712563794879e+00 3.576087951660156250e+02
6.617050464946325761e+00 3.578044128417968750e+02
6.620485217328857530e+00 3.557395935058593750e+02
6.623919969711387523e+00 3.538392944335937500e+02
6.627354722093919293e+00 3.496164550781250000e+02
6.630789474476450174e+00 3.460812683105468750e+02
6.634224226858981943e+00 3.451321411132812500e+02
6.637658979241512824e+00 3.467828979492187500e+02
6.641093731624044594e+00 3.452710266113281250e+02
6.644528484006575475e+00 3.399849548339843750e+02
6.647963236389106356e+00 3.356117553710937500e+02
6.651397988771637237e+00 3.363626403808593750e+02
6.654832741154169007e+00 3.438482055664062500e+02
6.658267493536699888e+00 3.475563049316406250e+02
6.661702245919231657e+00 3.482372436523437500e+02
6.665136998301762539e+00 3.466435852050781250e+02
6.668571750684294308e+00 3.509320678710937500e+02
6.672006503066824301e+00 3.522556762695312500e+02
6.675441255449356071e+00 3.514350891113281250e+02
6.678876007831886952e+00 3.531215820312500000e+02
6.682310760214417833e+00 3.567752685546875000e+02
6.685745512596949602e+00 3.620989379882812500e+02
6.689180264979480484e+00 3.641914367675781250e+02
6.692615017362012253e+00 3.634224548339843750e+02
6.696049769744543134e+00 3.571212158203125000e+02
6.699484522127074015e+00 3.548802185058593750e+02
6.702919274509604897e+00 3.580193786621093750e+02
6.706354026892136666e+00 3.620014038085937500e+02
6.709788779274667547e+00 3.574549255371093750e+02
6.713223531657199317e+00 3.553610229492187500e+02
6.716658284039730198e+00 3.547624511718750000e+02
6.720093036422261967e+00 3.575497436523437500e+02
6.723527788804791960e+00 3.555159606933593750e+02
6.726962541187323730e+00 3.517304687500000000e+02
6.730397293569854611e+00 3.501931152343750000e+02
6.733832045952386380e+00 3.517004089355468750e+02
6.737266798334917262e+00 3.487737731933593750e+02
6.740701550717449031e+00 3.421900939941406250e+02
6.744136303099979912e+00 3.392102355957031250e+02
6.747571055482510793e+00 3.441961364746093750e+02
6.751005807865041675e+00 3.480313415527343750e+02
6.754440560247573444e+00 3.506264343261718750e+02
6.757875312630104325e+00 3.497181701660156250e+02
6.761310065012635206e+00 3.514317016601562500e+02
6.764744817395166976e+00 3.538613586425781250e+02
6.768179569777697857e+00 3.553505859375000000e+02
6.771614322160229626e+00 3.488880004882812500e+02
6.775049074542759620e+00 3.463900146484375000e+02
6.778483826925291389e+00 3.510211486816406250e+02
6.781918579307822270e+00 3.528638610839843750e+02
6.785353331690354040e+00 3.514836425781250000e+02
6.788788084072884921e+00 3.476854248046875000e+02
6.792222836455416690e+00 3.436871643066406250e+02
6.795657588837947571e+00 3.415629882812500000e+02
6.799092341220478453e+00 3.483529052734375000e+02
6.802527093603009334e+00 3.540575866699218750e+02
6.805961845985541103e+00 3.572811279296875000e+02
6.809396598368071984e+00 3.581585998535156250e+02
6.812831350750603754e+00 3.549974670410156250e+02
6.816266103133134635e+00 3.541645812988281250e+02
6.819700855515666404e+00 3.563005371093750000e+02
6.823135607898196398e+00 3.567152099609375000e+02
6.826570360280728167e+00 3.558726806640625000e+02
6.830005112663259048e+00 3.537443237304687500e+02
6.833439865045790818e+00 3.500795593261718750e+02
6.836874617428321699e+00 3.443649597167968750e+02
6.840309369810852580e+00 3.417912292480468750e+02
6.843744122193384349e+00 3.388230590820312500e+02
6.847178874575915231e+00 3.367941894531250000e+02
6.850613626958446112e+00 3.366641235351562500e+02
6.854048379340976993e+00 3.390467224121093750e+02
6.857483131723508762e+00 3.417004699707031250e+02
6.860917884106039644e+00 3.406167297363281250e+02
6.864352636488571413e+00 3.433637084960937500e+02
6.867787388871102294e+00 3.455652160644531250e+02
6.871222141253634064e+00 3.453807678222656250e+02
6.874656893636164057e+00 3.437719421386718750e+02
6.878091646018695826e+00 3.492413940429687500e+02
6.881526398401226707e+00 3.449609985351562500e+02
6.884961150783758477e+00 3.417607116699218750e+02
6.888395903166289358e+00 3.427742919921875000e+02
6.891830655548821127e+00 3.468568725585937500e+02
6.895265407931352009e+00 3.437706604003906250e+02
6.898700160313882890e+00 3.443239135742187500e+02
6.902134912696413771e+00 3.485546875000000000e+02
6.905569665078945540e+00 3.519146728515625000e+02
6.909004417461476422e+00 3.512501525878906250e+02
6.912439169844007303e+00 3.511798706054687500e+02
6.915873922226539072e+00 3.478331909179687500e+02
6.919308674609069953e+00 3.442128295898437500e+02
6.922743426991601723e+00 3.470998840332031250e+02
6.926178179374131716e+00 3.454637756347656250e+02
6.929612931756663485e+00 3.423680725097656250e+02
6.933047684139194367e+00 3.429061279296875000e+02
6.936482436521726136e+00 3.441004943847656250e+02
6.939917188904257017e+00 3.428070983886718750e+02
6.943351941286788787e+00 3.412609558105468750e+02
6.946786693669319668e+00 3.405455322265625000e+02
6.950221446051850549e+00 3.388268432617187500e+02
6.953656198434381430e+00 3.439373474121093750e+02
6.957090950816913200e+00 3.500635681152343750e+02
6.960525703199444081e+00 3.519223937988281250e+02
6.963960455581975850e+00 3.503041381835937500e+02
6.967395207964506731e+00 3.506896362304687500e+02
6.970829960347038501e+00 3.472369384765625000e+02
6.974264712729568494e+00 3.439126892089843750e+02
6.977699465112100263e+00 3.419444580078125000e+02
6.981134217494631145e+00 3.464440612792968750e+02
6.984568969877162914e+00 3.477518920898437500e+02
6.988003722259693795e+00 3.468363342285156250e+02
6.991438474642224676e+00 3.425016784667968750e+02
6.994873227024756446e+00 3.452479248046875000e+02
6.998307979407287327e+00 3.439829406738281250e+02
7.001742731789818208e+00 3.394667663574218750e+02
7.005177484172349089e+00 3.345832214355468750e+02
7.008612236554880859e+00 3.337870483398437500e+02
7.012046988937411740e+00 3.378176879882812500e+02
7.015481741319943509e+00 3.443170166015625000e+02
7.018916493702474391e+00 3.464171447753906250e+02
7.022351246085006160e+00 3.419886169433593750e+02
7.025785998467536153e+00 3.364292297363281250e+02
7.029220750850067922e+00 3.396723022460937500e+02
7.032655503232598804e+00 3.441071166992187500e+02
7.036090255615130573e+00 3.498164062500000000e+02
7.039525007997661454e+00 3.476376647949218750e+02
7.042959760380193224e+00 3.466527709960937500e+02
7.046394512762724105e+00 3.436650085449218750e+02
7.049829265145254986e+00 3.430682373046875000e+02
7.053264017527785867e+00 3.450263366699218750e+02
7.056698769910317637e+00 3.444588928222656250e+02
7.060133522292848518e+00 3.446313171386718750e+02
7.063568274675379399e+00 3.403038024902343750e+02
7.067003027057911169e+00 3.371675109863281250e+02
7.070437779440442050e+00 3.386959838867187500e+02
7.073872531822972931e+00 3.423018798828125000e+02
7.077307284205503812e+00 3.457925415039062500e+02
7.080742036588035582e+00 3.484421081542968750e+02
7.084176788970566463e+00 3.536851196289062500e+02
7.087611541353098232e+00 3.518685913085937500e+02
7.091046293735629114e+00 3.472880859375000000e+02
7.094481046118160883e+00 3.468390197753906250e+02
7.097915798500691764e+00 3.514927673339843750e+02
7.101350550883222645e+00 3.593084716796875000e+02
7.104785303265753527e+00 3.617859802246093750e+02
7.108220055648285296e+00 3.631044616699218750e+02
7.111654808030816177e+00 3.595555725097656250e+02
7.115089560413347947e+00 3.572463073730468750e+02
7.118524312795878828e+00 3.496761474609375000e+02
7.121959065178410597e+00 3.448371582031250000e+02
7.125393817560940590e+00 3.388027648925781250e+02
7.128828569943472360e+00 3.383186950683593750e+02
7.132263322326003241e+00 3.351813964843750000e+02
7.135698074708535010e+00 3.338801574707031250e+02
7.139132827091065892e+00 3.333644714355468750e+02
7.142567579473596773e+00 3.282862243652343750e+02
7.146002331856128542e+00 3.275016784667968750e+02
7.149437084238658535e+00 3.261570129394531250e+02
7.152871836621190305e+00 3.289418640136718750e+02
7.156306589003721186e+00 3.318586425781250000e+02
7.159741341386252955e+00 3.347010192871093750e+02
7.163176093768782948e+00 3.384712829589843750e+02
7.166610846151314718e+00 3.398871154785156250e+02
7.170045598533845599e+00 3.354440307617187500e+02
7.173480350916377368e+00 3.376599121093750000e+02
7.176915103298908249e+00 3.381083679199218750e+02
7.180349855681440019e+00 3.375910339355468750e+02
7.183784608063970900e+00 3.364350891113281250e+02
7.187219360446502670e+00 3.344312744140625000e+02
7.190654112829033551e+00 3.373558044433593750e+02
7.194088865211565320e+00 3.319751892089843750e+02
7.197523617594096201e+00 3.259567260742187500e+02
7.200958369976627971e+00 3.223999938964843750e+02
7.204393122359158852e+00 3.269737548828125000e+02
7.207827874741689733e+00 3.270859069824218750e+02
7.211262627124221503e+00 3.182583007812500000e+02
7.214697379506751496e+00 3.112070617675781250e+02
7.218132131889282377e+00 3.136263732910156250e+02
7.221566884271814146e+00 3.177855529785156250e+02
7.225001636654345027e+00 3.209013366699218750e+02
7.228436389036875909e+00 3.208485107421875000e+02
7.231871141419407678e+00 3.193973388671875000e+02
7.235305893801938559e+00 3.183885803222656250e+02
7.238740646184470329e+00 3.191036987304687500e+02
7.242175398567001210e+00 3.222606811523437500e+02
7.245610150949532979e+00 3.256244506835937500e+02
7.249044903332063861e+00 3.291828613281250000e+02
7.252479655714595630e+00 3.273477783203125000e+02
7.255914408097126511e+00 3.210431518554687500e+02
7.259349160479658281e+00 3.234464721679687500e+02
7.262783912862187385e+00 3.183141174316406250e+02
7.266218665244719155e+00 3.201956481933593750e+02
7.269653417627250036e+00 3.212426452636718750e+02
7.273088170009781805e+00 3.218162231445312500e+02
7.276522922392312687e+00 3.195511474609375000e+02
7.279957674774844456e+00 3.229825439453125000e+02
7.283392427157375337e+00 3.187415161132812500e+02
7.286827179539907107e+00 3.199512939453125000e+02
7.290261931922437988e+00 3.222092285156250000e+02
7.293696684304968869e+00 3.226500244140625000e+02
7.297131436687500639e+00 3.217247924804687500e+02
7.300566189070031520e+00 3.200064697265625000e+02
7.304000941452563289e+00 3.190538635253906250e+02
7.307435693835094170e+00 3.199836730957031250e+02
7.310870446217625940e+00 3.221561279296875000e+02
7.314305198600155045e+00 3.240292053222656250e+02
7.317739950982686814e+00 3.245477600097656250e+02
7.321174703365217695e+00 3.245124511718750000e+02
7.324609455747749465e+00 3.214687500000000000e+02
7.328044208130280346e+00 3.182024841308593750e+02
7.331478960512812115e+00 3.194929504394531250e+02
7.334913712895342996e+00 3.244734191894531250e+02
7.338348465277874766e+00 3.239368591308593750e+02
7.341783217660405647e+00 3.222208251953125000e+02
7.345217970042937417e+00 3.242786560058593750e+02
7.348652722425468298e+00 3.213824462890625000e+02
7.352087474808000067e+00 3.246537475585937500e+02
7.355522227190530948e+00 3.319900207519531250e+02
7.358956979573061830e+00 3.330815124511718750e+02
7.362391731955593599e+00 3.246999206542968750e+02
7.365826484338123592e+00 3.222392272949218750e+02
7.369261236720654473e+00 3.262858886718750000e+02
7.372695989103186243e+00 3.292923583984375000e+02
7.376130741485717124e+00 3.259709167480468750e+02
7.379565493868248005e+00 3.240839538574218750e+02
7.383000246250779774e+00 3.220627441406250000e+02
7.386434998633310656e+00 3.147358703613281250e+02
7.389869751015842425e+00 3.126385498046875000e+02
7.393304503398373306e+00 3.141589050292968750e+02
7.396739255780905076e+00 3.154727172851562500e+02
7.400174008163435957e+00 3.150046081542968750e+02
7.403608760545967726e+00 3.131378173828125000e+02
7.407043512928498608e+00 3.099861145019531250e+02
7.410478265311030377e+00 3.046863708496093750e+02
7.413913017693559482e+00 2.998805847167968750e+02
7.417347770076091251e+00 2.967855834960937500e+02
7.420782522458622132e+00 2.963128051757812500e+02
7.424217274841153902e+00 2.916739807128906250e+02
7.427652027223684783e+00 2.861989135742187500e+02
7.431086779606216552e+00 2.915374450683593750e+02
7.434521531988747434e+00 2.977311401367187500e+02
7.437956284371279203e+00 2.986710510253906250e+02
