# # sector 21: chi = 34.98 deg (range [30, 40))
# # columns: 2theta(deg)  intensity
1.052751605245807909e+00 1.268375122070312500e+03
1.056186357628339012e+00 1.273315307617187500e+03
1.059621110010870337e+00 1.268437011718750000e+03
1.063055862393401441e+00 1.252947509765625000e+03
1.066490614775932544e+00 1.247799682617187500e+03
1.069925367158463869e+00 1.260192016601562500e+03
1.073360119540994972e+00 1.271313110351562500e+03
1.076794871923526298e+00 1.261127685546875000e+03
1.080229624306057401e+00 1.263890502929687500e+03
1.083664376688588726e+00 1.272358154296875000e+03
1.087099129071119830e+00 1.289749511718750000e+03
1.090533881453650933e+00 1.295146484375000000e+03
1.093968633836182036e+00 1.306045532226562500e+03
1.097403386218713361e+00 1.304651977539062500e+03
1.100838138601244465e+00 1.305203735351562500e+03
1.104272890983775568e+00 1.303736694335937500e+03
1.107707643366306893e+00 1.312476318359375000e+03
1.111142395748837997e+00 1.318885620117187500e+03
1.114577148131369322e+00 1.323814086914062500e+03
1.118011900513900425e+00 1.321921386718750000e+03
1.121446652896431750e+00 1.313717407226562500e+03
1.124881405278962854e+00 1.304668334960937500e+03
1.128316157661493957e+00 1.308286499023437500e+03
1.131750910044025060e+00 1.319449218750000000e+03
1.135185662426556386e+00 1.320751220703125000e+03
1.138620414809087489e+00 1.306855957031250000e+03
1.142055167191618592e+00 1.297541748046875000e+03
1.145489919574149917e+00 1.312230712890625000e+03
1.148924671956681021e+00 1.316272216796875000e+03
1.152359424339212346e+00 1.319319824218750000e+03
1.155794176721743449e+00 1.310751953125000000e+03
1.159228929104274775e+00 1.318432128906250000e+03
1.162663681486805878e+00 1.321524902343750000e+03
1.166098433869336981e+00 1.319758544921875000e+03
1.169533186251868084e+00 1.322957519531250000e+03
1.172967938634399410e+00 1.342250610351562500e+03
1.176402691016930513e+00 1.362249389648437500e+03
1.179837443399461616e+00 1.367589843750000000e+03
1.183272195781992941e+00 1.361063964843750000e+03
1.186706948164524045e+00 1.350002929687500000e+03
1.190141700547055370e+00 1.352770385742187500e+03
1.193576452929586473e+00 1.349951538085937500e+03
1.197011205312117799e+00 1.354036254882812500e+03
1.200445957694648902e+00 1.348886230468750000e+03
1.203880710077180005e+00 1.363591186523437500e+03
1.207315462459711108e+00 1.373767822265625000e+03
1.210750214842242434e+00 1.376542846679687500e+03
1.214184967224773537e+00 1.369097778320312500e+03
1.217619719607304640e+00 1.366810791015625000e+03
1.221054471989835966e+00 1.369138671875000000e+03
1.224489224372367069e+00 1.363006958007812500e+03
1.227923976754898394e+00 1.354412841796875000e+03
1.231358729137429497e+00 1.351004272460937500e+03
1.234793481519960823e+00 1.354581665039062500e+03
1.238228233902491926e+00 1.362388916015625000e+03
1.241662986285023029e+00 1.380025390625000000e+03
1.245097738667554133e+00 1.392760864257812500e+03
1.248532491050085236e+00 1.390326293945312500e+03
1.251967243432616561e+00 1.390396240234375000e+03
1.255401995815147664e+00 1.400574951171875000e+03
1.258836748197678990e+00 1.409716796875000000e+03
1.262271500580210093e+00 1.401152343750000000e+03
1.265706252962741418e+00 1.385869018554687500e+03
1.269141005345272522e+00 1.381848266601562500e+03
1.272575757727803847e+00 1.389352661132812500e+03
1.276010510110334950e+00 1.396241333007812500e+03
1.279445262492866053e+00 1.399184448242187500e+03
1.282880014875397157e+00 1.400975219726562500e+03
1.286314767257928260e+00 1.406146850585937500e+03
1.289749519640459585e+00 1.409128295898437500e+03
1.293184272022990688e+00 1.413081542968750000e+03
1.296619024405522014e+00 1.417858764648437500e+03
1.300053776788053117e+00 1.422676879882812500e+03
1.303488529170584442e+00 1.420273437500000000e+03
1.306923281553115546e+00 1.418173583984375000e+03
1.310358033935646871e+00 1.422518066406250000e+03
1.313792786318177974e+00 1.436343505859375000e+03
1.317227538700709077e+00 1.442500732421875000e+03
1.320662291083240181e+00 1.438013305664062500e+03
1.324097043465771284e+00 1.441828735351562500e+03
1.327531795848302609e+00 1.459269165039062500e+03
1.330966548230833713e+00 1.480394287109375000e+03
1.334401300613365038e+00 1.510432861328125000e+03
1.337836052995896141e+00 1.534997070312500000e+03
1.341270805378427466e+00 1.555276977539062500e+03
1.344705557760958570e+00 1.569737548828125000e+03
1.348140310143489895e+00 1.569932739257812500e+03
1.351575062526020998e+00 1.565196289062500000e+03
1.355009814908552102e+00 1.543601074218750000e+03
1.358444567291083205e+00 1.521480468750000000e+03
1.361879319673614308e+00 1.507480834960937500e+03
1.365314072056145633e+00 1.497825927734375000e+03
1.368748824438676737e+00 1.494860351562500000e+03
1.372183576821208062e+00 1.480800170898437500e+03
1.375618329203739165e+00 1.473236572265625000e+03
1.379053081586270491e+00 1.467465209960937500e+03
1.382487833968801594e+00 1.476157714843750000e+03
1.385922586351332919e+00 1.474985351562500000e+03
1.389357338733864022e+00 1.473519653320312500e+03
1.392792091116395126e+00 1.475519775390625000e+03
1.396226843498926229e+00 1.480047485351562500e+03
1.399661595881457332e+00 1.483058837890625000e+03
1.403096348263988657e+00 1.473892211914062500e+03
1.406531100646519761e+00 1.477564331054687500e+03
1.409965853029051086e+00 1.482832031250000000e+03
1.413400605411582189e+00 1.492490844726562500e+03
1.416835357794113515e+00 1.481049804687500000e+03
1.420270110176644618e+00 1.476623535156250000e+03
1.423704862559175943e+00 1.467216430664062500e+03
1.427139614941707046e+00 1.474614135742187500e+03
1.430574367324238150e+00 1.478870727539062500e+03
1.434009119706769253e+00 1.483234985351562500e+03
1.437443872089300356e+00 1.488349487304687500e+03
1.440878624471831682e+00 1.488651489257812500e+03
1.444313376854362785e+00 1.485213134765625000e+03
1.447748129236894110e+00 1.479301635742187500e+03
1.451182881619425213e+00 1.472550781250000000e+03
1.454617634001956539e+00 1.478941528320312500e+03
1.458052386384487642e+00 1.489221557617187500e+03
1.461487138767018967e+00 1.504232177734375000e+03
1.464921891149550071e+00 1.516959106445312500e+03
1.468356643532081174e+00 1.522287719726562500e+03
1.471791395914612277e+00 1.525614501953125000e+03
1.475226148297143380e+00 1.528077148437500000e+03
1.478660900679674706e+00 1.522405395507812500e+03
1.482095653062205809e+00 1.519586059570312500e+03
1.485530405444737134e+00 1.514302001953125000e+03
1.488965157827268238e+00 1.514142578125000000e+03
1.492399910209799563e+00 1.510014038085937500e+03
1.495834662592330666e+00 1.500925292968750000e+03
1.499269414974861991e+00 1.503634033203125000e+03
1.502704167357393095e+00 1.501767822265625000e+03
1.506138919739924198e+00 1.505884399414062500e+03
1.509573672122455301e+00 1.507165893554687500e+03
1.513008424504986404e+00 1.507929321289062500e+03
1.516443176887517730e+00 1.510944335937500000e+03
1.519877929270048833e+00 1.499224487304687500e+03
1.523312681652580158e+00 1.494872436523437500e+03
1.526747434035111262e+00 1.496408569335937500e+03
1.530182186417642587e+00 1.506912353515625000e+03
1.533616938800173690e+00 1.520195312500000000e+03
1.537051691182705015e+00 1.523186767578125000e+03
1.540486443565236119e+00 1.525607543945312500e+03
1.543921195947767222e+00 1.521048339843750000e+03
1.547355948330298325e+00 1.522849853515625000e+03
1.550790700712829429e+00 1.533804321289062500e+03
1.554225453095360754e+00 1.545903930664062500e+03
1.557660205477891857e+00 1.546587158203125000e+03
1.561094957860423182e+00 1.543108154296875000e+03
1.564529710242954286e+00 1.536669433593750000e+03
1.567964462625485611e+00 1.532326293945312500e+03
1.571399215008016714e+00 1.527265380859375000e+03
1.574833967390548040e+00 1.524932495117187500e+03
1.578268719773079143e+00 1.529970703125000000e+03
1.581703472155610246e+00 1.525588623046875000e+03
1.585138224538141349e+00 1.526243896484375000e+03
1.588572976920672453e+00 1.528249267578125000e+03
1.592007729303203778e+00 1.529038696289062500e+03
1.595442481685734881e+00 1.527891479492187500e+03
1.598877234068266207e+00 1.532484497070312500e+03
1.602311986450797310e+00 1.547779296875000000e+03
1.605746738833328635e+00 1.553232788085937500e+03
1.609181491215859738e+00 1.567544311523437500e+03
1.612616243598391064e+00 1.593551635742187500e+03
1.616050995980922167e+00 1.645989379882812500e+03
1.619485748363453270e+00 1.696233276367187500e+03
1.622920500745984373e+00 1.744445312500000000e+03
1.626355253128515477e+00 1.784404296875000000e+03
1.629790005511046802e+00 1.809167724609375000e+03
1.633224757893577905e+00 1.810526000976562500e+03
1.636659510276109231e+00 1.777263305664062500e+03
1.640094262658640334e+00 1.714564941406250000e+03
1.643529015041171659e+00 1.652809204101562500e+03
1.646963767423702762e+00 1.604587036132812500e+03
1.650398519806234088e+00 1.583053344726562500e+03
1.653833272188765191e+00 1.567666503906250000e+03
1.657268024571296294e+00 1.559811767578125000e+03
1.660702776953827398e+00 1.552735351562500000e+03
1.664137529336358501e+00 1.546751098632812500e+03
1.667572281718889826e+00 1.546767456054687500e+03
1.671007034101420929e+00 1.559952026367187500e+03
1.674441786483952255e+00 1.567862915039062500e+03
1.677876538866483358e+00 1.571232666015625000e+03
1.681311291249014683e+00 1.557261718750000000e+03
1.684746043631545787e+00 1.544063232421875000e+03
1.688180796014076890e+00 1.535750732421875000e+03
1.691615548396608215e+00 1.541314086914062500e+03
1.695050300779139318e+00 1.545547241210937500e+03
1.698485053161670422e+00 1.538357055664062500e+03
1.701919805544201525e+00 1.528390380859375000e+03
1.705354557926732850e+00 1.519644165039062500e+03
1.708789310309263954e+00 1.518883422851562500e+03
1.712224062691795279e+00 1.525882080078125000e+03
1.715658815074326382e+00 1.536971557617187500e+03
1.719093567456857707e+00 1.537498168945312500e+03
1.722528319839388811e+00 1.527548828125000000e+03
1.725963072221919914e+00 1.518845825195312500e+03
1.729397824604451239e+00 1.517832763671875000e+03
1.732832576986982343e+00 1.513312622070312500e+03
1.736267329369513446e+00 1.508683959960937500e+03
1.739702081752044549e+00 1.503739257812500000e+03
1.743136834134575874e+00 1.509355834960937500e+03
1.746571586517106978e+00 1.507257690429687500e+03
1.750006338899638303e+00 1.511916748046875000e+03
1.753441091282169406e+00 1.503830688476562500e+03
1.756875843664700731e+00 1.506503540039062500e+03
1.760310596047231835e+00 1.504056152343750000e+03
1.763745348429762938e+00 1.515819702148437500e+03
1.767180100812294263e+00 1.521600463867187500e+03
1.770614853194825367e+00 1.529515258789062500e+03
1.774049605577356470e+00 1.532062255859375000e+03
1.777484357959887573e+00 1.536488159179687500e+03
1.780919110342418898e+00 1.533453247070312500e+03
1.784353862724950002e+00 1.526841674804687500e+03
1.787788615107481327e+00 1.513108886718750000e+03
1.791223367490012208e+00 1.494269531250000000e+03
1.794658119872543534e+00 1.479003784179687500e+03
1.798092872255074859e+00 1.459182861328125000e+03
1.801527624637606184e+00 1.446636352539062500e+03
1.804962377020137065e+00 1.430968750000000000e+03
1.808397129402668391e+00 1.419707641601562500e+03
1.811831881785199494e+00 1.414459228515625000e+03
1.815266634167730819e+00 1.406825805664062500e+03
1.818701386550261700e+00 1.401588745117187500e+03
1.822136138932793026e+00 1.394437622070312500e+03
1.825570891315324351e+00 1.403472167968750000e+03
1.829005643697855676e+00 1.405129638671875000e+03
1.832440396080386558e+00 1.401299316406250000e+03
1.835875148462917883e+00 1.391325561523437500e+03
1.839309900845449208e+00 1.392584350585937500e+03
1.842744653227980089e+00 1.386137939453125000e+03
1.846179405610511415e+00 1.384780029296875000e+03
1.849614157993042740e+00 1.372762939453125000e+03
1.853048910375573843e+00 1.363925048828125000e+03
1.856483662758104725e+00 1.349524291992187500e+03
1.859918415140636050e+00 1.347321655273437500e+03
1.863353167523167375e+00 1.344569091796875000e+03
1.866787919905698701e+00 1.341423217773437500e+03
1.870222672288229582e+00 1.338929931640625000e+03
1.873657424670760907e+00 1.343595214843750000e+03
1.877092177053292232e+00 1.350505004882812500e+03
1.880526929435823114e+00 1.347525268554687500e+03
1.883961681818354439e+00 1.339297485351562500e+03
1.887396434200885764e+00 1.327956298828125000e+03
1.890831186583416867e+00 1.321158081054687500e+03
1.894265938965947749e+00 1.316990356445312500e+03
1.897700691348479074e+00 1.305970825195312500e+03
1.901135443731010399e+00 1.298333007812500000e+03
1.904570196113541725e+00 1.284718994140625000e+03
1.908004948496072606e+00 1.274986206054687500e+03
1.911439700878603931e+00 1.269059814453125000e+03
1.914874453261135256e+00 1.272288574218750000e+03
1.918309205643666138e+00 1.270304687500000000e+03
1.921743958026197463e+00 1.268148803710937500e+03
1.925178710408728788e+00 1.263102294921875000e+03
1.928613462791259892e+00 1.258868408203125000e+03
1.932048215173790773e+00 1.254623657226562500e+03
1.935482967556322098e+00 1.247859130859375000e+03
1.938917719938853423e+00 1.243423095703125000e+03
1.942352472321384749e+00 1.235733520507812500e+03
1.945787224703915630e+00 1.233983886718750000e+03
1.949221977086446955e+00 1.230738525390625000e+03
1.952656729468978281e+00 1.232944213867187500e+03
1.956091481851509162e+00 1.227884643554687500e+03
1.959526234234040487e+00 1.215902343750000000e+03
1.962960986616571812e+00 1.194467529296875000e+03
1.966395738999102916e+00 1.186510620117187500e+03
1.969830491381633797e+00 1.187089843750000000e+03
1.973265243764165122e+00 1.191711547851562500e+03
1.976699996146696447e+00 1.199405273437500000e+03
1.980134748529227329e+00 1.212084838867187500e+03
1.983569500911758654e+00 1.238248901367187500e+03
1.987004253294289979e+00 1.287838256835937500e+03
1.990439005676821305e+00 1.360108886718750000e+03
1.993873758059352186e+00 1.442267333984375000e+03
1.997308510441883511e+00 1.516254882812500000e+03
2.000743262824414614e+00 1.555271484375000000e+03
2.004178015206945940e+00 1.545189331054687500e+03
2.007612767589476821e+00 1.489111572265625000e+03
2.011047519972008146e+00 1.405014648437500000e+03
2.014482272354539472e+00 1.315788574218750000e+03
2.017917024737070353e+00 1.241452758789062500e+03
2.021351777119601678e+00 1.184788940429687500e+03
2.024786529502133003e+00 1.153359375000000000e+03
2.028221281884664329e+00 1.135240356445312500e+03
2.031656034267195210e+00 1.130952148437500000e+03
2.035090786649726535e+00 1.133059936523437500e+03
2.038525539032257861e+00 1.131364501953125000e+03
2.041960291414789186e+00 1.127671630859375000e+03
2.045395043797320067e+00 1.116539184570312500e+03
2.048829796179851392e+00 1.111972534179687500e+03
2.052264548562382718e+00 1.107786010742187500e+03
2.055699300944913599e+00 1.101998413085937500e+03
2.059134053327444924e+00 1.095758178710937500e+03
2.062568805709975805e+00 1.093230224609375000e+03
2.066003558092507131e+00 1.089102905273437500e+03
2.069438310475038012e+00 1.077698730468750000e+03
2.072873062857569337e+00 1.072759033203125000e+03
2.076307815240100663e+00 1.072341064453125000e+03
2.079742567622631988e+00 1.074735839843750000e+03
2.083177320005162869e+00 1.076315429687500000e+03
2.086612072387694194e+00 1.070154052734375000e+03
2.090046824770225520e+00 1.058857788085937500e+03
2.093481577152756401e+00 1.055931396484375000e+03
2.096916329535287726e+00 1.053616333007812500e+03
2.100351081917819052e+00 1.050039428710937500e+03
2.103785834300350377e+00 1.040372070312500000e+03
2.107220586682881258e+00 1.029010986328125000e+03
2.110655339065412583e+00 1.026588989257812500e+03
2.114090091447943909e+00 1.022696533203125000e+03
2.117524843830475234e+00 1.022584289550781250e+03
2.120959596213006115e+00 1.020713867187500000e+03
2.124394348595537441e+00 1.019233947753906250e+03
2.127829100978068766e+00 1.019499877929687500e+03
2.131263853360599647e+00 1.020946411132812500e+03
2.134698605743130972e+00 1.013659179687500000e+03
2.138133358125661854e+00 1.007897216796875000e+03
2.141568110508193179e+00 1.004372802734375000e+03
2.145002862890724060e+00 1.007028869628906250e+03
2.148437615273255386e+00 9.979948120117187500e+02
2.151872367655786711e+00 9.876608276367187500e+02
2.155307120038318036e+00 9.841077880859375000e+02
2.158741872420848917e+00 9.917672119140625000e+02
2.162176624803380243e+00 9.896040039062500000e+02
2.165611377185911568e+00 9.806849365234375000e+02
2.169046129568442449e+00 9.707680664062500000e+02
2.172480881950973775e+00 9.669069213867187500e+02
2.175915634333505100e+00 9.736228637695312500e+02
2.179350386716036425e+00 9.777789916992187500e+02
2.182785139098567306e+00 9.732810058593750000e+02
2.186219891481098632e+00 9.655387573242187500e+02
2.189654643863629957e+00 9.594428710937500000e+02
2.193089396246161282e+00 9.649508666992187500e+02
2.196524148628692163e+00 9.701859741210937500e+02
2.199958901011223489e+00 9.703850097656250000e+02
2.203393653393754814e+00 9.658109130859375000e+02
2.206828405776285695e+00 9.629605712890625000e+02
2.210263158158817021e+00 9.599764404296875000e+02
2.213697910541347902e+00 9.509805297851562500e+02
2.217132662923879227e+00 9.405842895507812500e+02
2.220567415306410108e+00 9.413225097656250000e+02
2.224002167688941434e+00 9.433896484375000000e+02
2.227436920071472759e+00 9.513463745117187500e+02
2.230871672454004084e+00 9.441785888671875000e+02
2.234306424836534966e+00 9.363076782226562500e+02
2.237741177219066291e+00 9.164841918945312500e+02
2.241175929601597616e+00 9.144426879882812500e+02
2.244610681984128497e+00 9.130536499023437500e+02
2.248045434366659823e+00 9.223595581054687500e+02
2.251480186749191148e+00 9.269177856445312500e+02
2.254914939131722473e+00 9.280539550781250000e+02
2.258349691514253355e+00 9.204680175781250000e+02
2.261784443896784680e+00 9.137565307617187500e+02
2.265219196279316005e+00 9.165725097656250000e+02
2.268653948661847330e+00 9.256204833984375000e+02
2.272088701044378212e+00 9.285419921875000000e+02
2.275523453426909537e+00 9.233115234375000000e+02
2.278958205809440862e+00 9.144451293945312500e+02
2.282392958191971744e+00 9.089159545898437500e+02
2.285827710574503069e+00 9.050010375976562500e+02
2.289262462957033950e+00 9.024485473632812500e+02
2.292697215339565275e+00 9.054675292968750000e+02
2.296131967722096157e+00 9.181908569335937500e+02
2.299566720104627482e+00 9.350117797851562500e+02
2.303001472487158807e+00 9.596793212890625000e+02
2.306436224869690133e+00 1.010719177246093750e+03
2.309870977252221014e+00 1.086668212890625000e+03
2.313305729634752339e+00 1.172185302734375000e+03
2.316740482017283664e+00 1.232327880859375000e+03
2.320175234399814546e+00 1.255880249023437500e+03
2.323609986782345871e+00 1.225390136718750000e+03
2.327044739164877196e+00 1.156913085937500000e+03
2.330479491547408522e+00 1.070291625976562500e+03
2.333914243929939403e+00 9.989796752929687500e+02
2.337348996312470728e+00 9.501452636718750000e+02
2.340783748695002053e+00 9.189945068359375000e+02
2.344218501077533379e+00 9.006781005859375000e+02
2.347653253460064260e+00 8.867235107421875000e+02
2.351088005842595585e+00 8.834841918945312500e+02
2.354522758225126911e+00 8.819767456054687500e+02
2.357957510607657792e+00 8.785096435546875000e+02
2.361392262990189117e+00 8.664810791015625000e+02
2.364827015372720442e+00 8.557404785156250000e+02
2.368261767755251324e+00 8.529711303710937500e+02
2.371696520137782205e+00 8.547601928710937500e+02
2.375131272520313530e+00 8.625625000000000000e+02
2.378566024902844855e+00 8.604322509765625000e+02
2.382000777285376181e+00 8.624934692382812500e+02
2.385435529667907062e+00 8.569176025390625000e+02
2.388870282050438387e+00 8.620172119140625000e+02
2.392305034432969713e+00 8.557733154296875000e+02
2.395739786815500594e+00 8.567127075195312500e+02
2.399174539198031919e+00 8.573536987304687500e+02
2.402609291580563244e+00 8.560042114257812500e+02
2.406044043963094570e+00 8.561834106445312500e+02
2.409478796345625451e+00 8.492405395507812500e+02
2.412913548728156776e+00 8.540943603515625000e+02
2.416348301110688102e+00 8.573639526367187500e+02
2.419783053493219427e+00 8.607755737304687500e+02
2.423217805875750308e+00 8.555451660156250000e+02
2.426652558258281633e+00 8.462938842773437500e+02
2.430087310640812959e+00 8.349392700195312500e+02
2.433522063023343840e+00 8.299700927734375000e+02
2.436956815405875165e+00 8.219964599609375000e+02
2.440391567788406491e+00 8.271912841796875000e+02
2.443826320170937372e+00 8.297327880859375000e+02
2.447261072553468253e+00 8.353784179687500000e+02
2.450695824935999578e+00 8.270540161132812500e+02
2.454130577318530904e+00 8.204372558593750000e+02
2.457565329701061785e+00 8.179125366210937500e+02
2.461000082083593110e+00 8.225722656250000000e+02
2.464434834466124435e+00 8.180198364257812500e+02
2.467869586848655761e+00 8.117561035156250000e+02
2.471304339231186642e+00 8.074682006835937500e+02
2.474739091613717967e+00 8.058324584960937500e+02
2.478173843996249293e+00 8.051384277343750000e+02
2.481608596378780618e+00 8.131997680664062500e+02
2.485043348761311499e+00 8.189349975585937500e+02
2.488478101143842824e+00 8.249034423828125000e+02
2.491912853526374150e+00 8.198827514648437500e+02
2.495347605908905031e+00 8.337433471679687500e+02
2.498782358291436356e+00 8.573672485351562500e+02
2.502217110673967682e+00 8.967727050781250000e+02
2.505651863056499007e+00 9.274819335937500000e+02
2.509086615439029888e+00 9.448988647460937500e+02
2.512521367821561213e+00 9.461887817382812500e+02
2.515956120204092539e+00 9.338289794921875000e+02
2.519390872586623420e+00 9.043429565429687500e+02
2.522825624969154301e+00 8.743421630859375000e+02
2.526260377351685626e+00 8.454330444335937500e+02
2.529695129734216952e+00 8.227369995117187500e+02
2.533129882116747833e+00 8.046942749023437500e+02
2.536564634499279158e+00 7.887132568359375000e+02
2.539999386881810484e+00 7.812847290039062500e+02
2.543434139264341809e+00 7.807133789062500000e+02
2.546868891646872690e+00 7.750476684570312500e+02
2.550303644029404015e+00 7.762937622070312500e+02
2.553738396411935341e+00 7.770919799804687500e+02
2.557173148794466666e+00 7.818878784179687500e+02
2.560607901176997547e+00 7.835592651367187500e+02
2.564042653559528873e+00 7.783087158203125000e+02
2.567477405942060198e+00 7.738880615234375000e+02
2.570912158324591079e+00 7.687532348632812500e+02
2.574346910707122404e+00 7.612285156250000000e+02
2.577781663089653730e+00 7.603255615234375000e+02
2.581216415472185055e+00 7.535451660156250000e+02
2.584651167854715936e+00 7.570370483398437500e+02
2.588085920237247262e+00 7.525503540039062500e+02
2.591520672619778587e+00 7.530507812500000000e+02
2.594955425002309468e+00 7.499121704101562500e+02
2.598390177384840349e+00 7.505147705078125000e+02
2.601824929767371675e+00 7.516749877929687500e+02
2.605259682149903000e+00 7.511528320312500000e+02
2.608694434532433881e+00 7.532149047851562500e+02
2.612129186914965207e+00 7.535175781250000000e+02
2.615563939297496532e+00 7.550853271484375000e+02
2.618998691680027857e+00 7.474580688476562500e+02
2.622433444062558738e+00 7.358995971679687500e+02
2.625868196445090064e+00 7.289873657226562500e+02
2.629302948827621389e+00 7.283899536132812500e+02
2.632737701210152714e+00 7.300628662109375000e+02
2.636172453592683596e+00 7.270241699218750000e+02
2.639607205975214921e+00 7.288405761718750000e+02
2.643041958357746246e+00 7.315046386718750000e+02
2.646476710740277127e+00 7.411083374023437500e+02
2.649911463122808453e+00 7.434288330078125000e+02
2.653346215505339778e+00 7.471539306640625000e+02
2.656780967887871103e+00 7.334880371093750000e+02
2.660215720270401984e+00 7.234537963867187500e+02
2.663650472652933310e+00 7.086454467773437500e+02
2.667085225035464635e+00 7.104962768554687500e+02
2.670519977417995516e+00 7.143031005859375000e+02
2.673954729800526398e+00 7.229511108398437500e+02
2.677389482183057723e+00 7.261224365234375000e+02
2.680824234565589048e+00 7.295767211914062500e+02
2.684258986948119929e+00 7.264999389648437500e+02
2.687693739330651255e+00 7.228852539062500000e+02
2.691128491713182580e+00 7.213798217773437500e+02
2.694563244095713905e+00 7.204028930664062500e+02
2.697997996478244787e+00 7.242843017578125000e+02
2.701432748860776112e+00 7.184881591796875000e+02
2.704867501243307437e+00 7.202457885742187500e+02
2.708302253625838762e+00 7.141928100585937500e+02
2.711737006008369644e+00 7.161835327148437500e+02
2.715171758390900969e+00 7.151198730468750000e+02
2.718606510773432294e+00 7.123944091796875000e+02
2.722041263155963176e+00 7.069299316406250000e+02
2.725476015538494501e+00 7.038668823242187500e+02
2.728910767921025826e+00 7.116931762695312500e+02
2.732345520303557151e+00 7.108114013671875000e+02
2.735780272686088033e+00 7.093449707031250000e+02
2.739215025068619358e+00 7.075346069335937500e+02
2.742649777451150683e+00 7.197853393554687500e+02
2.746084529833681565e+00 7.381560668945312500e+02
2.749519282216212890e+00 7.741583862304687500e+02
2.752954034598743771e+00 8.299149169921875000e+02
2.756388786981275096e+00 9.141346435546875000e+02
2.759823539363805978e+00 1.024158569335937500e+03
2.763258291746337303e+00 1.119615600585937500e+03
2.766693044128868628e+00 1.165538574218750000e+03
2.770127796511399954e+00 1.144526733398437500e+03
2.773562548893930835e+00 1.074087158203125000e+03
2.776997301276462160e+00 9.730623779296875000e+02
2.780432053658993485e+00 8.693629150390625000e+02
2.783866806041524811e+00 7.957582397460937500e+02
2.787301558424055692e+00 7.556788940429687500e+02
2.790736310806587017e+00 7.394952392578125000e+02
2.794171063189118343e+00 7.229406127929687500e+02
2.797605815571649224e+00 7.046406860351562500e+02
2.801040567954180549e+00 6.903651123046875000e+02
2.804475320336711874e+00 6.809907836914062500e+02
2.807910072719243200e+00 6.805650634765625000e+02
2.811344825101774081e+00 6.792394409179687500e+02
2.814779577484305406e+00 6.812553710937500000e+02
2.818214329866836731e+00 6.924244995117187500e+02
2.821649082249367613e+00 7.064523315429687500e+02
2.825083834631898938e+00 7.292766113281250000e+02
2.828518587014429819e+00 7.567226562500000000e+02
2.831953339396961145e+00 7.909389648437500000e+02
2.835388091779492026e+00 8.175091552734375000e+02
2.838822844162023351e+00 8.202705078125000000e+02
2.842257596544554676e+00 8.025224609375000000e+02
2.845692348927086002e+00 7.757394409179687500e+02
2.849127101309616883e+00 7.489234619140625000e+02
2.852561853692148208e+00 7.225840454101562500e+02
2.855996606074679534e+00 7.007158203125000000e+02
2.859431358457210415e+00 6.842145996093750000e+02
2.862866110839741740e+00 6.780852050781250000e+02
2.866300863222273065e+00 6.824374389648437500e+02
2.869735615604804391e+00 6.917675781250000000e+02
2.873170367987335272e+00 6.986907348632812500e+02
2.876605120369866597e+00 6.938911743164062500e+02
2.880039872752397923e+00 6.923760375976562500e+02
2.883474625134929248e+00 6.886462402343750000e+02
2.886909377517460129e+00 6.877216186523437500e+02
2.890344129899991454e+00 6.885050659179687500e+02
2.893778882282522780e+00 6.979989624023437500e+02
2.897213634665053661e+00 7.023754272460937500e+02
2.900648387047584986e+00 6.968605346679687500e+02
2.904083139430115867e+00 6.873445434570312500e+02
2.907517891812647193e+00 6.821306152343750000e+02
2.910952644195178074e+00 6.890425415039062500e+02
2.914387396577709399e+00 6.998777465820312500e+02
2.917822148960240725e+00 7.109063110351562500e+02
2.921256901342772050e+00 7.206479492187500000e+02
2.924691653725302931e+00 7.378618164062500000e+02
2.928126406107834256e+00 7.636655273437500000e+02
2.931561158490365582e+00 7.922373657226562500e+02
2.934995910872896463e+00 8.255307617187500000e+02
2.938430663255427788e+00 8.494957885742187500e+02
2.941865415637959114e+00 8.629000244140625000e+02
2.945300168020490439e+00 8.637068481445312500e+02
2.948734920403021320e+00 8.732711181640625000e+02
2.952169672785552645e+00 9.141337890625000000e+02
2.955604425168083971e+00 1.014922851562500000e+03
2.959039177550615296e+00 1.250093994140625000e+03
2.962473929933146177e+00 1.752382080078125000e+03
2.965908682315677503e+00 2.707149902343750000e+03
2.969343434698208828e+00 4.178222656250000000e+03
2.972778187080739709e+00 6.070343750000000000e+03
2.976212939463271034e+00 7.942137207031250000e+03
2.979647691845801916e+00 9.157025390625000000e+03
2.983082444228333241e+00 9.250523437500000000e+03
2.986517196610864122e+00 8.143603515625000000e+03
2.989951948993395447e+00 6.306318847656250000e+03
2.993386701375926773e+00 4.355160644531250000e+03
2.996821453758458098e+00 2.769344970703125000e+03
3.000256206140988979e+00 1.773196655273437500e+03
3.003690958523520305e+00 1.248508789062500000e+03
3.007125710906051630e+00 9.890513916015625000e+02
3.010560463288582511e+00 8.669518432617187500e+02
3.013995215671113836e+00 7.960221557617187500e+02
3.017429968053645162e+00 7.609230346679687500e+02
3.020864720436176487e+00 7.373928222656250000e+02
3.024299472818707368e+00 7.293024902343750000e+02
3.027734225201238694e+00 7.180171508789062500e+02
3.031168977583770019e+00 7.199257812500000000e+02
3.034603729966301344e+00 7.234014282226562500e+02
3.038038482348832225e+00 7.323973388671875000e+02
3.041473234731363551e+00 7.399452514648437500e+02
3.044907987113894876e+00 7.459706420898437500e+02
3.048342739496425757e+00 7.474254760742187500e+02
3.051777491878957083e+00 7.421547241210937500e+02
3.055212244261487964e+00 7.311326904296875000e+02
3.058646996644019289e+00 7.250379638671875000e+02
3.062081749026550170e+00 7.311879272460937500e+02
3.065516501409081496e+00 7.432492675781250000e+02
3.068951253791612821e+00 7.540380859375000000e+02
3.072386006174144146e+00 7.538685913085937500e+02
3.075820758556675028e+00 7.548688354492187500e+02
3.079255510939206353e+00 7.513718261718750000e+02
3.082690263321737678e+00 7.429210205078125000e+02
3.086125015704268559e+00 7.262250366210937500e+02
3.089559768086799885e+00 7.017691650390625000e+02
3.092994520469331210e+00 6.741113891601562500e+02
3.096429272851862535e+00 6.504747314453125000e+02
3.099864025234393416e+00 6.319242553710937500e+02
3.103298777616924742e+00 6.253067016601562500e+02
3.106733529999456067e+00 6.207999877929687500e+02
3.110168282381987392e+00 6.189239501953125000e+02
3.113603034764518274e+00 6.145741577148437500e+02
3.117037787147049599e+00 6.107302856445312500e+02
3.120472539529580924e+00 6.041231079101562500e+02
3.123907291912111805e+00 5.970369262695312500e+02
3.127342044294643131e+00 5.959556274414062500e+02
3.130776796677174012e+00 6.042333374023437500e+02
3.134211549059705337e+00 6.104570312500000000e+02
3.137646301442236219e+00 6.126127319335937500e+02
3.141081053824767544e+00 6.098410034179687500e+02
3.144515806207298869e+00 6.098544311523437500e+02
3.147950558589830194e+00 6.033273315429687500e+02
3.151385310972361076e+00 5.913158569335937500e+02
3.154820063354892401e+00 5.852028808593750000e+02
3.158254815737423726e+00 5.807639770507812500e+02
3.161689568119954608e+00 5.761631469726562500e+02
3.165124320502485933e+00 5.738941650390625000e+02
3.168559072885017258e+00 5.777984619140625000e+02
3.171993825267548583e+00 5.826612548828125000e+02
3.175428577650079465e+00 5.862539062500000000e+02
3.178863330032610790e+00 5.809567260742187500e+02
3.182298082415142115e+00 5.793945312500000000e+02
3.185732834797673441e+00 5.747304077148437500e+02
3.189167587180204322e+00 5.820455932617187500e+02
3.192602339562735647e+00 5.840513916015625000e+02
3.196037091945266972e+00 5.821996459960937500e+02
3.199471844327797854e+00 5.753282470703125000e+02
3.202906596710329179e+00 5.730447998046875000e+02
3.206341349092860060e+00 5.706407470703125000e+02
3.209776101475391386e+00 5.782363281250000000e+02
3.213210853857922267e+00 5.817167358398437500e+02
3.216645606240453592e+00 5.831716308593750000e+02
3.220080358622984917e+00 5.765578002929687500e+02
3.223515111005516243e+00 5.778196411132812500e+02
3.226949863388047124e+00 5.847568359375000000e+02
3.230384615770578449e+00 5.893750610351562500e+02
3.233819368153109775e+00 5.933624267578125000e+02
3.237254120535640656e+00 5.915468750000000000e+02
3.240688872918171981e+00 5.941477661132812500e+02
3.244123625300703306e+00 5.939509887695312500e+02
3.247558377683234632e+00 5.965763549804687500e+02
3.250993130065765513e+00 6.034861450195312500e+02
3.254427882448296838e+00 6.233973388671875000e+02
3.257862634830828164e+00 6.488007202148437500e+02
3.261297387213359489e+00 6.747816162109375000e+02
3.264732139595890370e+00 6.812348022460937500e+02
3.268166891978421695e+00 6.703491210937500000e+02
3.271601644360953021e+00 6.464634399414062500e+02
3.275036396743483902e+00 6.238428344726562500e+02
3.278471149126015227e+00 6.050855712890625000e+02
3.281905901508546108e+00 5.852189331054687500e+02
3.285340653891077434e+00 5.745265502929687500e+02
3.288775406273608315e+00 5.689436645507812500e+02
3.292210158656139640e+00 5.683217773437500000e+02
3.295644911038670966e+00 5.667710571289062500e+02
3.299079663421202291e+00 5.668233642578125000e+02
3.302514415803733172e+00 5.686040039062500000e+02
3.305949168186264497e+00 5.701952514648437500e+02
3.309383920568795823e+00 5.756123046875000000e+02
3.312818672951326704e+00 5.808419189453125000e+02
3.316253425333858029e+00 5.788629150390625000e+02
3.319688177716389355e+00 5.736177368164062500e+02
3.323122930098920680e+00 5.628813476562500000e+02
3.326557682481451561e+00 5.598642578125000000e+02
3.329992434863982886e+00 5.588769531250000000e+02
3.333427187246514212e+00 5.621486816406250000e+02
3.336861939629045093e+00 5.603753051757812500e+02
3.340296692011576418e+00 5.604473876953125000e+02
3.343731444394107744e+00 5.663750000000000000e+02
3.347166196776639069e+00 5.775241699218750000e+02
3.350600949159169950e+00 5.877473754882812500e+02
3.354035701541701275e+00 5.977510986328125000e+02
3.357470453924232601e+00 6.077274169921875000e+02
3.360905206306763482e+00 6.077583007812500000e+02
3.364339958689294363e+00 6.021581420898437500e+02
3.367774711071825688e+00 5.955019531250000000e+02
3.371209463454357014e+00 5.915805053710937500e+02
3.374644215836887895e+00 5.833894042968750000e+02
3.378078968219419220e+00 5.730614624023437500e+02
3.381513720601950546e+00 5.706649780273437500e+02
3.384948472984481871e+00 5.681934814453125000e+02
3.388383225367012752e+00 5.651102294921875000e+02
3.391817977749544077e+00 5.599343872070312500e+02
3.395252730132075403e+00 5.565260620117187500e+02
3.398687482514606728e+00 5.500137329101562500e+02
3.402122234897137609e+00 5.455777587890625000e+02
3.405556987279668935e+00 5.507677001953125000e+02
3.408991739662200260e+00 5.601489257812500000e+02
3.412426492044731141e+00 5.740701904296875000e+02
3.415861244427262466e+00 5.869569702148437500e+02
3.419295996809793792e+00 5.984162597656250000e+02
3.422730749192325117e+00 6.004486083984375000e+02
3.426165501574855998e+00 6.135452880859375000e+02
3.429600253957387324e+00 6.289049682617187500e+02
3.433035006339918649e+00 6.553269042968750000e+02
3.436469758722449530e+00 6.869727172851562500e+02
3.439904511104980411e+00 7.203087158203125000e+02
3.443339263487511737e+00 7.377872924804687500e+02
3.446774015870043062e+00 7.321162109375000000e+02
3.450208768252573943e+00 7.066215209960937500e+02
3.453643520635105268e+00 6.702607421875000000e+02
3.457078273017636594e+00 6.360034179687500000e+02
3.460513025400167919e+00 6.083345947265625000e+02
3.463947777782698800e+00 5.922020874023437500e+02
3.467382530165230126e+00 5.877413330078125000e+02
3.470817282547761451e+00 5.865564575195312500e+02
3.474252034930292776e+00 5.816135253906250000e+02
3.477686787312823657e+00 5.664345703125000000e+02
3.481121539695354983e+00 5.510733642578125000e+02
3.484556292077886308e+00 5.452870483398437500e+02
3.487991044460417189e+00 5.413318481445312500e+02
3.491425796842948515e+00 5.442530517578125000e+02
3.494860549225479840e+00 5.466557617187500000e+02
3.498295301608011165e+00 5.465156250000000000e+02
3.501730053990542046e+00 5.447223510742187500e+02
3.505164806373073372e+00 5.339166870117187500e+02
3.508599558755604697e+00 5.353507690429687500e+02
3.512034311138135578e+00 5.396546630859375000e+02
3.515469063520666460e+00 5.490143432617187500e+02
3.518903815903197785e+00 5.472675781250000000e+02
3.522338568285729110e+00 5.436211547851562500e+02
3.525773320668259991e+00 5.426800537109375000e+02
3.529208073050791317e+00 5.387620849609375000e+02
3.532642825433322642e+00 5.361834106445312500e+02
3.536077577815853967e+00 5.312999877929687500e+02
3.539512330198384849e+00 5.297182006835937500e+02
3.542947082580916174e+00 5.249337768554687500e+02
3.546381834963447499e+00 5.236361083984375000e+02
3.549816587345978824e+00 5.313914794921875000e+02
3.553251339728509706e+00 5.366311645507812500e+02
3.556686092111041031e+00 5.402003173828125000e+02
3.560120844493572356e+00 5.405942993164062500e+02
3.563555596876103237e+00 5.461087646484375000e+02
3.566990349258634563e+00 5.485172119140625000e+02
3.570425101641165888e+00 5.457799682617187500e+02
3.573859854023697213e+00 5.402628784179687500e+02
3.577294606406228095e+00 5.324548339843750000e+02
3.580729358788759420e+00 5.213517456054687500e+02
3.584164111171290301e+00 5.140325927734375000e+02
3.587598863553821626e+00 5.163630371093750000e+02
3.591033615936352508e+00 5.203300781250000000e+02
3.594468368318883833e+00 5.224742431640625000e+02
3.597903120701415158e+00 5.181119995117187500e+02
3.601337873083946484e+00 5.201387329101562500e+02
3.604772625466477809e+00 5.210285034179687500e+02
3.608207377849008246e+00 5.223428955078125000e+02
3.611642130231539571e+00 5.239270629882812500e+02
3.615076882614070897e+00 5.204167480468750000e+02
3.618511634996602222e+00 5.248414916992187500e+02
3.621946387379133547e+00 5.218327026367187500e+02
3.625381139761664873e+00 5.241570434570312500e+02
3.628815892144196198e+00 5.189825439453125000e+02
3.632250644526726635e+00 5.120802001953125000e+02
3.635685396909257960e+00 5.128618774414062500e+02
3.639120149291789286e+00 5.132559814453125000e+02
3.642554901674320611e+00 5.210764770507812500e+02
3.645989654056851936e+00 5.188928222656250000e+02
3.649424406439383262e+00 5.170505371093750000e+02
3.652859158821914587e+00 5.147463989257812500e+02
3.656293911204445912e+00 5.129720458984375000e+02
3.659728663586976349e+00 5.153817138671875000e+02
3.663163415969507675e+00 5.153776855468750000e+02
3.666598168352038556e+00 5.086742553710937500e+02
3.670032920734569881e+00 5.045502929687500000e+02
3.673467673117101207e+00 5.019089965820312500e+02
3.676902425499632532e+00 5.091294555664062500e+02
3.680337177882163857e+00 5.055220031738281250e+02
3.683771930264694294e+00 5.112477111816406250e+02
3.687206682647225620e+00 5.194962768554687500e+02
3.690641435029756945e+00 5.302640380859375000e+02
3.694076187412288270e+00 5.323049926757812500e+02
3.697510939794819596e+00 5.287915039062500000e+02
3.700945692177350921e+00 5.234212646484375000e+02
3.704380444559882246e+00 5.122955932617187500e+02
3.707815196942412683e+00 5.032927856445312500e+02
3.711249949324944009e+00 4.983173828125000000e+02
3.714684701707475334e+00 4.987919616699218750e+02
3.718119454090006659e+00 4.969026489257812500e+02
3.721554206472537984e+00 4.953205566406250000e+02
3.724988958855069310e+00 4.933890686035156250e+02
3.728423711237600635e+00 4.993663635253906250e+02
3.731858463620131960e+00 5.063534240722656250e+02
3.735293216002662398e+00 5.102081604003906250e+02
3.738727968385193723e+00 5.056465454101562500e+02
3.742162720767725048e+00 5.028186645507812500e+02
3.745597473150255929e+00 5.004525451660156250e+02
3.749032225532787255e+00 5.018778686523437500e+02
3.752466977915318580e+00 5.048858947753906250e+02
3.755901730297849905e+00 5.094541015625000000e+02
3.759336482680380342e+00 5.229306030273437500e+02
3.762771235062911668e+00 5.348074340820312500e+02
3.766205987445442993e+00 5.522844848632812500e+02
3.769640739827974318e+00 5.625084228515625000e+02
3.773075492210505644e+00 5.755415039062500000e+02
3.776510244593036969e+00 5.747165527343750000e+02
3.779944996975568294e+00 5.691603393554687500e+02
3.783379749358098731e+00 5.487890625000000000e+02
3.786814501740630057e+00 5.335718383789062500e+02
3.790249254123161382e+00 5.200910644531250000e+02
3.793684006505692707e+00 5.148881835937500000e+02
3.797118758888224033e+00 5.068747863769531250e+02
3.800553511270755358e+00 4.963863220214843750e+02
3.803988263653286683e+00 4.916174011230468750e+02
3.807423016035818009e+00 4.901165161132812500e+02
3.810857768418348446e+00 4.915112915039062500e+02
3.814292520800879771e+00 4.887366943359375000e+02
3.817727273183411096e+00 4.923248291015625000e+02
3.821162025565941978e+00 5.047261047363281250e+02
3.824596777948473303e+00 5.155601196289062500e+02
3.828031530331004628e+00 5.210308837890625000e+02
3.831466282713535954e+00 5.182618408203125000e+02
3.834901035096066391e+00 5.240180664062500000e+02
3.838335787478597716e+00 5.318357543945312500e+02
3.841770539861129041e+00 5.491051635742187500e+02
3.845205292243660367e+00 5.662115478515625000e+02
3.848640044626191692e+00 5.762902221679687500e+02
3.852074797008723017e+00 5.804251708984375000e+02
3.855509549391254343e+00 5.712410278320312500e+02
3.858944301773784780e+00 5.622286376953125000e+02
3.862379054156316105e+00 5.537574462890625000e+02
3.865813806538847430e+00 5.496865234375000000e+02
3.869248558921378756e+00 5.456237182617187500e+02
3.872683311303910081e+00 5.350963134765625000e+02
3.876118063686441406e+00 5.297732543945312500e+02
3.879552816068972732e+00 5.236617431640625000e+02
3.882987568451504057e+00 5.174541015625000000e+02
3.886422320834034494e+00 5.052745056152343750e+02
3.889857073216565819e+00 5.014136047363281250e+02
3.893291825599097145e+00 5.015778808593750000e+02
3.896726577981628026e+00 4.981388244628906250e+02
3.900161330364159351e+00 4.882910766601562500e+02
3.903596082746690676e+00 4.810644836425781250e+02
3.907030835129222002e+00 4.808272094726562500e+02
3.910465587511752439e+00 4.831540222167968750e+02
3.913900339894283764e+00 4.812302246093750000e+02
3.917335092276815089e+00 4.824121704101562500e+02
3.920769844659346415e+00 4.816362304687500000e+02
3.924204597041877740e+00 4.818954772949218750e+02
3.927639349424409065e+00 4.822496643066406250e+02
3.931074101806940391e+00 4.772307128906250000e+02
3.934508854189470828e+00 4.813135986328125000e+02
3.937943606572002153e+00 4.798559570312500000e+02
3.941378358954533478e+00 4.825224304199218750e+02
3.944813111337064804e+00 4.762504577636718750e+02
3.948247863719596129e+00 4.728963317871093750e+02
3.951682616102127454e+00 4.730863037109375000e+02
3.955117368484658780e+00 4.760008850097656250e+02
3.958552120867189217e+00 4.750321960449218750e+02
3.961986873249720542e+00 4.782435302734375000e+02
3.965421625632251867e+00 4.778101196289062500e+02
3.968856378014783193e+00 4.825345764160156250e+02
3.972291130397314074e+00 4.805040283203125000e+02
3.975725882779845399e+00 4.785186462402343750e+02
3.979160635162376725e+00 4.766135864257812500e+02
3.982595387544908050e+00 4.747460327148437500e+02
3.986030139927438487e+00 4.792102661132812500e+02
3.989464892309969812e+00 4.872874145507812500e+02
3.992899644692501138e+00 5.057330932617187500e+02
3.996334397075032463e+00 5.351468505859375000e+02
3.999769149457563788e+00 5.779155883789062500e+02
4.003203901840095114e+00 6.229969482421875000e+02
4.006638654222625995e+00 6.661547851562500000e+02
4.010073406605156876e+00 6.993168945312500000e+02
4.013508158987687757e+00 7.090871582031250000e+02
4.016942911370219527e+00 6.933764038085937500e+02
4.020377663752750408e+00 6.528876342773437500e+02
4.023812416135282177e+00 6.068220214843750000e+02
4.027247168517813058e+00 5.685677490234375000e+02
4.030681920900344828e+00 5.368685913085937500e+02
4.034116673282874821e+00 5.137725830078125000e+02
4.037551425665406590e+00 4.898324890136718750e+02
4.040986178047937472e+00 4.772868957519531250e+02
4.044420930430469241e+00 4.754708251953125000e+02
4.047855682813000122e+00 4.808833312988281250e+02
4.051290435195531892e+00 4.824029235839843750e+02
4.054725187578062773e+00 4.760784912109375000e+02
4.058159939960594542e+00 4.742861938476562500e+02
4.061594692343124535e+00 4.749812011718750000e+02
4.065029444725656305e+00 4.723493347167968750e+02
4.068464197108187186e+00 4.703754577636718750e+02
4.071898949490718955e+00 4.706085205078125000e+02
4.075333701873249836e+00 4.755346679687500000e+02
4.078768454255781606e+00 4.736946716308593750e+02
4.082203206638312487e+00 4.706081848144531250e+02
4.085637959020843368e+00 4.684708557128906250e+02
4.089072711403374250e+00 4.707211608886718750e+02
4.092507463785905131e+00 4.704035339355468750e+02
4.095942216168436900e+00 4.680728759765625000e+02
4.099376968550967781e+00 4.644389343261718750e+02
4.102811720933499551e+00 4.661602172851562500e+02
4.106246473316030432e+00 4.708734130859375000e+02
4.109681225698561313e+00 4.718601684570312500e+02
4.113115978081092194e+00 4.751369934082031250e+02
4.116550730463623964e+00 4.698306884765625000e+02
4.119985482846154845e+00 4.670760498046875000e+02
4.123420235228686614e+00 4.615203552246093750e+02
4.126854987611217496e+00 4.610712890625000000e+02
4.130289739993749265e+00 4.646555786132812500e+02
4.133724492376280146e+00 4.642950439453125000e+02
4.137159244758811028e+00 4.643375854492187500e+02
4.140593997141341909e+00 4.601354064941406250e+02
4.144028749523873678e+00 4.625426330566406250e+02
4.147463501906404559e+00 4.628104858398437500e+02
4.150898254288936329e+00 4.655731506347656250e+02
4.154333006671467210e+00 4.671787109375000000e+02
4.157767759053998091e+00 4.677705993652343750e+02
4.161202511436528972e+00 4.700623779296875000e+02
4.164637263819060742e+00 4.743545837402343750e+02
4.168072016201591623e+00 4.836994934082031250e+02
4.171506768584122504e+00 4.999147338867187500e+02
4.174941520966654274e+00 5.225646362304687500e+02
4.178376273349185155e+00 5.459552001953125000e+02
4.181811025731716924e+00 5.656378784179687500e+02
4.185245778114246917e+00 5.718279418945312500e+02
4.188680530496778687e+00 5.626240844726562500e+02
4.192115282879309568e+00 5.443743286132812500e+02
4.195550035261841337e+00 5.215878906250000000e+02
4.198984787644372219e+00 5.149158325195312500e+02
4.202419540026903988e+00 5.124508666992187500e+02
4.205854292409434869e+00 5.247976684570312500e+02
4.209289044791966639e+00 5.389453735351562500e+02
4.212723797174496632e+00 5.606300659179687500e+02
4.216158549557028401e+00 5.816830444335937500e+02
4.219593301939559282e+00 5.838406982421875000e+02
4.223028054322091052e+00 5.667209472656250000e+02
4.226462806704621933e+00 5.356435546875000000e+02
4.229897559087153702e+00 5.095113220214843750e+02
4.233332311469684583e+00 4.866726379394531250e+02
4.236767063852215465e+00 4.738380432128906250e+02
4.240201816234746346e+00 4.683791198730468750e+02
4.243636568617277227e+00 4.656097717285156250e+02
4.247071320999808997e+00 4.618013610839843750e+02
4.250506073382339878e+00 4.616587219238281250e+02
4.253940825764871647e+00 4.608489990234375000e+02
4.257375578147402528e+00 4.559880676269531250e+02
4.260810330529933410e+00 4.499206237792968750e+02
4.264245082912464291e+00 4.509465332031250000e+02
4.267679835294996060e+00 4.585670776367187500e+02
4.271114587677526941e+00 4.594341430664062500e+02
4.274549340060058711e+00 4.611080017089843750e+02
4.277984092442589592e+00 4.619057922363281250e+02
4.281418844825121361e+00 4.705060119628906250e+02
4.284853597207652243e+00 4.872086486816406250e+02
4.288288349590183124e+00 5.201492919921875000e+02
4.291723101972714005e+00 5.600584716796875000e+02
4.295157854355245775e+00 5.905287475585937500e+02
4.298592606737776656e+00 6.009353027343750000e+02
4.302027359120308425e+00 5.925047607421875000e+02
4.305462111502839306e+00 5.629938964843750000e+02
4.308896863885370188e+00 5.332897949218750000e+02
4.312331616267901069e+00 5.001150207519531250e+02
4.315766368650432838e+00 4.792778930664062500e+02
4.319201121032963719e+00 4.605937194824218750e+02
4.322635873415494601e+00 4.535762329101562500e+02
4.326070625798026370e+00 4.540953063964843750e+02
4.329505378180557251e+00 4.580414123535156250e+02
4.332940130563089021e+00 4.591135559082031250e+02
4.336374882945619014e+00 4.521267700195312500e+02
4.339809635328150783e+00 4.460270996093750000e+02
4.343244387710681664e+00 4.445466308593750000e+02
4.346679140093213434e+00 4.440704956054687500e+02
4.350113892475744315e+00 4.472244262695312500e+02
4.353548644858276084e+00 4.516803894042968750e+02
4.356983397240806966e+00 4.618054809570312500e+02
4.360418149623338735e+00 4.659969482421875000e+02
4.363852902005868728e+00 4.664409179687500000e+02
4.367287654388400497e+00 4.658157958984375000e+02
4.370722406770931379e+00 4.617136535644531250e+02
4.374157159153463148e+00 4.614258422851562500e+02
4.377591911535994029e+00 4.556165161132812500e+02
4.381026663918525799e+00 4.534502868652343750e+02
4.384461416301056680e+00 4.514808959960937500e+02
4.387896168683587561e+00 4.516974487304687500e+02
4.391330921066118442e+00 4.526156921386718750e+02
4.394765673448649324e+00 4.517069091796875000e+02
4.398200425831181093e+00 4.622413940429687500e+02
4.401635178213711974e+00 4.823227233886718750e+02
4.405069930596243744e+00 5.047834167480468750e+02
4.408504682978774625e+00 5.194446411132812500e+02
4.411939435361305506e+00 5.235831298828125000e+02
4.415374187743836387e+00 5.182993774414062500e+02
4.418808940126368157e+00 5.023996887207031250e+02
4.422243692508899038e+00 4.845155029296875000e+02
4.425678444891430807e+00 4.697668151855468750e+02
4.429113197273961688e+00 4.551971740722656250e+02
4.432547949656493458e+00 4.435430603027343750e+02
4.435982702039023451e+00 4.372096557617187500e+02
4.439417454421555220e+00 4.354967956542968750e+02
4.442852206804086101e+00 4.340144958496093750e+02
4.446286959186617871e+00 4.337668762207031250e+02
4.449721711569148752e+00 4.363070068359375000e+02
4.453156463951680522e+00 4.380822143554687500e+02
4.456591216334211403e+00 4.344338989257812500e+02
4.460025968716742284e+00 4.354686584472656250e+02
4.463460721099273165e+00 4.395155334472656250e+02
4.466895473481804935e+00 4.410662231445312500e+02
4.470330225864335816e+00 4.401016235351562500e+02
4.473764978246866697e+00 4.370848388671875000e+02
4.477199730629398466e+00 4.336359252929687500e+02
4.480634483011929348e+00 4.257533264160156250e+02
4.484069235394461117e+00 4.214278259277343750e+02
4.487503987776991110e+00 4.240721130371093750e+02
4.490938740159522879e+00 4.293958129882812500e+02
4.494373492542053761e+00 4.294196166992187500e+02
4.497808244924585530e+00 4.287735595703125000e+02
4.501242997307116411e+00 4.278883972167968750e+02
4.504677749689648181e+00 4.295623779296875000e+02
4.508112502072179062e+00 4.245623474121093750e+02
4.511547254454709943e+00 4.309120483398437500e+02
4.514982006837240824e+00 4.341338500976562500e+02
4.518416759219772594e+00 4.344975585937500000e+02
4.521851511602303475e+00 4.260321655273437500e+02
4.525286263984835244e+00 4.261622314453125000e+02
4.528721016367366126e+00 4.340917053222656250e+02
4.532155768749897895e+00 4.353251647949218750e+02
4.535590521132428776e+00 4.344888305664062500e+02
4.539025273514959657e+00 4.309442749023437500e+02
4.542460025897490539e+00 4.290704345703125000e+02
4.545894778280021420e+00 4.269284667968750000e+02
4.549329530662553189e+00 4.297467041015625000e+02
4.552764283045084071e+00 4.376419677734375000e+02
4.556199035427615840e+00 4.363756103515625000e+02
4.559633787810146721e+00 4.369450988769531250e+02
4.563068540192677602e+00 4.317103576660156250e+02
4.566503292575208484e+00 4.292218017578125000e+02
4.569938044957740253e+00 4.274075317382812500e+02
4.573372797340271134e+00 4.249174804687500000e+02
4.576807549722802904e+00 4.272573242187500000e+02
4.580242302105333785e+00 4.237762756347656250e+02
4.583677054487865554e+00 4.265905151367187500e+02
4.587111806870395547e+00 4.262934570312500000e+02
4.590546559252927317e+00 4.263132629394531250e+02
4.593981311635458198e+00 4.281729125976562500e+02
4.597416064017989967e+00 4.305773620605468750e+02
4.600850816400520849e+00 4.313972778320312500e+02
4.604285568783052618e+00 4.312225036621093750e+02
4.607720321165583499e+00 4.315219421386718750e+02
4.611155073548115269e+00 4.333437194824218750e+02
4.614589825930645262e+00 4.335423583984375000e+02
4.618024578313177031e+00 4.343741760253906250e+02
4.621459330695707912e+00 4.389248046875000000e+02
4.624894083078238793e+00 4.437322082519531250e+02
4.628328835460770563e+00 4.467395324707031250e+02
4.631763587843301444e+00 4.519139709472656250e+02
4.635198340225833213e+00 4.674935607910156250e+02
4.638633092608363206e+00 4.918702697753906250e+02
4.642067844990894976e+00 5.245158691406250000e+02
4.645502597373425857e+00 5.517274169921875000e+02
4.648937349755957626e+00 5.754519653320312500e+02
4.652372102138488508e+00 5.857373657226562500e+02
4.655806854521020277e+00 5.826961059570312500e+02
4.659241606903551158e+00 5.742909545898437500e+02
4.662676359286082040e+00 5.629646606445312500e+02
4.666111111668612921e+00 5.624931640625000000e+02
4.669545864051144690e+00 5.592369995117187500e+02
4.672980616433675571e+00 5.559855957031250000e+02
4.676415368816207341e+00 5.434268188476562500e+02
4.679850121198738222e+00 5.207308959960937500e+02
4.683284873581269991e+00 4.922363586425781250e+02
4.686719625963800873e+00 4.675307617187500000e+02
4.690154378346331754e+00 4.471895751953125000e+02
4.693589130728862635e+00 4.363408508300781250e+02
4.697023883111393516e+00 4.286224060058593750e+02
4.700458635493925286e+00 4.304232177734375000e+02
4.703893387876456167e+00 4.342666931152343750e+02
4.707328140258987936e+00 4.348862609863281250e+02
4.710762892641518818e+00 4.353518676757812500e+02
4.714197645024049699e+00 4.312732543945312500e+02
4.717632397406580580e+00 4.293592224121093750e+02
4.721067149789112349e+00 4.211490478515625000e+02
4.724501902171643231e+00 4.142040405273437500e+02
4.727936654554175000e+00 4.115341796875000000e+02
4.731371406936705881e+00 4.142467346191406250e+02
4.734806159319237651e+00 4.214071350097656250e+02
4.738240911701767644e+00 4.269716491699218750e+02
4.741675664084299413e+00 4.341713256835937500e+02
4.745110416466830294e+00 4.371406555175781250e+02
4.748545168849362064e+00 4.384373168945312500e+02
4.751979921231892945e+00 4.366838989257812500e+02
4.755414673614424714e+00 4.364398193359375000e+02
4.758849425996955596e+00 4.329707946777343750e+02
4.762284178379487365e+00 4.308021850585937500e+02
4.765718930762017358e+00 4.296497497558593750e+02
4.769153683144549127e+00 4.305457763671875000e+02
4.772588435527080009e+00 4.314895629882812500e+02
4.776023187909610890e+00 4.305266418457031250e+02
4.779457940292142659e+00 4.310131835937500000e+02
4.782892692674673540e+00 4.325133972167968750e+02
4.786327445057205310e+00 4.306218872070312500e+02
4.789762197439735303e+00 4.280545654296875000e+02
4.793196949822267072e+00 4.294527587890625000e+02
4.796631702204797953e+00 4.331680603027343750e+02
4.800066454587329723e+00 4.342206115722656250e+02
4.803501206969860604e+00 4.416714172363281250e+02
4.806935959352392373e+00 4.528299865722656250e+02
4.810370711734923255e+00 4.646975097656250000e+02
4.813805464117454136e+00 4.605698547363281250e+02
4.817240216499985017e+00 4.479459533691406250e+02
4.820674968882516787e+00 4.381708679199218750e+02
4.824109721265047668e+00 4.349196777343750000e+02
4.827544473647579437e+00 4.378949890136718750e+02
4.830979226030110318e+00 4.352605285644531250e+02
4.834413978412642088e+00 4.333190002441406250e+02
4.837848730795172969e+00 4.338943176269531250e+02
4.841283483177703850e+00 4.386886901855468750e+02
4.844718235560234731e+00 4.435247497558593750e+02
4.848152987942766501e+00 4.504506530761718750e+02
4.851587740325297382e+00 4.586994934082031250e+02
4.855022492707828263e+00 4.700349731445312500e+02
4.858457245090360033e+00 4.871734313964843750e+02
4.861891997472890914e+00 5.243851318359375000e+02
4.865326749855421795e+00 6.336911621093750000e+02
4.868761502237952676e+00 8.606117553710937500e+02
4.872196254620484446e+00 1.129503295898437500e+03
4.875631007003015327e+00 1.449651855468750000e+03
4.879065759385547096e+00 1.434977050781250000e+03
4.882500511768077978e+00 1.228633422851562500e+03
4.885935264150609747e+00 8.574251098632812500e+02
4.889370016533139740e+00 6.213425903320312500e+02
4.892804768915671509e+00 5.238864746093750000e+02
4.896239521298202391e+00 4.766691589355468750e+02
4.899674273680734160e+00 4.563490295410156250e+02
4.903109026063265041e+00 4.443370056152343750e+02
4.906543778445796811e+00 4.331347351074218750e+02
4.909978530828327692e+00 4.306265258789062500e+02
4.913413283210858573e+00 4.349598083496093750e+02
4.916848035593389454e+00 4.412486572265625000e+02
4.920282787975921224e+00 4.418395385742187500e+02
4.923717540358452105e+00 4.439928283691406250e+02
4.927152292740982986e+00 4.394750366210937500e+02
4.930587045123514756e+00 4.408042602539062500e+02
4.934021797506045637e+00 4.401714172363281250e+02
4.937456549888577406e+00 4.402512207031250000e+02
4.940891302271107399e+00 4.300395812988281250e+02
4.944326054653639169e+00 4.229304809570312500e+02
4.947760807036170050e+00 4.271565246582031250e+02
4.951195559418701819e+00 4.382516174316406250e+02
4.954630311801232700e+00 4.499584655761718750e+02
4.958065064183764470e+00 4.529291687011718750e+02
4.961499816566295351e+00 4.562831726074218750e+02
4.964934568948826232e+00 4.542968139648437500e+02
4.968369321331357114e+00 4.506647644042968750e+02
4.971804073713888883e+00 4.393714904785156250e+02
4.975238826096419764e+00 4.282212219238281250e+02
4.978673578478951534e+00 4.157866516113281250e+02
4.982108330861482415e+00 4.128053588867187500e+02
4.985543083244014184e+00 4.129527282714843750e+02
4.988977835626544177e+00 4.133542480468750000e+02
4.992412588009075947e+00 4.103706359863281250e+02
4.995847340391606828e+00 4.128007812500000000e+02
4.999282092774138597e+00 4.160772399902343750e+02
5.002716845156669478e+00 4.173110961914062500e+02
5.006151597539200360e+00 4.166082763671875000e+02
5.009586349921732129e+00 4.185810546875000000e+02
5.013021102304263010e+00 4.164344787597656250e+02
5.016455854686793892e+00 4.173714599609375000e+02
5.019890607069324773e+00 4.191494140625000000e+02
5.023325359451856542e+00 4.297337341308593750e+02
5.026760111834387423e+00 4.344738159179687500e+02
5.030194864216919193e+00 4.412946472167968750e+02
5.033629616599450074e+00 4.481758728027343750e+02
5.037064368981981843e+00 4.573219299316406250e+02
5.040499121364511836e+00 4.610461425781250000e+02
5.043933873747043606e+00 4.536159973144531250e+02
5.047368626129574487e+00 4.406003723144531250e+02
5.050803378512106256e+00 4.322789611816406250e+02
5.054238130894637138e+00 4.251367492675781250e+02
5.057672883277168907e+00 4.250148315429687500e+02
5.061107635659699788e+00 4.180623168945312500e+02
5.064542388042230669e+00 4.152755126953125000e+02
5.067977140424761551e+00 4.143691101074218750e+02
5.071411892807293320e+00 4.193650512695312500e+02
5.074846645189824201e+00 4.265675354003906250e+02
5.078281397572355083e+00 4.274210205078125000e+02
5.081716149954886852e+00 4.288362121582031250e+02
5.085150902337417733e+00 4.266360168457031250e+02
5.088585654719949503e+00 4.228569641113281250e+02
5.092020407102479496e+00 4.168482971191406250e+02
5.095455159485011265e+00 4.122868347167968750e+02
5.098889911867542146e+00 4.118844909667968750e+02
5.102324664250073916e+00 4.094905395507812500e+02
5.105759416632604797e+00 4.052529602050781250e+02
5.109194169015136566e+00 4.029311828613281250e+02
5.112628921397667447e+00 4.049718627929687500e+02
5.116063673780198329e+00 4.060939331054687500e+02
5.119498426162729210e+00 4.093259277343750000e+02
5.122933178545260979e+00 4.090520324707031250e+02
5.126367930927791861e+00 4.091189270019531250e+02
5.129802683310323630e+00 4.064599914550781250e+02
5.133237435692854511e+00 4.013683471679687500e+02
5.136672188075386281e+00 4.006219482421875000e+02
5.140106940457916274e+00 4.045419311523437500e+02
5.143541692840448043e+00 4.102903747558593750e+02
5.146976445222978924e+00 4.122941284179687500e+02
5.150411197605510694e+00 4.132164306640625000e+02
5.153845949988041575e+00 4.143371582031250000e+02
5.157280702370572456e+00 4.201237487792968750e+02
5.160715454753104225e+00 4.201176452636718750e+02
5.164150207135635107e+00 4.234390869140625000e+02
5.167584959518165988e+00 4.219594726562500000e+02
5.171019711900696869e+00 4.186763305664062500e+02
5.174454464283228639e+00 4.197349853515625000e+02
5.177889216665759520e+00 4.169190979003906250e+02
5.181323969048291289e+00 4.124309082031250000e+02
5.184758721430822170e+00 4.038988342285156250e+02
5.188193473813353940e+00 3.993421020507812500e+02
5.191628226195883933e+00 4.030115661621093750e+02
5.195062978578415702e+00 4.132907409667968750e+02
5.198497730960946583e+00 4.232316894531250000e+02
5.201932483343478353e+00 4.341903991699218750e+02
5.205367235726009234e+00 4.492431640625000000e+02
5.208801988108541003e+00 4.654887084960937500e+02
5.212236740491071885e+00 4.780813598632812500e+02
5.215671492873602766e+00 4.802217407226562500e+02
5.219106245256133647e+00 4.711134643554687500e+02
5.222540997638665417e+00 4.567964172363281250e+02
5.225975750021196298e+00 4.396123352050781250e+02
5.229410502403727179e+00 4.257396850585937500e+02
5.232845254786258948e+00 4.142037048339843750e+02
5.236280007168789830e+00 4.078261108398437500e+02
5.239714759551321599e+00 4.099608459472656250e+02
5.243149511933851592e+00 4.069392395019531250e+02
5.246584264316383361e+00 4.037942504882812500e+02
5.250019016698914243e+00 3.971561584472656250e+02
5.253453769081446012e+00 4.007830810546875000e+02
5.256888521463976893e+00 4.070952453613281250e+02
5.260323273846508663e+00 4.094678649902343750e+02
5.263758026229039544e+00 4.086853027343750000e+02
5.267192778611570425e+00 4.068117065429687500e+02
5.270627530994101306e+00 4.074548034667968750e+02
5.274062283376633076e+00 4.100283508300781250e+02
5.277497035759163957e+00 4.160491027832031250e+02
5.280931788141695726e+00 4.212704162597656250e+02
5.284366540524226608e+00 4.212450256347656250e+02
5.287801292906758377e+00 4.186434631347656250e+02
5.291236045289288370e+00 4.145110778808593750e+02
5.294670797671820139e+00 4.092727661132812500e+02
5.298105550054351021e+00 4.016296386718750000e+02
5.301540302436882790e+00 3.988733520507812500e+02
5.304975054819413671e+00 3.963544311523437500e+02
5.308409807201944552e+00 3.951265258789062500e+02
5.311844559584476322e+00 3.956190795898437500e+02
5.315279311967006315e+00 4.016786804199218750e+02
5.318714064349538084e+00 4.054669494628906250e+02
5.322148816732068966e+00 4.054281921386718750e+02
5.325583569114600735e+00 4.085231933593750000e+02
5.329018321497131616e+00 4.135510559082031250e+02
5.332453073879663386e+00 4.177432556152343750e+02
5.335887826262194267e+00 4.174582519531250000e+02
5.339322578644726036e+00 4.222107543945312500e+02
5.342757331027256029e+00 4.367798156738281250e+02
5.346192083409787799e+00 4.549784240722656250e+02
5.349626835792318680e+00 4.695247802734375000e+02
5.353061588174850449e+00 4.676358032226562500e+02
5.356496340557381330e+00 4.542702941894531250e+02
5.359931092939913100e+00 4.348052062988281250e+02
5.363365845322443981e+00 4.197033996582031250e+02
5.366800597704974862e+00 4.124668273925781250e+02
5.370235350087505743e+00 4.050060729980468750e+02
5.373670102470037513e+00 4.003093566894531250e+02
5.377104854852568394e+00 3.981698913574218750e+02
5.380539607235100164e+00 3.990785217285156250e+02
5.383974359617631045e+00 3.949889221191406250e+02
5.387409112000161926e+00 3.909022216796875000e+02
5.390843864382692807e+00 3.906930541992187500e+02
5.394278616765223688e+00 3.965329589843750000e+02
5.397713369147755458e+00 4.001416931152343750e+02
5.401148121530286339e+00 3.923435363769531250e+02
5.404582873912818108e+00 3.879997863769531250e+02
5.408017626295348990e+00 3.846048583984375000e+02
5.411452378677880759e+00 3.898644104003906250e+02
5.414887131060411640e+00 3.893570251464843750e+02
5.418321883442942521e+00 3.967781066894531250e+02
5.421756635825473403e+00 3.986525268554687500e+02
5.425191388208005172e+00 4.052149353027343750e+02
5.428626140590536053e+00 4.087178649902343750e+02
5.432060892973067823e+00 4.133009643554687500e+02
5.435495645355598704e+00 4.083209228515625000e+02
5.438930397738130473e+00 3.955525817871093750e+02
5.442365150120660466e+00 3.881314697265625000e+02
5.445799902503192236e+00 3.857590332031250000e+02
5.449234654885723117e+00 3.896174316406250000e+02
5.452669407268254886e+00 3.903627014160156250e+02
5.456104159650785768e+00 3.863695678710937500e+02
5.459538912033316649e+00 3.823310546875000000e+02
5.462973664415848418e+00 3.876345214843750000e+02
5.466408416798379299e+00 3.962645568847656250e+02
5.469843169180910181e+00 4.143112182617187500e+02
5.473277921563441062e+00 4.246775817871093750e+02
5.476712673945972831e+00 4.377032165527343750e+02
5.480147426328503713e+00 4.409789123535156250e+02
5.483582178711035482e+00 4.404774780273437500e+02
5.487016931093566363e+00 4.373219299316406250e+02
5.490451683476098133e+00 4.248472900390625000e+02
5.493886435858628126e+00 4.132161865234375000e+02
5.497321188241159895e+00 4.005862121582031250e+02
5.500755940623690776e+00 3.940148620605468750e+02
5.504190693006222546e+00 3.921003723144531250e+02
5.507625445388753427e+00 3.900975646972656250e+02
5.511060197771285196e+00 3.914591064453125000e+02
5.514494950153816077e+00 3.938658752441406250e+02
5.517929702536346959e+00 3.993439636230468750e+02
5.521364454918877840e+00 4.056065368652343750e+02
5.524799207301409609e+00 4.034880065917968750e+02
5.528233959683940490e+00 3.966224060058593750e+02
5.531668712066472260e+00 3.917423706054687500e+02
5.535103464449003141e+00 3.912261047363281250e+02
5.538538216831534022e+00 3.978750305175781250e+02
5.541972969214064904e+00 3.953567810058593750e+02
5.545407721596595785e+00 4.010391235351562500e+02
5.548842473979127554e+00 4.029521789550781250e+02
5.552277226361658435e+00 4.044742736816406250e+02
5.555711978744190205e+00 4.029670104980468750e+02
5.559146731126721086e+00 4.048398437500000000e+02
5.562581483509252855e+00 4.074468688964843750e+02
5.566016235891783737e+00 4.029026184082031250e+02
5.569450988274314618e+00 4.007817382812500000e+02
5.572885740656845499e+00 3.953272094726562500e+02
5.576320493039377268e+00 3.925517272949218750e+02
5.579755245421908150e+00 3.887989501953125000e+02
5.583189997804439919e+00 3.931202697753906250e+02
5.586624750186970800e+00 3.951410522460937500e+02
5.590059502569502570e+00 3.954965209960937500e+02
5.593494254952032563e+00 3.890849609375000000e+02
5.596929007334564332e+00 3.902663879394531250e+02
5.600363759717095213e+00 3.905176086425781250e+02
5.603798512099626983e+00 3.918189392089843750e+02
5.607233264482157864e+00 3.888290100097656250e+02
5.610668016864688745e+00 3.890311584472656250e+02
5.614102769247220515e+00 3.901292419433593750e+02
5.617537521629751396e+00 3.909350585937500000e+02
5.620972274012282277e+00 3.914325256347656250e+02
5.624407026394813158e+00 3.885966491699218750e+02
5.627841778777344928e+00 3.862153320312500000e+02
5.631276531159875809e+00 3.842968444824218750e+02
5.634711283542407578e+00 3.843495178222656250e+02
5.638146035924938460e+00 3.823075561523437500e+02
5.641580788307470229e+00 3.858524475097656250e+02
5.645015540690000222e+00 3.873126525878906250e+02
5.648450293072531991e+00 3.917220764160156250e+02
5.651885045455062873e+00 3.927922058105468750e+02
5.655319797837594642e+00 3.990892944335937500e+02
5.658754550220125523e+00 3.976014709472656250e+02
5.662189302602657293e+00 3.995624389648437500e+02
5.665624054985188174e+00 3.964487304687500000e+02
5.669058807367719055e+00 4.015159301757812500e+02
5.672493559750249936e+00 4.021419067382812500e+02
5.675928312132781706e+00 4.065148925781250000e+02
5.679363064515312587e+00 4.141923522949218750e+02
5.682797816897844356e+00 4.234768676757812500e+02
5.686232569280375237e+00 4.289054870605468750e+02
5.689667321662906119e+00 4.376102294921875000e+02
5.693102074045437000e+00 4.525520629882812500e+02
5.696536826427967881e+00 4.824910888671875000e+02
5.699971578810499651e+00 5.205203857421875000e+02
5.703406331193030532e+00 5.873881835937500000e+02
5.706841083575562301e+00 7.000830688476562500e+02
5.710275835958093182e+00 8.493813476562500000e+02
5.713710588340624952e+00 1.001252807617187500e+03
5.717145340723154945e+00 1.111680297851562500e+03
5.720580093105686714e+00 1.134713378906250000e+03
5.724014845488217595e+00 1.069003173828125000e+03
5.727449597870749365e+00 9.185786132812500000e+02
5.730884350253280246e+00 7.531830444335937500e+02
5.734319102635812015e+00 6.123627929687500000e+02
5.737753855018342897e+00 5.113543090820312500e+02
5.741188607400874666e+00 4.546212158203125000e+02
5.744623359783404659e+00 4.233642883300781250e+02
5.748058112165936429e+00 4.051192932128906250e+02
5.751492864548467310e+00 3.992161560058593750e+02
5.754927616930999079e+00 3.942947692871093750e+02
5.758362369313529960e+00 3.928148193359375000e+02
5.761797121696060842e+00 3.892026062011718750e+02
5.765231874078592611e+00 3.939874572753906250e+02
5.768666626461123492e+00 3.973391723632812500e+02
5.772101378843654373e+00 3.928898010253906250e+02
5.775536131226185255e+00 3.899901428222656250e+02
5.778970883608717024e+00 3.906068115234375000e+02
5.782405635991247905e+00 3.907633056640625000e+02
5.785840388373779675e+00 3.881774291992187500e+02
5.789275140756310556e+00 3.845266113281250000e+02
5.792709893138841437e+00 3.856354675292968750e+02
5.796144645521372318e+00 3.870377502441406250e+02
5.799579397903904088e+00 3.913562927246093750e+02
5.803014150286434969e+00 3.900254211425781250e+02
5.806448902668966738e+00 3.869559631347656250e+02
5.809883655051497620e+00 3.850628662109375000e+02
5.813318407434029389e+00 3.855169067382812500e+02
5.816753159816560270e+00 3.861283874511718750e+02
5.820187912199091151e+00 3.808363647460937500e+02
5.823622664581622033e+00 3.776223144531250000e+02
5.827057416964153802e+00 3.788229675292968750e+02
5.830492169346684683e+00 3.835417785644531250e+02
5.833926921729216453e+00 3.833045959472656250e+02
5.837361674111747334e+00 3.792342834472656250e+02
5.840796426494278215e+00 3.734238891601562500e+02
5.844231178876809096e+00 3.718604125976562500e+02
5.847665931259339978e+00 3.737548217773437500e+02
5.851100683641871747e+00 3.809815368652343750e+02
5.854535436024402628e+00 3.837851562500000000e+02
5.857970188406934398e+00 3.803764343261718750e+02
5.861404940789465279e+00 3.774704284667968750e+02
5.864839693171997048e+00 3.789971008300781250e+02
5.868274445554527041e+00 3.823852844238281250e+02
5.871709197937058811e+00 3.841883850097656250e+02
5.875143950319589692e+00 3.813221435546875000e+02
5.878578702702121461e+00 3.796755065917968750e+02
5.882013455084652342e+00 3.803770446777343750e+02
5.885448207467184112e+00 3.837248229980468750e+02
5.888882959849714993e+00 3.860368957519531250e+02
5.892317712232246762e+00 3.851807250976562500e+02
5.895752464614776756e+00 3.816693420410156250e+02
5.899187216997308525e+00 3.804555053710937500e+02
5.902621969379839406e+00 3.829017944335937500e+02
5.906056721762371176e+00 3.914329833984375000e+02
5.909491474144902057e+00 3.910137634277343750e+02
5.912926226527432938e+00 3.880915527343750000e+02
5.916360978909964707e+00 3.851521911621093750e+02
5.919795731292495589e+00 3.843941040039062500e+02
5.923230483675026470e+00 3.818156127929687500e+02
5.926665236057557351e+00 3.809712524414062500e+02
5.930099988440089120e+00 3.857500000000000000e+02
5.933534740822620002e+00 3.932007141113281250e+02
5.936969493205151771e+00 3.961681823730468750e+02
5.940404245587682652e+00 3.993460998535156250e+02
5.943838997970213534e+00 4.106092224121093750e+02
5.947273750352744415e+00 4.312736511230468750e+02
5.950708502735276184e+00 4.530064697265625000e+02
5.954143255117807065e+00 4.917407531738281250e+02
5.957578007500338835e+00 5.660585327148437500e+02
5.961012759882869716e+00 6.948020019531250000e+02
5.964447512265401485e+00 8.708370971679687500e+02
5.967882264647932367e+00 1.064906494140625000e+03
5.971317017030463248e+00 1.227911621093750000e+03
5.974751769412994129e+00 1.299161987304687500e+03
5.978186521795525898e+00 1.247504882812500000e+03
5.981621274178056780e+00 1.084557250976562500e+03
5.985056026560588549e+00 8.785251464843750000e+02
5.988490778943119430e+00 6.961859741210937500e+02
5.991925531325650311e+00 5.680939331054687500e+02
5.995360283708181193e+00 4.870016479492187500e+02
5.998795036090712074e+00 4.440606689453125000e+02
6.002229788473243843e+00 4.222870178222656250e+02
6.005664540855774725e+00 4.126155700683593750e+02
6.009099293238306494e+00 4.092442321777343750e+02
6.012534045620837375e+00 4.117672424316406250e+02
6.015968798003369145e+00 4.116008300781250000e+02
6.019403550385899138e+00 4.070579223632812500e+02
6.022838302768430907e+00 4.032924194335937500e+02
6.026273055150961788e+00 4.068477783203125000e+02
6.029707807533493558e+00 4.112002563476562500e+02
6.033142559916024439e+00 4.104528198242187500e+02
6.036577312298556208e+00 4.091453857421875000e+02
6.040012064681087089e+00 4.106763000488281250e+02
6.043446817063618859e+00 4.090918884277343750e+02
6.046881569446148852e+00 4.037066040039062500e+02
6.050316321828680621e+00 3.980061645507812500e+02
6.053751074211211503e+00 3.976228637695312500e+02
6.057185826593743272e+00 4.034818725585937500e+02
6.060620578976274153e+00 4.089187622070312500e+02
6.064055331358805923e+00 4.155519104003906250e+02
6.067490083741336804e+00 4.162895202636718750e+02
6.070924836123867685e+00 4.166011352539062500e+02
6.074359588506398566e+00 4.161799316406250000e+02
6.077794340888929447e+00 4.105585937500000000e+02
6.081229093271461217e+00 4.004630737304687500e+02
6.084663845653992098e+00 3.920798645019531250e+02
6.088098598036523867e+00 3.835482482910156250e+02
6.091533350419054749e+00 3.779514770507812500e+02
6.094968102801585630e+00 3.749819641113281250e+02
6.098402855184116511e+00 3.803031311035156250e+02
6.101837607566648281e+00 3.837795715332031250e+02
6.105272359949179162e+00 3.841158752441406250e+02
6.108707112331710931e+00 3.833305358886718750e+02
6.112141864714241812e+00 3.809518432617187500e+02
6.115576617096773582e+00 3.817926940917968750e+02
6.119011369479304463e+00 3.844622497558593750e+02
6.122446121861835344e+00 3.868738098144531250e+02
6.125880874244366225e+00 3.860178833007812500e+02
6.129315626626897995e+00 3.840532531738281250e+02
6.132750379009428876e+00 3.818010253906250000e+02
6.136185131391960645e+00 3.825623779296875000e+02
6.139619883774491527e+00 3.845859680175781250e+02
6.143054636157022408e+00 3.897533264160156250e+02
6.146489388539553289e+00 3.857045288085937500e+02
6.149924140922085058e+00 3.826730041503906250e+02
6.153358893304615940e+00 3.784849548339843750e+02
6.156793645687146821e+00 3.759802856445312500e+02
6.160228398069678590e+00 3.726500549316406250e+02
6.163663150452209472e+00 3.709055175781250000e+02
6.167097902834741241e+00 3.740863037109375000e+02
6.170532655217271234e+00 3.777290039062500000e+02
6.173967407599803003e+00 3.724962768554687500e+02
6.177402159982333885e+00 3.702778015136718750e+02
6.180836912364865654e+00 3.693236999511718750e+02
6.184271664747396535e+00 3.719438781738281250e+02
6.187706417129928305e+00 3.715680541992187500e+02
6.191141169512459186e+00 3.694815673828125000e+02
6.194575921894990067e+00 3.692516479492187500e+02
6.198010674277520948e+00 3.662523803710937500e+02
6.201445426660052718e+00 3.633436279296875000e+02
6.204880179042583599e+00 3.584416198730468750e+02
6.208314931425115368e+00 3.593854980468750000e+02
6.211749683807646250e+00 3.600755920410156250e+02
6.215184436190178019e+00 3.635816955566406250e+02
6.218619188572708900e+00 3.628898620605468750e+02
6.222053940955239781e+00 3.611229553222656250e+02
6.225488693337770663e+00 3.596961669921875000e+02
6.228923445720301544e+00 3.599985656738281250e+02
6.232358198102833313e+00 3.630481872558593750e+02
6.235792950485364194e+00 3.657973937988281250e+02
6.239227702867895964e+00 3.667915649414062500e+02
6.242662455250426845e+00 3.630596313476562500e+02
6.246097207632957726e+00 3.583717041015625000e+02
6.249531960015488607e+00 3.569693298339843750e+02
6.252966712398020377e+00 3.633593139648437500e+02
6.256401464780551258e+00 3.687934265136718750e+02
6.259836217163083028e+00 3.746451110839843750e+02
6.263270969545613909e+00 3.789225769042968750e+02
6.266705721928145678e+00 3.816347045898437500e+02
6.270140474310675671e+00 3.869494018554687500e+02
6.273575226693207441e+00 3.983339538574218750e+02
6.277009979075738322e+00 4.057119445800781250e+02
6.280444731458270091e+00 4.104189147949218750e+02
6.283879483840800972e+00 4.099721069335937500e+02
6.287314236223332742e+00 4.093553771972656250e+02
6.290748988605863623e+00 4.018727722167968750e+02
6.294183740988394504e+00 3.872161560058593750e+02
6.297618493370925385e+00 3.773351440429687500e+02
6.301053245753457155e+00 3.679588317871093750e+02
6.304487998135988036e+00 3.640062561035156250e+02
6.307922750518518917e+00 3.605971069335937500e+02
6.311357502901050687e+00 3.631056213378906250e+02
6.314792255283581568e+00 3.676254577636718750e+02
6.318227007666113337e+00 3.670397338867187500e+02
6.321661760048643330e+00 3.670714721679687500e+02
6.325096512431175100e+00 3.682849121093750000e+02
6.328531264813705981e+00 3.749454345703125000e+02
6.331966017196237750e+00 3.890657958984375000e+02
6.335400769578768632e+00 3.984198608398437500e+02
6.338835521961300401e+00 4.030801391601562500e+02
6.342270274343831282e+00 3.990387268066406250e+02
6.345705026726362163e+00 3.906529541015625000e+02
6.349139779108893045e+00 3.788000488281250000e+02
6.352574531491424814e+00 3.660509033203125000e+02
6.356009283873955695e+00 3.614768676757812500e+02
6.359444036256487465e+00 3.547551879882812500e+02
6.362878788639018346e+00 3.543070678710937500e+02
6.366313541021550115e+00 3.531769104003906250e+02
6.369748293404080997e+00 3.578532104492187500e+02
6.373183045786611878e+00 3.592228088378906250e+02
6.376617798169142759e+00 3.626975097656250000e+02
6.380052550551673640e+00 3.618946838378906250e+02
6.383487302934205410e+00 3.607508850097656250e+02
6.386922055316736291e+00 3.594595947265625000e+02
6.390356807699268060e+00 3.614006958007812500e+02
6.393791560081798941e+00 3.615046081542968750e+02
6.397226312464329823e+00 3.595051269531250000e+02
6.400661064846860704e+00 3.573553771972656250e+02
6.404095817229392473e+00 3.566159057617187500e+02
6.407530569611923355e+00 3.592892456054687500e+02
6.410965321994455124e+00 3.635320739746093750e+02
6.414400074376986005e+00 3.719989318847656250e+02
6.417834826759517775e+00 3.753689575195312500e+02
6.421269579142047768e+00 3.833482971191406250e+02
6.424704331524579537e+00 3.865372314453125000e+02
6.428139083907110418e+00 3.885248107910156250e+02
6.431573836289642188e+00 3.860555725097656250e+02
6.435008588672173069e+00 3.843973999023437500e+02
6.438443341054704838e+00 3.811686401367187500e+02
6.441878093437235719e+00 3.742866210937500000e+02
6.445312845819766601e+00 3.702785034179687500e+02
6.448747598202297482e+00 3.691436462402343750e+02
6.452182350584829251e+00 3.683599243164062500e+02
6.455617102967360132e+00 3.668804016113281250e+02
6.459051855349891014e+00 3.632820739746093750e+02
6.462486607732422783e+00 3.618626403808593750e+02
6.465921360114953664e+00 3.630396423339843750e+02
6.469356112497485434e+00 3.622168884277343750e+02
6.472790864880015427e+00 3.633878173828125000e+02
6.476225617262547196e+00 3.589066772460937500e+02
6.479660369645078077e+00 3.541693115234375000e+02
6.483095122027609847e+00 3.497462768554687500e+02
6.486529874410140728e+00 3.484866333007812500e+02
6.489964626792672497e+00 3.544534606933593750e+02
6.493399379175203379e+00 3.553352966308593750e+02
6.496834131557734260e+00 3.598627014160156250e+02
6.500268883940265141e+00 3.589138183593750000e+02
6.503703636322796910e+00 3.627172241210937500e+02
6.507138388705327792e+00 3.614723205566406250e+02
6.510573141087859561e+00 3.580260314941406250e+02
6.514007893470390442e+00 3.526062011718750000e+02
6.517442645852922212e+00 3.511637573242187500e+02
6.520877398235453093e+00 3.518692016601562500e+02
6.524312150617983974e+00 3.550950317382812500e+02
6.527746903000514855e+00 3.583842773437500000e+02
6.531181655383045737e+00 3.603984985351562500e+02
6.534616407765577506e+00 3.590056457519531250e+02
6.538051160148108387e+00 3.568931579589843750e+02
6.541485912530640157e+00 3.585408325195312500e+02
6.544920664913171038e+00 3.628643493652343750e+02
6.548355417295701919e+00 3.596825561523437500e+02
6.551790169678232800e+00 3.555099792480468750e+02
6.555224922060764570e+00 3.526646728515625000e+02
6.558659674443295451e+00 3.563392333984375000e+02
6.562094426825827220e+00 3.561828308105468750e+02
6.565529179208358102e+00 3.551953125000000000e+02
6.568963931590889871e+00 3.544283142089843750e+02
6.572398683973419864e+00 3.568852233886718750e+02
6.575833436355951633e+00 3.630201416015625000e+02
6.579268188738482515e+00 3.650362243652343750e+02
6.582702941121014284e+00 3.644076232910156250e+02
6.586137693503545165e+00 3.631135559082031250e+02
6.589572445886076935e+00 3.648439025878906250e+02
6.593007198268607816e+00 3.661345520019531250e+02
6.596441950651138697e+00 3.629272460937500000e+02
6.599876703033669578e+00 3.578770751953125000e+02
6.603311455416201348e+00 3.554339294433593750e+02
6.606746207798732229e+00 3.554783325195312500e+02
6.610180960181263110e+00 3.536365356445312500e+02
6.613615712563794879e+00 3.508862609863281250e+02
6.617050464946325761e+00 3.461478881835937500e+02
6.620485217328857530e+00 3.455590209960937500e+02
6.623919969711387523e+00 3.495340576171875000e+02
6.627354722093919293e+00 3.486802368164062500e+02
6.630789474476450174e+00 3.455843811035156250e+02
6.634224226858981943e+00 3.393808288574218750e+02
6.637658979241512824e+00 3.416470336914062500e+02
6.641093731624044594e+00 3.412348937988281250e+02
6.644528484006575475e+00 3.436539306640625000e+02
6.647963236389106356e+00 3.457096557617187500e+02
6.651397988771637237e+00 3.515192871093750000e+02
6.654832741154169007e+00 3.522095947265625000e+02
6.658267493536699888e+00 3.516950988769531250e+02
6.661702245919231657e+00 3.505728759765625000e+02
6.665136998301762539e+00 3.510746765136718750e+02
6.668571750684294308e+00 3.471257934570312500e+02
6.672006503066824301e+00 3.469863281250000000e+02
6.675441255449356071e+00 3.492390747070312500e+02
6.678876007831886952e+00 3.581139526367187500e+02
6.682310760214417833e+00 3.667015686035156250e+02
6.685745512596949602e+00 3.774631958007812500e+02
6.689180264979480484e+00 3.827701416015625000e+02
6.692615017362012253e+00 3.796725463867187500e+02
6.696049769744543134e+00 3.693608703613281250e+02
6.699484522127074015e+00 3.555422363281250000e+02
6.702919274509604897e+00 3.465221557617187500e+02
6.706354026892136666e+00 3.434554748535156250e+02
6.709788779274667547e+00 3.440558776855468750e+02
6.713223531657199317e+00 3.434378967285156250e+02
6.716658284039730198e+00 3.432596740722656250e+02
6.720093036422261967e+00 3.432506408691406250e+02
6.723527788804791960e+00 3.423783264160156250e+02
6.726962541187323730e+00 3.384745178222656250e+02
6.730397293569854611e+00 3.376278381347656250e+02
6.733832045952386380e+00 3.386049194335937500e+02
6.737266798334917262e+00 3.425182189941406250e+02
6.740701550717449031e+00 3.406541442871093750e+02
6.744136303099979912e+00 3.396240234375000000e+02
6.747571055482510793e+00 3.391896972656250000e+02
6.751005807865041675e+00 3.392117614746093750e+02
6.754440560247573444e+00 3.385819702148437500e+02
6.757875312630104325e+00 3.415935363769531250e+02
6.761310065012635206e+00 3.433610534667968750e+02
6.764744817395166976e+00 3.451650390625000000e+02
6.768179569777697857e+00 3.432386169433593750e+02
6.771614322160229626e+00 3.444506835937500000e+02
6.775049074542759620e+00 3.456916198730468750e+02
6.778483826925291389e+00 3.460664978027343750e+02
6.781918579307822270e+00 3.441540222167968750e+02
6.785353331690354040e+00 3.429230651855468750e+02
6.788788084072884921e+00 3.486152038574218750e+02
6.792222836455416690e+00 3.490594787597656250e+02
6.795657588837947571e+00 3.551552124023437500e+02
6.799092341220478453e+00 3.579188842773437500e+02
6.802527093603009334e+00 3.656632385253906250e+02
6.805961845985541103e+00 3.671776428222656250e+02
6.809396598368071984e+00 3.680109252929687500e+02
6.812831350750603754e+00 3.651112976074218750e+02
6.816266103133134635e+00 3.578463745117187500e+02
6.819700855515666404e+00 3.492921447753906250e+02
6.823135607898196398e+00 3.449175720214843750e+02
6.826570360280728167e+00 3.443142089843750000e+02
6.830005112663259048e+00 3.473351440429687500e+02
6.833439865045790818e+00 3.471425781250000000e+02
6.836874617428321699e+00 3.463623657226562500e+02
6.840309369810852580e+00 3.457149658203125000e+02
6.843744122193384349e+00 3.494232788085937500e+02
6.847178874575915231e+00 3.544062194824218750e+02
6.850613626958446112e+00 3.588282165527343750e+02
6.854048379340976993e+00 3.607565002441406250e+02
6.857483131723508762e+00 3.602346801757812500e+02
6.860917884106039644e+00 3.555686950683593750e+02
6.864352636488571413e+00 3.511995544433593750e+02
6.867787388871102294e+00 3.464847106933593750e+02
6.871222141253634064e+00 3.472398071289062500e+02
6.874656893636164057e+00 3.465084228515625000e+02
6.878091646018695826e+00 3.432062377929687500e+02
6.881526398401226707e+00 3.401448974609375000e+02
6.884961150783758477e+00 3.400139465332031250e+02
6.888395903166289358e+00 3.409297180175781250e+02
6.891830655548821127e+00 3.432105407714843750e+02
6.895265407931352009e+00 3.460588989257812500e+02
6.898700160313882890e+00 3.489066772460937500e+02
6.902134912696413771e+00 3.525584411621093750e+02
6.905569665078945540e+00 3.560081176757812500e+02
6.909004417461476422e+00 3.588900146484375000e+02
6.912439169844007303e+00 3.599688415527343750e+02
6.915873922226539072e+00 3.567258605957031250e+02
6.919308674609069953e+00 3.558215332031250000e+02
6.922743426991601723e+00 3.499414978027343750e+02
6.926178179374131716e+00 3.464877014160156250e+02
6.929612931756663485e+00 3.392408752441406250e+02
6.933047684139194367e+00 3.404841003417968750e+02
6.936482436521726136e+00 3.403385009765625000e+02
6.939917188904257017e+00 3.468614807128906250e+02
6.943351941286788787e+00 3.514774169921875000e+02
6.946786693669319668e+00 3.590963745117187500e+02
6.950221446051850549e+00 3.608861694335937500e+02
6.953656198434381430e+00 3.595507202148437500e+02
6.957090950816913200e+00 3.542034912109375000e+02
6.960525703199444081e+00 3.472874145507812500e+02
6.963960455581975850e+00 3.428356628417968750e+02
6.967395207964506731e+00 3.428205566406250000e+02
6.970829960347038501e+00 3.454226074218750000e+02
6.974264712729568494e+00 3.451169433593750000e+02
6.977699465112100263e+00 3.442858886718750000e+02
6.981134217494631145e+00 3.459960937500000000e+02
6.984568969877162914e+00 3.515083618164062500e+02
6.988003722259693795e+00 3.512752990722656250e+02
6.991438474642224676e+00 3.484465332031250000e+02
6.994873227024756446e+00 3.403236083984375000e+02
6.998307979407287327e+00 3.367831115722656250e+02
7.001742731789818208e+00 3.344490966796875000e+02
7.005177484172349089e+00 3.345356140136718750e+02
7.008612236554880859e+00 3.353797912597656250e+02
7.012046988937411740e+00 3.361232299804687500e+02
7.015481741319943509e+00 3.404833679199218750e+02
7.018916493702474391e+00 3.437247314453125000e+02
7.022351246085006160e+00 3.462400207519531250e+02
7.025785998467536153e+00 3.459283142089843750e+02
7.029220750850067922e+00 3.479177246093750000e+02
7.032655503232598804e+00 3.445001220703125000e+02
7.036090255615130573e+00 3.406488037109375000e+02
7.039525007997661454e+00 3.315281372070312500e+02
7.042959760380193224e+00 3.302913818359375000e+02
7.046394512762724105e+00 3.321508178710937500e+02
7.049829265145254986e+00 3.348019409179687500e+02
7.053264017527785867e+00 3.343505249023437500e+02
7.056698769910317637e+00 3.310196228027343750e+02
7.060133522292848518e+00 3.306718444824218750e+02
7.063568274675379399e+00 3.342893066406250000e+02
7.067003027057911169e+00 3.375553894042968750e+02
7.070437779440442050e+00 3.434790344238281250e+02
7.073872531822972931e+00 3.488800659179687500e+02
7.077307284205503812e+00 3.550010070800781250e+02
7.080742036588035582e+00 3.559100952148437500e+02
7.084176788970566463e+00 3.556933288574218750e+02
7.087611541353098232e+00 3.571997985839843750e+02
7.091046293735629114e+00 3.624287719726562500e+02
7.094481046118160883e+00 3.622720947265625000e+02
7.097915798500691764e+00 3.646367492675781250e+02
7.101350550883222645e+00 3.608177185058593750e+02
7.104785303265753527e+00 3.553290100097656250e+02
7.108220055648285296e+00 3.478630676269531250e+02
7.111654808030816177e+00 3.405198974609375000e+02
7.115089560413347947e+00 3.357411499023437500e+02
7.118524312795878828e+00 3.323760375976562500e+02
7.121959065178410597e+00 3.297447509765625000e+02
7.125393817560940590e+00 3.306124877929687500e+02
7.128828569943472360e+00 3.315082702636718750e+02
7.132263322326003241e+00 3.362924499511718750e+02
7.135698074708535010e+00 3.367696228027343750e+02
7.139132827091065892e+00 3.392532348632812500e+02
7.142567579473596773e+00 3.423754272460937500e+02
7.146002331856128542e+00 3.415154113769531250e+02
7.149437084238658535e+00 3.388497619628906250e+02
7.152871836621190305e+00 3.372191772460937500e+02
7.156306589003721186e+00 3.377734680175781250e+02
7.159741341386252955e+00 3.414710693359375000e+02
7.163176093768782948e+00 3.426182250976562500e+02
7.166610846151314718e+00 3.439976196289062500e+02
7.170045598533845599e+00 3.422760620117187500e+02
7.173480350916377368e+00 3.402277832031250000e+02
7.176915103298908249e+00 3.389365539550781250e+02
7.180349855681440019e+00 3.344963378906250000e+02
7.183784608063970900e+00 3.327455139160156250e+02
7.187219360446502670e+00 3.291359863281250000e+02
7.190654112829033551e+00 3.303461608886718750e+02
7.194088865211565320e+00 3.277568664550781250e+02
7.197523617594096201e+00 3.218241271972656250e+02
7.200958369976627971e+00 3.177551574707031250e+02
7.204393122359158852e+00 3.153070373535156250e+02
7.207827874741689733e+00 3.203934936523437500e+02
7.211262627124221503e+00 3.192836303710937500e+02
7.214697379506751496e+00 3.239407958984375000e+02
7.218132131889282377e+00 3.212956237792968750e+02
7.221566884271814146e+00 3.224972839355468750e+02
7.225001636654345027e+00 3.202933959960937500e+02
7.228436389036875909e+00 3.189330444335937500e+02
7.231871141419407678e+00 3.191013488769531250e+02
7.235305893801938559e+00 3.191381835937500000e+02
7.238740646184470329e+00 3.243167419433593750e+02
7.242175398567001210e+00 3.244498901367187500e+02
7.245610150949532979e+00 3.246045837402343750e+02
7.249044903332063861e+00 3.252782592773437500e+02
7.252479655714595630e+00 3.252627868652343750e+02
7.255914408097126511e+00 3.247835083007812500e+02
7.259349160479658281e+00 3.240949707031250000e+02
7.262783912862187385e+00 3.241223754882812500e+02
7.266218665244719155e+00 3.240049133300781250e+02
7.269653417627250036e+00 3.237088012695312500e+02
7.273088170009781805e+00 3.264273681640625000e+02
7.276522922392312687e+00 3.304627990722656250e+02
7.279957674774844456e+00 3.322380371093750000e+02
7.283392427157375337e+00 3.304620971679687500e+02
7.286827179539907107e+00 3.239943237304687500e+02
7.290261931922437988e+00 3.214288024902343750e+02
7.293696684304968869e+00 3.199971008300781250e+02
7.297131436687500639e+00 3.187850036621093750e+02
7.300566189070031520e+00 3.161127319335937500e+02
7.304000941452563289e+00 3.196929016113281250e+02
7.307435693835094170e+00 3.255967102050781250e+02
7.310870446217625940e+00 3.280877380371093750e+02
7.314305198600155045e+00 3.254278869628906250e+02
7.317739950982686814e+00 3.207040100097656250e+02
7.321174703365217695e+00 3.227570800781250000e+02
7.324609455747749465e+00 3.239235229492187500e+02
7.328044208130280346e+00 3.233527221679687500e+02
7.331478960512812115e+00 3.172827453613281250e+02
7.334913712895342996e+00 3.172560424804687500e+02
7.338348465277874766e+00 3.222987670898437500e+02
7.341783217660405647e+00 3.252651367187500000e+02
7.345217970042937417e+00 3.257253112792968750e+02
7.348652722425468298e+00 3.237817382812500000e+02
7.352087474808000067e+00 3.240900878906250000e+02
7.355522227190530948e+00 3.246833801269531250e+02
7.358956979573061830e+00 3.268190612792968750e+02
7.362391731955593599e+00 3.349197692871093750e+02
7.365826484338123592e+00 3.393807678222656250e+02
7.369261236720654473e+00 3.380349121093750000e+02
7.372695989103186243e+00 3.289754028320312500e+02
7.376130741485717124e+00 3.259323120117187500e+02
7.379565493868248005e+00 3.241688842773437500e+02
7.383000246250779774e+00 3.262635803222656250e+02
7.386434998633310656e+00 3.264839782714843750e+02
7.389869751015842425e+00 3.283427734375000000e+02
7.393304503398373306e+00 3.306871032714843750e+02
7.396739255780905076e+00 3.327521362304687500e+02
7.400174008163435957e+00 3.373993530273437500e+02
7.403608760545967726e+00 3.358088073730468750e+02
7.407043512928498608e+00 3.325387878417968750e+02
7.410478265311030377e+00 3.292298583984375000e+02
7.413913017693559482e+00 3.289502563476562500e+02
7.417347770076091251e+00 3.299618225097656250e+02
7.420782522458622132e+00 3.322045593261718750e+02
7.424217274841153902e+00 3.303364562988281250e+02
7.427652027223684783e+00 3.318353881835937500e+02
7.431086779606216552e+00 3.334645385742187500e+02
7.434521531988747434e+00 3.423311157226562500e+02
7.437956284371279203e+00 3.571524047851562500e+02
