# # sector 13: chi = -45.01 deg (range [-50, -40))
# # columns: 2theta(deg)  intensity
1.052751605245807909e+00 1.243178588867187500e+03
1.056186357628339012e+00 1.254371459960937500e+03
1.059621110010870337e+00 1.261982299804687500e+03
1.063055862393401441e+00 1.259763793945312500e+03
1.066490614775932544e+00 1.270213745117187500e+03
1.069925367158463869e+00 1.278516479492187500e+03
1.073360119540994972e+00 1.272528930664062500e+03
1.076794871923526298e+00 1.252082885742187500e+03
1.080229624306057401e+00 1.237601928710937500e+03
1.083664376688588726e+00 1.246619750976562500e+03
1.087099129071119830e+00 1.250702514648437500e+03
1.090533881453650933e+00 1.264940673828125000e+03
1.093968633836182036e+00 1.262341186523437500e+03
1.097403386218713361e+00 1.265265136718750000e+03
1.100838138601244465e+00 1.261805664062500000e+03
1.104272890983775568e+00 1.270753540039062500e+03
1.107707643366306893e+00 1.282339477539062500e+03
1.111142395748837997e+00 1.286287841796875000e+03
1.114577148131369322e+00 1.282241333007812500e+03
1.118011900513900425e+00 1.274815917968750000e+03
1.121446652896431750e+00 1.271706420898437500e+03
1.124881405278962854e+00 1.269592285156250000e+03
1.128316157661493957e+00 1.280084106445312500e+03
1.131750910044025060e+00 1.289236206054687500e+03
1.135185662426556386e+00 1.300443115234375000e+03
1.138620414809087489e+00 1.298006469726562500e+03
1.142055167191618592e+00 1.299196899414062500e+03
1.145489919574149917e+00 1.298946289062500000e+03
1.148924671956681021e+00 1.300726684570312500e+03
1.152359424339212346e+00 1.304953491210937500e+03
1.155794176721743449e+00 1.310101318359375000e+03
1.159228929104274775e+00 1.316403076171875000e+03
1.162663681486805878e+00 1.315412353515625000e+03
1.166098433869336981e+00 1.318470947265625000e+03
1.169533186251868084e+00 1.324585083007812500e+03
1.172967938634399410e+00 1.329553222656250000e+03
1.176402691016930513e+00 1.329473754882812500e+03
1.179837443399461616e+00 1.323256591796875000e+03
1.183272195781992941e+00 1.321950805664062500e+03
1.186706948164524045e+00 1.327093261718750000e+03
1.190141700547055370e+00 1.335107666015625000e+03
1.193576452929586473e+00 1.339070800781250000e+03
1.197011205312117799e+00 1.332231079101562500e+03
1.200445957694648902e+00 1.324458984375000000e+03
1.203880710077180005e+00 1.328138793945312500e+03
1.207315462459711108e+00 1.336485717773437500e+03
1.210750214842242434e+00 1.347829223632812500e+03
1.214184967224773537e+00 1.347178833007812500e+03
1.217619719607304640e+00 1.348032714843750000e+03
1.221054471989835966e+00 1.347390625000000000e+03
1.224489224372367069e+00 1.357400024414062500e+03
1.227923976754898394e+00 1.373281250000000000e+03
1.231358729137429497e+00 1.387854736328125000e+03
1.234793481519960823e+00 1.388787109375000000e+03
1.238228233902491926e+00 1.392245239257812500e+03
1.241662986285023029e+00 1.398803466796875000e+03
1.245097738667554133e+00 1.397512084960937500e+03
1.248532491050085236e+00 1.378632568359375000e+03
1.251967243432616561e+00 1.359118164062500000e+03
1.255401995815147664e+00 1.358217529296875000e+03
1.258836748197678990e+00 1.364516235351562500e+03
1.262271500580210093e+00 1.373917602539062500e+03
1.265706252962741418e+00 1.379617187500000000e+03
1.269141005345272522e+00 1.389677856445312500e+03
1.272575757727803847e+00 1.399770141601562500e+03
1.276010510110334950e+00 1.403334106445312500e+03
1.279445262492866053e+00 1.408256958007812500e+03
1.282880014875397157e+00 1.405350585937500000e+03
1.286314767257928260e+00 1.408369750976562500e+03
1.289749519640459585e+00 1.407001831054687500e+03
1.293184272022990688e+00 1.413110839843750000e+03
1.296619024405522014e+00 1.410899902343750000e+03
1.300053776788053117e+00 1.409058837890625000e+03
1.303488529170584442e+00 1.409266357421875000e+03
1.306923281553115546e+00 1.417767456054687500e+03
1.310358033935646871e+00 1.421646850585937500e+03
1.313792786318177974e+00 1.420184326171875000e+03
1.317227538700709077e+00 1.416938354492187500e+03
1.320662291083240181e+00 1.416227539062500000e+03
1.324097043465771284e+00 1.417473510742187500e+03
1.327531795848302609e+00 1.424213378906250000e+03
1.330966548230833713e+00 1.442054321289062500e+03
1.334401300613365038e+00 1.469146484375000000e+03
1.337836052995896141e+00 1.498090576171875000e+03
1.341270805378427466e+00 1.534950683593750000e+03
1.344705557760958570e+00 1.562260864257812500e+03
1.348140310143489895e+00 1.582969482421875000e+03
1.351575062526020998e+00 1.592885131835937500e+03
1.355009814908552102e+00 1.565752685546875000e+03
1.358444567291083205e+00 1.530535644531250000e+03
1.361879319673614308e+00 1.486832641601562500e+03
1.365314072056145633e+00 1.463245849609375000e+03
1.368748824438676737e+00 1.451166381835937500e+03
1.372183576821208062e+00 1.439926879882812500e+03
1.375618329203739165e+00 1.436062744140625000e+03
1.379053081586270491e+00 1.434689575195312500e+03
1.382487833968801594e+00 1.441645019531250000e+03
1.385922586351332919e+00 1.448827026367187500e+03
1.389357338733864022e+00 1.457915405273437500e+03
1.392792091116395126e+00 1.455457641601562500e+03
1.396226843498926229e+00 1.462399780273437500e+03
1.399661595881457332e+00 1.459981689453125000e+03
1.403096348263988657e+00 1.461912597656250000e+03
1.406531100646519761e+00 1.455202758789062500e+03
1.409965853029051086e+00 1.456424804687500000e+03
1.413400605411582189e+00 1.453518066406250000e+03
1.416835357794113515e+00 1.455483886718750000e+03
1.420270110176644618e+00 1.452893066406250000e+03
1.423704862559175943e+00 1.460666137695312500e+03
1.427139614941707046e+00 1.477231689453125000e+03
1.430574367324238150e+00 1.488856445312500000e+03
1.434009119706769253e+00 1.492201049804687500e+03
1.437443872089300356e+00 1.495704223632812500e+03
1.440878624471831682e+00 1.498696411132812500e+03
1.444313376854362785e+00 1.503195312500000000e+03
1.447748129236894110e+00 1.499038574218750000e+03
1.451182881619425213e+00 1.495411621093750000e+03
1.454617634001956539e+00 1.490936401367187500e+03
1.458052386384487642e+00 1.499358764648437500e+03
1.461487138767018967e+00 1.510761352539062500e+03
1.464921891149550071e+00 1.516115356445312500e+03
1.468356643532081174e+00 1.505301391601562500e+03
1.471791395914612277e+00 1.492347534179687500e+03
1.475226148297143380e+00 1.486359375000000000e+03
1.478660900679674706e+00 1.489115356445312500e+03
1.482095653062205809e+00 1.496255004882812500e+03
1.485530405444737134e+00 1.503436523437500000e+03
1.488965157827268238e+00 1.495224609375000000e+03
1.492399910209799563e+00 1.488662719726562500e+03
1.495834662592330666e+00 1.483277832031250000e+03
1.499269414974861991e+00 1.496069213867187500e+03
1.502704167357393095e+00 1.498219116210937500e+03
1.506138919739924198e+00 1.505507080078125000e+03
1.509573672122455301e+00 1.507408447265625000e+03
1.513008424504986404e+00 1.504949218750000000e+03
1.516443176887517730e+00 1.496916015625000000e+03
1.519877929270048833e+00 1.491582397460937500e+03
1.523312681652580158e+00 1.506526855468750000e+03
1.526747434035111262e+00 1.513790405273437500e+03
1.530182186417642587e+00 1.518379272460937500e+03
1.533616938800173690e+00 1.518903198242187500e+03
1.537051691182705015e+00 1.522171508789062500e+03
1.540486443565236119e+00 1.522604614257812500e+03
1.543921195947767222e+00 1.524414062500000000e+03
1.547355948330298325e+00 1.526193969726562500e+03
1.550790700712829429e+00 1.529160522460937500e+03
1.554225453095360754e+00 1.525779296875000000e+03
1.557660205477891857e+00 1.524239135742187500e+03
1.561094957860423182e+00 1.526889160156250000e+03
1.564529710242954286e+00 1.540963623046875000e+03
1.567964462625485611e+00 1.549887451171875000e+03
1.571399215008016714e+00 1.561239135742187500e+03
1.574833967390548040e+00 1.557758056640625000e+03
1.578268719773079143e+00 1.562979492187500000e+03
1.581703472155610246e+00 1.564211425781250000e+03
1.585138224538141349e+00 1.566349487304687500e+03
1.588572976920672453e+00 1.557695678710937500e+03
1.592007729303203778e+00 1.551221679687500000e+03
1.595442481685734881e+00 1.550453002929687500e+03
1.598877234068266207e+00 1.549646972656250000e+03
1.602311986450797310e+00 1.548775756835937500e+03
1.605746738833328635e+00 1.560772705078125000e+03
1.609181491215859738e+00 1.578599121093750000e+03
1.612616243598391064e+00 1.601521972656250000e+03
1.616050995980922167e+00 1.632485473632812500e+03
1.619485748363453270e+00 1.687316284179687500e+03
1.622920500745984373e+00 1.750224365234375000e+03
1.626355253128515477e+00 1.823879272460937500e+03
1.629790005511046802e+00 1.865950073242187500e+03
1.633224757893577905e+00 1.867916137695312500e+03
1.636659510276109231e+00 1.835902099609375000e+03
1.640094262658640334e+00 1.768406005859375000e+03
1.643529015041171659e+00 1.714541992187500000e+03
1.646963767423702762e+00 1.656678955078125000e+03
1.650398519806234088e+00 1.628026245117187500e+03
1.653833272188765191e+00 1.616702636718750000e+03
1.657268024571296294e+00 1.617762451171875000e+03
1.660702776953827398e+00 1.608229614257812500e+03
1.664137529336358501e+00 1.596275512695312500e+03
1.667572281718889826e+00 1.583367675781250000e+03
1.671007034101420929e+00 1.584771362304687500e+03
1.674441786483952255e+00 1.592536743164062500e+03
1.677876538866483358e+00 1.605761840820312500e+03
1.681311291249014683e+00 1.601817016601562500e+03
1.684746043631545787e+00 1.598621459960937500e+03
1.688180796014076890e+00 1.588218505859375000e+03
1.691615548396608215e+00 1.588949584960937500e+03
1.695050300779139318e+00 1.585817016601562500e+03
1.698485053161670422e+00 1.593962158203125000e+03
1.701919805544201525e+00 1.593788330078125000e+03
1.705354557926732850e+00 1.593979614257812500e+03
1.708789310309263954e+00 1.585921020507812500e+03
1.712224062691795279e+00 1.579190917968750000e+03
1.715658815074326382e+00 1.577457885742187500e+03
1.719093567456857707e+00 1.570814453125000000e+03
1.722528319839388811e+00 1.566179199218750000e+03
1.725963072221919914e+00 1.558736572265625000e+03
1.729397824604451239e+00 1.562647094726562500e+03
1.732832576986982343e+00 1.575894409179687500e+03
1.736267329369513446e+00 1.583649414062500000e+03
1.739702081752044549e+00 1.585677001953125000e+03
1.743136834134575874e+00 1.579320556640625000e+03
1.746571586517106978e+00 1.574757934570312500e+03
1.750006338899638303e+00 1.577981689453125000e+03
1.753441091282169406e+00 1.576458496093750000e+03
1.756875843664700731e+00 1.576962158203125000e+03
1.760310596047231835e+00 1.568153076171875000e+03
1.763745348429762938e+00 1.563644165039062500e+03
1.767180100812294263e+00 1.567182250976562500e+03
1.770614853194825367e+00 1.577282958984375000e+03
1.774049605577356470e+00 1.586897583007812500e+03
1.777484357959887573e+00 1.593216186523437500e+03
1.780919110342418898e+00 1.584029785156250000e+03
1.784353862724950002e+00 1.575833007812500000e+03
1.787788615107481327e+00 1.551732543945312500e+03
1.791223367490012208e+00 1.537531127929687500e+03
1.794658119872543534e+00 1.522625610351562500e+03
1.798092872255074859e+00 1.514067382812500000e+03
1.801527624637606184e+00 1.501412841796875000e+03
1.804962377020137065e+00 1.498515625000000000e+03
1.808397129402668391e+00 1.485835571289062500e+03
1.811831881785199494e+00 1.481902832031250000e+03
1.815266634167730819e+00 1.466958862304687500e+03
1.818701386550261700e+00 1.456709228515625000e+03
1.822136138932793026e+00 1.466232543945312500e+03
1.825570891315324351e+00 1.474820068359375000e+03
1.829005643697855676e+00 1.480821899414062500e+03
1.832440396080386558e+00 1.470562988281250000e+03
1.835875148462917883e+00 1.459588256835937500e+03
1.839309900845449208e+00 1.446814331054687500e+03
1.842744653227980089e+00 1.445151733398437500e+03
1.846179405610511415e+00 1.440192382812500000e+03
1.849614157993042740e+00 1.438295532226562500e+03
1.853048910375573843e+00 1.422736083984375000e+03
1.856483662758104725e+00 1.410634399414062500e+03
1.859918415140636050e+00 1.408494018554687500e+03
1.863353167523167375e+00 1.402686157226562500e+03
1.866787919905698701e+00 1.407064575195312500e+03
1.870222672288229582e+00 1.405844970703125000e+03
1.873657424670760907e+00 1.413504394531250000e+03
1.877092177053292232e+00 1.414986694335937500e+03
1.880526929435823114e+00 1.409369995117187500e+03
1.883961681818354439e+00 1.403236572265625000e+03
1.887396434200885764e+00 1.391253540039062500e+03
1.890831186583416867e+00 1.384997802734375000e+03
1.894265938965947749e+00 1.358871826171875000e+03
1.897700691348479074e+00 1.344077026367187500e+03
1.901135443731010399e+00 1.330870483398437500e+03
1.904570196113541725e+00 1.332813110351562500e+03
1.908004948496072606e+00 1.324953979492187500e+03
1.911439700878603931e+00 1.312697387695312500e+03
1.914874453261135256e+00 1.308136962890625000e+03
1.918309205643666138e+00 1.309411621093750000e+03
1.921743958026197463e+00 1.308524414062500000e+03
1.925178710408728788e+00 1.303576171875000000e+03
1.928613462791259892e+00 1.292955932617187500e+03
1.932048215173790773e+00 1.283571044921875000e+03
1.935482967556322098e+00 1.275784423828125000e+03
1.938917719938853423e+00 1.277139770507812500e+03
1.942352472321384749e+00 1.274109375000000000e+03
1.945787224703915630e+00 1.265938110351562500e+03
1.949221977086446955e+00 1.257157958984375000e+03
1.952656729468978281e+00 1.259026855468750000e+03
1.956091481851509162e+00 1.260499145507812500e+03
1.959526234234040487e+00 1.260107666015625000e+03
1.962960986616571812e+00 1.258713623046875000e+03
1.966395738999102916e+00 1.257200683593750000e+03
1.969830491381633797e+00 1.262814453125000000e+03
1.973265243764165122e+00 1.261853271484375000e+03
1.976699996146696447e+00 1.260467773437500000e+03
1.980134748529227329e+00 1.260215698242187500e+03
1.983569500911758654e+00 1.268692382812500000e+03
1.987004253294289979e+00 1.294359497070312500e+03
1.990439005676821305e+00 1.365579467773437500e+03
1.993873758059352186e+00 1.448975341796875000e+03
1.997308510441883511e+00 1.544386474609375000e+03
2.000743262824414614e+00 1.625090332031250000e+03
2.004178015206945940e+00 1.635193725585937500e+03
2.007612767589476821e+00 1.609829101562500000e+03
2.011047519972008146e+00 1.501380004882812500e+03
2.014482272354539472e+00 1.404649902343750000e+03
2.017917024737070353e+00 1.302811157226562500e+03
2.021351777119601678e+00 1.236015014648437500e+03
2.024786529502133003e+00 1.205103637695312500e+03
2.028221281884664329e+00 1.189658813476562500e+03
2.031656034267195210e+00 1.189084228515625000e+03
2.035090786649726535e+00 1.189591064453125000e+03
2.038525539032257861e+00 1.188308593750000000e+03
2.041960291414789186e+00 1.172872192382812500e+03
2.045395043797320067e+00 1.156644653320312500e+03
2.048829796179851392e+00 1.154112548828125000e+03
2.052264548562382718e+00 1.158830444335937500e+03
2.055699300944913599e+00 1.155857666015625000e+03
2.059134053327444924e+00 1.153983154296875000e+03
2.062568805709975805e+00 1.144997192382812500e+03
2.066003558092507131e+00 1.151309326171875000e+03
2.069438310475038012e+00 1.144992065429687500e+03
2.072873062857569337e+00 1.144994873046875000e+03
2.076307815240100663e+00 1.136368408203125000e+03
2.079742567622631988e+00 1.131313354492187500e+03
2.083177320005162869e+00 1.123043457031250000e+03
2.086612072387694194e+00 1.108569824218750000e+03
2.090046824770225520e+00 1.104408447265625000e+03
2.093481577152756401e+00 1.103379394531250000e+03
2.096916329535287726e+00 1.104660644531250000e+03
2.100351081917819052e+00 1.098864257812500000e+03
2.103785834300350377e+00 1.090680175781250000e+03
2.107220586682881258e+00 1.090504028320312500e+03
2.110655339065412583e+00 1.090674682617187500e+03
2.114090091447943909e+00 1.090753295898437500e+03
2.117524843830475234e+00 1.088308959960937500e+03
2.120959596213006115e+00 1.085106201171875000e+03
2.124394348595537441e+00 1.080695068359375000e+03
2.127829100978068766e+00 1.063290527343750000e+03
2.131263853360599647e+00 1.056408569335937500e+03
2.134698605743130972e+00 1.048413818359375000e+03
2.138133358125661854e+00 1.046941162109375000e+03
2.141568110508193179e+00 1.045358276367187500e+03
2.145002862890724060e+00 1.042119506835937500e+03
2.148437615273255386e+00 1.041698608398437500e+03
2.151872367655786711e+00 1.036584716796875000e+03
2.155307120038318036e+00 1.037813476562500000e+03
2.158741872420848917e+00 1.042838378906250000e+03
2.162176624803380243e+00 1.046311767578125000e+03
2.165611377185911568e+00 1.043286376953125000e+03
2.169046129568442449e+00 1.037656494140625000e+03
2.172480881950973775e+00 1.038812622070312500e+03
2.175915634333505100e+00 1.040361938476562500e+03
2.179350386716036425e+00 1.040512084960937500e+03
2.182785139098567306e+00 1.041247070312500000e+03
2.186219891481098632e+00 1.043006958007812500e+03
2.189654643863629957e+00 1.030872558593750000e+03
2.193089396246161282e+00 1.014722229003906250e+03
2.196524148628692163e+00 1.001212158203125000e+03
2.199958901011223489e+00 9.990960083007812500e+02
2.203393653393754814e+00 9.931759033203125000e+02
2.206828405776285695e+00 9.899860229492187500e+02
2.210263158158817021e+00 9.841600341796875000e+02
2.213697910541347902e+00 9.813592529296875000e+02
2.217132662923879227e+00 9.818924560546875000e+02
2.220567415306410108e+00 9.860709228515625000e+02
2.224002167688941434e+00 9.915795898437500000e+02
2.227436920071472759e+00 9.918046875000000000e+02
2.230871672454004084e+00 9.879284667968750000e+02
2.234306424836534966e+00 9.850247802734375000e+02
2.237741177219066291e+00 9.817630004882812500e+02
2.241175929601597616e+00 9.778029174804687500e+02
2.244610681984128497e+00 9.716168823242187500e+02
2.248045434366659823e+00 9.644229736328125000e+02
2.251480186749191148e+00 9.601072998046875000e+02
2.254914939131722473e+00 9.563422241210937500e+02
2.258349691514253355e+00 9.568100585937500000e+02
2.261784443896784680e+00 9.551543579101562500e+02
2.265219196279316005e+00 9.528391113281250000e+02
2.268653948661847330e+00 9.578690795898437500e+02
2.272088701044378212e+00 9.568097534179687500e+02
2.275523453426909537e+00 9.510212402343750000e+02
2.278958205809440862e+00 9.438824462890625000e+02
2.282392958191971744e+00 9.462779541015625000e+02
2.285827710574503069e+00 9.522496948242187500e+02
2.289262462957033950e+00 9.564786376953125000e+02
2.292697215339565275e+00 9.550654907226562500e+02
2.296131967722096157e+00 9.531984252929687500e+02
2.299566720104627482e+00 9.554396362304687500e+02
2.303001472487158807e+00 9.700047607421875000e+02
2.306436224869690133e+00 1.002903930664062500e+03
2.309870977252221014e+00 1.069738891601562500e+03
2.313305729634752339e+00 1.140104003906250000e+03
2.316740482017283664e+00 1.215101928710937500e+03
2.320175234399814546e+00 1.269330932617187500e+03
2.323609986782345871e+00 1.272994384765625000e+03
2.327044739164877196e+00 1.233039916992187500e+03
2.330479491547408522e+00 1.152765380859375000e+03
2.333914243929939403e+00 1.080794067382812500e+03
2.337348996312470728e+00 1.019822265625000000e+03
2.340783748695002053e+00 9.760009155273437500e+02
2.344218501077533379e+00 9.485093383789062500e+02
2.347653253460064260e+00 9.222249145507812500e+02
2.351088005842595585e+00 8.975450439453125000e+02
2.354522758225126911e+00 8.957800903320312500e+02
2.357957510607657792e+00 9.032553710937500000e+02
2.361392262990189117e+00 9.049294433593750000e+02
2.364827015372720442e+00 9.009576416015625000e+02
2.368261767755251324e+00 8.995028076171875000e+02
2.371696520137782205e+00 8.962141723632812500e+02
2.375131272520313530e+00 8.891762695312500000e+02
2.378566024902844855e+00 8.834625244140625000e+02
2.382000777285376181e+00 8.905330200195312500e+02
2.385435529667907062e+00 8.921627197265625000e+02
2.388870282050438387e+00 8.891765747070312500e+02
2.392305034432969713e+00 8.782338867187500000e+02
2.395739786815500594e+00 8.707582397460937500e+02
2.399174539198031919e+00 8.688566284179687500e+02
2.402609291580563244e+00 8.607778930664062500e+02
2.406044043963094570e+00 8.532986450195312500e+02
2.409478796345625451e+00 8.445026855468750000e+02
2.412913548728156776e+00 8.423015136718750000e+02
2.416348301110688102e+00 8.484020385742187500e+02
2.419783053493219427e+00 8.534257202148437500e+02
2.423217805875750308e+00 8.595872192382812500e+02
2.426652558258281633e+00 8.464816894531250000e+02
2.430087310640812959e+00 8.401808471679687500e+02
2.433522063023343840e+00 8.315128784179687500e+02
2.436956815405875165e+00 8.311312866210937500e+02
2.440391567788406491e+00 8.319086303710937500e+02
2.443826320170937372e+00 8.311065063476562500e+02
2.447261072553468253e+00 8.352401123046875000e+02
2.450695824935999578e+00 8.400792846679687500e+02
2.454130577318530904e+00 8.411672973632812500e+02
2.457565329701061785e+00 8.403826293945312500e+02
2.461000082083593110e+00 8.312797241210937500e+02
2.464434834466124435e+00 8.295772705078125000e+02
2.467869586848655761e+00 8.317257690429687500e+02
2.471304339231186642e+00 8.354031372070312500e+02
2.474739091613717967e+00 8.335422973632812500e+02
2.478173843996249293e+00 8.243944091796875000e+02
2.481608596378780618e+00 8.204020996093750000e+02
2.485043348761311499e+00 8.202703247070312500e+02
2.488478101143842824e+00 8.201103515625000000e+02
2.491912853526374150e+00 8.313778076171875000e+02
2.495347605908905031e+00 8.408945312500000000e+02
2.498782358291436356e+00 8.536226196289062500e+02
2.502217110673967682e+00 8.657295532226562500e+02
2.505651863056499007e+00 8.958954467773437500e+02
2.509086615439029888e+00 9.390772094726562500e+02
2.512521367821561213e+00 9.700595092773437500e+02
2.515956120204092539e+00 9.618090209960937500e+02
2.519390872586623420e+00 9.303677368164062500e+02
2.522825624969154301e+00 8.819703369140625000e+02
2.526260377351685626e+00 8.543757934570312500e+02
2.529695129734216952e+00 8.327608032226562500e+02
2.533129882116747833e+00 8.205384521484375000e+02
2.536564634499279158e+00 8.092156982421875000e+02
2.539999386881810484e+00 8.035062255859375000e+02
2.543434139264341809e+00 8.049487304687500000e+02
2.546868891646872690e+00 8.003706665039062500e+02
2.550303644029404015e+00 7.950346679687500000e+02
2.553738396411935341e+00 7.855447387695312500e+02
2.557173148794466666e+00 7.824390258789062500e+02
2.560607901176997547e+00 7.731069335937500000e+02
2.564042653559528873e+00 7.700122070312500000e+02
2.567477405942060198e+00 7.649265136718750000e+02
2.570912158324591079e+00 7.678501586914062500e+02
2.574346910707122404e+00 7.668097534179687500e+02
2.577781663089653730e+00 7.753020019531250000e+02
2.581216415472185055e+00 7.747227783203125000e+02
2.584651167854715936e+00 7.699357910156250000e+02
2.588085920237247262e+00 7.648148193359375000e+02
2.591520672619778587e+00 7.697471313476562500e+02
2.594955425002309468e+00 7.747271728515625000e+02
2.598390177384840349e+00 7.704378662109375000e+02
2.601824929767371675e+00 7.626457519531250000e+02
2.605259682149903000e+00 7.517230834960937500e+02
2.608694434532433881e+00 7.560303955078125000e+02
2.612129186914965207e+00 7.568301391601562500e+02
2.615563939297496532e+00 7.570404663085937500e+02
2.618998691680027857e+00 7.501600952148437500e+02
2.622433444062558738e+00 7.497764892578125000e+02
2.625868196445090064e+00 7.505077514648437500e+02
2.629302948827621389e+00 7.501294555664062500e+02
2.632737701210152714e+00 7.536394653320312500e+02
2.636172453592683596e+00 7.536981201171875000e+02
2.639607205975214921e+00 7.540391235351562500e+02
2.643041958357746246e+00 7.538917236328125000e+02
2.646476710740277127e+00 7.551204223632812500e+02
2.649911463122808453e+00 7.571788330078125000e+02
2.653346215505339778e+00 7.535710449218750000e+02
2.656780967887871103e+00 7.523062133789062500e+02
2.660215720270401984e+00 7.392138061523437500e+02
2.663650472652933310e+00 7.262579345703125000e+02
2.667085225035464635e+00 7.205062866210937500e+02
2.670519977417995516e+00 7.250043945312500000e+02
2.673954729800526398e+00 7.342661743164062500e+02
2.677389482183057723e+00 7.339457397460937500e+02
2.680824234565589048e+00 7.271236572265625000e+02
2.684258986948119929e+00 7.240568847656250000e+02
2.687693739330651255e+00 7.269221801757812500e+02
2.691128491713182580e+00 7.299219970703125000e+02
2.694563244095713905e+00 7.278838500976562500e+02
2.697997996478244787e+00 7.227723388671875000e+02
2.701432748860776112e+00 7.192630004882812500e+02
2.704867501243307437e+00 7.265577392578125000e+02
2.708302253625838762e+00 7.347340087890625000e+02
2.711737006008369644e+00 7.403684082031250000e+02
2.715171758390900969e+00 7.357321166992187500e+02
2.718606510773432294e+00 7.292997436523437500e+02
2.722041263155963176e+00 7.272807006835937500e+02
2.725476015538494501e+00 7.327996826171875000e+02
2.728910767921025826e+00 7.346176757812500000e+02
2.732345520303557151e+00 7.404871215820312500e+02
2.735780272686088033e+00 7.358183593750000000e+02
2.739215025068619358e+00 7.360841674804687500e+02
2.742649777451150683e+00 7.357910156250000000e+02
2.746084529833681565e+00 7.426884765625000000e+02
2.749519282216212890e+00 7.581245117187500000e+02
2.752954034598743771e+00 7.918807983398437500e+02
2.756388786981275096e+00 8.677229614257812500e+02
2.759823539363805978e+00 9.762259521484375000e+02
2.763258291746337303e+00 1.074196899414062500e+03
2.766693044128868628e+00 1.166906250000000000e+03
2.770127796511399954e+00 1.180556884765625000e+03
2.773562548893930835e+00 1.143736450195312500e+03
2.776997301276462160e+00 1.045557983398437500e+03
2.780432053658993485e+00 9.312583618164062500e+02
2.783866806041524811e+00 8.430760498046875000e+02
2.787301558424055692e+00 7.803016357421875000e+02
2.790736310806587017e+00 7.440779418945312500e+02
2.794171063189118343e+00 7.272789306640625000e+02
2.797605815571649224e+00 7.123167114257812500e+02
2.801040567954180549e+00 7.119035034179687500e+02
2.804475320336711874e+00 7.119063720703125000e+02
2.807910072719243200e+00 7.123066406250000000e+02
2.811344825101774081e+00 7.062709960937500000e+02
2.814779577484305406e+00 7.032677001953125000e+02
2.818214329866836731e+00 7.033891601562500000e+02
2.821649082249367613e+00 7.103417968750000000e+02
2.825083834631898938e+00 7.237131347656250000e+02
2.828518587014429819e+00 7.471210937500000000e+02
2.831953339396961145e+00 7.847247314453125000e+02
2.835388091779492026e+00 8.165988159179687500e+02
2.838822844162023351e+00 8.331687622070312500e+02
2.842257596544554676e+00 8.292771606445312500e+02
2.845692348927086002e+00 8.043077392578125000e+02
2.849127101309616883e+00 7.731846923828125000e+02
2.852561853692148208e+00 7.342518920898437500e+02
2.855996606074679534e+00 7.060505981445312500e+02
2.859431358457210415e+00 6.910390625000000000e+02
2.862866110839741740e+00 6.851544799804687500e+02
2.866300863222273065e+00 6.796600952148437500e+02
2.869735615604804391e+00 6.701139526367187500e+02
2.873170367987335272e+00 6.650082397460937500e+02
2.876605120369866597e+00 6.612885131835937500e+02
2.880039872752397923e+00 6.654930419921875000e+02
2.883474625134929248e+00 6.677508544921875000e+02
2.886909377517460129e+00 6.712518310546875000e+02
2.890344129899991454e+00 6.718690185546875000e+02
2.893778882282522780e+00 6.741275634765625000e+02
2.897213634665053661e+00 6.800213623046875000e+02
2.900648387047584986e+00 6.818818359375000000e+02
2.904083139430115867e+00 6.819382324218750000e+02
2.907517891812647193e+00 6.777042846679687500e+02
2.910952644195178074e+00 6.763380737304687500e+02
2.914387396577709399e+00 6.690412597656250000e+02
2.917822148960240725e+00 6.768076171875000000e+02
2.921256901342772050e+00 6.830610351562500000e+02
2.924691653725302931e+00 6.932926025390625000e+02
2.928126406107834256e+00 6.994360351562500000e+02
2.931561158490365582e+00 7.185389404296875000e+02
2.934995910872896463e+00 7.428582153320312500e+02
2.938430663255427788e+00 7.736730346679687500e+02
2.941865415637959114e+00 7.806412353515625000e+02
2.945300168020490439e+00 7.713572387695312500e+02
2.948734920403021320e+00 7.383566284179687500e+02
2.952169672785552645e+00 7.110836791992187500e+02
2.955604425168083971e+00 6.926770629882812500e+02
2.959039177550615296e+00 6.857756958007812500e+02
2.962473929933146177e+00 6.818875732421875000e+02
2.965908682315677503e+00 6.858218383789062500e+02
2.969343434698208828e+00 7.033067016601562500e+02
2.972778187080739709e+00 7.364178466796875000e+02
2.976212939463271034e+00 7.762460937500000000e+02
2.979647691845801916e+00 8.188323364257812500e+02
2.983082444228333241e+00 8.505043334960937500e+02
2.986517196610864122e+00 8.432835083007812500e+02
2.989951948993395447e+00 8.125111083984375000e+02
2.993386701375926773e+00 7.573056030273437500e+02
2.996821453758458098e+00 7.156971435546875000e+02
3.000256206140988979e+00 6.822734985351562500e+02
3.003690958523520305e+00 6.612152709960937500e+02
3.007125710906051630e+00 6.508405761718750000e+02
3.010560463288582511e+00 6.411463012695312500e+02
3.013995215671113836e+00 6.311817626953125000e+02
3.017429968053645162e+00 6.328492431640625000e+02
3.020864720436176487e+00 6.352071533203125000e+02
3.024299472818707368e+00 6.425343627929687500e+02
3.027734225201238694e+00 6.441165771484375000e+02
3.031168977583770019e+00 6.431897583007812500e+02
3.034603729966301344e+00 6.522663574218750000e+02
3.038038482348832225e+00 6.611525878906250000e+02
3.041473234731363551e+00 6.805919189453125000e+02
3.044907987113894876e+00 6.922692871093750000e+02
3.048342739496425757e+00 7.048597412109375000e+02
3.051777491878957083e+00 7.083846435546875000e+02
3.055212244261487964e+00 7.086720581054687500e+02
3.058646996644019289e+00 7.093292846679687500e+02
3.062081749026550170e+00 7.084140014648437500e+02
3.065516501409081496e+00 7.093441162109375000e+02
3.068951253791612821e+00 7.228278198242187500e+02
3.072386006174144146e+00 7.374515380859375000e+02
3.075820758556675028e+00 7.574899902343750000e+02
3.079255510939206353e+00 7.602685546875000000e+02
3.082690263321737678e+00 7.542578735351562500e+02
3.086125015704268559e+00 7.355142822265625000e+02
3.089559768086799885e+00 7.081994018554687500e+02
3.092994520469331210e+00 6.869282226562500000e+02
3.096429272851862535e+00 6.640322875976562500e+02
3.099864025234393416e+00 6.429434814453125000e+02
3.103298777616924742e+00 6.334566040039062500e+02
3.106733529999456067e+00 6.283941040039062500e+02
3.110168282381987392e+00 6.267481689453125000e+02
3.113603034764518274e+00 6.259122924804687500e+02
3.117037787147049599e+00 6.308385009765625000e+02
3.120472539529580924e+00 6.323018798828125000e+02
3.123907291912111805e+00 6.248824462890625000e+02
3.127342044294643131e+00 6.158048095703125000e+02
3.130776796677174012e+00 6.149371948242187500e+02
3.134211549059705337e+00 6.151746215820312500e+02
3.137646301442236219e+00 6.172175903320312500e+02
3.141081053824767544e+00 6.207315063476562500e+02
3.144515806207298869e+00 6.276804809570312500e+02
3.147950558589830194e+00 6.245314941406250000e+02
3.151385310972361076e+00 6.177181396484375000e+02
3.154820063354892401e+00 6.117312622070312500e+02
3.158254815737423726e+00 6.146799316406250000e+02
3.161689568119954608e+00 6.163735351562500000e+02
3.165124320502485933e+00 6.195716552734375000e+02
3.168559072885017258e+00 6.194082641601562500e+02
3.171993825267548583e+00 6.161943359375000000e+02
3.175428577650079465e+00 6.103142089843750000e+02
3.178863330032610790e+00 6.116299438476562500e+02
3.182298082415142115e+00 6.180467529296875000e+02
3.185732834797673441e+00 6.235395507812500000e+02
3.189167587180204322e+00 6.230518798828125000e+02
3.192602339562735647e+00 6.170690307617187500e+02
3.196037091945266972e+00 6.136365966796875000e+02
3.199471844327797854e+00 6.063750000000000000e+02
3.202906596710329179e+00 6.033084106445312500e+02
3.206341349092860060e+00 6.052424316406250000e+02
3.209776101475391386e+00 6.088057861328125000e+02
3.213210853857922267e+00 6.201395263671875000e+02
3.216645606240453592e+00 6.167479248046875000e+02
3.220080358622984917e+00 6.156926879882812500e+02
3.223515111005516243e+00 6.069876098632812500e+02
3.226949863388047124e+00 6.071806030273437500e+02
3.230384615770578449e+00 6.078707885742187500e+02
3.233819368153109775e+00 6.131390380859375000e+02
3.237254120535640656e+00 6.144213256835937500e+02
3.240688872918171981e+00 6.186900024414062500e+02
3.244123625300703306e+00 6.163443603515625000e+02
3.247558377683234632e+00 6.180668334960937500e+02
3.250993130065765513e+00 6.184332275390625000e+02
3.254427882448296838e+00 6.309383544921875000e+02
3.257862634830828164e+00 6.609289550781250000e+02
3.261297387213359489e+00 6.900718994140625000e+02
3.264732139595890370e+00 7.073602294921875000e+02
3.268166891978421695e+00 7.045704956054687500e+02
3.271601644360953021e+00 6.895281372070312500e+02
3.275036396743483902e+00 6.675810546875000000e+02
3.278471149126015227e+00 6.431222534179687500e+02
3.281905901508546108e+00 6.180372924804687500e+02
3.285340653891077434e+00 6.013585205078125000e+02
3.288775406273608315e+00 5.885136108398437500e+02
3.292210158656139640e+00 5.893480834960937500e+02
3.295644911038670966e+00 5.903287353515625000e+02
3.299079663421202291e+00 5.934317626953125000e+02
3.302514415803733172e+00 5.996435546875000000e+02
3.305949168186264497e+00 6.016607666015625000e+02
3.309383920568795823e+00 6.021177978515625000e+02
3.312818672951326704e+00 5.912718505859375000e+02
3.316253425333858029e+00 5.878903198242187500e+02
3.319688177716389355e+00 5.831570434570312500e+02
3.323122930098920680e+00 5.866950683593750000e+02
3.326557682481451561e+00 5.907933959960937500e+02
3.329992434863982886e+00 5.987805786132812500e+02
3.333427187246514212e+00 6.013878784179687500e+02
3.336861939629045093e+00 6.043429565429687500e+02
3.340296692011576418e+00 6.037619018554687500e+02
3.343731444394107744e+00 6.009598388671875000e+02
3.347166196776639069e+00 6.047822875976562500e+02
3.350600949159169950e+00 6.088778076171875000e+02
3.354035701541701275e+00 6.265269165039062500e+02
3.357470453924232601e+00 6.311331176757812500e+02
3.360905206306763482e+00 6.301127319335937500e+02
3.364339958689294363e+00 6.083084106445312500e+02
3.367774711071825688e+00 6.005474853515625000e+02
3.371209463454357014e+00 5.985815429687500000e+02
3.374644215836887895e+00 5.995475463867187500e+02
3.378078968219419220e+00 5.908173217773437500e+02
3.381513720601950546e+00 5.842757568359375000e+02
3.384948472984481871e+00 5.848081665039062500e+02
3.388383225367012752e+00 5.856914672851562500e+02
3.391817977749544077e+00 5.867692871093750000e+02
3.395252730132075403e+00 5.871345825195312500e+02
3.398687482514606728e+00 5.794885864257812500e+02
3.402122234897137609e+00 5.776115722656250000e+02
3.405556987279668935e+00 5.744961547851562500e+02
3.408991739662200260e+00 5.841058959960937500e+02
3.412426492044731141e+00 5.925980224609375000e+02
3.415861244427262466e+00 6.022004394531250000e+02
3.419295996809793792e+00 6.039984130859375000e+02
3.422730749192325117e+00 6.070069580078125000e+02
3.426165501574855998e+00 6.095962524414062500e+02
3.429600253957387324e+00 6.110982055664062500e+02
3.433035006339918649e+00 6.047227172851562500e+02
3.436469758722449530e+00 5.974281616210937500e+02
3.439904511104980411e+00 5.901610107421875000e+02
3.443339263487511737e+00 5.821749877929687500e+02
3.446774015870043062e+00 5.775521850585937500e+02
3.450208768252573943e+00 5.753646850585937500e+02
3.453643520635105268e+00 5.778823242187500000e+02
3.457078273017636594e+00 5.801691284179687500e+02
3.460513025400167919e+00 5.835928344726562500e+02
3.463947777782698800e+00 5.875831298828125000e+02
3.467382530165230126e+00 5.871705322265625000e+02
3.470817282547761451e+00 5.839985961914062500e+02
3.474252034930292776e+00 5.826245727539062500e+02
3.477686787312823657e+00 5.840772094726562500e+02
3.481121539695354983e+00 5.830419311523437500e+02
3.484556292077886308e+00 5.773615112304687500e+02
3.487991044460417189e+00 5.736240844726562500e+02
3.491425796842948515e+00 5.723664550781250000e+02
3.494860549225479840e+00 5.745646362304687500e+02
3.498295301608011165e+00 5.691222534179687500e+02
3.501730053990542046e+00 5.649971313476562500e+02
3.505164806373073372e+00 5.532512817382812500e+02
3.508599558755604697e+00 5.504199218750000000e+02
3.512034311138135578e+00 5.482132568359375000e+02
3.515469063520666460e+00 5.559120483398437500e+02
3.518903815903197785e+00 5.602442016601562500e+02
3.522338568285729110e+00 5.653344116210937500e+02
3.525773320668259991e+00 5.682364501953125000e+02
3.529208073050791317e+00 5.657529296875000000e+02
3.532642825433322642e+00 5.595368652343750000e+02
3.536077577815853967e+00 5.509562377929687500e+02
3.539512330198384849e+00 5.462664184570312500e+02
3.542947082580916174e+00 5.443610229492187500e+02
3.546381834963447499e+00 5.406582641601562500e+02
3.549816587345978824e+00 5.485309448242187500e+02
3.553251339728509706e+00 5.527769775390625000e+02
3.556686092111041031e+00 5.621001586914062500e+02
3.560120844493572356e+00 5.621336669921875000e+02
3.563555596876103237e+00 5.666831054687500000e+02
3.566990349258634563e+00 5.708062133789062500e+02
3.570425101641165888e+00 5.665476684570312500e+02
3.573859854023697213e+00 5.607263793945312500e+02
3.577294606406228095e+00 5.582826538085937500e+02
3.580729358788759420e+00 5.574257812500000000e+02
3.584164111171290301e+00 5.586666259765625000e+02
3.587598863553821626e+00 5.488316650390625000e+02
3.591033615936352508e+00 5.472388916015625000e+02
3.594468368318883833e+00 5.471423950195312500e+02
3.597903120701415158e+00 5.539631347656250000e+02
3.601337873083946484e+00 5.553913574218750000e+02
3.604772625466477809e+00 5.529898681640625000e+02
3.608207377849008246e+00 5.463804931640625000e+02
3.611642130231539571e+00 5.433354492187500000e+02
3.615076882614070897e+00 5.434147338867187500e+02
3.618511634996602222e+00 5.451047363281250000e+02
3.621946387379133547e+00 5.464513549804687500e+02
3.625381139761664873e+00 5.442906494140625000e+02
3.628815892144196198e+00 5.464625854492187500e+02
3.632250644526726635e+00 5.435575561523437500e+02
3.635685396909257960e+00 5.451666259765625000e+02
3.639120149291789286e+00 5.458546752929687500e+02
3.642554901674320611e+00 5.533521118164062500e+02
3.645989654056851936e+00 5.510618286132812500e+02
3.649424406439383262e+00 5.482191162109375000e+02
3.652859158821914587e+00 5.424377441406250000e+02
3.656293911204445912e+00 5.422977294921875000e+02
3.659728663586976349e+00 5.450780639648437500e+02
3.663163415969507675e+00 5.443051147460937500e+02
3.666598168352038556e+00 5.422542724609375000e+02
3.670032920734569881e+00 5.388276977539062500e+02
3.673467673117101207e+00 5.325501708984375000e+02
3.676902425499632532e+00 5.308072509765625000e+02
3.680337177882163857e+00 5.277017211914062500e+02
3.683771930264694294e+00 5.312540893554687500e+02
3.687206682647225620e+00 5.324347534179687500e+02
3.690641435029756945e+00 5.363671875000000000e+02
3.694076187412288270e+00 5.394135742187500000e+02
3.697510939794819596e+00 5.395150146484375000e+02
3.700945692177350921e+00 5.394025878906250000e+02
3.704380444559882246e+00 5.342011108398437500e+02
3.707815196942412683e+00 5.305099487304687500e+02
3.711249949324944009e+00 5.279284667968750000e+02
3.714684701707475334e+00 5.272918090820312500e+02
3.718119454090006659e+00 5.221174926757812500e+02
3.721554206472537984e+00 5.191015014648437500e+02
3.724988958855069310e+00 5.141555175781250000e+02
3.728423711237600635e+00 5.156183471679687500e+02
3.731858463620131960e+00 5.142941894531250000e+02
3.735293216002662398e+00 5.184021606445312500e+02
3.738727968385193723e+00 5.211197509765625000e+02
3.742162720767725048e+00 5.233797607421875000e+02
3.745597473150255929e+00 5.270906982421875000e+02
3.749032225532787255e+00 5.322997436523437500e+02
3.752466977915318580e+00 5.376259155273437500e+02
3.755901730297849905e+00 5.404897460937500000e+02
3.759336482680380342e+00 5.426843872070312500e+02
3.762771235062911668e+00 5.496746826171875000e+02
3.766205987445442993e+00 5.556230468750000000e+02
3.769640739827974318e+00 5.693272094726562500e+02
3.773075492210505644e+00 5.841564941406250000e+02
3.776510244593036969e+00 5.971958007812500000e+02
3.779944996975568294e+00 5.922651367187500000e+02
3.783379749358098731e+00 5.779804077148437500e+02
3.786814501740630057e+00 5.623219604492187500e+02
3.790249254123161382e+00 5.545868530273437500e+02
3.793684006505692707e+00 5.436511840820312500e+02
3.797118758888224033e+00 5.353759155273437500e+02
3.800553511270755358e+00 5.243791503906250000e+02
3.803988263653286683e+00 5.180518188476562500e+02
3.807423016035818009e+00 5.137492675781250000e+02
3.810857768418348446e+00 5.208238525390625000e+02
3.814292520800879771e+00 5.264301147460937500e+02
3.817727273183411096e+00 5.263380126953125000e+02
3.821162025565941978e+00 5.215885620117187500e+02
3.824596777948473303e+00 5.223240966796875000e+02
3.828031530331004628e+00 5.286352539062500000e+02
3.831466282713535954e+00 5.362712402343750000e+02
3.834901035096066391e+00 5.426817626953125000e+02
3.838335787478597716e+00 5.585728149414062500e+02
3.841770539861129041e+00 5.749588012695312500e+02
3.845205292243660367e+00 5.925528564453125000e+02
3.848640044626191692e+00 6.035964965820312500e+02
3.852074797008723017e+00 6.035411376953125000e+02
3.855509549391254343e+00 5.969365234375000000e+02
3.858944301773784780e+00 5.838760375976562500e+02
3.862379054156316105e+00 5.707274169921875000e+02
3.865813806538847430e+00 5.626943969726562500e+02
3.869248558921378756e+00 5.616065673828125000e+02
3.872683311303910081e+00 5.608556518554687500e+02
3.876118063686441406e+00 5.583780517578125000e+02
3.879552816068972732e+00 5.484981079101562500e+02
3.882987568451504057e+00 5.368333129882812500e+02
3.886422320834034494e+00 5.269696044921875000e+02
3.889857073216565819e+00 5.197150268554687500e+02
3.893291825599097145e+00 5.143297729492187500e+02
3.896726577981628026e+00 5.109640197753906250e+02
3.900161330364159351e+00 5.068006286621093750e+02
3.903596082746690676e+00 5.032321166992187500e+02
3.907030835129222002e+00 5.019435119628906250e+02
3.910465587511752439e+00 5.037923583984375000e+02
3.913900339894283764e+00 5.036248779296875000e+02
3.917335092276815089e+00 4.998423461914062500e+02
3.920769844659346415e+00 4.928659973144531250e+02
3.924204597041877740e+00 4.911793518066406250e+02
3.927639349424409065e+00 4.912824401855468750e+02
3.931074101806940391e+00 4.923494567871093750e+02
3.934508854189470828e+00 4.904058532714843750e+02
3.937943606572002153e+00 4.912138977050781250e+02
3.941378358954533478e+00 4.917951965332031250e+02
3.944813111337064804e+00 4.959458007812500000e+02
3.948247863719596129e+00 4.977047729492187500e+02
3.951682616102127454e+00 4.961744689941406250e+02
3.955117368484658780e+00 4.938204345703125000e+02
3.958552120867189217e+00 4.864286499023437500e+02
3.961986873249720542e+00 4.834908142089843750e+02
3.965421625632251867e+00 4.813104248046875000e+02
3.968856378014783193e+00 4.818026123046875000e+02
3.972291130397314074e+00 4.837877197265625000e+02
3.975725882779845399e+00 4.826894226074218750e+02
3.979160635162376725e+00 4.900877990722656250e+02
3.982595387544908050e+00 4.961274414062500000e+02
3.986030139927438487e+00 5.015750427246093750e+02
3.989464892309969812e+00 5.051627502441406250e+02
3.992899644692501138e+00 5.124559326171875000e+02
3.996334397075032463e+00 5.312130126953125000e+02
3.999769149457563788e+00 5.659924316406250000e+02
4.003203901840095114e+00 6.071519775390625000e+02
4.006638654222625995e+00 6.567980346679687500e+02
4.010073406605156876e+00 6.926286010742187500e+02
4.013508158987687757e+00 7.107131958007812500e+02
4.016942911370219527e+00 7.003296508789062500e+02
4.020377663752750408e+00 6.701213989257812500e+02
4.023812416135282177e+00 6.305425415039062500e+02
4.027247168517813058e+00 5.974797973632812500e+02
4.030681920900344828e+00 5.653436889648437500e+02
4.034116673282874821e+00 5.389738159179687500e+02
4.037551425665406590e+00 5.157413330078125000e+02
4.040986178047937472e+00 5.013701171875000000e+02
4.044420930430469241e+00 4.933569030761718750e+02
4.047855682813000122e+00 4.878173217773437500e+02
4.051290435195531892e+00 4.879559020996093750e+02
4.054725187578062773e+00 4.886506958007812500e+02
4.058159939960594542e+00 4.900595092773437500e+02
4.061594692343124535e+00 4.929856262207031250e+02
4.065029444725656305e+00 4.925984191894531250e+02
4.068464197108187186e+00 4.894581909179687500e+02
4.071898949490718955e+00 4.839818725585937500e+02
4.075333701873249836e+00 4.848592224121093750e+02
4.078768454255781606e+00 4.899731140136718750e+02
4.082203206638312487e+00 4.865270385742187500e+02
4.085637959020843368e+00 4.840462951660156250e+02
4.089072711403374250e+00 4.837385253906250000e+02
4.092507463785905131e+00 4.899143371582031250e+02
4.095942216168436900e+00 4.914979553222656250e+02
4.099376968550967781e+00 4.864192504882812500e+02
4.102811720933499551e+00 4.766473083496093750e+02
4.106246473316030432e+00 4.755404663085937500e+02
4.109681225698561313e+00 4.808463745117187500e+02
4.113115978081092194e+00 4.888587951660156250e+02
4.116550730463623964e+00 4.905187377929687500e+02
4.119985482846154845e+00 4.868449401855468750e+02
4.123420235228686614e+00 4.825114440917968750e+02
4.126854987611217496e+00 4.774941101074218750e+02
4.130289739993749265e+00 4.754560546875000000e+02
4.133724492376280146e+00 4.744976501464843750e+02
4.137159244758811028e+00 4.785582885742187500e+02
4.140593997141341909e+00 4.843074035644531250e+02
4.144028749523873678e+00 4.841925048828125000e+02
4.147463501906404559e+00 4.751589050292968750e+02
4.150898254288936329e+00 4.685899047851562500e+02
4.154333006671467210e+00 4.657495727539062500e+02
4.157767759053998091e+00 4.655422973632812500e+02
4.161202511436528972e+00 4.639117736816406250e+02
4.164637263819060742e+00 4.687051696777343750e+02
4.168072016201591623e+00 4.771928710937500000e+02
4.171506768584122504e+00 4.966315917968750000e+02
4.174941520966654274e+00 5.158352050781250000e+02
4.178376273349185155e+00 5.370299682617187500e+02
4.181811025731716924e+00 5.580585327148437500e+02
4.185245778114246917e+00 5.720427856445312500e+02
4.188680530496778687e+00 5.767806396484375000e+02
4.192115282879309568e+00 5.669014282226562500e+02
4.195550035261841337e+00 5.447477416992187500e+02
4.198984787644372219e+00 5.262074584960937500e+02
4.202419540026903988e+00 5.111082153320312500e+02
4.205854292409434869e+00 5.124459838867187500e+02
4.209289044791966639e+00 5.225083618164062500e+02
4.212723797174496632e+00 5.458075561523437500e+02
4.216158549557028401e+00 5.640645751953125000e+02
4.219593301939559282e+00 5.755299682617187500e+02
4.223028054322091052e+00 5.751442871093750000e+02
4.226462806704621933e+00 5.598051147460937500e+02
4.229897559087153702e+00 5.356411743164062500e+02
4.233332311469684583e+00 5.036541748046875000e+02
4.236767063852215465e+00 4.847964172363281250e+02
4.240201816234746346e+00 4.731860046386718750e+02
4.243636568617277227e+00 4.668684997558593750e+02
4.247071320999808997e+00 4.629078063964843750e+02
4.250506073382339878e+00 4.655594177246093750e+02
4.253940825764871647e+00 4.651531372070312500e+02
4.257375578147402528e+00 4.675279846191406250e+02
4.260810330529933410e+00 4.658147888183593750e+02
4.264245082912464291e+00 4.684574890136718750e+02
4.267679835294996060e+00 4.722697448730468750e+02
4.271114587677526941e+00 4.756264038085937500e+02
4.274549340060058711e+00 4.769859008789062500e+02
4.277984092442589592e+00 4.745423889160156250e+02
4.281418844825121361e+00 4.807881774902343750e+02
4.284853597207652243e+00 4.916816101074218750e+02
4.288288349590183124e+00 5.151737670898437500e+02
4.291723101972714005e+00 5.431318969726562500e+02
4.295157854355245775e+00 5.766818237304687500e+02
4.298592606737776656e+00 6.076714477539062500e+02
4.302027359120308425e+00 6.118057250976562500e+02
4.305462111502839306e+00 5.946442260742187500e+02
4.308896863885370188e+00 5.605577392578125000e+02
4.312331616267901069e+00 5.268719482421875000e+02
4.315766368650432838e+00 5.008796691894531250e+02
4.319201121032963719e+00 4.834111022949218750e+02
4.322635873415494601e+00 4.729889221191406250e+02
4.326070625798026370e+00 4.676179809570312500e+02
4.329505378180557251e+00 4.655871582031250000e+02
4.332940130563089021e+00 4.685184631347656250e+02
4.336374882945619014e+00 4.715614013671875000e+02
4.339809635328150783e+00 4.716629333496093750e+02
4.343244387710681664e+00 4.681644592285156250e+02
4.346679140093213434e+00 4.648112792968750000e+02
4.350113892475744315e+00 4.696224975585937500e+02
4.353548644858276084e+00 4.708822937011718750e+02
4.356983397240806966e+00 4.772924499511718750e+02
4.360418149623338735e+00 4.786026000976562500e+02
4.363852902005868728e+00 4.815589294433593750e+02
4.367287654388400497e+00 4.778908081054687500e+02
4.370722406770931379e+00 4.715110778808593750e+02
4.374157159153463148e+00 4.658107299804687500e+02
4.377591911535994029e+00 4.574374389648437500e+02
4.381026663918525799e+00 4.524996643066406250e+02
4.384461416301056680e+00 4.481933288574218750e+02
4.387896168683587561e+00 4.481699218750000000e+02
4.391330921066118442e+00 4.496878051757812500e+02
4.394765673448649324e+00 4.543991394042968750e+02
4.398200425831181093e+00 4.646623229980468750e+02
4.401635178213711974e+00 4.767970886230468750e+02
4.405069930596243744e+00 4.921739501953125000e+02
4.408504682978774625e+00 5.088280639648437500e+02
4.411939435361305506e+00 5.188458862304687500e+02
4.415374187743836387e+00 5.252965698242187500e+02
4.418808940126368157e+00 5.144082641601562500e+02
4.422243692508899038e+00 5.005908203125000000e+02
4.425678444891430807e+00 4.795226745605468750e+02
4.429113197273961688e+00 4.658224487304687500e+02
4.432547949656493458e+00 4.549649658203125000e+02
4.435982702039023451e+00 4.492804870605468750e+02
4.439417454421555220e+00 4.412648620605468750e+02
4.442852206804086101e+00 4.350001831054687500e+02
4.446286959186617871e+00 4.333957214355468750e+02
4.449721711569148752e+00 4.344623413085937500e+02
4.453156463951680522e+00 4.412063903808593750e+02
4.456591216334211403e+00 4.447806396484375000e+02
4.460025968716742284e+00 4.506393737792968750e+02
4.463460721099273165e+00 4.479215087890625000e+02
4.466895473481804935e+00 4.453572387695312500e+02
4.470330225864335816e+00 4.422257995605468750e+02
4.473764978246866697e+00 4.415895996093750000e+02
4.477199730629398466e+00 4.426200256347656250e+02
4.480634483011929348e+00 4.457352905273437500e+02
4.484069235394461117e+00 4.482080993652343750e+02
4.487503987776991110e+00 4.454266662597656250e+02
4.490938740159522879e+00 4.409220886230468750e+02
4.494373492542053761e+00 4.393670959472656250e+02
4.497808244924585530e+00 4.375718078613281250e+02
4.501242997307116411e+00 4.356497497558593750e+02
4.504677749689648181e+00 4.365126647949218750e+02
4.508112502072179062e+00 4.405696105957031250e+02
4.511547254454709943e+00 4.429907836914062500e+02
4.514982006837240824e+00 4.448219909667968750e+02
4.518416759219772594e+00 4.446945800781250000e+02
4.521851511602303475e+00 4.446967773437500000e+02
4.525286263984835244e+00 4.428140258789062500e+02
4.528721016367366126e+00 4.418631896972656250e+02
4.532155768749897895e+00 4.388557434082031250e+02
4.535590521132428776e+00 4.371994323730468750e+02
4.539025273514959657e+00 4.394475097656250000e+02
4.542460025897490539e+00 4.399482116699218750e+02
4.545894778280021420e+00 4.388317565917968750e+02
4.549329530662553189e+00 4.380478210449218750e+02
4.552764283045084071e+00 4.381241149902343750e+02
4.556199035427615840e+00 4.364342041015625000e+02
4.559633787810146721e+00 4.328979797363281250e+02
4.563068540192677602e+00 4.318298645019531250e+02
4.566503292575208484e+00 4.333634643554687500e+02
4.569938044957740253e+00 4.343392944335937500e+02
4.573372797340271134e+00 4.358698730468750000e+02
4.576807549722802904e+00 4.389444885253906250e+02
4.580242302105333785e+00 4.392486877441406250e+02
4.583677054487865554e+00 4.405194702148437500e+02
4.587111806870395547e+00 4.351372070312500000e+02
4.590546559252927317e+00 4.357611083984375000e+02
4.593981311635458198e+00 4.326415100097656250e+02
4.597416064017989967e+00 4.335631408691406250e+02
4.600850816400520849e+00 4.345361938476562500e+02
4.604285568783052618e+00 4.362127685546875000e+02
4.607720321165583499e+00 4.381638488769531250e+02
4.611155073548115269e+00 4.358304748535156250e+02
4.614589825930645262e+00 4.359615173339843750e+02
4.618024578313177031e+00 4.343899230957031250e+02
4.621459330695707912e+00 4.362555541992187500e+02
4.624894083078238793e+00 4.407746582031250000e+02
4.628328835460770563e+00 4.478526306152343750e+02
4.631763587843301444e+00 4.575559692382812500e+02
4.635198340225833213e+00 4.697375793457031250e+02
4.638633092608363206e+00 4.855851135253906250e+02
4.642067844990894976e+00 5.083914489746093750e+02
4.645502597373425857e+00 5.386701049804687500e+02
4.648937349755957626e+00 5.614752807617187500e+02
4.652372102138488508e+00 5.809341430664062500e+02
4.655806854521020277e+00 5.845036621093750000e+02
4.659241606903551158e+00 5.867147827148437500e+02
4.662676359286082040e+00 5.806563110351562500e+02
4.666111111668612921e+00 5.725499267578125000e+02
4.669545864051144690e+00 5.645749511718750000e+02
4.672980616433675571e+00 5.578365478515625000e+02
4.676415368816207341e+00 5.494386596679687500e+02
4.679850121198738222e+00 5.324073486328125000e+02
4.683284873581269991e+00 5.123668823242187500e+02
4.686719625963800873e+00 4.913460083007812500e+02
4.690154378346331754e+00 4.764010009765625000e+02
4.693589130728862635e+00 4.610770263671875000e+02
4.697023883111393516e+00 4.462277221679687500e+02
4.700458635493925286e+00 4.367817687988281250e+02
4.703893387876456167e+00 4.310157775878906250e+02
4.707328140258987936e+00 4.298123168945312500e+02
4.710762892641518818e+00 4.275130004882812500e+02
4.714197645024049699e+00 4.280321960449218750e+02
4.717632397406580580e+00 4.255365295410156250e+02
4.721067149789112349e+00 4.284763488769531250e+02
4.724501902171643231e+00 4.303467102050781250e+02
4.727936654554175000e+00 4.284319152832031250e+02
4.731371406936705881e+00 4.213148803710937500e+02
4.734806159319237651e+00 4.180164489746093750e+02
4.738240911701767644e+00 4.208037414550781250e+02
4.741675664084299413e+00 4.267491760253906250e+02
4.745110416466830294e+00 4.325777282714843750e+02
4.748545168849362064e+00 4.326129150390625000e+02
4.751979921231892945e+00 4.289031677246093750e+02
4.755414673614424714e+00 4.178668212890625000e+02
4.758849425996955596e+00 4.127194824218750000e+02
4.762284178379487365e+00 4.141441040039062500e+02
4.765718930762017358e+00 4.215798950195312500e+02
4.769153683144549127e+00 4.289416809082031250e+02
4.772588435527080009e+00 4.291633300781250000e+02
4.776023187909610890e+00 4.286638488769531250e+02
4.779457940292142659e+00 4.275507507324218750e+02
4.782892692674673540e+00 4.263638610839843750e+02
4.786327445057205310e+00 4.242709045410156250e+02
4.789762197439735303e+00 4.246898803710937500e+02
4.793196949822267072e+00 4.304743957519531250e+02
4.796631702204797953e+00 4.330987243652343750e+02
4.800066454587329723e+00 4.392966918945312500e+02
4.803501206969860604e+00 4.448686828613281250e+02
4.806935959352392373e+00 4.515055236816406250e+02
4.810370711734923255e+00 4.464982910156250000e+02
4.813805464117454136e+00 4.366667175292968750e+02
4.817240216499985017e+00 4.323506164550781250e+02
4.820674968882516787e+00 4.337196655273437500e+02
4.824109721265047668e+00 4.374403991699218750e+02
4.827544473647579437e+00 4.340977478027343750e+02
4.830979226030110318e+00 4.303904113769531250e+02
4.834413978412642088e+00 4.283377075195312500e+02
4.837848730795172969e+00 4.292925109863281250e+02
4.841283483177703850e+00 4.329111328125000000e+02
4.844718235560234731e+00 4.351884155273437500e+02
4.848152987942766501e+00 4.374199829101562500e+02
4.851587740325297382e+00 4.369098205566406250e+02
4.855022492707828263e+00 4.366747131347656250e+02
4.858457245090360033e+00 4.329313964843750000e+02
4.861891997472890914e+00 4.374652709960937500e+02
4.865326749855421795e+00 4.482757873535156250e+02
4.868761502237952676e+00 4.707514343261718750e+02
4.872196254620484446e+00 4.949171447753906250e+02
4.875631007003015327e+00 5.075792541503906250e+02
4.879065759385547096e+00 5.070407104492187500e+02
4.882500511768077978e+00 4.893812255859375000e+02
4.885935264150609747e+00 4.690511779785156250e+02
4.889370016533139740e+00 4.454083862304687500e+02
4.892804768915671509e+00 4.322508544921875000e+02
4.896239521298202391e+00 4.254464111328125000e+02
4.899674273680734160e+00 4.218171081542968750e+02
4.903109026063265041e+00 4.168725891113281250e+02
4.906543778445796811e+00 4.146561889648437500e+02
4.909978530828327692e+00 4.166771545410156250e+02
4.913413283210858573e+00 4.155481567382812500e+02
4.916848035593389454e+00 4.221510314941406250e+02
4.920282787975921224e+00 4.265382385253906250e+02
4.923717540358452105e+00 4.330195617675781250e+02
4.927152292740982986e+00 4.317103576660156250e+02
4.930587045123514756e+00 4.309431152343750000e+02
4.934021797506045637e+00 4.316937561035156250e+02
4.937456549888577406e+00 4.335214233398437500e+02
4.940891302271107399e+00 4.322739562988281250e+02
4.944326054653639169e+00 4.259415893554687500e+02
4.947760807036170050e+00 4.208515625000000000e+02
4.951195559418701819e+00 4.217248229980468750e+02
4.954630311801232700e+00 4.279958190917968750e+02
4.958065064183764470e+00 4.383873291015625000e+02
4.961499816566295351e+00 4.490658874511718750e+02
4.964934568948826232e+00 4.506908569335937500e+02
4.968369321331357114e+00 4.461802368164062500e+02
4.971804073713888883e+00 4.330152282714843750e+02
4.975238826096419764e+00 4.249948425292968750e+02
4.978673578478951534e+00 4.121680908203125000e+02
4.982108330861482415e+00 4.094565124511718750e+02
4.985543083244014184e+00 4.057727355957031250e+02
4.988977835626544177e+00 4.075214233398437500e+02
4.992412588009075947e+00 4.077176208496093750e+02
4.995847340391606828e+00 4.085345458984375000e+02
4.999282092774138597e+00 4.118457336425781250e+02
5.002716845156669478e+00 4.114806518554687500e+02
5.006151597539200360e+00 4.120792846679687500e+02
5.009586349921732129e+00 4.117884826660156250e+02
5.013021102304263010e+00 4.151816406250000000e+02
5.016455854686793892e+00 4.198590393066406250e+02
5.019890607069324773e+00 4.211855468750000000e+02
5.023325359451856542e+00 4.243376464843750000e+02
5.026760111834387423e+00 4.231668701171875000e+02
5.030194864216919193e+00 4.283424377441406250e+02
5.033629616599450074e+00 4.352531127929687500e+02
5.037064368981981843e+00 4.443275451660156250e+02
5.040499121364511836e+00 4.500001525878906250e+02
5.043933873747043606e+00 4.530609436035156250e+02
5.047368626129574487e+00 4.513214416503906250e+02
5.050803378512106256e+00 4.383139953613281250e+02
5.054238130894637138e+00 4.258894042968750000e+02
5.057672883277168907e+00 4.162874755859375000e+02
5.061107635659699788e+00 4.132018432617187500e+02
5.064542388042230669e+00 4.066429443359375000e+02
5.067977140424761551e+00 4.083442077636718750e+02
5.071411892807293320e+00 4.096032104492187500e+02
5.074846645189824201e+00 4.180331115722656250e+02
5.078281397572355083e+00 4.205178222656250000e+02
5.081716149954886852e+00 4.239925537109375000e+02
5.085150902337417733e+00 4.192483215332031250e+02
5.088585654719949503e+00 4.187854614257812500e+02
5.092020407102479496e+00 4.167334289550781250e+02
5.095455159485011265e+00 4.181628112792968750e+02
5.098889911867542146e+00 4.170002441406250000e+02
5.102324664250073916e+00 4.163315734863281250e+02
5.105759416632604797e+00 4.156724243164062500e+02
5.109194169015136566e+00 4.123533935546875000e+02
5.112628921397667447e+00 4.078757629394531250e+02
5.116063673780198329e+00 4.001134338378906250e+02
5.119498426162729210e+00 3.953927307128906250e+02
5.122933178545260979e+00 3.968749694824218750e+02
5.126367930927791861e+00 4.013748168945312500e+02
5.129802683310323630e+00 4.021732177734375000e+02
5.133237435692854511e+00 4.024623107910156250e+02
5.136672188075386281e+00 3.974956665039062500e+02
5.140106940457916274e+00 3.986537170410156250e+02
5.143541692840448043e+00 3.972058410644531250e+02
5.146976445222978924e+00 4.023015441894531250e+02
5.150411197605510694e+00 4.024764099121093750e+02
5.153845949988041575e+00 4.083650512695312500e+02
5.157280702370572456e+00 4.106087951660156250e+02
5.160715454753104225e+00 4.176089172363281250e+02
5.164150207135635107e+00 4.180122070312500000e+02
5.167584959518165988e+00 4.176138000488281250e+02
5.171019711900696869e+00 4.123058166503906250e+02
5.174454464283228639e+00 4.015309753417968750e+02
5.177889216665759520e+00 3.948508911132812500e+02
5.181323969048291289e+00 3.938470764160156250e+02
5.184758721430822170e+00 3.976492309570312500e+02
5.188193473813353940e+00 4.041498718261718750e+02
5.191628226195883933e+00 4.025899047851562500e+02
5.195062978578415702e+00 4.039338378906250000e+02
5.198497730960946583e+00 4.057268676757812500e+02
5.201932483343478353e+00 4.144323120117187500e+02
5.205367235726009234e+00 4.347323303222656250e+02
5.208801988108541003e+00 4.528204650878906250e+02
5.212236740491071885e+00 4.685369262695312500e+02
5.215671492873602766e+00 4.681195678710937500e+02
5.219106245256133647e+00 4.636838073730468750e+02
5.222540997638665417e+00 4.519571838378906250e+02
5.225975750021196298e+00 4.386470642089843750e+02
5.229410502403727179e+00 4.223037719726562500e+02
5.232845254786258948e+00 4.080962524414062500e+02
5.236280007168789830e+00 4.004701538085937500e+02
5.239714759551321599e+00 4.005047302246093750e+02
5.243149511933851592e+00 4.062282714843750000e+02
5.246584264316383361e+00 4.063141479492187500e+02
5.250019016698914243e+00 4.042132873535156250e+02
5.253453769081446012e+00 3.994498291015625000e+02
5.256888521463976893e+00 3.981506652832031250e+02
5.260323273846508663e+00 3.936057128906250000e+02
5.263758026229039544e+00 3.910196228027343750e+02
5.267192778611570425e+00 3.868050842285156250e+02
5.270627530994101306e+00 3.894750671386718750e+02
5.274062283376633076e+00 3.926898193359375000e+02
5.277497035759163957e+00 4.053229370117187500e+02
5.280931788141695726e+00 4.167620544433593750e+02
5.284366540524226608e+00 4.250861511230468750e+02
5.287801292906758377e+00 4.250456542968750000e+02
5.291236045289288370e+00 4.210959777832031250e+02
5.294670797671820139e+00 4.156015930175781250e+02
5.298105550054351021e+00 4.115843200683593750e+02
5.301540302436882790e+00 4.041135559082031250e+02
5.304975054819413671e+00 3.990881652832031250e+02
5.308409807201944552e+00 3.959967346191406250e+02
5.311844559584476322e+00 3.976094970703125000e+02
5.315279311967006315e+00 4.010303649902343750e+02
5.318714064349538084e+00 4.049009704589843750e+02
5.322148816732068966e+00 4.087476501464843750e+02
5.325583569114600735e+00 4.153996582031250000e+02
5.329018321497131616e+00 4.155445556640625000e+02
5.332453073879663386e+00 4.196530151367187500e+02
5.335887826262194267e+00 4.187975769042968750e+02
5.339322578644726036e+00 4.287865905761718750e+02
5.342757331027256029e+00 4.423900756835937500e+02
5.346192083409787799e+00 4.594778747558593750e+02
5.349626835792318680e+00 4.724212341308593750e+02
5.353061588174850449e+00 4.753142089843750000e+02
5.356496340557381330e+00 4.674452514648437500e+02
5.359931092939913100e+00 4.512415161132812500e+02
5.363365845322443981e+00 4.309102172851562500e+02
5.366800597704974862e+00 4.140170593261718750e+02
5.370235350087505743e+00 4.044115295410156250e+02
5.373670102470037513e+00 4.014427490234375000e+02
5.377104854852568394e+00 3.951313781738281250e+02
5.380539607235100164e+00 3.952711181640625000e+02
5.383974359617631045e+00 3.929864196777343750e+02
5.387409112000161926e+00 3.977050476074218750e+02
5.390843864382692807e+00 3.979330139160156250e+02
5.394278616765223688e+00 4.031207885742187500e+02
5.397713369147755458e+00 4.004893493652343750e+02
5.401148121530286339e+00 3.968448486328125000e+02
5.404582873912818108e+00 3.928574218750000000e+02
5.408017626295348990e+00 3.955965270996093750e+02
5.411452378677880759e+00 3.966736450195312500e+02
5.414887131060411640e+00 4.008551940917968750e+02
5.418321883442942521e+00 4.029895324707031250e+02
5.421756635825473403e+00 4.085169067382812500e+02
5.425191388208005172e+00 4.100556640625000000e+02
5.428626140590536053e+00 4.113935241699218750e+02
5.432060892973067823e+00 4.136333312988281250e+02
5.435495645355598704e+00 4.120225219726562500e+02
5.438930397738130473e+00 4.098153686523437500e+02
5.442365150120660466e+00 4.026012573242187500e+02
5.445799902503192236e+00 3.967240905761718750e+02
5.449234654885723117e+00 3.932463989257812500e+02
5.452669407268254886e+00 3.914316101074218750e+02
5.456104159650785768e+00 3.903858337402343750e+02
5.459538912033316649e+00 3.902390136718750000e+02
5.462973664415848418e+00 3.925735778808593750e+02
5.466408416798379299e+00 3.982760009765625000e+02
5.469843169180910181e+00 4.075709228515625000e+02
5.473277921563441062e+00 4.236663818359375000e+02
5.476712673945972831e+00 4.397631835937500000e+02
5.480147426328503713e+00 4.503296203613281250e+02
5.483582178711035482e+00 4.512099914550781250e+02
5.487016931093566363e+00 4.476692810058593750e+02
5.490451683476098133e+00 4.382961425781250000e+02
5.493886435858628126e+00 4.267288208007812500e+02
5.497321188241159895e+00 4.110939025878906250e+02
5.500755940623690776e+00 4.039446411132812500e+02
5.504190693006222546e+00 4.008958129882812500e+02
5.507625445388753427e+00 4.028432617187500000e+02
5.511060197771285196e+00 4.011354675292968750e+02
5.514494950153816077e+00 4.003934631347656250e+02
5.517929702536346959e+00 4.002753601074218750e+02
5.521364454918877840e+00 4.043963012695312500e+02
5.524799207301409609e+00 4.077257385253906250e+02
5.528233959683940490e+00 4.091982116699218750e+02
5.531668712066472260e+00 4.063842773437500000e+02
5.535103464449003141e+00 4.027952270507812500e+02
5.538538216831534022e+00 3.957265930175781250e+02
5.541972969214064904e+00 3.961607055664062500e+02
5.545407721596595785e+00 3.964149475097656250e+02
5.548842473979127554e+00 3.980056457519531250e+02
5.552277226361658435e+00 3.990452270507812500e+02
5.555711978744190205e+00 4.024853820800781250e+02
5.559146731126721086e+00 4.058812255859375000e+02
5.562581483509252855e+00 4.058187866210937500e+02
5.566016235891783737e+00 4.046051025390625000e+02
5.569450988274314618e+00 4.058433532714843750e+02
5.572885740656845499e+00 4.055941467285156250e+02
5.576320493039377268e+00 4.035873107910156250e+02
5.579755245421908150e+00 4.002935180664062500e+02
5.583189997804439919e+00 4.003770446777343750e+02
5.586624750186970800e+00 4.036474609375000000e+02
5.590059502569502570e+00 4.056891174316406250e+02
5.593494254952032563e+00 4.070817260742187500e+02
5.596929007334564332e+00 4.043287658691406250e+02
5.600363759717095213e+00 3.990660095214843750e+02
5.603798512099626983e+00 3.941033020019531250e+02
5.607233264482157864e+00 3.866971435546875000e+02
5.610668016864688745e+00 3.863337097167968750e+02
5.614102769247220515e+00 3.818360595703125000e+02
5.617537521629751396e+00 3.844723510742187500e+02
5.620972274012282277e+00 3.843176269531250000e+02
5.624407026394813158e+00 3.906898498535156250e+02
5.627841778777344928e+00 3.921357727050781250e+02
5.631276531159875809e+00 3.915043334960937500e+02
5.634711283542407578e+00 3.905206298828125000e+02
5.638146035924938460e+00 3.927451477050781250e+02
5.641580788307470229e+00 3.935571594238281250e+02
5.645015540690000222e+00 3.910890808105468750e+02
5.648450293072531991e+00 3.871036071777343750e+02
5.651885045455062873e+00 3.873732910156250000e+02
5.655319797837594642e+00 3.875807189941406250e+02
5.658754550220125523e+00 3.896690979003906250e+02
5.662189302602657293e+00 3.937398071289062500e+02
5.665624054985188174e+00 3.975632019042968750e+02
5.669058807367719055e+00 3.993933105468750000e+02
5.672493559750249936e+00 4.006124877929687500e+02
5.675928312132781706e+00 4.021301269531250000e+02
5.679363064515312587e+00 4.093786621093750000e+02
5.682797816897844356e+00 4.142077026367187500e+02
5.686232569280375237e+00 4.225533142089843750e+02
5.689667321662906119e+00 4.262850646972656250e+02
5.693102074045437000e+00 4.365954895019531250e+02
5.696536826427967881e+00 4.484855651855468750e+02
5.699971578810499651e+00 4.609917907714843750e+02
5.703406331193030532e+00 4.804019165039062500e+02
5.706841083575562301e+00 5.148638916015625000e+02
5.710275835958093182e+00 5.689258422851562500e+02
5.713710588340624952e+00 6.343127441406250000e+02
5.717145340723154945e+00 6.802069702148437500e+02
5.720580093105686714e+00 6.938622436523437500e+02
5.724014845488217595e+00 6.699014282226562500e+02
5.727449597870749365e+00 6.106750488281250000e+02
5.730884350253280246e+00 5.470608520507812500e+02
5.734319102635812015e+00 4.847735595703125000e+02
5.737753855018342897e+00 4.476599731445312500e+02
5.741188607400874666e+00 4.246976318359375000e+02
5.744623359783404659e+00 4.089660644531250000e+02
5.748058112165936429e+00 3.990531616210937500e+02
5.751492864548467310e+00 3.981765441894531250e+02
5.754927616930999079e+00 3.978476562500000000e+02
5.758362369313529960e+00 3.980074768066406250e+02
5.761797121696060842e+00 3.938688964843750000e+02
5.765231874078592611e+00 3.912798767089843750e+02
5.768666626461123492e+00 3.868199768066406250e+02
5.772101378843654373e+00 3.852400207519531250e+02
5.775536131226185255e+00 3.846676025390625000e+02
5.778970883608717024e+00 3.851938781738281250e+02
5.782405635991247905e+00 3.849167175292968750e+02
5.785840388373779675e+00 3.853540039062500000e+02
5.789275140756310556e+00 3.879783630371093750e+02
5.792709893138841437e+00 3.873097229003906250e+02
5.796144645521372318e+00 3.863242492675781250e+02
5.799579397903904088e+00 3.927347717285156250e+02
5.803014150286434969e+00 3.982105712890625000e+02
5.806448902668966738e+00 3.973775634765625000e+02
5.809883655051497620e+00 3.943684692382812500e+02
5.813318407434029389e+00 3.930136413574218750e+02
5.816753159816560270e+00 3.883203430175781250e+02
5.820187912199091151e+00 3.809105529785156250e+02
5.823622664581622033e+00 3.783883361816406250e+02
5.827057416964153802e+00 3.856580810546875000e+02
5.830492169346684683e+00 3.907480468750000000e+02
5.833926921729216453e+00 3.917301635742187500e+02
5.837361674111747334e+00 3.913293762207031250e+02
5.840796426494278215e+00 3.926290283203125000e+02
5.844231178876809096e+00 3.896651000976562500e+02
5.847665931259339978e+00 3.829512023925781250e+02
5.851100683641871747e+00 3.815118408203125000e+02
5.854535436024402628e+00 3.814641418457031250e+02
5.857970188406934398e+00 3.834411010742187500e+02
5.861404940789465279e+00 3.811249084472656250e+02
5.864839693171997048e+00 3.737458190917968750e+02
5.868274445554527041e+00 3.729474792480468750e+02
5.871709197937058811e+00 3.713963623046875000e+02
5.875143950319589692e+00 3.773887023925781250e+02
5.878578702702121461e+00 3.779924621582031250e+02
5.882013455084652342e+00 3.789497375488281250e+02
5.885448207467184112e+00 3.797271118164062500e+02
5.888882959849714993e+00 3.805358886718750000e+02
5.892317712232246762e+00 3.807599792480468750e+02
5.895752464614776756e+00 3.767303771972656250e+02
5.899187216997308525e+00 3.738156127929687500e+02
5.902621969379839406e+00 3.732916564941406250e+02
5.906056721762371176e+00 3.788658447265625000e+02
5.909491474144902057e+00 3.826176452636718750e+02
5.912926226527432938e+00 3.817467651367187500e+02
5.916360978909964707e+00 3.836324462890625000e+02
5.919795731292495589e+00 3.824702453613281250e+02
5.923230483675026470e+00 3.795791625976562500e+02
5.926665236057557351e+00 3.732138671875000000e+02
5.930099988440089120e+00 3.745035095214843750e+02
5.933534740822620002e+00 3.774905700683593750e+02
5.936969493205151771e+00 3.824719238281250000e+02
5.940404245587682652e+00 3.853142395019531250e+02
5.943838997970213534e+00 3.913742370605468750e+02
5.947273750352744415e+00 3.942160034179687500e+02
5.950708502735276184e+00 3.943818969726562500e+02
5.954143255117807065e+00 3.940346679687500000e+02
5.957578007500338835e+00 3.893981933593750000e+02
5.961012759882869716e+00 3.895240478515625000e+02
5.964447512265401485e+00 3.879816284179687500e+02
5.967882264647932367e+00 3.949959106445312500e+02
5.971317017030463248e+00 4.001288757324218750e+02
5.974751769412994129e+00 4.055444335937500000e+02
5.978186521795525898e+00 4.020186157226562500e+02
5.981621274178056780e+00 3.962861633300781250e+02
5.985056026560588549e+00 3.918701477050781250e+02
5.988490778943119430e+00 3.894953002929687500e+02
5.991925531325650311e+00 3.886793518066406250e+02
5.995360283708181193e+00 3.859417724609375000e+02
5.998795036090712074e+00 3.874434814453125000e+02
6.002229788473243843e+00 3.888010559082031250e+02
6.005664540855774725e+00 3.893157043457031250e+02
6.009099293238306494e+00 3.851785278320312500e+02
6.012534045620837375e+00 3.825445251464843750e+02
6.015968798003369145e+00 3.800712585449218750e+02
6.019403550385899138e+00 3.883931884765625000e+02
6.022838302768430907e+00 3.925717773437500000e+02
6.026273055150961788e+00 3.968628540039062500e+02
6.029707807533493558e+00 3.992666320800781250e+02
6.033142559916024439e+00 3.998386840820312500e+02
6.036577312298556208e+00 4.009635925292968750e+02
6.040012064681087089e+00 3.959057312011718750e+02
6.043446817063618859e+00 3.949081420898437500e+02
6.046881569446148852e+00 3.950320739746093750e+02
6.050316321828680621e+00 3.993605957031250000e+02
6.053751074211211503e+00 3.976191711425781250e+02
6.057185826593743272e+00 4.018750915527343750e+02
6.060620578976274153e+00 4.051770019531250000e+02
6.064055331358805923e+00 4.127325134277343750e+02
6.067490083741336804e+00 4.145798645019531250e+02
6.070924836123867685e+00 4.147829284667968750e+02
6.074359588506398566e+00 4.125617370605468750e+02
6.077794340888929447e+00 4.052316894531250000e+02
6.081229093271461217e+00 3.998327941894531250e+02
6.084663845653992098e+00 3.912720947265625000e+02
6.088098598036523867e+00 3.870133361816406250e+02
6.091533350419054749e+00 3.849929809570312500e+02
6.094968102801585630e+00 3.865662536621093750e+02
6.098402855184116511e+00 3.861048889160156250e+02
6.101837607566648281e+00 3.822644958496093750e+02
6.105272359949179162e+00 3.813727111816406250e+02
6.108707112331710931e+00 3.825521850585937500e+02
6.112141864714241812e+00 3.843782653808593750e+02
6.115576617096773582e+00 3.842978820800781250e+02
6.119011369479304463e+00 3.850934143066406250e+02
6.122446121861835344e+00 3.863757019042968750e+02
6.125880874244366225e+00 3.880130310058593750e+02
6.129315626626897995e+00 3.904272155761718750e+02
6.132750379009428876e+00 3.946052246093750000e+02
6.136185131391960645e+00 3.918030395507812500e+02
6.139619883774491527e+00 3.909585876464843750e+02
6.143054636157022408e+00 3.918337707519531250e+02
6.146489388539553289e+00 3.960795898437500000e+02
6.149924140922085058e+00 3.933831481933593750e+02
6.153358893304615940e+00 3.866895751953125000e+02
6.156793645687146821e+00 3.815123596191406250e+02
6.160228398069678590e+00 3.792488403320312500e+02
6.163663150452209472e+00 3.829971008300781250e+02
6.167097902834741241e+00 3.826938476562500000e+02
6.170532655217271234e+00 3.807300415039062500e+02
6.173967407599803003e+00 3.823196411132812500e+02
6.177402159982333885e+00 3.851786804199218750e+02
6.180836912364865654e+00 3.916974792480468750e+02
6.184271664747396535e+00 3.877060546875000000e+02
6.187706417129928305e+00 3.881822509765625000e+02
6.191141169512459186e+00 3.843877868652343750e+02
6.194575921894990067e+00 3.794665832519531250e+02
6.198010674277520948e+00 3.752651367187500000e+02
6.201445426660052718e+00 3.756276855468750000e+02
6.204880179042583599e+00 3.803106994628906250e+02
6.208314931425115368e+00 3.823964538574218750e+02
6.211749683807646250e+00 3.832622070312500000e+02
6.215184436190178019e+00 3.845743103027343750e+02
6.218619188572708900e+00 3.836376647949218750e+02
6.222053940955239781e+00 3.822911987304687500e+02
6.225488693337770663e+00 3.823932189941406250e+02
6.228923445720301544e+00 3.828711853027343750e+02
6.232358198102833313e+00 3.803097839355468750e+02
6.235792950485364194e+00 3.746425170898437500e+02
6.239227702867895964e+00 3.729380493164062500e+02
6.242662455250426845e+00 3.768653259277343750e+02
6.246097207632957726e+00 3.824584655761718750e+02
6.249531960015488607e+00 3.844098815917968750e+02
6.252966712398020377e+00 3.848684692382812500e+02
6.256401464780551258e+00 3.874760742187500000e+02
6.259836217163083028e+00 3.930405883789062500e+02
6.263270969545613909e+00 3.981448364257812500e+02
6.266705721928145678e+00 4.066240234375000000e+02
6.270140474310675671e+00 4.107554321289062500e+02
6.273575226693207441e+00 4.214389343261718750e+02
6.277009979075738322e+00 4.345155639648437500e+02
6.280444731458270091e+00 4.693614501953125000e+02
6.283879483840800972e+00 5.379129638671875000e+02
6.287314236223332742e+00 6.472037353515625000e+02
6.290748988605863623e+00 8.613148803710937500e+02
6.294183740988394504e+00 1.202751831054687500e+03
6.297618493370925385e+00 1.359157592773437500e+03
6.301053245753457155e+00 1.397965698242187500e+03
6.304487998135988036e+00 1.107538940429687500e+03
6.307922750518518917e+00 8.753693847656250000e+02
6.311357502901050687e+00 6.349436645507812500e+02
6.314792255283581568e+00 5.081733093261718750e+02
6.318227007666113337e+00 4.475290222167968750e+02
6.321661760048643330e+00 4.189028625488281250e+02
6.325096512431175100e+00 4.130059204101562500e+02
6.328531264813705981e+00 4.133796081542968750e+02
6.331966017196237750e+00 4.134696655273437500e+02
6.335400769578768632e+00 4.145919494628906250e+02
6.338835521961300401e+00 4.139728088378906250e+02
6.342270274343831282e+00 4.156082458496093750e+02
6.345705026726362163e+00 4.087857055664062500e+02
6.349139779108893045e+00 4.023379821777343750e+02
6.352574531491424814e+00 3.908784179687500000e+02
6.356009283873955695e+00 3.844160461425781250e+02
6.359444036256487465e+00 3.803338928222656250e+02
6.362878788639018346e+00 3.777861938476562500e+02
6.366313541021550115e+00 3.737673950195312500e+02
6.369748293404080997e+00 3.683697814941406250e+02
6.373183045786611878e+00 3.692297668457031250e+02
6.376617798169142759e+00 3.654308776855468750e+02
6.380052550551673640e+00 3.646381835937500000e+02
6.383487302934205410e+00 3.633309020996093750e+02
6.386922055316736291e+00 3.698900451660156250e+02
6.390356807699268060e+00 3.656377868652343750e+02
6.393791560081798941e+00 3.655672302246093750e+02
6.397226312464329823e+00 3.635650634765625000e+02
6.400661064846860704e+00 3.650653991699218750e+02
6.404095817229392473e+00 3.639341125488281250e+02
6.407530569611923355e+00 3.668517761230468750e+02
6.410965321994455124e+00 3.706748046875000000e+02
6.414400074376986005e+00 3.765217285156250000e+02
6.417834826759517775e+00 3.792127380371093750e+02
6.421269579142047768e+00 3.826214904785156250e+02
6.424704331524579537e+00 3.855682983398437500e+02
6.428139083907110418e+00 3.909231262207031250e+02
6.431573836289642188e+00 3.959439392089843750e+02
6.435008588672173069e+00 3.967464904785156250e+02
6.438443341054704838e+00 3.946787109375000000e+02
6.441878093437235719e+00 3.879397888183593750e+02
6.445312845819766601e+00 3.826471862792968750e+02
6.448747598202297482e+00 3.776411132812500000e+02
6.452182350584829251e+00 3.732857360839843750e+02
6.455617102967360132e+00 3.704400939941406250e+02
6.459051855349891014e+00 3.687825317382812500e+02
6.462486607732422783e+00 3.706399841308593750e+02
6.465921360114953664e+00 3.661007385253906250e+02
6.469356112497485434e+00 3.640224304199218750e+02
6.472790864880015427e+00 3.657773742675781250e+02
6.476225617262547196e+00 3.643674926757812500e+02
6.479660369645078077e+00 3.622231445312500000e+02
6.483095122027609847e+00 3.579366760253906250e+02
6.486529874410140728e+00 3.579657592773437500e+02
6.489964626792672497e+00 3.583907775878906250e+02
6.493399379175203379e+00 3.570097656250000000e+02
6.496834131557734260e+00 3.551232299804687500e+02
6.500268883940265141e+00 3.557102661132812500e+02
6.503703636322796910e+00 3.579332275390625000e+02
6.507138388705327792e+00 3.582155456542968750e+02
6.510573141087859561e+00 3.583474426269531250e+02
6.514007893470390442e+00 3.596690673828125000e+02
6.517442645852922212e+00 3.635937500000000000e+02
6.520877398235453093e+00 3.663606872558593750e+02
6.524312150617983974e+00 3.608409118652343750e+02
6.527746903000514855e+00 3.533302307128906250e+02
6.531181655383045737e+00 3.486170959472656250e+02
6.534616407765577506e+00 3.497379150390625000e+02
6.538051160148108387e+00 3.556934204101562500e+02
6.541485912530640157e+00 3.582418823242187500e+02
6.544920664913171038e+00 3.577514648437500000e+02
6.548355417295701919e+00 3.573896789550781250e+02
6.551790169678232800e+00 3.571513061523437500e+02
6.555224922060764570e+00 3.545032348632812500e+02
6.558659674443295451e+00 3.513822937011718750e+02
6.562094426825827220e+00 3.531539916992187500e+02
6.565529179208358102e+00 3.548791809082031250e+02
6.568963931590889871e+00 3.551352844238281250e+02
6.572398683973419864e+00 3.521670532226562500e+02
6.575833436355951633e+00 3.529928283691406250e+02
6.579268188738482515e+00 3.506694030761718750e+02
6.582702941121014284e+00 3.519129333496093750e+02
6.586137693503545165e+00 3.586643066406250000e+02
6.589572445886076935e+00 3.638706970214843750e+02
6.593007198268607816e+00 3.644791564941406250e+02
6.596441950651138697e+00 3.603075561523437500e+02
6.599876703033669578e+00 3.593774108886718750e+02
6.603311455416201348e+00 3.567084045410156250e+02
6.606746207798732229e+00 3.540050964355468750e+02
6.610180960181263110e+00 3.527792663574218750e+02
6.613615712563794879e+00 3.537092895507812500e+02
6.617050464946325761e+00 3.509695129394531250e+02
6.620485217328857530e+00 3.435484008789062500e+02
6.623919969711387523e+00 3.401458435058593750e+02
6.627354722093919293e+00 3.455225219726562500e+02
6.630789474476450174e+00 3.526878356933593750e+02
6.634224226858981943e+00 3.551571044921875000e+02
6.637658979241512824e+00 3.534635314941406250e+02
6.641093731624044594e+00 3.542150878906250000e+02
6.644528484006575475e+00 3.578986206054687500e+02
6.647963236389106356e+00 3.575430297851562500e+02
6.651397988771637237e+00 3.500388488769531250e+02
6.654832741154169007e+00 3.449997558593750000e+02
6.658267493536699888e+00 3.456969604492187500e+02
6.661702245919231657e+00 3.513573913574218750e+02
6.665136998301762539e+00 3.536881408691406250e+02
6.668571750684294308e+00 3.533026428222656250e+02
6.672006503066824301e+00 3.524062500000000000e+02
6.675441255449356071e+00 3.553005676269531250e+02
6.678876007831886952e+00 3.603862915039062500e+02
6.682310760214417833e+00 3.688923339843750000e+02
6.685745512596949602e+00 3.781879272460937500e+02
6.689180264979480484e+00 3.843616943359375000e+02
6.692615017362012253e+00 3.828236083984375000e+02
6.696049769744543134e+00 3.705458679199218750e+02
6.699484522127074015e+00 3.609876403808593750e+02
6.702919274509604897e+00 3.557152709960937500e+02
6.706354026892136666e+00 3.563037109375000000e+02
6.709788779274667547e+00 3.553460083007812500e+02
6.713223531657199317e+00 3.508135070800781250e+02
6.716658284039730198e+00 3.476517639160156250e+02
6.720093036422261967e+00 3.452016906738281250e+02
6.723527788804791960e+00 3.475541381835937500e+02
6.726962541187323730e+00 3.471508483886718750e+02
6.730397293569854611e+00 3.465789184570312500e+02
6.733832045952386380e+00 3.441998901367187500e+02
6.737266798334917262e+00 3.424801635742187500e+02
6.740701550717449031e+00 3.415975646972656250e+02
6.744136303099979912e+00 3.406496276855468750e+02
6.747571055482510793e+00 3.401858825683593750e+02
6.751005807865041675e+00 3.373831481933593750e+02
6.754440560247573444e+00 3.380306701660156250e+02
6.757875312630104325e+00 3.380874023437500000e+02
6.761310065012635206e+00 3.434597778320312500e+02
6.764744817395166976e+00 3.495451965332031250e+02
6.768179569777697857e+00 3.558147277832031250e+02
6.771614322160229626e+00 3.579667663574218750e+02
6.775049074542759620e+00 3.525383911132812500e+02
6.778483826925291389e+00 3.482737426757812500e+02
6.781918579307822270e+00 3.463917541503906250e+02
6.785353331690354040e+00 3.478448791503906250e+02
6.788788084072884921e+00 3.472270507812500000e+02
6.792222836455416690e+00 3.464946289062500000e+02
6.795657588837947571e+00 3.507411804199218750e+02
6.799092341220478453e+00 3.577506408691406250e+02
6.802527093603009334e+00 3.669576416015625000e+02
6.805961845985541103e+00 3.686128540039062500e+02
6.809396598368071984e+00 3.685388488769531250e+02
6.812831350750603754e+00 3.642585449218750000e+02
6.816266103133134635e+00 3.614174804687500000e+02
6.819700855515666404e+00 3.581487121582031250e+02
6.823135607898196398e+00 3.539059143066406250e+02
6.826570360280728167e+00 3.492110595703125000e+02
6.830005112663259048e+00 3.446841735839843750e+02
6.833439865045790818e+00 3.422978820800781250e+02
6.836874617428321699e+00 3.416551208496093750e+02
6.840309369810852580e+00 3.415496826171875000e+02
6.843744122193384349e+00 3.458329467773437500e+02
6.847178874575915231e+00 3.484024658203125000e+02
6.850613626958446112e+00 3.531492004394531250e+02
6.854048379340976993e+00 3.549624938964843750e+02
6.857483131723508762e+00 3.612311096191406250e+02
6.860917884106039644e+00 3.600183715820312500e+02
6.864352636488571413e+00 3.611527099609375000e+02
6.867787388871102294e+00 3.615430908203125000e+02
6.871222141253634064e+00 3.647444458007812500e+02
6.874656893636164057e+00 3.597293090820312500e+02
6.878091646018695826e+00 3.506855468750000000e+02
6.881526398401226707e+00 3.441371459960937500e+02
6.884961150783758477e+00 3.439592285156250000e+02
6.888395903166289358e+00 3.439670410156250000e+02
6.891830655548821127e+00 3.480988159179687500e+02
6.895265407931352009e+00 3.493678283691406250e+02
6.898700160313882890e+00 3.485628662109375000e+02
6.902134912696413771e+00 3.446468505859375000e+02
6.905569665078945540e+00 3.428305969238281250e+02
6.909004417461476422e+00 3.419244079589843750e+02
6.912439169844007303e+00 3.396556701660156250e+02
6.915873922226539072e+00 3.383633728027343750e+02
6.919308674609069953e+00 3.392999267578125000e+02
6.922743426991601723e+00 3.382022399902343750e+02
6.926178179374131716e+00 3.356214294433593750e+02
6.929612931756663485e+00 3.341907958984375000e+02
6.933047684139194367e+00 3.353094482421875000e+02
6.936482436521726136e+00 3.379108581542968750e+02
6.939917188904257017e+00 3.402010803222656250e+02
6.943351941286788787e+00 3.447180480957031250e+02
6.946786693669319668e+00 3.527766723632812500e+02
6.950221446051850549e+00 3.623635253906250000e+02
6.953656198434381430e+00 3.632507019042968750e+02
6.957090950816913200e+00 3.597924194335937500e+02
6.960525703199444081e+00 3.505657043457031250e+02
6.963960455581975850e+00 3.445816955566406250e+02
6.967395207964506731e+00 3.364478759765625000e+02
6.970829960347038501e+00 3.346815490722656250e+02
6.974264712729568494e+00 3.371438293457031250e+02
6.977699465112100263e+00 3.447520446777343750e+02
6.981134217494631145e+00 3.525372924804687500e+02
6.984568969877162914e+00 3.541480102539062500e+02
6.988003722259693795e+00 3.513372497558593750e+02
6.991438474642224676e+00 3.444529724121093750e+02
6.994873227024756446e+00 3.405227050781250000e+02
6.998307979407287327e+00 3.363365478515625000e+02
7.001742731789818208e+00 3.327591247558593750e+02
7.005177484172349089e+00 3.339936218261718750e+02
7.008612236554880859e+00 3.354976806640625000e+02
7.012046988937411740e+00 3.407890625000000000e+02
7.015481741319943509e+00 3.445181274414062500e+02
7.018916493702474391e+00 3.492517700195312500e+02
7.022351246085006160e+00 3.490874328613281250e+02
7.025785998467536153e+00 3.490033264160156250e+02
7.029220750850067922e+00 3.481903076171875000e+02
7.032655503232598804e+00 3.458006591796875000e+02
7.036090255615130573e+00 3.414784851074218750e+02
7.039525007997661454e+00 3.410572509765625000e+02
7.042959760380193224e+00 3.382633056640625000e+02
7.046394512762724105e+00 3.375250244140625000e+02
7.049829265145254986e+00 3.302734985351562500e+02
7.053264017527785867e+00 3.286265563964843750e+02
7.056698769910317637e+00 3.295326843261718750e+02
7.060133522292848518e+00 3.326509399414062500e+02
7.063568274675379399e+00 3.397874755859375000e+02
7.067003027057911169e+00 3.468826293945312500e+02
7.070437779440442050e+00 3.576918334960937500e+02
7.073872531822972931e+00 3.626237182617187500e+02
7.077307284205503812e+00 3.635206298828125000e+02
7.080742036588035582e+00 3.575292663574218750e+02
7.084176788970566463e+00 3.555744628906250000e+02
7.087611541353098232e+00 3.576972351074218750e+02
7.091046293735629114e+00 3.611098937988281250e+02
7.094481046118160883e+00 3.617262573242187500e+02
7.097915798500691764e+00 3.639409484863281250e+02
7.101350550883222645e+00 3.621425781250000000e+02
7.104785303265753527e+00 3.579234619140625000e+02
7.108220055648285296e+00 3.540953674316406250e+02
7.111654808030816177e+00 3.490025024414062500e+02
7.115089560413347947e+00 3.442052917480468750e+02
7.118524312795878828e+00 3.345346984863281250e+02
7.121959065178410597e+00 3.284797973632812500e+02
7.125393817560940590e+00 3.246644287109375000e+02
7.128828569943472360e+00 3.255762634277343750e+02
7.132263322326003241e+00 3.241075134277343750e+02
7.135698074708535010e+00 3.256600341796875000e+02
7.139132827091065892e+00 3.266763610839843750e+02
7.142567579473596773e+00 3.308420104980468750e+02
7.146002331856128542e+00 3.292005004882812500e+02
7.149437084238658535e+00 3.321431884765625000e+02
7.152871836621190305e+00 3.345274658203125000e+02
7.156306589003721186e+00 3.381272277832031250e+02
7.159741341386252955e+00 3.387353820800781250e+02
7.163176093768782948e+00 3.418021545410156250e+02
7.166610846151314718e+00 3.464815368652343750e+02
7.170045598533845599e+00 3.437879943847656250e+02
7.173480350916377368e+00 3.350814208984375000e+02
7.176915103298908249e+00 3.306536865234375000e+02
7.180349855681440019e+00 3.307327575683593750e+02
7.183784608063970900e+00 3.365231323242187500e+02
7.187219360446502670e+00 3.388413696289062500e+02
7.190654112829033551e+00 3.385476684570312500e+02
7.194088865211565320e+00 3.349250793457031250e+02
7.197523617594096201e+00 3.292188720703125000e+02
7.200958369976627971e+00 3.245303649902343750e+02
7.204393122359158852e+00 3.234661865234375000e+02
7.207827874741689733e+00 3.205256347656250000e+02
7.211262627124221503e+00 3.216419067382812500e+02
7.214697379506751496e+00 3.177183837890625000e+02
7.218132131889282377e+00 3.184127502441406250e+02
7.221566884271814146e+00 3.164904174804687500e+02
7.225001636654345027e+00 3.120848388671875000e+02
7.228436389036875909e+00 3.086272277832031250e+02
7.231871141419407678e+00 3.119998168945312500e+02
7.235305893801938559e+00 3.199375000000000000e+02
7.238740646184470329e+00 3.236861572265625000e+02
7.242175398567001210e+00 3.209815368652343750e+02
7.245610150949532979e+00 3.187258300781250000e+02
7.249044903332063861e+00 3.168575439453125000e+02
7.252479655714595630e+00 3.185077209472656250e+02
7.255914408097126511e+00 3.203007812500000000e+02
7.259349160479658281e+00 3.228370056152343750e+02
7.262783912862187385e+00 3.222644348144531250e+02
7.266218665244719155e+00 3.206715698242187500e+02
7.269653417627250036e+00 3.188442077636718750e+02
7.273088170009781805e+00 3.193141784667968750e+02
7.276522922392312687e+00 3.202542419433593750e+02
7.279957674774844456e+00 3.217539062500000000e+02
7.283392427157375337e+00 3.224700317382812500e+02
7.286827179539907107e+00 3.254621276855468750e+02
7.290261931922437988e+00 3.301822509765625000e+02
7.293696684304968869e+00 3.332153015136718750e+02
7.297131436687500639e+00 3.314788513183593750e+02
7.300566189070031520e+00 3.299532470703125000e+02
7.304000941452563289e+00 3.286989440917968750e+02
7.307435693835094170e+00 3.288777160644531250e+02
7.310870446217625940e+00 3.299032287597656250e+02
7.314305198600155045e+00 3.275509033203125000e+02
7.317739950982686814e+00 3.214452209472656250e+02
7.321174703365217695e+00 3.154462280273437500e+02
7.324609455747749465e+00 3.157470397949218750e+02
7.328044208130280346e+00 3.169776000976562500e+02
7.331478960512812115e+00 3.172440795898437500e+02
7.334913712895342996e+00 3.194207153320312500e+02
7.338348465277874766e+00 3.239573059082031250e+02
7.341783217660405647e+00 3.267298583984375000e+02
7.345217970042937417e+00 3.226284179687500000e+02
7.348652722425468298e+00 3.190173950195312500e+02
7.352087474808000067e+00 3.173597106933593750e+02
7.355522227190530948e+00 3.197099609375000000e+02
7.358956979573061830e+00 3.239786682128906250e+02
7.362391731955593599e+00 3.286530151367187500e+02
7.365826484338123592e+00 3.303617248535156250e+02
7.369261236720654473e+00 3.270246582031250000e+02
7.372695989103186243e+00 3.216375427246093750e+02
7.376130741485717124e+00 3.230984497070312500e+02
7.379565493868248005e+00 3.251745605468750000e+02
7.383000246250779774e+00 3.262981567382812500e+02
7.386434998633310656e+00 3.269989318847656250e+02
7.389869751015842425e+00 3.261243591308593750e+02
7.393304503398373306e+00 3.311625061035156250e+02
7.396739255780905076e+00 3.347899475097656250e+02
7.400174008163435957e+00 3.364005432128906250e+02
7.403608760545967726e+00 3.304722595214843750e+02
7.407043512928498608e+00 3.238542480468750000e+02
7.410478265311030377e+00 3.224176330566406250e+02
7.413913017693559482e+00 3.231982116699218750e+02
7.417347770076091251e+00 3.272569580078125000e+02
7.420782522458622132e+00 3.259112548828125000e+02
7.424217274841153902e+00 3.236017761230468750e+02
7.427652027223684783e+00 3.159188232421875000e+02
7.431086779606216552e+00 3.148937072753906250e+02
7.434521531988747434e+00 3.148386230468750000e+02
7.437956284371279203e+00 3.188380126953125000e+02
