# # sector 12: chi = -55.01 deg (range [-60, -50))
# # columns: 2theta(deg)  intensity
1.052751605245807909e+00 1.252139160156250000e+03
1.056186357628339012e+00 1.250071411132812500e+03
1.059621110010870337e+00 1.269672607421875000e+03
1.063055862393401441e+00 1.276936767578125000e+03
1.066490614775932544e+00 1.281283081054687500e+03
1.069925367158463869e+00 1.275365966796875000e+03
1.073360119540994972e+00 1.277929809570312500e+03
1.076794871923526298e+00 1.289631347656250000e+03
1.080229624306057401e+00 1.288557250976562500e+03
1.083664376688588726e+00 1.284374145507812500e+03
1.087099129071119830e+00 1.277084350585937500e+03
1.090533881453650933e+00 1.285462280273437500e+03
1.093968633836182036e+00 1.290686401367187500e+03
1.097403386218713361e+00 1.299185668945312500e+03
1.100838138601244465e+00 1.296689819335937500e+03
1.104272890983775568e+00 1.294952392578125000e+03
1.107707643366306893e+00 1.288424804687500000e+03
1.111142395748837997e+00 1.290722290039062500e+03
1.114577148131369322e+00 1.296808959960937500e+03
1.118011900513900425e+00 1.298430908203125000e+03
1.121446652896431750e+00 1.297565185546875000e+03
1.124881405278962854e+00 1.300745605468750000e+03
1.128316157661493957e+00 1.303720214843750000e+03
1.131750910044025060e+00 1.306664184570312500e+03
1.135185662426556386e+00 1.305968017578125000e+03
1.138620414809087489e+00 1.306738159179687500e+03
1.142055167191618592e+00 1.294023071289062500e+03
1.145489919574149917e+00 1.292932861328125000e+03
1.148924671956681021e+00 1.292874877929687500e+03
1.152359424339212346e+00 1.311411987304687500e+03
1.155794176721743449e+00 1.312218139648437500e+03
1.159228929104274775e+00 1.312366455078125000e+03
1.162663681486805878e+00 1.310294311523437500e+03
1.166098433869336981e+00 1.320547729492187500e+03
1.169533186251868084e+00 1.329722290039062500e+03
1.172967938634399410e+00 1.343150268554687500e+03
1.176402691016930513e+00 1.346488647460937500e+03
1.179837443399461616e+00 1.347651000976562500e+03
1.183272195781992941e+00 1.341771484375000000e+03
1.186706948164524045e+00 1.345788085937500000e+03
1.190141700547055370e+00 1.345350952148437500e+03
1.193576452929586473e+00 1.339873901367187500e+03
1.197011205312117799e+00 1.334564331054687500e+03
1.200445957694648902e+00 1.337209106445312500e+03
1.203880710077180005e+00 1.340391479492187500e+03
1.207315462459711108e+00 1.339461425781250000e+03
1.210750214842242434e+00 1.339995605468750000e+03
1.214184967224773537e+00 1.343903564453125000e+03
1.217619719607304640e+00 1.355836425781250000e+03
1.221054471989835966e+00 1.361825073242187500e+03
1.224489224372367069e+00 1.365452392578125000e+03
1.227923976754898394e+00 1.353982421875000000e+03
1.231358729137429497e+00 1.348486572265625000e+03
1.234793481519960823e+00 1.343480834960937500e+03
1.238228233902491926e+00 1.357837524414062500e+03
1.241662986285023029e+00 1.375841674804687500e+03
1.245097738667554133e+00 1.395262451171875000e+03
1.248532491050085236e+00 1.394346191406250000e+03
1.251967243432616561e+00 1.390122436523437500e+03
1.255401995815147664e+00 1.378806640625000000e+03
1.258836748197678990e+00 1.379730468750000000e+03
1.262271500580210093e+00 1.391652587890625000e+03
1.265706252962741418e+00 1.397898437500000000e+03
1.269141005345272522e+00 1.395746215820312500e+03
1.272575757727803847e+00 1.386706054687500000e+03
1.276010510110334950e+00 1.388148315429687500e+03
1.279445262492866053e+00 1.392645751953125000e+03
1.282880014875397157e+00 1.387444580078125000e+03
1.286314767257928260e+00 1.387352661132812500e+03
1.289749519640459585e+00 1.384080810546875000e+03
1.293184272022990688e+00 1.396394775390625000e+03
1.296619024405522014e+00 1.400775512695312500e+03
1.300053776788053117e+00 1.409885986328125000e+03
1.303488529170584442e+00 1.401736694335937500e+03
1.306923281553115546e+00 1.389911621093750000e+03
1.310358033935646871e+00 1.384703979492187500e+03
1.313792786318177974e+00 1.393017700195312500e+03
1.317227538700709077e+00 1.395782226562500000e+03
1.320662291083240181e+00 1.398031738281250000e+03
1.324097043465771284e+00 1.398975708007812500e+03
1.327531795848302609e+00 1.415011474609375000e+03
1.330966548230833713e+00 1.427705688476562500e+03
1.334401300613365038e+00 1.450851684570312500e+03
1.337836052995896141e+00 1.487327270507812500e+03
1.341270805378427466e+00 1.537863525390625000e+03
1.344705557760958570e+00 1.573280395507812500e+03
1.348140310143489895e+00 1.591354125976562500e+03
1.351575062526020998e+00 1.586803955078125000e+03
1.355009814908552102e+00 1.563037353515625000e+03
1.358444567291083205e+00 1.533747558593750000e+03
1.361879319673614308e+00 1.496381469726562500e+03
1.365314072056145633e+00 1.475553710937500000e+03
1.368748824438676737e+00 1.461078247070312500e+03
1.372183576821208062e+00 1.463276733398437500e+03
1.375618329203739165e+00 1.468509521484375000e+03
1.379053081586270491e+00 1.470462402343750000e+03
1.382487833968801594e+00 1.459091918945312500e+03
1.385922586351332919e+00 1.449240478515625000e+03
1.389357338733864022e+00 1.437989868164062500e+03
1.392792091116395126e+00 1.429210571289062500e+03
1.396226843498926229e+00 1.422324218750000000e+03
1.399661595881457332e+00 1.417022705078125000e+03
1.403096348263988657e+00 1.421646972656250000e+03
1.406531100646519761e+00 1.437603637695312500e+03
1.409965853029051086e+00 1.454050537109375000e+03
1.413400605411582189e+00 1.460921386718750000e+03
1.416835357794113515e+00 1.453022949218750000e+03
1.420270110176644618e+00 1.449087646484375000e+03
1.423704862559175943e+00 1.445237182617187500e+03
1.427139614941707046e+00 1.454265747070312500e+03
1.430574367324238150e+00 1.472092773437500000e+03
1.434009119706769253e+00 1.491335083007812500e+03
1.437443872089300356e+00 1.488514892578125000e+03
1.440878624471831682e+00 1.479972900390625000e+03
1.444313376854362785e+00 1.475960693359375000e+03
1.447748129236894110e+00 1.481259277343750000e+03
1.451182881619425213e+00 1.485470825195312500e+03
1.454617634001956539e+00 1.491306396484375000e+03
1.458052386384487642e+00 1.501320434570312500e+03
1.461487138767018967e+00 1.497152099609375000e+03
1.464921891149550071e+00 1.487822143554687500e+03
1.468356643532081174e+00 1.476638427734375000e+03
1.471791395914612277e+00 1.470804321289062500e+03
1.475226148297143380e+00 1.476923339843750000e+03
1.478660900679674706e+00 1.481928222656250000e+03
1.482095653062205809e+00 1.495123535156250000e+03
1.485530405444737134e+00 1.503385620117187500e+03
1.488965157827268238e+00 1.508676635742187500e+03
1.492399910209799563e+00 1.510057861328125000e+03
1.495834662592330666e+00 1.504395629882812500e+03
1.499269414974861991e+00 1.512027709960937500e+03
1.502704167357393095e+00 1.521819335937500000e+03
1.506138919739924198e+00 1.531112792968750000e+03
1.509573672122455301e+00 1.535956054687500000e+03
1.513008424504986404e+00 1.529568237304687500e+03
1.516443176887517730e+00 1.525224487304687500e+03
1.519877929270048833e+00 1.512662719726562500e+03
1.523312681652580158e+00 1.506530883789062500e+03
1.526747434035111262e+00 1.500750000000000000e+03
1.530182186417642587e+00 1.494341308593750000e+03
1.533616938800173690e+00 1.488911376953125000e+03
1.537051691182705015e+00 1.484557739257812500e+03
1.540486443565236119e+00 1.487608276367187500e+03
1.543921195947767222e+00 1.495810668945312500e+03
1.547355948330298325e+00 1.507082763671875000e+03
1.550790700712829429e+00 1.517038085937500000e+03
1.554225453095360754e+00 1.524048828125000000e+03
1.557660205477891857e+00 1.517250732421875000e+03
1.561094957860423182e+00 1.520929565429687500e+03
1.564529710242954286e+00 1.530131958007812500e+03
1.567964462625485611e+00 1.539902587890625000e+03
1.571399215008016714e+00 1.542595825195312500e+03
1.574833967390548040e+00 1.540561645507812500e+03
1.578268719773079143e+00 1.548040771484375000e+03
1.581703472155610246e+00 1.552670166015625000e+03
1.585138224538141349e+00 1.554001953125000000e+03
1.588572976920672453e+00 1.558702392578125000e+03
1.592007729303203778e+00 1.558443847656250000e+03
1.595442481685734881e+00 1.557287963867187500e+03
1.598877234068266207e+00 1.546553710937500000e+03
1.602311986450797310e+00 1.548189086914062500e+03
1.605746738833328635e+00 1.550243408203125000e+03
1.609181491215859738e+00 1.568328369140625000e+03
1.612616243598391064e+00 1.589444702148437500e+03
1.616050995980922167e+00 1.628458618164062500e+03
1.619485748363453270e+00 1.667533447265625000e+03
1.622920500745984373e+00 1.728338256835937500e+03
1.626355253128515477e+00 1.796067504882812500e+03
1.629790005511046802e+00 1.856610473632812500e+03
1.633224757893577905e+00 1.876624511718750000e+03
1.636659510276109231e+00 1.846594970703125000e+03
1.640094262658640334e+00 1.773865844726562500e+03
1.643529015041171659e+00 1.698486938476562500e+03
1.646963767423702762e+00 1.638282226562500000e+03
1.650398519806234088e+00 1.608775634765625000e+03
1.653833272188765191e+00 1.593086914062500000e+03
1.657268024571296294e+00 1.584839721679687500e+03
1.660702776953827398e+00 1.582350097656250000e+03
1.664137529336358501e+00 1.581328857421875000e+03
1.667572281718889826e+00 1.584373535156250000e+03
1.671007034101420929e+00 1.590599731445312500e+03
1.674441786483952255e+00 1.599186889648437500e+03
1.677876538866483358e+00 1.595474609375000000e+03
1.681311291249014683e+00 1.592518798828125000e+03
1.684746043631545787e+00 1.576221557617187500e+03
1.688180796014076890e+00 1.570447509765625000e+03
1.691615548396608215e+00 1.554331665039062500e+03
1.695050300779139318e+00 1.551444091796875000e+03
1.698485053161670422e+00 1.559223144531250000e+03
1.701919805544201525e+00 1.574533447265625000e+03
1.705354557926732850e+00 1.585647827148437500e+03
1.708789310309263954e+00 1.584014160156250000e+03
1.712224062691795279e+00 1.583306762695312500e+03
1.715658815074326382e+00 1.584502319335937500e+03
1.719093567456857707e+00 1.583312866210937500e+03
1.722528319839388811e+00 1.581061279296875000e+03
1.725963072221919914e+00 1.578495605468750000e+03
1.729397824604451239e+00 1.581918457031250000e+03
1.732832576986982343e+00 1.582173706054687500e+03
1.736267329369513446e+00 1.580097290039062500e+03
1.739702081752044549e+00 1.574031616210937500e+03
1.743136834134575874e+00 1.566390502929687500e+03
1.746571586517106978e+00 1.569547607421875000e+03
1.750006338899638303e+00 1.572062500000000000e+03
1.753441091282169406e+00 1.555684570312500000e+03
1.756875843664700731e+00 1.539754150390625000e+03
1.760310596047231835e+00 1.537662963867187500e+03
1.763745348429762938e+00 1.552116210937500000e+03
1.767180100812294263e+00 1.560457275390625000e+03
1.770614853194825367e+00 1.570287353515625000e+03
1.774049605577356470e+00 1.586227294921875000e+03
1.777484357959887573e+00 1.599847900390625000e+03
1.780919110342418898e+00 1.603027709960937500e+03
1.784353862724950002e+00 1.600275878906250000e+03
1.787788615107481327e+00 1.583819091796875000e+03
1.791223367490012208e+00 1.561591918945312500e+03
1.794658119872543534e+00 1.539474121093750000e+03
1.798092872255074859e+00 1.522462036132812500e+03
1.801527624637606184e+00 1.509182617187500000e+03
1.804962377020137065e+00 1.490019409179687500e+03
1.808397129402668391e+00 1.485375366210937500e+03
1.811831881785199494e+00 1.482214477539062500e+03
1.815266634167730819e+00 1.480420410156250000e+03
1.818701386550261700e+00 1.472220458984375000e+03
1.822136138932793026e+00 1.461591064453125000e+03
1.825570891315324351e+00 1.456921142578125000e+03
1.829005643697855676e+00 1.456812744140625000e+03
1.832440396080386558e+00 1.456812866210937500e+03
1.835875148462917883e+00 1.451378540039062500e+03
1.839309900845449208e+00 1.444507934570312500e+03
1.842744653227980089e+00 1.429765625000000000e+03
1.846179405610511415e+00 1.422634155273437500e+03
1.849614157993042740e+00 1.419077758789062500e+03
1.853048910375573843e+00 1.417500976562500000e+03
1.856483662758104725e+00 1.414242797851562500e+03
1.859918415140636050e+00 1.413644287109375000e+03
1.863353167523167375e+00 1.416956909179687500e+03
1.866787919905698701e+00 1.410275878906250000e+03
1.870222672288229582e+00 1.403665893554687500e+03
1.873657424670760907e+00 1.393367431640625000e+03
1.877092177053292232e+00 1.395681640625000000e+03
1.880526929435823114e+00 1.398440917968750000e+03
1.883961681818354439e+00 1.397898071289062500e+03
1.887396434200885764e+00 1.386177978515625000e+03
1.890831186583416867e+00 1.374627441406250000e+03
1.894265938965947749e+00 1.373369873046875000e+03
1.897700691348479074e+00 1.367638793945312500e+03
1.901135443731010399e+00 1.352251586914062500e+03
1.904570196113541725e+00 1.337173339843750000e+03
1.908004948496072606e+00 1.321502197265625000e+03
1.911439700878603931e+00 1.314395507812500000e+03
1.914874453261135256e+00 1.311014648437500000e+03
1.918309205643666138e+00 1.318069458007812500e+03
1.921743958026197463e+00 1.322074584960937500e+03
1.925178710408728788e+00 1.318484985351562500e+03
1.928613462791259892e+00 1.315578979492187500e+03
1.932048215173790773e+00 1.316534545898437500e+03
1.935482967556322098e+00 1.309913574218750000e+03
1.938917719938853423e+00 1.294463989257812500e+03
1.942352472321384749e+00 1.281823120117187500e+03
1.945787224703915630e+00 1.277520019531250000e+03
1.949221977086446955e+00 1.275734497070312500e+03
1.952656729468978281e+00 1.271124023437500000e+03
1.956091481851509162e+00 1.264159790039062500e+03
1.959526234234040487e+00 1.257470214843750000e+03
1.962960986616571812e+00 1.251965576171875000e+03
1.966395738999102916e+00 1.252886474609375000e+03
1.969830491381633797e+00 1.252700927734375000e+03
1.973265243764165122e+00 1.259566284179687500e+03
1.976699996146696447e+00 1.271089965820312500e+03
1.980134748529227329e+00 1.279638793945312500e+03
1.983569500911758654e+00 1.286645996093750000e+03
1.987004253294289979e+00 1.306452880859375000e+03
1.990439005676821305e+00 1.352597290039062500e+03
1.993873758059352186e+00 1.429755493164062500e+03
1.997308510441883511e+00 1.521947021484375000e+03
2.000743262824414614e+00 1.612987670898437500e+03
2.004178015206945940e+00 1.656915771484375000e+03
2.007612767589476821e+00 1.638889526367187500e+03
2.011047519972008146e+00 1.561239746093750000e+03
2.014482272354539472e+00 1.451041259765625000e+03
2.017917024737070353e+00 1.349864379882812500e+03
2.021351777119601678e+00 1.268161132812500000e+03
2.024786529502133003e+00 1.218635253906250000e+03
2.028221281884664329e+00 1.188720336914062500e+03
2.031656034267195210e+00 1.179558959960937500e+03
2.035090786649726535e+00 1.176485839843750000e+03
2.038525539032257861e+00 1.180070312500000000e+03
2.041960291414789186e+00 1.173335449218750000e+03
2.045395043797320067e+00 1.171694946289062500e+03
2.048829796179851392e+00 1.163777954101562500e+03
2.052264548562382718e+00 1.163270141601562500e+03
2.055699300944913599e+00 1.157268310546875000e+03
2.059134053327444924e+00 1.152584106445312500e+03
2.062568805709975805e+00 1.151920654296875000e+03
2.066003558092507131e+00 1.149754150390625000e+03
2.069438310475038012e+00 1.150316528320312500e+03
2.072873062857569337e+00 1.146509399414062500e+03
2.076307815240100663e+00 1.147971923828125000e+03
2.079742567622631988e+00 1.145498901367187500e+03
2.083177320005162869e+00 1.153917968750000000e+03
2.086612072387694194e+00 1.149823364257812500e+03
2.090046824770225520e+00 1.147298950195312500e+03
2.093481577152756401e+00 1.136676025390625000e+03
2.096916329535287726e+00 1.135556884765625000e+03
2.100351081917819052e+00 1.136495117187500000e+03
2.103785834300350377e+00 1.127657470703125000e+03
2.107220586682881258e+00 1.122937500000000000e+03
2.110655339065412583e+00 1.119476684570312500e+03
2.114090091447943909e+00 1.114694580078125000e+03
2.117524843830475234e+00 1.105917358398437500e+03
2.120959596213006115e+00 1.095869506835937500e+03
2.124394348595537441e+00 1.092767456054687500e+03
2.127829100978068766e+00 1.087041503906250000e+03
2.131263853360599647e+00 1.081450073242187500e+03
2.134698605743130972e+00 1.082822509765625000e+03
2.138133358125661854e+00 1.081977416992187500e+03
2.141568110508193179e+00 1.082397460937500000e+03
2.145002862890724060e+00 1.077794921875000000e+03
2.148437615273255386e+00 1.077750122070312500e+03
2.151872367655786711e+00 1.076031738281250000e+03
2.155307120038318036e+00 1.066350219726562500e+03
2.158741872420848917e+00 1.062467895507812500e+03
2.162176624803380243e+00 1.067412231445312500e+03
2.165611377185911568e+00 1.062886596679687500e+03
2.169046129568442449e+00 1.052049560546875000e+03
2.172480881950973775e+00 1.033936035156250000e+03
2.175915634333505100e+00 1.030012207031250000e+03
2.179350386716036425e+00 1.022388183593750000e+03
2.182785139098567306e+00 1.022454284667968750e+03
2.186219891481098632e+00 1.025156616210937500e+03
2.189654643863629957e+00 1.021200195312500000e+03
2.193089396246161282e+00 1.016368347167968750e+03
2.196524148628692163e+00 1.013792968750000000e+03
2.199958901011223489e+00 1.020096862792968750e+03
2.203393653393754814e+00 1.018574401855468750e+03
2.206828405776285695e+00 1.008437194824218750e+03
2.210263158158817021e+00 1.004737976074218750e+03
2.213697910541347902e+00 1.002604919433593750e+03
2.217132662923879227e+00 1.005125366210937500e+03
2.220567415306410108e+00 1.000291259765625000e+03
2.224002167688941434e+00 9.897202148437500000e+02
2.227436920071472759e+00 9.817892456054687500e+02
2.230871672454004084e+00 9.841179199218750000e+02
2.234306424836534966e+00 9.871369628906250000e+02
2.237741177219066291e+00 9.859776611328125000e+02
2.241175929601597616e+00 9.860668945312500000e+02
2.244610681984128497e+00 9.919738159179687500e+02
2.248045434366659823e+00 9.907690429687500000e+02
2.251480186749191148e+00 9.812373657226562500e+02
2.254914939131722473e+00 9.693737792968750000e+02
2.258349691514253355e+00 9.551395874023437500e+02
2.261784443896784680e+00 9.488169555664062500e+02
2.265219196279316005e+00 9.529477539062500000e+02
2.268653948661847330e+00 9.573767700195312500e+02
2.272088701044378212e+00 9.640115356445312500e+02
2.275523453426909537e+00 9.640519409179687500e+02
2.278958205809440862e+00 9.691694946289062500e+02
2.282392958191971744e+00 9.732409057617187500e+02
2.285827710574503069e+00 9.780661010742187500e+02
2.289262462957033950e+00 9.704969482421875000e+02
2.292697215339565275e+00 9.583927612304687500e+02
2.296131967722096157e+00 9.552630615234375000e+02
2.299566720104627482e+00 9.641872558593750000e+02
2.303001472487158807e+00 9.798179321289062500e+02
2.306436224869690133e+00 1.003481323242187500e+03
2.309870977252221014e+00 1.052210937500000000e+03
2.313305729634752339e+00 1.129305419921875000e+03
2.316740482017283664e+00 1.215887573242187500e+03
2.320175234399814546e+00 1.281128540039062500e+03
2.323609986782345871e+00 1.296987182617187500e+03
2.327044739164877196e+00 1.263308105468750000e+03
2.330479491547408522e+00 1.179809570312500000e+03
2.333914243929939403e+00 1.093323974609375000e+03
2.337348996312470728e+00 1.014296264648437500e+03
2.340783748695002053e+00 9.694458007812500000e+02
2.344218501077533379e+00 9.340965576171875000e+02
2.347653253460064260e+00 9.216860351562500000e+02
2.351088005842595585e+00 9.150073852539062500e+02
2.354522758225126911e+00 9.101145019531250000e+02
2.357957510607657792e+00 9.071168212890625000e+02
2.361392262990189117e+00 9.065617065429687500e+02
2.364827015372720442e+00 9.088847656250000000e+02
2.368261767755251324e+00 9.115239868164062500e+02
2.371696520137782205e+00 9.085223999023437500e+02
2.375131272520313530e+00 9.064688720703125000e+02
2.378566024902844855e+00 8.977028808593750000e+02
2.382000777285376181e+00 8.824673461914062500e+02
2.385435529667907062e+00 8.705653686523437500e+02
2.388870282050438387e+00 8.675590820312500000e+02
2.392305034432969713e+00 8.776010131835937500e+02
2.395739786815500594e+00 8.813989868164062500e+02
2.399174539198031919e+00 8.764764404296875000e+02
2.402609291580563244e+00 8.612550048828125000e+02
2.406044043963094570e+00 8.522302246093750000e+02
2.409478796345625451e+00 8.446958007812500000e+02
2.412913548728156776e+00 8.460514526367187500e+02
2.416348301110688102e+00 8.460969238281250000e+02
2.419783053493219427e+00 8.485979614257812500e+02
2.423217805875750308e+00 8.548738403320312500e+02
2.426652558258281633e+00 8.558250122070312500e+02
2.430087310640812959e+00 8.542927246093750000e+02
2.433522063023343840e+00 8.543101196289062500e+02
2.436956815405875165e+00 8.547241210937500000e+02
2.440391567788406491e+00 8.556861572265625000e+02
2.443826320170937372e+00 8.464654541015625000e+02
2.447261072553468253e+00 8.426990356445312500e+02
2.450695824935999578e+00 8.419592895507812500e+02
2.454130577318530904e+00 8.379055786132812500e+02
2.457565329701061785e+00 8.393007202148437500e+02
2.461000082083593110e+00 8.458482055664062500e+02
2.464434834466124435e+00 8.513809814453125000e+02
2.467869586848655761e+00 8.535399780273437500e+02
2.471304339231186642e+00 8.516395263671875000e+02
2.474739091613717967e+00 8.590176391601562500e+02
2.478173843996249293e+00 8.576934204101562500e+02
2.481608596378780618e+00 8.546104125976562500e+02
2.485043348761311499e+00 8.437244873046875000e+02
2.488478101143842824e+00 8.381038208007812500e+02
2.491912853526374150e+00 8.376346435546875000e+02
2.495347605908905031e+00 8.401433105468750000e+02
2.498782358291436356e+00 8.475928344726562500e+02
2.502217110673967682e+00 8.668255615234375000e+02
2.505651863056499007e+00 9.041138305664062500e+02
2.509086615439029888e+00 9.492120361328125000e+02
2.512521367821561213e+00 9.659779052734375000e+02
2.515956120204092539e+00 9.636784057617187500e+02
2.519390872586623420e+00 9.331257934570312500e+02
2.522825624969154301e+00 9.010803833007812500e+02
2.526260377351685626e+00 8.658817749023437500e+02
2.529695129734216952e+00 8.379886474609375000e+02
2.533129882116747833e+00 8.179146728515625000e+02
2.536564634499279158e+00 8.074580688476562500e+02
2.539999386881810484e+00 8.083435668945312500e+02
2.543434139264341809e+00 8.011044921875000000e+02
2.546868891646872690e+00 7.977233886718750000e+02
2.550303644029404015e+00 7.921026000976562500e+02
2.553738396411935341e+00 7.963638305664062500e+02
2.557173148794466666e+00 7.917835083007812500e+02
2.560607901176997547e+00 7.907957153320312500e+02
2.564042653559528873e+00 7.826720581054687500e+02
2.567477405942060198e+00 7.794862670898437500e+02
2.570912158324591079e+00 7.816002807617187500e+02
2.574346910707122404e+00 7.852796020507812500e+02
2.577781663089653730e+00 7.817892456054687500e+02
2.581216415472185055e+00 7.739716186523437500e+02
2.584651167854715936e+00 7.712628784179687500e+02
2.588085920237247262e+00 7.679876708984375000e+02
2.591520672619778587e+00 7.619750366210937500e+02
2.594955425002309468e+00 7.640734863281250000e+02
2.598390177384840349e+00 7.714354858398437500e+02
2.601824929767371675e+00 7.771401977539062500e+02
2.605259682149903000e+00 7.702703857421875000e+02
2.608694434532433881e+00 7.640698852539062500e+02
2.612129186914965207e+00 7.631782836914062500e+02
2.615563939297496532e+00 7.642109375000000000e+02
2.618998691680027857e+00 7.601223754882812500e+02
2.622433444062558738e+00 7.531745605468750000e+02
2.625868196445090064e+00 7.462767944335937500e+02
2.629302948827621389e+00 7.432923583984375000e+02
2.632737701210152714e+00 7.461099243164062500e+02
2.636172453592683596e+00 7.485498657226562500e+02
2.639607205975214921e+00 7.624365844726562500e+02
2.643041958357746246e+00 7.637297973632812500e+02
2.646476710740277127e+00 7.585122070312500000e+02
2.649911463122808453e+00 7.417374877929687500e+02
2.653346215505339778e+00 7.383431396484375000e+02
2.656780967887871103e+00 7.408185424804687500e+02
2.660215720270401984e+00 7.454199829101562500e+02
2.663650472652933310e+00 7.426570434570312500e+02
2.667085225035464635e+00 7.412852172851562500e+02
2.670519977417995516e+00 7.346018676757812500e+02
2.673954729800526398e+00 7.371726684570312500e+02
2.677389482183057723e+00 7.412145996093750000e+02
2.680824234565589048e+00 7.490314941406250000e+02
2.684258986948119929e+00 7.585759887695312500e+02
2.687693739330651255e+00 7.654032592773437500e+02
2.691128491713182580e+00 7.632526855468750000e+02
2.694563244095713905e+00 7.502692871093750000e+02
2.697997996478244787e+00 7.431664428710937500e+02
2.701432748860776112e+00 7.422210083007812500e+02
2.704867501243307437e+00 7.400865478515625000e+02
2.708302253625838762e+00 7.323839721679687500e+02
2.711737006008369644e+00 7.299378051757812500e+02
2.715171758390900969e+00 7.315593261718750000e+02
2.718606510773432294e+00 7.403022460937500000e+02
2.722041263155963176e+00 7.400081176757812500e+02
2.725476015538494501e+00 7.468677978515625000e+02
2.728910767921025826e+00 7.449294433593750000e+02
2.732345520303557151e+00 7.408706054687500000e+02
2.735780272686088033e+00 7.371637573242187500e+02
2.739215025068619358e+00 7.381106567382812500e+02
2.742649777451150683e+00 7.462334594726562500e+02
2.746084529833681565e+00 7.499437255859375000e+02
2.749519282216212890e+00 7.620394287109375000e+02
2.752954034598743771e+00 7.946451416015625000e+02
2.756388786981275096e+00 8.597611694335937500e+02
2.759823539363805978e+00 9.594848632812500000e+02
2.763258291746337303e+00 1.072569335937500000e+03
2.766693044128868628e+00 1.172653686523437500e+03
2.770127796511399954e+00 1.211666381835937500e+03
2.773562548893930835e+00 1.173775268554687500e+03
2.776997301276462160e+00 1.072102294921875000e+03
2.780432053658993485e+00 9.526892089843750000e+02
2.783866806041524811e+00 8.527323608398437500e+02
2.787301558424055692e+00 7.872990722656250000e+02
2.790736310806587017e+00 7.579400634765625000e+02
2.794171063189118343e+00 7.406380615234375000e+02
2.797605815571649224e+00 7.315599365234375000e+02
2.801040567954180549e+00 7.217986450195312500e+02
2.804475320336711874e+00 7.191625976562500000e+02
2.807910072719243200e+00 7.174659423828125000e+02
2.811344825101774081e+00 7.106856689453125000e+02
2.814779577484305406e+00 6.971024169921875000e+02
2.818214329866836731e+00 6.947192382812500000e+02
2.821649082249367613e+00 7.038547363281250000e+02
2.825083834631898938e+00 7.214301757812500000e+02
2.828518587014429819e+00 7.446572875976562500e+02
2.831953339396961145e+00 7.825785522460937500e+02
2.835388091779492026e+00 8.261460571289062500e+02
2.838822844162023351e+00 8.568000488281250000e+02
2.842257596544554676e+00 8.606452636718750000e+02
2.845692348927086002e+00 8.417435913085937500e+02
2.849127101309616883e+00 8.028064575195312500e+02
2.852561853692148208e+00 7.640605468750000000e+02
2.855996606074679534e+00 7.325933837890625000e+02
2.859431358457210415e+00 7.101200561523437500e+02
2.862866110839741740e+00 6.937041015625000000e+02
2.866300863222273065e+00 6.845401611328125000e+02
2.869735615604804391e+00 6.821551513671875000e+02
2.873170367987335272e+00 6.806057128906250000e+02
2.876605120369866597e+00 6.833583984375000000e+02
2.880039872752397923e+00 6.818344726562500000e+02
2.883474625134929248e+00 6.851894531250000000e+02
2.886909377517460129e+00 6.781404418945312500e+02
2.890344129899991454e+00 6.770009155273437500e+02
2.893778882282522780e+00 6.735112915039062500e+02
2.897213634665053661e+00 6.749060668945312500e+02
2.900648387047584986e+00 6.764291381835937500e+02
2.904083139430115867e+00 6.713023681640625000e+02
2.907517891812647193e+00 6.699040527343750000e+02
2.910952644195178074e+00 6.686156005859375000e+02
2.914387396577709399e+00 6.726837158203125000e+02
2.917822148960240725e+00 6.757029418945312500e+02
2.921256901342772050e+00 6.789518432617187500e+02
2.924691653725302931e+00 6.869988403320312500e+02
2.928126406107834256e+00 6.994031982421875000e+02
2.931561158490365582e+00 7.177918701171875000e+02
2.934995910872896463e+00 7.404309692382812500e+02
2.938430663255427788e+00 7.612254028320312500e+02
2.941865415637959114e+00 7.728961791992187500e+02
2.945300168020490439e+00 7.674751586914062500e+02
2.948734920403021320e+00 7.565859375000000000e+02
2.952169672785552645e+00 7.405290527343750000e+02
2.955604425168083971e+00 7.290628662109375000e+02
2.959039177550615296e+00 7.185791015625000000e+02
2.962473929933146177e+00 7.285817260742187500e+02
2.965908682315677503e+00 7.603641357421875000e+02
2.969343434698208828e+00 8.436099243164062500e+02
2.972778187080739709e+00 1.003686279296875000e+03
2.976212939463271034e+00 1.229978881835937500e+03
2.979647691845801916e+00 1.460177368164062500e+03
2.983082444228333241e+00 1.611625122070312500e+03
2.986517196610864122e+00 1.613862548828125000e+03
2.989951948993395447e+00 1.476077392578125000e+03
2.993386701375926773e+00 1.246607055664062500e+03
2.996821453758458098e+00 1.013812805175781250e+03
3.000256206140988979e+00 8.385585327148437500e+02
3.003690958523520305e+00 7.451890869140625000e+02
3.007125710906051630e+00 6.996404418945312500e+02
3.010560463288582511e+00 6.823703613281250000e+02
3.013995215671113836e+00 6.728720703125000000e+02
3.017429968053645162e+00 6.675902709960937500e+02
3.020864720436176487e+00 6.633778686523437500e+02
3.024299472818707368e+00 6.606899414062500000e+02
3.027734225201238694e+00 6.604790039062500000e+02
3.031168977583770019e+00 6.618032836914062500e+02
3.034603729966301344e+00 6.651768188476562500e+02
3.038038482348832225e+00 6.690163574218750000e+02
3.041473234731363551e+00 6.774807739257812500e+02
3.044907987113894876e+00 6.924935913085937500e+02
3.048342739496425757e+00 7.086149291992187500e+02
3.051777491878957083e+00 7.151869506835937500e+02
3.055212244261487964e+00 7.137805175781250000e+02
3.058646996644019289e+00 7.153925170898437500e+02
3.062081749026550170e+00 7.146638183593750000e+02
3.065516501409081496e+00 7.236035156250000000e+02
3.068951253791612821e+00 7.283599243164062500e+02
3.072386006174144146e+00 7.462939453125000000e+02
3.075820758556675028e+00 7.543567504882812500e+02
3.079255510939206353e+00 7.612219848632812500e+02
3.082690263321737678e+00 7.510565185546875000e+02
3.086125015704268559e+00 7.389638061523437500e+02
3.089559768086799885e+00 7.153375854492187500e+02
3.092994520469331210e+00 6.939385986328125000e+02
3.096429272851862535e+00 6.692447509765625000e+02
3.099864025234393416e+00 6.500187377929687500e+02
3.103298777616924742e+00 6.374600830078125000e+02
3.106733529999456067e+00 6.398398437500000000e+02
3.110168282381987392e+00 6.392744750976562500e+02
3.113603034764518274e+00 6.402764892578125000e+02
3.117037787147049599e+00 6.306417236328125000e+02
3.120472539529580924e+00 6.258218994140625000e+02
3.123907291912111805e+00 6.235512084960937500e+02
3.127342044294643131e+00 6.217376708984375000e+02
3.130776796677174012e+00 6.247401123046875000e+02
3.134211549059705337e+00 6.261268310546875000e+02
3.137646301442236219e+00 6.222979125976562500e+02
3.141081053824767544e+00 6.102385864257812500e+02
3.144515806207298869e+00 5.984152832031250000e+02
3.147950558589830194e+00 5.972934570312500000e+02
3.151385310972361076e+00 5.987752075195312500e+02
3.154820063354892401e+00 6.001799926757812500e+02
3.158254815737423726e+00 5.998016967773437500e+02
3.161689568119954608e+00 6.040032958984375000e+02
3.165124320502485933e+00 6.075558471679687500e+02
3.168559072885017258e+00 6.113287963867187500e+02
3.171993825267548583e+00 6.116959838867187500e+02
3.175428577650079465e+00 6.085963745117187500e+02
3.178863330032610790e+00 6.048557128906250000e+02
3.182298082415142115e+00 6.014569702148437500e+02
3.185732834797673441e+00 5.985816650390625000e+02
3.189167587180204322e+00 5.971343383789062500e+02
3.192602339562735647e+00 5.932333984375000000e+02
3.196037091945266972e+00 5.950819091796875000e+02
3.199471844327797854e+00 5.939910278320312500e+02
3.202906596710329179e+00 6.003569335937500000e+02
3.206341349092860060e+00 6.027922363281250000e+02
3.209776101475391386e+00 6.026394042968750000e+02
3.213210853857922267e+00 5.996799316406250000e+02
3.216645606240453592e+00 5.943069458007812500e+02
3.220080358622984917e+00 5.896414184570312500e+02
3.223515111005516243e+00 5.867328491210937500e+02
3.226949863388047124e+00 5.925361938476562500e+02
3.230384615770578449e+00 6.007534179687500000e+02
3.233819368153109775e+00 6.066033325195312500e+02
3.237254120535640656e+00 6.010504760742187500e+02
3.240688872918171981e+00 5.993863525390625000e+02
3.244123625300703306e+00 6.012646484375000000e+02
3.247558377683234632e+00 6.071377563476562500e+02
3.250993130065765513e+00 6.115250244140625000e+02
3.254427882448296838e+00 6.222376098632812500e+02
3.257862634830828164e+00 6.411315917968750000e+02
3.261297387213359489e+00 6.711378784179687500e+02
3.264732139595890370e+00 6.946240234375000000e+02
3.268166891978421695e+00 7.023609619140625000e+02
3.271601644360953021e+00 6.927272338867187500e+02
3.275036396743483902e+00 6.727427368164062500e+02
3.278471149126015227e+00 6.494635009765625000e+02
3.281905901508546108e+00 6.236853637695312500e+02
3.285340653891077434e+00 6.078801269531250000e+02
3.288775406273608315e+00 6.073176269531250000e+02
3.292210158656139640e+00 6.073569946289062500e+02
3.295644911038670966e+00 6.044473266601562500e+02
3.299079663421202291e+00 5.972623291015625000e+02
3.302514415803733172e+00 5.947888793945312500e+02
3.305949168186264497e+00 5.952837524414062500e+02
3.309383920568795823e+00 5.904816894531250000e+02
3.312818672951326704e+00 5.816797485351562500e+02
3.316253425333858029e+00 5.787589721679687500e+02
3.319688177716389355e+00 5.807182006835937500e+02
3.323122930098920680e+00 5.811254272460937500e+02
3.326557682481451561e+00 5.783464355468750000e+02
3.329992434863982886e+00 5.786653442382812500e+02
3.333427187246514212e+00 5.853757324218750000e+02
3.336861939629045093e+00 5.882987670898437500e+02
3.340296692011576418e+00 5.917354736328125000e+02
3.343731444394107744e+00 5.918047485351562500e+02
3.347166196776639069e+00 5.979169921875000000e+02
3.350600949159169950e+00 6.045073242187500000e+02
3.354035701541701275e+00 6.115927124023437500e+02
3.357470453924232601e+00 6.123867187500000000e+02
3.360905206306763482e+00 6.046559448242187500e+02
3.364339958689294363e+00 5.986832885742187500e+02
3.367774711071825688e+00 5.943189697265625000e+02
3.371209463454357014e+00 5.938352050781250000e+02
3.374644215836887895e+00 5.893334350585937500e+02
3.378078968219419220e+00 5.878060913085937500e+02
3.381513720601950546e+00 5.849533081054687500e+02
3.384948472984481871e+00 5.835642089843750000e+02
3.388383225367012752e+00 5.802358398437500000e+02
3.391817977749544077e+00 5.790554199218750000e+02
3.395252730132075403e+00 5.757037353515625000e+02
3.398687482514606728e+00 5.747125244140625000e+02
3.402122234897137609e+00 5.754030151367187500e+02
3.405556987279668935e+00 5.816826171875000000e+02
3.408991739662200260e+00 5.844779052734375000e+02
3.412426492044731141e+00 5.911060180664062500e+02
3.415861244427262466e+00 5.945816650390625000e+02
3.419295996809793792e+00 6.028081665039062500e+02
3.422730749192325117e+00 6.079747924804687500e+02
3.426165501574855998e+00 6.185296630859375000e+02
3.429600253957387324e+00 6.167726440429687500e+02
3.433035006339918649e+00 6.081637573242187500e+02
3.436469758722449530e+00 5.994253540039062500e+02
3.439904511104980411e+00 5.986585083007812500e+02
3.443339263487511737e+00 6.078066406250000000e+02
3.446774015870043062e+00 6.129346923828125000e+02
3.450208768252573943e+00 6.139716796875000000e+02
3.453643520635105268e+00 6.097883911132812500e+02
3.457078273017636594e+00 6.010935058593750000e+02
3.460513025400167919e+00 5.960657958984375000e+02
3.463947777782698800e+00 5.944478149414062500e+02
3.467382530165230126e+00 6.045161132812500000e+02
3.470817282547761451e+00 6.062385864257812500e+02
3.474252034930292776e+00 6.001223144531250000e+02
3.477686787312823657e+00 5.856447753906250000e+02
3.481121539695354983e+00 5.766884765625000000e+02
3.484556292077886308e+00 5.648347778320312500e+02
3.487991044460417189e+00 5.559740600585937500e+02
3.491425796842948515e+00 5.557930297851562500e+02
3.494860549225479840e+00 5.563467407226562500e+02
3.498295301608011165e+00 5.553317871093750000e+02
3.501730053990542046e+00 5.505641479492187500e+02
3.505164806373073372e+00 5.578416748046875000e+02
3.508599558755604697e+00 5.595600585937500000e+02
3.512034311138135578e+00 5.559022216796875000e+02
3.515469063520666460e+00 5.507965087890625000e+02
3.518903815903197785e+00 5.542470092773437500e+02
3.522338568285729110e+00 5.567710571289062500e+02
3.525773320668259991e+00 5.552973022460937500e+02
3.529208073050791317e+00 5.538329467773437500e+02
3.532642825433322642e+00 5.553395996093750000e+02
3.536077577815853967e+00 5.574070434570312500e+02
3.539512330198384849e+00 5.576094360351562500e+02
3.542947082580916174e+00 5.600359497070312500e+02
3.546381834963447499e+00 5.596021728515625000e+02
3.549816587345978824e+00 5.628060913085937500e+02
3.553251339728509706e+00 5.656270751953125000e+02
3.556686092111041031e+00 5.702711791992187500e+02
3.560120844493572356e+00 5.681311035156250000e+02
3.563555596876103237e+00 5.612656860351562500e+02
3.566990349258634563e+00 5.583737182617187500e+02
3.570425101641165888e+00 5.583003540039062500e+02
3.573859854023697213e+00 5.579053955078125000e+02
3.577294606406228095e+00 5.517527465820312500e+02
3.580729358788759420e+00 5.459880371093750000e+02
3.584164111171290301e+00 5.446307983398437500e+02
3.587598863553821626e+00 5.434504394531250000e+02
3.591033615936352508e+00 5.452304077148437500e+02
3.594468368318883833e+00 5.402852783203125000e+02
3.597903120701415158e+00 5.407503051757812500e+02
3.601337873083946484e+00 5.468812255859375000e+02
3.604772625466477809e+00 5.508195190429687500e+02
3.608207377849008246e+00 5.500932006835937500e+02
3.611642130231539571e+00 5.435767822265625000e+02
3.615076882614070897e+00 5.462266235351562500e+02
3.618511634996602222e+00 5.468195800781250000e+02
3.621946387379133547e+00 5.458735351562500000e+02
3.625381139761664873e+00 5.461361083984375000e+02
3.628815892144196198e+00 5.431492919921875000e+02
3.632250644526726635e+00 5.385373535156250000e+02
3.635685396909257960e+00 5.346427612304687500e+02
3.639120149291789286e+00 5.332869262695312500e+02
3.642554901674320611e+00 5.362404174804687500e+02
3.645989654056851936e+00 5.386325683593750000e+02
3.649424406439383262e+00 5.395589599609375000e+02
3.652859158821914587e+00 5.389176025390625000e+02
3.656293911204445912e+00 5.340189819335937500e+02
3.659728663586976349e+00 5.343409423828125000e+02
3.663163415969507675e+00 5.354885253906250000e+02
3.666598168352038556e+00 5.360264282226562500e+02
3.670032920734569881e+00 5.364566040039062500e+02
3.673467673117101207e+00 5.313967895507812500e+02
3.676902425499632532e+00 5.361469726562500000e+02
3.680337177882163857e+00 5.385320434570312500e+02
3.683771930264694294e+00 5.463755493164062500e+02
3.687206682647225620e+00 5.492549438476562500e+02
3.690641435029756945e+00 5.470494384765625000e+02
3.694076187412288270e+00 5.418730468750000000e+02
3.697510939794819596e+00 5.361147460937500000e+02
3.700945692177350921e+00 5.306863403320312500e+02
3.704380444559882246e+00 5.307329101562500000e+02
3.707815196942412683e+00 5.298780517578125000e+02
3.711249949324944009e+00 5.341182861328125000e+02
3.714684701707475334e+00 5.274728393554687500e+02
3.718119454090006659e+00 5.225919799804687500e+02
3.721554206472537984e+00 5.211435546875000000e+02
3.724988958855069310e+00 5.191448364257812500e+02
3.728423711237600635e+00 5.205787353515625000e+02
3.731858463620131960e+00 5.184976806640625000e+02
3.735293216002662398e+00 5.258958740234375000e+02
3.738727968385193723e+00 5.238424682617187500e+02
3.742162720767725048e+00 5.320813598632812500e+02
3.745597473150255929e+00 5.336073608398437500e+02
3.749032225532787255e+00 5.347562866210937500e+02
3.752466977915318580e+00 5.277272949218750000e+02
3.755901730297849905e+00 5.227871093750000000e+02
3.759336482680380342e+00 5.242766723632812500e+02
3.762771235062911668e+00 5.303649291992187500e+02
3.766205987445442993e+00 5.480850219726562500e+02
3.769640739827974318e+00 5.702729492187500000e+02
3.773075492210505644e+00 5.935661010742187500e+02
3.776510244593036969e+00 6.061761474609375000e+02
3.779944996975568294e+00 6.036195678710937500e+02
3.783379749358098731e+00 5.872513427734375000e+02
3.786814501740630057e+00 5.715941162109375000e+02
3.790249254123161382e+00 5.547047729492187500e+02
3.793684006505692707e+00 5.352803955078125000e+02
3.797118758888224033e+00 5.228766479492187500e+02
3.800553511270755358e+00 5.190661010742187500e+02
3.803988263653286683e+00 5.204732666015625000e+02
3.807423016035818009e+00 5.181257934570312500e+02
3.810857768418348446e+00 5.139892578125000000e+02
3.814292520800879771e+00 5.126184082031250000e+02
3.817727273183411096e+00 5.102428588867187500e+02
3.821162025565941978e+00 5.144301757812500000e+02
3.824596777948473303e+00 5.199636230468750000e+02
3.828031530331004628e+00 5.266728515625000000e+02
3.831466282713535954e+00 5.360667724609375000e+02
3.834901035096066391e+00 5.453128662109375000e+02
3.838335787478597716e+00 5.602609252929687500e+02
3.841770539861129041e+00 5.805448608398437500e+02
3.845205292243660367e+00 6.023439331054687500e+02
3.848640044626191692e+00 6.160777587890625000e+02
3.852074797008723017e+00 6.174390869140625000e+02
3.855509549391254343e+00 6.109733886718750000e+02
3.858944301773784780e+00 5.966275024414062500e+02
3.862379054156316105e+00 5.801662597656250000e+02
3.865813806538847430e+00 5.690140380859375000e+02
3.869248558921378756e+00 5.674298706054687500e+02
3.872683311303910081e+00 5.657237548828125000e+02
3.876118063686441406e+00 5.574377441406250000e+02
3.879552816068972732e+00 5.455322265625000000e+02
3.882987568451504057e+00 5.326469726562500000e+02
3.886422320834034494e+00 5.301298828125000000e+02
3.889857073216565819e+00 5.281787719726562500e+02
3.893291825599097145e+00 5.241295776367187500e+02
3.896726577981628026e+00 5.200719604492187500e+02
3.900161330364159351e+00 5.186113281250000000e+02
3.903596082746690676e+00 5.203572387695312500e+02
3.907030835129222002e+00 5.212014770507812500e+02
3.910465587511752439e+00 5.177760009765625000e+02
3.913900339894283764e+00 5.135130615234375000e+02
3.917335092276815089e+00 5.035904846191406250e+02
3.920769844659346415e+00 5.024507141113281250e+02
3.924204597041877740e+00 5.064951171875000000e+02
3.927639349424409065e+00 5.067672729492187500e+02
3.931074101806940391e+00 5.068320617675781250e+02
3.934508854189470828e+00 5.048068542480468750e+02
3.937943606572002153e+00 5.087314453125000000e+02
3.941378358954533478e+00 5.094824218750000000e+02
3.944813111337064804e+00 5.051217651367187500e+02
3.948247863719596129e+00 5.038276672363281250e+02
3.951682616102127454e+00 5.044174194335937500e+02
3.955117368484658780e+00 5.056897888183593750e+02
3.958552120867189217e+00 5.094779357910156250e+02
3.961986873249720542e+00 5.114107666015625000e+02
3.965421625632251867e+00 5.181519775390625000e+02
3.968856378014783193e+00 5.301589355468750000e+02
3.972291130397314074e+00 5.597097167968750000e+02
3.975725882779845399e+00 6.142623901367187500e+02
3.979160635162376725e+00 6.947343750000000000e+02
3.982595387544908050e+00 7.421501464843750000e+02
3.986030139927438487e+00 7.195722045898437500e+02
3.989464892309969812e+00 6.468887939453125000e+02
3.992899644692501138e+00 5.837335205078125000e+02
3.996334397075032463e+00 5.706173706054687500e+02
3.999769149457563788e+00 5.819477539062500000e+02
4.003203901840095114e+00 6.168748779296875000e+02
4.006638654222625995e+00 6.684685668945312500e+02
4.010073406605156876e+00 7.176230468750000000e+02
4.013508158987687757e+00 7.424310302734375000e+02
4.016942911370219527e+00 7.381685180664062500e+02
4.020377663752750408e+00 7.119027709960937500e+02
4.023812416135282177e+00 6.713876953125000000e+02
4.027247168517813058e+00 6.316087646484375000e+02
4.030681920900344828e+00 5.924582519531250000e+02
4.034116673282874821e+00 5.581119995117187500e+02
4.037551425665406590e+00 5.325703125000000000e+02
4.040986178047937472e+00 5.231497802734375000e+02
4.044420930430469241e+00 5.184580078125000000e+02
4.047855682813000122e+00 5.102079467773437500e+02
4.051290435195531892e+00 5.043555603027343750e+02
4.054725187578062773e+00 4.985684204101562500e+02
4.058159939960594542e+00 4.980291137695312500e+02
4.061594692343124535e+00 5.008806457519531250e+02
4.065029444725656305e+00 5.097058715820312500e+02
4.068464197108187186e+00 5.111625061035156250e+02
4.071898949490718955e+00 5.048039245605468750e+02
4.075333701873249836e+00 4.995862121582031250e+02
4.078768454255781606e+00 4.973993225097656250e+02
4.082203206638312487e+00 4.938703918457031250e+02
4.085637959020843368e+00 4.881200561523437500e+02
4.089072711403374250e+00 4.881704101562500000e+02
4.092507463785905131e+00 4.902125854492187500e+02
4.095942216168436900e+00 4.916193237304687500e+02
4.099376968550967781e+00 4.905025024414062500e+02
4.102811720933499551e+00 4.875144042968750000e+02
4.106246473316030432e+00 4.856013793945312500e+02
4.109681225698561313e+00 4.803622741699218750e+02
4.113115978081092194e+00 4.792177429199218750e+02
4.116550730463623964e+00 4.775865783691406250e+02
4.119985482846154845e+00 4.793643798828125000e+02
4.123420235228686614e+00 4.744058837890625000e+02
4.126854987611217496e+00 4.706372070312500000e+02
4.130289739993749265e+00 4.654929199218750000e+02
4.133724492376280146e+00 4.726203918457031250e+02
4.137159244758811028e+00 4.838182067871093750e+02
4.140593997141341909e+00 4.912532043457031250e+02
4.144028749523873678e+00 4.907578125000000000e+02
4.147463501906404559e+00 4.834139099121093750e+02
4.150898254288936329e+00 4.843859863281250000e+02
4.154333006671467210e+00 4.840147399902343750e+02
4.157767759053998091e+00 4.882472534179687500e+02
4.161202511436528972e+00 4.886389770507812500e+02
4.164637263819060742e+00 4.944242248535156250e+02
4.168072016201591623e+00 4.994711303710937500e+02
4.171506768584122504e+00 5.099857177734375000e+02
4.174941520966654274e+00 5.181428222656250000e+02
4.178376273349185155e+00 5.368082275390625000e+02
4.181811025731716924e+00 5.579804687500000000e+02
4.185245778114246917e+00 5.764050903320312500e+02
4.188680530496778687e+00 5.805071411132812500e+02
4.192115282879309568e+00 5.725486450195312500e+02
4.195550035261841337e+00 5.570470581054687500e+02
4.198984787644372219e+00 5.340426025390625000e+02
4.202419540026903988e+00 5.158660278320312500e+02
4.205854292409434869e+00 5.093392333984375000e+02
4.209289044791966639e+00 5.291732788085937500e+02
4.212723797174496632e+00 5.594052124023437500e+02
4.216158549557028401e+00 5.889395751953125000e+02
4.219593301939559282e+00 6.001565551757812500e+02
4.223028054322091052e+00 5.961527099609375000e+02
4.226462806704621933e+00 5.777500000000000000e+02
4.229897559087153702e+00 5.471845703125000000e+02
4.233332311469684583e+00 5.198589477539062500e+02
4.236767063852215465e+00 4.958411560058593750e+02
4.240201816234746346e+00 4.805994567871093750e+02
4.243636568617277227e+00 4.688446350097656250e+02
4.247071320999808997e+00 4.693311462402343750e+02
4.250506073382339878e+00 4.737886352539062500e+02
4.253940825764871647e+00 4.710079345703125000e+02
4.257375578147402528e+00 4.621571655273437500e+02
4.260810330529933410e+00 4.573013916015625000e+02
4.264245082912464291e+00 4.597718811035156250e+02
4.267679835294996060e+00 4.642997741699218750e+02
4.271114587677526941e+00 4.705468750000000000e+02
4.274549340060058711e+00 4.799537963867187500e+02
4.277984092442589592e+00 4.834703063964843750e+02
4.281418844825121361e+00 4.872966308593750000e+02
4.284853597207652243e+00 4.944693908691406250e+02
4.288288349590183124e+00 5.154790039062500000e+02
4.291723101972714005e+00 5.451148681640625000e+02
4.295157854355245775e+00 5.807807617187500000e+02
4.298592606737776656e+00 6.103718261718750000e+02
4.302027359120308425e+00 6.203286743164062500e+02
4.305462111502839306e+00 6.036974487304687500e+02
4.308896863885370188e+00 5.717612915039062500e+02
4.312331616267901069e+00 5.374132080078125000e+02
4.315766368650432838e+00 5.071590576171875000e+02
4.319201121032963719e+00 4.869062805175781250e+02
4.322635873415494601e+00 4.769645690917968750e+02
4.326070625798026370e+00 4.701339111328125000e+02
4.329505378180557251e+00 4.626213378906250000e+02
4.332940130563089021e+00 4.577609558105468750e+02
4.336374882945619014e+00 4.594922790527343750e+02
4.339809635328150783e+00 4.615568847656250000e+02
4.343244387710681664e+00 4.604297485351562500e+02
4.346679140093213434e+00 4.599373474121093750e+02
4.350113892475744315e+00 4.610936584472656250e+02
4.353548644858276084e+00 4.615476684570312500e+02
4.356983397240806966e+00 4.658536376953125000e+02
4.360418149623338735e+00 4.735224304199218750e+02
4.363852902005868728e+00 4.794732055664062500e+02
4.367287654388400497e+00 4.777308349609375000e+02
4.370722406770931379e+00 4.726488037109375000e+02
4.374157159153463148e+00 4.661921081542968750e+02
4.377591911535994029e+00 4.629678344726562500e+02
4.381026663918525799e+00 4.573433227539062500e+02
4.384461416301056680e+00 4.549891052246093750e+02
4.387896168683587561e+00 4.503148193359375000e+02
4.391330921066118442e+00 4.503857421875000000e+02
4.394765673448649324e+00 4.514735107421875000e+02
4.398200425831181093e+00 4.572272033691406250e+02
4.401635178213711974e+00 4.698816833496093750e+02
4.405069930596243744e+00 4.876584472656250000e+02
4.408504682978774625e+00 5.085449218750000000e+02
4.411939435361305506e+00 5.228783569335937500e+02
4.415374187743836387e+00 5.285226440429687500e+02
4.418808940126368157e+00 5.254642333984375000e+02
4.422243692508899038e+00 5.110026550292968750e+02
4.425678444891430807e+00 4.903351135253906250e+02
4.429113197273961688e+00 4.754183044433593750e+02
4.432547949656493458e+00 4.656246643066406250e+02
4.435982702039023451e+00 4.574465942382812500e+02
4.439417454421555220e+00 4.459174194335937500e+02
4.442852206804086101e+00 4.427245483398437500e+02
4.446286959186617871e+00 4.427258605957031250e+02
4.449721711569148752e+00 4.462725830078125000e+02
4.453156463951680522e+00 4.475301208496093750e+02
4.456591216334211403e+00 4.497591247558593750e+02
4.460025968716742284e+00 4.486349182128906250e+02
4.463460721099273165e+00 4.456405334472656250e+02
4.466895473481804935e+00 4.402003479003906250e+02
4.470330225864335816e+00 4.435073547363281250e+02
4.473764978246866697e+00 4.427799987792968750e+02
4.477199730629398466e+00 4.473278808593750000e+02
4.480634483011929348e+00 4.470955200195312500e+02
4.484069235394461117e+00 4.461453857421875000e+02
4.487503987776991110e+00 4.403671264648437500e+02
4.490938740159522879e+00 4.367278442382812500e+02
4.494373492542053761e+00 4.364396362304687500e+02
4.497808244924585530e+00 4.365358581542968750e+02
4.501242997307116411e+00 4.347500000000000000e+02
4.504677749689648181e+00 4.327759704589843750e+02
4.508112502072179062e+00 4.360643005371093750e+02
4.511547254454709943e+00 4.402162780761718750e+02
4.514982006837240824e+00 4.453224182128906250e+02
4.518416759219772594e+00 4.469762878417968750e+02
4.521851511602303475e+00 4.455422973632812500e+02
4.525286263984835244e+00 4.403765869140625000e+02
4.528721016367366126e+00 4.339284667968750000e+02
4.532155768749897895e+00 4.378488464355468750e+02
4.535590521132428776e+00 4.372823181152343750e+02
4.539025273514959657e+00 4.374336242675781250e+02
4.542460025897490539e+00 4.336894531250000000e+02
4.545894778280021420e+00 4.359770202636718750e+02
4.549329530662553189e+00 4.431160888671875000e+02
4.552764283045084071e+00 4.428462524414062500e+02
4.556199035427615840e+00 4.438289794921875000e+02
4.559633787810146721e+00 4.428823852539062500e+02
4.563068540192677602e+00 4.417991943359375000e+02
4.566503292575208484e+00 4.386802368164062500e+02
4.569938044957740253e+00 4.343353576660156250e+02
4.573372797340271134e+00 4.344645080566406250e+02
4.576807549722802904e+00 4.362619934082031250e+02
4.580242302105333785e+00 4.329465637207031250e+02
4.583677054487865554e+00 4.307733459472656250e+02
4.587111806870395547e+00 4.288576965332031250e+02
4.590546559252927317e+00 4.331441650390625000e+02
4.593981311635458198e+00 4.384611816406250000e+02
4.597416064017989967e+00 4.393449707031250000e+02
4.600850816400520849e+00 4.353843688964843750e+02
4.604285568783052618e+00 4.342300720214843750e+02
4.607720321165583499e+00 4.347484741210937500e+02
4.611155073548115269e+00 4.392660217285156250e+02
4.614589825930645262e+00 4.347552185058593750e+02
4.618024578313177031e+00 4.304614257812500000e+02
4.621459330695707912e+00 4.256962890625000000e+02
4.624894083078238793e+00 4.307179565429687500e+02
4.628328835460770563e+00 4.380612182617187500e+02
4.631763587843301444e+00 4.485939636230468750e+02
4.635198340225833213e+00 4.586317749023437500e+02
4.638633092608363206e+00 4.734484863281250000e+02
4.642067844990894976e+00 4.998015747070312500e+02
4.645502597373425857e+00 5.309088745117187500e+02
4.648937349755957626e+00 5.639658203125000000e+02
4.652372102138488508e+00 5.861923217773437500e+02
4.655806854521020277e+00 6.001176147460937500e+02
4.659241606903551158e+00 5.966640625000000000e+02
4.662676359286082040e+00 5.839384765625000000e+02
4.666111111668612921e+00 5.777143554687500000e+02
4.669545864051144690e+00 5.707099609375000000e+02
4.672980616433675571e+00 5.627981567382812500e+02
4.676415368816207341e+00 5.484436645507812500e+02
4.679850121198738222e+00 5.359669799804687500e+02
4.683284873581269991e+00 5.154212646484375000e+02
4.686719625963800873e+00 4.869712829589843750e+02
4.690154378346331754e+00 4.646491699218750000e+02
4.693589130728862635e+00 4.511255798339843750e+02
4.697023883111393516e+00 4.397470092773437500e+02
4.700458635493925286e+00 4.327126159667968750e+02
4.703893387876456167e+00 4.284390869140625000e+02
4.707328140258987936e+00 4.337886352539062500e+02
4.710762892641518818e+00 4.366289978027343750e+02
4.714197645024049699e+00 4.373075561523437500e+02
4.717632397406580580e+00 4.325684204101562500e+02
4.721067149789112349e+00 4.285872802734375000e+02
4.724501902171643231e+00 4.294078674316406250e+02
4.727936654554175000e+00 4.298685302734375000e+02
4.731371406936705881e+00 4.304234924316406250e+02
4.734806159319237651e+00 4.273164367675781250e+02
4.738240911701767644e+00 4.247614135742187500e+02
4.741675664084299413e+00 4.243437805175781250e+02
4.745110416466830294e+00 4.203525695800781250e+02
4.748545168849362064e+00 4.213996887207031250e+02
4.751979921231892945e+00 4.197817687988281250e+02
4.755414673614424714e+00 4.223986511230468750e+02
4.758849425996955596e+00 4.230495605468750000e+02
4.762284178379487365e+00 4.260393371582031250e+02
4.765718930762017358e+00 4.255181884765625000e+02
4.769153683144549127e+00 4.237045593261718750e+02
4.772588435527080009e+00 4.210186767578125000e+02
4.776023187909610890e+00 4.211325073242187500e+02
4.779457940292142659e+00 4.238081359863281250e+02
4.782892692674673540e+00 4.254493408203125000e+02
4.786327445057205310e+00 4.253207397460937500e+02
4.789762197439735303e+00 4.260271301269531250e+02
4.793196949822267072e+00 4.263662414550781250e+02
4.796631702204797953e+00 4.272902221679687500e+02
4.800066454587329723e+00 4.331239318847656250e+02
4.803501206969860604e+00 4.357758178710937500e+02
4.806935959352392373e+00 4.435289916992187500e+02
4.810370711734923255e+00 4.464358520507812500e+02
4.813805464117454136e+00 4.516398010253906250e+02
4.817240216499985017e+00 4.490261230468750000e+02
4.820674968882516787e+00 4.474454956054687500e+02
4.824109721265047668e+00 4.437030639648437500e+02
4.827544473647579437e+00 4.405698242187500000e+02
4.830979226030110318e+00 4.351651306152343750e+02
4.834413978412642088e+00 4.325481567382812500e+02
4.837848730795172969e+00 4.339295349121093750e+02
4.841283483177703850e+00 4.405144958496093750e+02
4.844718235560234731e+00 4.419790039062500000e+02
4.848152987942766501e+00 4.459118041992187500e+02
4.851587740325297382e+00 4.491330566406250000e+02
4.855022492707828263e+00 4.630624389648437500e+02
4.858457245090360033e+00 4.933623962402343750e+02
4.861891997472890914e+00 5.581370849609375000e+02
4.865326749855421795e+00 6.722205810546875000e+02
4.868761502237952676e+00 8.256290283203125000e+02
4.872196254620484446e+00 9.808618774414062500e+02
4.875631007003015327e+00 1.070499511718750000e+03
4.879065759385547096e+00 1.071506835937500000e+03
4.882500511768077978e+00 9.765202026367187500e+02
4.885935264150609747e+00 8.357231445312500000e+02
4.889370016533139740e+00 6.893799438476562500e+02
4.892804768915671509e+00 5.785540771484375000e+02
4.896239521298202391e+00 5.099288024902343750e+02
4.899674273680734160e+00 4.723114318847656250e+02
4.903109026063265041e+00 4.539738769531250000e+02
4.906543778445796811e+00 4.402532653808593750e+02
4.909978530828327692e+00 4.372152404785156250e+02
4.913413283210858573e+00 4.330758666992187500e+02
4.916848035593389454e+00 4.289067382812500000e+02
4.920282787975921224e+00 4.280890197753906250e+02
4.923717540358452105e+00 4.336729736328125000e+02
4.927152292740982986e+00 4.372960815429687500e+02
4.930587045123514756e+00 4.379700927734375000e+02
4.934021797506045637e+00 4.379966430664062500e+02
4.937456549888577406e+00 4.346956787109375000e+02
4.940891302271107399e+00 4.316214599609375000e+02
4.944326054653639169e+00 4.295762023925781250e+02
4.947760807036170050e+00 4.315449829101562500e+02
4.951195559418701819e+00 4.322509155273437500e+02
4.954630311801232700e+00 4.353870239257812500e+02
4.958065064183764470e+00 4.440294799804687500e+02
4.961499816566295351e+00 4.541169433593750000e+02
4.964934568948826232e+00 4.606514587402343750e+02
4.968369321331357114e+00 4.570401000976562500e+02
4.971804073713888883e+00 4.424051818847656250e+02
4.975238826096419764e+00 4.243192138671875000e+02
4.978673578478951534e+00 4.142294921875000000e+02
4.982108330861482415e+00 4.093690490722656250e+02
4.985543083244014184e+00 4.083582153320312500e+02
4.988977835626544177e+00 4.065030517578125000e+02
4.992412588009075947e+00 4.091541748046875000e+02
4.995847340391606828e+00 4.100118103027343750e+02
4.999282092774138597e+00 4.115795288085937500e+02
5.002716845156669478e+00 4.120085754394531250e+02
5.006151597539200360e+00 4.169545593261718750e+02
5.009586349921732129e+00 4.222113647460937500e+02
5.013021102304263010e+00 4.188960571289062500e+02
5.016455854686793892e+00 4.181676330566406250e+02
5.019890607069324773e+00 4.197985534667968750e+02
5.023325359451856542e+00 4.315738525390625000e+02
5.026760111834387423e+00 4.375312805175781250e+02
5.030194864216919193e+00 4.447168579101562500e+02
5.033629616599450074e+00 4.471743469238281250e+02
5.037064368981981843e+00 4.514556579589843750e+02
5.040499121364511836e+00 4.505423889160156250e+02
5.043933873747043606e+00 4.530403137207031250e+02
5.047368626129574487e+00 4.484437561035156250e+02
5.050803378512106256e+00 4.417136535644531250e+02
5.054238130894637138e+00 4.310161743164062500e+02
5.057672883277168907e+00 4.204884338378906250e+02
5.061107635659699788e+00 4.102010803222656250e+02
5.064542388042230669e+00 4.066229858398437500e+02
5.067977140424761551e+00 4.121551208496093750e+02
5.071411892807293320e+00 4.186889038085937500e+02
5.074846645189824201e+00 4.184781799316406250e+02
5.078281397572355083e+00 4.158113098144531250e+02
5.081716149954886852e+00 4.126793212890625000e+02
5.085150902337417733e+00 4.137998962402343750e+02
5.088585654719949503e+00 4.105403747558593750e+02
5.092020407102479496e+00 4.113230895996093750e+02
5.095455159485011265e+00 4.062230529785156250e+02
5.098889911867542146e+00 4.046039428710937500e+02
5.102324664250073916e+00 4.007586669921875000e+02
5.105759416632604797e+00 4.037691040039062500e+02
5.109194169015136566e+00 4.074732666015625000e+02
5.112628921397667447e+00 4.068550720214843750e+02
5.116063673780198329e+00 4.066250305175781250e+02
5.119498426162729210e+00 4.037583618164062500e+02
5.122933178545260979e+00 4.048052978515625000e+02
5.126367930927791861e+00 4.047909240722656250e+02
5.129802683310323630e+00 4.052306518554687500e+02
5.133237435692854511e+00 4.030968322753906250e+02
5.136672188075386281e+00 4.000321655273437500e+02
5.140106940457916274e+00 3.986363525390625000e+02
5.143541692840448043e+00 4.000236206054687500e+02
5.146976445222978924e+00 4.031716308593750000e+02
5.150411197605510694e+00 3.997950439453125000e+02
5.153845949988041575e+00 4.019084167480468750e+02
5.157280702370572456e+00 4.064020690917968750e+02
5.160715454753104225e+00 4.154934082031250000e+02
5.164150207135635107e+00 4.215964660644531250e+02
5.167584959518165988e+00 4.229062500000000000e+02
5.171019711900696869e+00 4.236113586425781250e+02
5.174454464283228639e+00 4.159270019531250000e+02
5.177889216665759520e+00 4.070805664062500000e+02
5.181323969048291289e+00 3.957019958496093750e+02
5.184758721430822170e+00 3.947186279296875000e+02
5.188193473813353940e+00 3.959123229980468750e+02
5.191628226195883933e+00 4.007077941894531250e+02
5.195062978578415702e+00 3.988532104492187500e+02
5.198497730960946583e+00 3.988123779296875000e+02
5.201932483343478353e+00 4.056284484863281250e+02
5.205367235726009234e+00 4.211556701660156250e+02
5.208801988108541003e+00 4.435347290039062500e+02
5.212236740491071885e+00 4.607408447265625000e+02
5.215671492873602766e+00 4.755664367675781250e+02
5.219106245256133647e+00 4.801863708496093750e+02
5.222540997638665417e+00 4.726930236816406250e+02
5.225975750021196298e+00 4.564125366210937500e+02
5.229410502403727179e+00 4.339945983886718750e+02
5.232845254786258948e+00 4.200143737792968750e+02
5.236280007168789830e+00 4.072372436523437500e+02
5.239714759551321599e+00 4.011128540039062500e+02
5.243149511933851592e+00 3.981550598144531250e+02
5.246584264316383361e+00 3.993089599609375000e+02
5.250019016698914243e+00 4.024952087402343750e+02
5.253453769081446012e+00 4.002396850585937500e+02
5.256888521463976893e+00 4.033618774414062500e+02
5.260323273846508663e+00 4.045148925781250000e+02
5.263758026229039544e+00 4.070195922851562500e+02
5.267192778611570425e+00 3.999818115234375000e+02
5.270627530994101306e+00 3.969188537597656250e+02
5.274062283376633076e+00 3.961926574707031250e+02
5.277497035759163957e+00 3.999172973632812500e+02
5.280931788141695726e+00 4.102326354980468750e+02
5.284366540524226608e+00 4.176273803710937500e+02
5.287801292906758377e+00 4.211661376953125000e+02
5.291236045289288370e+00 4.162315368652343750e+02
5.294670797671820139e+00 4.097360534667968750e+02
5.298105550054351021e+00 4.039128112792968750e+02
5.301540302436882790e+00 3.970799560546875000e+02
5.304975054819413671e+00 3.937363891601562500e+02
5.308409807201944552e+00 3.920988769531250000e+02
5.311844559584476322e+00 3.948998413085937500e+02
5.315279311967006315e+00 3.951200866699218750e+02
5.318714064349538084e+00 4.020927429199218750e+02
5.322148816732068966e+00 4.091069641113281250e+02
5.325583569114600735e+00 4.134234008789062500e+02
5.329018321497131616e+00 4.092424316406250000e+02
5.332453073879663386e+00 4.059800415039062500e+02
5.335887826262194267e+00 4.116224975585937500e+02
5.339322578644726036e+00 4.236150512695312500e+02
5.342757331027256029e+00 4.382978820800781250e+02
5.346192083409787799e+00 4.542948608398437500e+02
5.349626835792318680e+00 4.654273376464843750e+02
5.353061588174850449e+00 4.735546264648437500e+02
5.356496340557381330e+00 4.686080322265625000e+02
5.359931092939913100e+00 4.581124572753906250e+02
5.363365845322443981e+00 4.378955078125000000e+02
5.366800597704974862e+00 4.198042297363281250e+02
5.370235350087505743e+00 4.028426818847656250e+02
5.373670102470037513e+00 3.975225830078125000e+02
5.377104854852568394e+00 3.938792114257812500e+02
5.380539607235100164e+00 3.955477294921875000e+02
5.383974359617631045e+00 3.902464599609375000e+02
5.387409112000161926e+00 3.866488342285156250e+02
5.390843864382692807e+00 3.823373107910156250e+02
5.394278616765223688e+00 3.843805541992187500e+02
5.397713369147755458e+00 3.912463684082031250e+02
5.401148121530286339e+00 3.948437194824218750e+02
5.404582873912818108e+00 3.967764587402343750e+02
5.408017626295348990e+00 3.960896606445312500e+02
5.411452378677880759e+00 3.947201538085937500e+02
5.414887131060411640e+00 3.943045959472656250e+02
5.418321883442942521e+00 3.977103271484375000e+02
5.421756635825473403e+00 4.048900451660156250e+02
5.425191388208005172e+00 4.104618225097656250e+02
5.428626140590536053e+00 4.109222412109375000e+02
5.432060892973067823e+00 4.091215209960937500e+02
5.435495645355598704e+00 4.069196166992187500e+02
5.438930397738130473e+00 4.060919189453125000e+02
5.442365150120660466e+00 4.051208801269531250e+02
5.445799902503192236e+00 4.005731811523437500e+02
5.449234654885723117e+00 3.939300842285156250e+02
5.452669407268254886e+00 3.928819580078125000e+02
5.456104159650785768e+00 3.904640197753906250e+02
5.459538912033316649e+00 3.917760925292968750e+02
5.462973664415848418e+00 3.897840270996093750e+02
5.466408416798379299e+00 3.933785400390625000e+02
5.469843169180910181e+00 4.019937438964843750e+02
5.473277921563441062e+00 4.153097534179687500e+02
5.476712673945972831e+00 4.286608886718750000e+02
5.480147426328503713e+00 4.385704956054687500e+02
5.483582178711035482e+00 4.440727539062500000e+02
5.487016931093566363e+00 4.433572692871093750e+02
5.490451683476098133e+00 4.371192321777343750e+02
5.493886435858628126e+00 4.266774902343750000e+02
5.497321188241159895e+00 4.140630493164062500e+02
5.500755940623690776e+00 4.036132812500000000e+02
5.504190693006222546e+00 3.967822265625000000e+02
5.507625445388753427e+00 3.969247131347656250e+02
5.511060197771285196e+00 3.971539306640625000e+02
5.514494950153816077e+00 3.972279663085937500e+02
5.517929702536346959e+00 3.928364562988281250e+02
5.521364454918877840e+00 3.916575012207031250e+02
5.524799207301409609e+00 3.944458618164062500e+02
5.528233959683940490e+00 3.972180786132812500e+02
5.531668712066472260e+00 3.959011230468750000e+02
5.535103464449003141e+00 3.971503601074218750e+02
5.538538216831534022e+00 3.967643432617187500e+02
5.541972969214064904e+00 3.957330627441406250e+02
5.545407721596595785e+00 3.961788635253906250e+02
5.548842473979127554e+00 3.949218444824218750e+02
5.552277226361658435e+00 3.979280395507812500e+02
5.555711978744190205e+00 3.991773681640625000e+02
5.559146731126721086e+00 4.033800354003906250e+02
5.562581483509252855e+00 4.050173339843750000e+02
5.566016235891783737e+00 4.050817260742187500e+02
5.569450988274314618e+00 4.018105773925781250e+02
5.572885740656845499e+00 4.000579528808593750e+02
5.576320493039377268e+00 3.956267395019531250e+02
5.579755245421908150e+00 3.917315673828125000e+02
5.583189997804439919e+00 3.875984802246093750e+02
5.586624750186970800e+00 3.860993041992187500e+02
5.590059502569502570e+00 3.873823852539062500e+02
5.593494254952032563e+00 3.893547363281250000e+02
5.596929007334564332e+00 3.884601745605468750e+02
5.600363759717095213e+00 3.861176757812500000e+02
5.603798512099626983e+00 3.838328552246093750e+02
5.607233264482157864e+00 3.879644165039062500e+02
5.610668016864688745e+00 3.894950561523437500e+02
5.614102769247220515e+00 3.860698852539062500e+02
5.617537521629751396e+00 3.811219177246093750e+02
5.620972274012282277e+00 3.775355529785156250e+02
5.624407026394813158e+00 3.785745849609375000e+02
5.627841778777344928e+00 3.772250976562500000e+02
5.631276531159875809e+00 3.780187988281250000e+02
5.634711283542407578e+00 3.827605895996093750e+02
5.638146035924938460e+00 3.825153503417968750e+02
5.641580788307470229e+00 3.820625305175781250e+02
5.645015540690000222e+00 3.807190856933593750e+02
5.648450293072531991e+00 3.860747985839843750e+02
5.651885045455062873e+00 3.872783813476562500e+02
5.655319797837594642e+00 3.838448486328125000e+02
5.658754550220125523e+00 3.791687011718750000e+02
5.662189302602657293e+00 3.825087280273437500e+02
5.665624054985188174e+00 3.860722961425781250e+02
5.669058807367719055e+00 3.886060485839843750e+02
5.672493559750249936e+00 3.888516235351562500e+02
5.675928312132781706e+00 3.906369323730468750e+02
5.679363064515312587e+00 3.965638122558593750e+02
5.682797816897844356e+00 3.995917968750000000e+02
5.686232569280375237e+00 4.052363586425781250e+02
5.689667321662906119e+00 4.115736083984375000e+02
5.693102074045437000e+00 4.220638122558593750e+02
5.696536826427967881e+00 4.238078613281250000e+02
5.699971578810499651e+00 4.217793273925781250e+02
5.703406331193030532e+00 4.197091674804687500e+02
5.706841083575562301e+00 4.242656860351562500e+02
5.710275835958093182e+00 4.325002746582031250e+02
5.713710588340624952e+00 4.395373840332031250e+02
5.717145340723154945e+00 4.461431274414062500e+02
5.720580093105686714e+00 4.451994018554687500e+02
5.724014845488217595e+00 4.404198608398437500e+02
5.727449597870749365e+00 4.325426635742187500e+02
5.730884350253280246e+00 4.214162597656250000e+02
5.734319102635812015e+00 4.115756530761718750e+02
5.737753855018342897e+00 4.007460021972656250e+02
5.741188607400874666e+00 3.939431762695312500e+02
5.744623359783404659e+00 3.850387878417968750e+02
5.748058112165936429e+00 3.806882324218750000e+02
5.751492864548467310e+00 3.792786254882812500e+02
5.754927616930999079e+00 3.796989746093750000e+02
5.758362369313529960e+00 3.822876892089843750e+02
5.761797121696060842e+00 3.842561645507812500e+02
5.765231874078592611e+00 3.855121765136718750e+02
5.768666626461123492e+00 3.815422058105468750e+02
5.772101378843654373e+00 3.762252807617187500e+02
5.775536131226185255e+00 3.708982849121093750e+02
5.778970883608717024e+00 3.713817443847656250e+02
5.782405635991247905e+00 3.711676025390625000e+02
5.785840388373779675e+00 3.753173217773437500e+02
5.789275140756310556e+00 3.774258117675781250e+02
5.792709893138841437e+00 3.826771545410156250e+02
5.796144645521372318e+00 3.824208068847656250e+02
5.799579397903904088e+00 3.763338012695312500e+02
5.803014150286434969e+00 3.718522949218750000e+02
5.806448902668966738e+00 3.710521545410156250e+02
5.809883655051497620e+00 3.744408264160156250e+02
5.813318407434029389e+00 3.762852783203125000e+02
5.816753159816560270e+00 3.772503967285156250e+02
5.820187912199091151e+00 3.780996398925781250e+02
5.823622664581622033e+00 3.805841674804687500e+02
5.827057416964153802e+00 3.835519714355468750e+02
5.830492169346684683e+00 3.882984313964843750e+02
5.833926921729216453e+00 3.850795288085937500e+02
5.837361674111747334e+00 3.827724609375000000e+02
5.840796426494278215e+00 3.776612854003906250e+02
5.844231178876809096e+00 3.767436523437500000e+02
5.847665931259339978e+00 3.743171386718750000e+02
5.851100683641871747e+00 3.716460266113281250e+02
5.854535436024402628e+00 3.736686096191406250e+02
5.857970188406934398e+00 3.747733154296875000e+02
5.861404940789465279e+00 3.763123474121093750e+02
5.864839693171997048e+00 3.731402587890625000e+02
5.868274445554527041e+00 3.728642883300781250e+02
5.871709197937058811e+00 3.717770080566406250e+02
5.875143950319589692e+00 3.713206176757812500e+02
5.878578702702121461e+00 3.760205688476562500e+02
5.882013455084652342e+00 3.780290527343750000e+02
5.885448207467184112e+00 3.792824707031250000e+02
5.888882959849714993e+00 3.749669189453125000e+02
5.892317712232246762e+00 3.727641906738281250e+02
5.895752464614776756e+00 3.737403259277343750e+02
5.899187216997308525e+00 3.747672424316406250e+02
5.902621969379839406e+00 3.775119628906250000e+02
5.906056721762371176e+00 3.732726745605468750e+02
5.909491474144902057e+00 3.699573364257812500e+02
5.912926226527432938e+00 3.670706176757812500e+02
5.916360978909964707e+00 3.690500488281250000e+02
5.919795731292495589e+00 3.717182312011718750e+02
5.923230483675026470e+00 3.753161621093750000e+02
5.926665236057557351e+00 3.768339538574218750e+02
5.930099988440089120e+00 3.743118286132812500e+02
5.933534740822620002e+00 3.746120300292968750e+02
5.936969493205151771e+00 3.764057006835937500e+02
5.940404245587682652e+00 3.778080749511718750e+02
5.943838997970213534e+00 3.770649414062500000e+02
5.947273750352744415e+00 3.799984741210937500e+02
5.950708502735276184e+00 3.811929321289062500e+02
5.954143255117807065e+00 3.831791076660156250e+02
5.957578007500338835e+00 3.867964477539062500e+02
5.961012759882869716e+00 3.985222473144531250e+02
5.964447512265401485e+00 4.158673400878906250e+02
5.967882264647932367e+00 4.366523132324218750e+02
5.971317017030463248e+00 4.560702514648437500e+02
5.974751769412994129e+00 4.688262023925781250e+02
5.978186521795525898e+00 4.710163879394531250e+02
5.981621274178056780e+00 4.578918151855468750e+02
5.985056026560588549e+00 4.355645751953125000e+02
5.988490778943119430e+00 4.147098388671875000e+02
5.991925531325650311e+00 4.023510742187500000e+02
5.995360283708181193e+00 3.973424682617187500e+02
5.998795036090712074e+00 3.913970947265625000e+02
6.002229788473243843e+00 3.863057250976562500e+02
6.005664540855774725e+00 3.813008422851562500e+02
6.009099293238306494e+00 3.833424987792968750e+02
6.012534045620837375e+00 3.796936645507812500e+02
6.015968798003369145e+00 3.782670288085937500e+02
6.019403550385899138e+00 3.786829528808593750e+02
6.022838302768430907e+00 3.863746643066406250e+02
6.026273055150961788e+00 3.873167724609375000e+02
6.029707807533493558e+00 3.816391906738281250e+02
6.033142559916024439e+00 3.750953674316406250e+02
6.036577312298556208e+00 3.756717224121093750e+02
6.040012064681087089e+00 3.763675537109375000e+02
6.043446817063618859e+00 3.780751037597656250e+02
6.046881569446148852e+00 3.785859069824218750e+02
6.050316321828680621e+00 3.804500732421875000e+02
6.053751074211211503e+00 3.819342346191406250e+02
6.057185826593743272e+00 3.878634948730468750e+02
6.060620578976274153e+00 3.921934509277343750e+02
6.064055331358805923e+00 3.948074645996093750e+02
6.067490083741336804e+00 3.939043579101562500e+02
6.070924836123867685e+00 3.956930847167968750e+02
6.074359588506398566e+00 3.960101928710937500e+02
6.077794340888929447e+00 3.942653503417968750e+02
6.081229093271461217e+00 3.904591979980468750e+02
6.084663845653992098e+00 3.859412841796875000e+02
6.088098598036523867e+00 3.805341186523437500e+02
6.091533350419054749e+00 3.770057983398437500e+02
6.094968102801585630e+00 3.741420288085937500e+02
6.098402855184116511e+00 3.726078491210937500e+02
6.101837607566648281e+00 3.693512573242187500e+02
6.105272359949179162e+00 3.690956420898437500e+02
6.108707112331710931e+00 3.708147583007812500e+02
6.112141864714241812e+00 3.724604187011718750e+02
6.115576617096773582e+00 3.726590270996093750e+02
6.119011369479304463e+00 3.730697021484375000e+02
6.122446121861835344e+00 3.745677795410156250e+02
6.125880874244366225e+00 3.739506225585937500e+02
6.129315626626897995e+00 3.721291809082031250e+02
6.132750379009428876e+00 3.670883789062500000e+02
6.136185131391960645e+00 3.666637268066406250e+02
6.139619883774491527e+00 3.714284973144531250e+02
6.143054636157022408e+00 3.774112548828125000e+02
6.146489388539553289e+00 3.837787475585937500e+02
6.149924140922085058e+00 3.890036315917968750e+02
6.153358893304615940e+00 3.891807861328125000e+02
6.156793645687146821e+00 3.831222229003906250e+02
6.160228398069678590e+00 3.755515747070312500e+02
6.163663150452209472e+00 3.735330810546875000e+02
6.167097902834741241e+00 3.717453613281250000e+02
6.170532655217271234e+00 3.703462219238281250e+02
6.173967407599803003e+00 3.690241394042968750e+02
6.177402159982333885e+00 3.682789306640625000e+02
6.180836912364865654e+00 3.673449096679687500e+02
6.184271664747396535e+00 3.696363220214843750e+02
6.187706417129928305e+00 3.684687194824218750e+02
6.191141169512459186e+00 3.636412963867187500e+02
6.194575921894990067e+00 3.587001037597656250e+02
6.198010674277520948e+00 3.562950744628906250e+02
6.201445426660052718e+00 3.580949096679687500e+02
6.204880179042583599e+00 3.570139465332031250e+02
6.208314931425115368e+00 3.591111755371093750e+02
6.211749683807646250e+00 3.596745300292968750e+02
6.215184436190178019e+00 3.649693298339843750e+02
6.218619188572708900e+00 3.676313476562500000e+02
6.222053940955239781e+00 3.683032836914062500e+02
6.225488693337770663e+00 3.671976318359375000e+02
6.228923445720301544e+00 3.636918334960937500e+02
6.232358198102833313e+00 3.604256286621093750e+02
6.235792950485364194e+00 3.559278259277343750e+02
6.239227702867895964e+00 3.555174865722656250e+02
6.242662455250426845e+00 3.592730102539062500e+02
6.246097207632957726e+00 3.662409057617187500e+02
6.249531960015488607e+00 3.703606567382812500e+02
6.252966712398020377e+00 3.679580078125000000e+02
6.256401464780551258e+00 3.634458007812500000e+02
6.259836217163083028e+00 3.622442626953125000e+02
6.263270969545613909e+00 3.672008361816406250e+02
6.266705721928145678e+00 3.804425048828125000e+02
6.270140474310675671e+00 3.915239257812500000e+02
6.273575226693207441e+00 3.984642944335937500e+02
6.277009979075738322e+00 3.980825500488281250e+02
6.280444731458270091e+00 4.043520507812500000e+02
6.283879483840800972e+00 4.109301757812500000e+02
6.287314236223332742e+00 4.220183105468750000e+02
6.290748988605863623e+00 4.314440307617187500e+02
6.294183740988394504e+00 4.516029663085937500e+02
6.297618493370925385e+00 4.793413391113281250e+02
6.301053245753457155e+00 5.039588317871093750e+02
6.304487998135988036e+00 5.146469116210937500e+02
6.307922750518518917e+00 4.928726196289062500e+02
6.311357502901050687e+00 4.547816467285156250e+02
6.314792255283581568e+00 4.127667846679687500e+02
6.318227007666113337e+00 3.896829528808593750e+02
6.321661760048643330e+00 3.778778381347656250e+02
6.325096512431175100e+00 3.741074829101562500e+02
6.328531264813705981e+00 3.763117675781250000e+02
6.331966017196237750e+00 3.806962890625000000e+02
6.335400769578768632e+00 3.872472839355468750e+02
6.338835521961300401e+00 3.936433410644531250e+02
6.342270274343831282e+00 3.948274230957031250e+02
6.345705026726362163e+00 3.878892211914062500e+02
6.349139779108893045e+00 3.771971130371093750e+02
6.352574531491424814e+00 3.724543457031250000e+02
6.356009283873955695e+00 3.660720825195312500e+02
6.359444036256487465e+00 3.649784851074218750e+02
6.362878788639018346e+00 3.602659606933593750e+02
6.366313541021550115e+00 3.550798950195312500e+02
6.369748293404080997e+00 3.549792175292968750e+02
6.373183045786611878e+00 3.547894287109375000e+02
6.376617798169142759e+00 3.578635253906250000e+02
6.380052550551673640e+00 3.583241271972656250e+02
6.383487302934205410e+00 3.609330444335937500e+02
6.386922055316736291e+00 3.624638366699218750e+02
6.390356807699268060e+00 3.588645324707031250e+02
6.393791560081798941e+00 3.596151733398437500e+02
6.397226312464329823e+00 3.599665832519531250e+02
6.400661064846860704e+00 3.610374450683593750e+02
6.404095817229392473e+00 3.574685363769531250e+02
6.407530569611923355e+00 3.592209777832031250e+02
6.410965321994455124e+00 3.656281433105468750e+02
6.414400074376986005e+00 3.689405517578125000e+02
6.417834826759517775e+00 3.718204956054687500e+02
6.421269579142047768e+00 3.768660278320312500e+02
6.424704331524579537e+00 3.849873657226562500e+02
6.428139083907110418e+00 3.928383483886718750e+02
6.431573836289642188e+00 3.932839965820312500e+02
6.435008588672173069e+00 3.929971313476562500e+02
6.438443341054704838e+00 3.858966979980468750e+02
6.441878093437235719e+00 3.791318664550781250e+02
6.445312845819766601e+00 3.719804382324218750e+02
6.448747598202297482e+00 3.669300231933593750e+02
6.452182350584829251e+00 3.634540100097656250e+02
6.455617102967360132e+00 3.557606811523437500e+02
6.459051855349891014e+00 3.565322875976562500e+02
6.462486607732422783e+00 3.593436279296875000e+02
6.465921360114953664e+00 3.634405517578125000e+02
6.469356112497485434e+00 3.568956604003906250e+02
6.472790864880015427e+00 3.516059570312500000e+02
6.476225617262547196e+00 3.471703796386718750e+02
6.479660369645078077e+00 3.499216613769531250e+02
6.483095122027609847e+00 3.498025512695312500e+02
6.486529874410140728e+00 3.523325500488281250e+02
6.489964626792672497e+00 3.549063415527343750e+02
6.493399379175203379e+00 3.556117858886718750e+02
6.496834131557734260e+00 3.543935546875000000e+02
6.500268883940265141e+00 3.540074768066406250e+02
6.503703636322796910e+00 3.534103393554687500e+02
6.507138388705327792e+00 3.538415527343750000e+02
6.510573141087859561e+00 3.552148742675781250e+02
6.514007893470390442e+00 3.575941467285156250e+02
6.517442645852922212e+00 3.595990295410156250e+02
6.520877398235453093e+00 3.573521423339843750e+02
6.524312150617983974e+00 3.581679382324218750e+02
6.527746903000514855e+00 3.530732116699218750e+02
6.531181655383045737e+00 3.528775634765625000e+02
6.534616407765577506e+00 3.519620666503906250e+02
6.538051160148108387e+00 3.534729309082031250e+02
6.541485912530640157e+00 3.549604492187500000e+02
6.544920664913171038e+00 3.559456176757812500e+02
6.548355417295701919e+00 3.553494262695312500e+02
6.551790169678232800e+00 3.506603393554687500e+02
6.555224922060764570e+00 3.447837829589843750e+02
6.558659674443295451e+00 3.412213439941406250e+02
6.562094426825827220e+00 3.411500854492187500e+02
6.565529179208358102e+00 3.453630065917968750e+02
6.568963931590889871e+00 3.479506835937500000e+02
6.572398683973419864e+00 3.494691467285156250e+02
6.575833436355951633e+00 3.491876525878906250e+02
6.579268188738482515e+00 3.506004638671875000e+02
6.582702941121014284e+00 3.494069824218750000e+02
6.586137693503545165e+00 3.495588073730468750e+02
6.589572445886076935e+00 3.532267761230468750e+02
6.593007198268607816e+00 3.600267639160156250e+02
6.596441950651138697e+00 3.622002563476562500e+02
6.599876703033669578e+00 3.633363647460937500e+02
6.603311455416201348e+00 3.606593322753906250e+02
6.606746207798732229e+00 3.542127380371093750e+02
6.610180960181263110e+00 3.461823425292968750e+02
6.613615712563794879e+00 3.463511352539062500e+02
6.617050464946325761e+00 3.496075439453125000e+02
6.620485217328857530e+00 3.546292419433593750e+02
6.623919969711387523e+00 3.514909057617187500e+02
6.627354722093919293e+00 3.450657653808593750e+02
6.630789474476450174e+00 3.370045166015625000e+02
6.634224226858981943e+00 3.344152221679687500e+02
6.637658979241512824e+00 3.371559448242187500e+02
6.641093731624044594e+00 3.411337890625000000e+02
6.644528484006575475e+00 3.457433471679687500e+02
6.647963236389106356e+00 3.486916809082031250e+02
6.651397988771637237e+00 3.474948425292968750e+02
6.654832741154169007e+00 3.440474853515625000e+02
6.658267493536699888e+00 3.402673339843750000e+02
6.661702245919231657e+00 3.374134826660156250e+02
6.665136998301762539e+00 3.395578613281250000e+02
6.668571750684294308e+00 3.414521179199218750e+02
6.672006503066824301e+00 3.441070556640625000e+02
6.675441255449356071e+00 3.476523437500000000e+02
6.678876007831886952e+00 3.545846862792968750e+02
6.682310760214417833e+00 3.677531433105468750e+02
6.685745512596949602e+00 3.765590820312500000e+02
6.689180264979480484e+00 3.771021728515625000e+02
6.692615017362012253e+00 3.727133178710937500e+02
6.696049769744543134e+00 3.666087036132812500e+02
6.699484522127074015e+00 3.588866577148437500e+02
6.702919274509604897e+00 3.505071105957031250e+02
6.706354026892136666e+00 3.456873779296875000e+02
6.709788779274667547e+00 3.440681762695312500e+02
6.713223531657199317e+00 3.427914428710937500e+02
6.716658284039730198e+00 3.438486328125000000e+02
6.720093036422261967e+00 3.440025939941406250e+02
6.723527788804791960e+00 3.422743225097656250e+02
6.726962541187323730e+00 3.387416687011718750e+02
6.730397293569854611e+00 3.386692199707031250e+02
6.733832045952386380e+00 3.428038330078125000e+02
6.737266798334917262e+00 3.457612304687500000e+02
6.740701550717449031e+00 3.456255798339843750e+02
6.744136303099979912e+00 3.397247009277343750e+02
6.747571055482510793e+00 3.385841674804687500e+02
6.751005807865041675e+00 3.338728027343750000e+02
6.754440560247573444e+00 3.360539550781250000e+02
6.757875312630104325e+00 3.367619628906250000e+02
6.761310065012635206e+00 3.438804321289062500e+02
6.764744817395166976e+00 3.512574462890625000e+02
6.768179569777697857e+00 3.578413696289062500e+02
6.771614322160229626e+00 3.561032409667968750e+02
6.775049074542759620e+00 3.511097412109375000e+02
6.778483826925291389e+00 3.460075378417968750e+02
6.781918579307822270e+00 3.427705078125000000e+02
6.785353331690354040e+00 3.353349609375000000e+02
6.788788084072884921e+00 3.382957458496093750e+02
6.792222836455416690e+00 3.447821044921875000e+02
6.795657588837947571e+00 3.518270263671875000e+02
6.799092341220478453e+00 3.584103393554687500e+02
6.802527093603009334e+00 3.647831115722656250e+02
6.805961845985541103e+00 3.695658264160156250e+02
6.809396598368071984e+00 3.688151245117187500e+02
6.812831350750603754e+00 3.679066772460937500e+02
6.816266103133134635e+00 3.670280456542968750e+02
6.819700855515666404e+00 3.644217529296875000e+02
6.823135607898196398e+00 3.573538513183593750e+02
6.826570360280728167e+00 3.485694580078125000e+02
6.830005112663259048e+00 3.447861022949218750e+02
6.833439865045790818e+00 3.478841247558593750e+02
6.836874617428321699e+00 3.489904479980468750e+02
6.840309369810852580e+00 3.472865295410156250e+02
6.843744122193384349e+00 3.427237854003906250e+02
6.847178874575915231e+00 3.408775939941406250e+02
6.850613626958446112e+00 3.414393615722656250e+02
6.854048379340976993e+00 3.398670043945312500e+02
6.857483131723508762e+00 3.418120117187500000e+02
6.860917884106039644e+00 3.451628112792968750e+02
6.864352636488571413e+00 3.492092590332031250e+02
6.867787388871102294e+00 3.485188598632812500e+02
6.871222141253634064e+00 3.414227600097656250e+02
6.874656893636164057e+00 3.412678527832031250e+02
6.878091646018695826e+00 3.377217712402343750e+02
6.881526398401226707e+00 3.382861022949218750e+02
6.884961150783758477e+00 3.318997802734375000e+02
6.888395903166289358e+00 3.343705749511718750e+02
6.891830655548821127e+00 3.348067321777343750e+02
6.895265407931352009e+00 3.381631774902343750e+02
6.898700160313882890e+00 3.389791870117187500e+02
6.902134912696413771e+00 3.401738891601562500e+02
6.905569665078945540e+00 3.384176635742187500e+02
6.909004417461476422e+00 3.347560119628906250e+02
6.912439169844007303e+00 3.327507934570312500e+02
6.915873922226539072e+00 3.327020263671875000e+02
6.919308674609069953e+00 3.360758361816406250e+02
6.922743426991601723e+00 3.388482971191406250e+02
6.926178179374131716e+00 3.375513610839843750e+02
6.929612931756663485e+00 3.332445983886718750e+02
6.933047684139194367e+00 3.332216186523437500e+02
6.936482436521726136e+00 3.390948791503906250e+02
6.939917188904257017e+00 3.486080322265625000e+02
6.943351941286788787e+00 3.579851684570312500e+02
6.946786693669319668e+00 3.597338867187500000e+02
6.950221446051850549e+00 3.593981018066406250e+02
6.953656198434381430e+00 3.523457946777343750e+02
6.957090950816913200e+00 3.485092773437500000e+02
6.960525703199444081e+00 3.425305175781250000e+02
6.963960455581975850e+00 3.391560363769531250e+02
6.967395207964506731e+00 3.375408325195312500e+02
6.970829960347038501e+00 3.371198425292968750e+02
6.974264712729568494e+00 3.376646423339843750e+02
6.977699465112100263e+00 3.410888061523437500e+02
6.981134217494631145e+00 3.447055664062500000e+02
6.984568969877162914e+00 3.431753845214843750e+02
6.988003722259693795e+00 3.410387268066406250e+02
6.991438474642224676e+00 3.387523498535156250e+02
6.994873227024756446e+00 3.381208801269531250e+02
6.998307979407287327e+00 3.316381225585937500e+02
7.001742731789818208e+00 3.307499694824218750e+02
7.005177484172349089e+00 3.334718627929687500e+02
7.008612236554880859e+00 3.387197875976562500e+02
7.012046988937411740e+00 3.388800659179687500e+02
7.015481741319943509e+00 3.374206848144531250e+02
7.018916493702474391e+00 3.338098144531250000e+02
7.022351246085006160e+00 3.347198791503906250e+02
7.025785998467536153e+00 3.391224365234375000e+02
7.029220750850067922e+00 3.465175170898437500e+02
7.032655503232598804e+00 3.473663024902343750e+02
7.036090255615130573e+00 3.463592224121093750e+02
7.039525007997661454e+00 3.380552062988281250e+02
7.042959760380193224e+00 3.385774536132812500e+02
7.046394512762724105e+00 3.352966003417968750e+02
7.049829265145254986e+00 3.339338073730468750e+02
7.053264017527785867e+00 3.299186706542968750e+02
7.056698769910317637e+00 3.299859313964843750e+02
7.060133522292848518e+00 3.306702575683593750e+02
7.063568274675379399e+00 3.322080688476562500e+02
7.067003027057911169e+00 3.338135070800781250e+02
7.070437779440442050e+00 3.373587646484375000e+02
7.073872531822972931e+00 3.426916503906250000e+02
7.077307284205503812e+00 3.467215881347656250e+02
7.080742036588035582e+00 3.509970092773437500e+02
7.084176788970566463e+00 3.552627563476562500e+02
7.087611541353098232e+00 3.591072998046875000e+02
7.091046293735629114e+00 3.591703491210937500e+02
7.094481046118160883e+00 3.598197631835937500e+02
7.097915798500691764e+00 3.619588928222656250e+02
7.101350550883222645e+00 3.585259094238281250e+02
7.104785303265753527e+00 3.519856872558593750e+02
7.108220055648285296e+00 3.436394653320312500e+02
7.111654808030816177e+00 3.373436584472656250e+02
7.115089560413347947e+00 3.310000305175781250e+02
7.118524312795878828e+00 3.331350708007812500e+02
7.121959065178410597e+00 3.365447387695312500e+02
7.125393817560940590e+00 3.394801940917968750e+02
7.128828569943472360e+00 3.362784729003906250e+02
7.132263322326003241e+00 3.325804748535156250e+02
7.135698074708535010e+00 3.302224121093750000e+02
7.139132827091065892e+00 3.273728332519531250e+02
7.142567579473596773e+00 3.262005920410156250e+02
7.146002331856128542e+00 3.262870178222656250e+02
7.149437084238658535e+00 3.268719482421875000e+02
7.152871836621190305e+00 3.302615966796875000e+02
7.156306589003721186e+00 3.312055664062500000e+02
7.159741341386252955e+00 3.339063720703125000e+02
7.163176093768782948e+00 3.353223876953125000e+02
7.166610846151314718e+00 3.367997436523437500e+02
7.170045598533845599e+00 3.370420837402343750e+02
7.173480350916377368e+00 3.310527648925781250e+02
7.176915103298908249e+00 3.315558776855468750e+02
7.180349855681440019e+00 3.322024230957031250e+02
7.183784608063970900e+00 3.327872009277343750e+02
7.187219360446502670e+00 3.285118713378906250e+02
7.190654112829033551e+00 3.277219848632812500e+02
7.194088865211565320e+00 3.271841430664062500e+02
7.197523617594096201e+00 3.234896240234375000e+02
7.200958369976627971e+00 3.203756103515625000e+02
7.204393122359158852e+00 3.169681091308593750e+02
7.207827874741689733e+00 3.124300842285156250e+02
7.211262627124221503e+00 3.107808532714843750e+02
7.214697379506751496e+00 3.153634948730468750e+02
7.218132131889282377e+00 3.229270935058593750e+02
7.221566884271814146e+00 3.198568420410156250e+02
7.225001636654345027e+00 3.194139099121093750e+02
7.228436389036875909e+00 3.152467041015625000e+02
7.231871141419407678e+00 3.182151489257812500e+02
7.235305893801938559e+00 3.140355529785156250e+02
7.238740646184470329e+00 3.163647766113281250e+02
7.242175398567001210e+00 3.170840454101562500e+02
7.245610150949532979e+00 3.180063476562500000e+02
7.249044903332063861e+00 3.180186157226562500e+02
7.252479655714595630e+00 3.206626892089843750e+02
7.255914408097126511e+00 3.216765136718750000e+02
7.259349160479658281e+00 3.218808898925781250e+02
7.262783912862187385e+00 3.220448913574218750e+02
7.266218665244719155e+00 3.213567199707031250e+02
7.269653417627250036e+00 3.212225646972656250e+02
7.273088170009781805e+00 3.184783935546875000e+02
7.276522922392312687e+00 3.198849487304687500e+02
7.279957674774844456e+00 3.179120483398437500e+02
7.283392427157375337e+00 3.204526977539062500e+02
7.286827179539907107e+00 3.221423034667968750e+02
7.290261931922437988e+00 3.238920593261718750e+02
7.293696684304968869e+00 3.233344421386718750e+02
7.297131436687500639e+00 3.225842590332031250e+02
7.300566189070031520e+00 3.251917419433593750e+02
7.304000941452563289e+00 3.241505432128906250e+02
7.307435693835094170e+00 3.226943054199218750e+02
7.310870446217625940e+00 3.169149169921875000e+02
7.314305198600155045e+00 3.164280395507812500e+02
7.317739950982686814e+00 3.169869079589843750e+02
7.321174703365217695e+00 3.185596313476562500e+02
7.324609455747749465e+00 3.157315979003906250e+02
7.328044208130280346e+00 3.171218566894531250e+02
7.331478960512812115e+00 3.178171691894531250e+02
7.334913712895342996e+00 3.207917480468750000e+02
7.338348465277874766e+00 3.198255615234375000e+02
7.341783217660405647e+00 3.201925964355468750e+02
7.345217970042937417e+00 3.196024475097656250e+02
7.348652722425468298e+00 3.187314758300781250e+02
7.352087474808000067e+00 3.160355224609375000e+02
7.355522227190530948e+00 3.162039489746093750e+02
7.358956979573061830e+00 3.230385742187500000e+02
7.362391731955593599e+00 3.304633789062500000e+02
7.365826484338123592e+00 3.321005249023437500e+02
7.369261236720654473e+00 3.326088256835937500e+02
7.372695989103186243e+00 3.320197143554687500e+02
7.376130741485717124e+00 3.289664916992187500e+02
7.379565493868248005e+00 3.235351257324218750e+02
7.383000246250779774e+00 3.186030883789062500e+02
7.386434998633310656e+00 3.166017761230468750e+02
7.389869751015842425e+00 3.151300354003906250e+02
7.393304503398373306e+00 3.234286499023437500e+02
7.396739255780905076e+00 3.276050720214843750e+02
7.400174008163435957e+00 3.317210388183593750e+02
7.403608760545967726e+00 3.260617980957031250e+02
7.407043512928498608e+00 3.222232971191406250e+02
7.410478265311030377e+00 3.189583129882812500e+02
7.413913017693559482e+00 3.210893554687500000e+02
7.417347770076091251e+00 3.238432006835937500e+02
7.420782522458622132e+00 3.283145751953125000e+02
7.424217274841153902e+00 3.280272521972656250e+02
7.427652027223684783e+00 3.262666625976562500e+02
7.431086779606216552e+00 3.207292785644531250e+02
7.434521531988747434e+00 3.143545837402343750e+02
7.437956284371279203e+00 3.164523925781250000e+02
