# # sector 03: chi = -145.00 deg (range [-150, -140))
# # columns: 2theta(deg)  intensity
1.052751605245807909e+00 1.259830322265625000e+03
1.056186357628339012e+00 1.260650878906250000e+03
1.059621110010870337e+00 1.260350097656250000e+03
1.063055862393401441e+00 1.250395385742187500e+03
1.066490614775932544e+00 1.243307128906250000e+03
1.069925367158463869e+00 1.255528320312500000e+03
1.073360119540994972e+00 1.269018188476562500e+03
1.076794871923526298e+00 1.276971557617187500e+03
1.080229624306057401e+00 1.271619995117187500e+03
1.083664376688588726e+00 1.264061279296875000e+03
1.087099129071119830e+00 1.265876586914062500e+03
1.090533881453650933e+00 1.271552490234375000e+03
1.093968633836182036e+00 1.266880737304687500e+03
1.097403386218713361e+00 1.264218627929687500e+03
1.100838138601244465e+00 1.264411865234375000e+03
1.104272890983775568e+00 1.269836547851562500e+03
1.107707643366306893e+00 1.265359130859375000e+03
1.111142395748837997e+00 1.256527832031250000e+03
1.114577148131369322e+00 1.252510009765625000e+03
1.118011900513900425e+00 1.254306030273437500e+03
1.121446652896431750e+00 1.258848388671875000e+03
1.124881405278962854e+00 1.267389892578125000e+03
1.128316157661493957e+00 1.268705322265625000e+03
1.131750910044025060e+00 1.274043090820312500e+03
1.135185662426556386e+00 1.266584838867187500e+03
1.138620414809087489e+00 1.277388305664062500e+03
1.142055167191618592e+00 1.287427124023437500e+03
1.145489919574149917e+00 1.303340087890625000e+03
1.148924671956681021e+00 1.297492431640625000e+03
1.152359424339212346e+00 1.290966918945312500e+03
1.155794176721743449e+00 1.292197265625000000e+03
1.159228929104274775e+00 1.311344604492187500e+03
1.162663681486805878e+00 1.322628906250000000e+03
1.166098433869336981e+00 1.317121337890625000e+03
1.169533186251868084e+00 1.298472167968750000e+03
1.172967938634399410e+00 1.294500366210937500e+03
1.176402691016930513e+00 1.289029052734375000e+03
1.179837443399461616e+00 1.288284179687500000e+03
1.183272195781992941e+00 1.281372436523437500e+03
1.186706948164524045e+00 1.304802001953125000e+03
1.190141700547055370e+00 1.322186645507812500e+03
1.193576452929586473e+00 1.328298095703125000e+03
1.197011205312117799e+00 1.311811279296875000e+03
1.200445957694648902e+00 1.305368530273437500e+03
1.203880710077180005e+00 1.311745483398437500e+03
1.207315462459711108e+00 1.323981201171875000e+03
1.210750214842242434e+00 1.333406127929687500e+03
1.214184967224773537e+00 1.326280273437500000e+03
1.217619719607304640e+00 1.322487915039062500e+03
1.221054471989835966e+00 1.333714355468750000e+03
1.224489224372367069e+00 1.349870117187500000e+03
1.227923976754898394e+00 1.354555297851562500e+03
1.231358729137429497e+00 1.342370605468750000e+03
1.234793481519960823e+00 1.338824584960937500e+03
1.238228233902491926e+00 1.341421997070312500e+03
1.241662986285023029e+00 1.353182250976562500e+03
1.245097738667554133e+00 1.364489135742187500e+03
1.248532491050085236e+00 1.376211059570312500e+03
1.251967243432616561e+00 1.378113525390625000e+03
1.255401995815147664e+00 1.370627441406250000e+03
1.258836748197678990e+00 1.375173583984375000e+03
1.262271500580210093e+00 1.382469116210937500e+03
1.265706252962741418e+00 1.397960205078125000e+03
1.269141005345272522e+00 1.410019897460937500e+03
1.272575757727803847e+00 1.409772705078125000e+03
1.276010510110334950e+00 1.402611450195312500e+03
1.279445262492866053e+00 1.391709472656250000e+03
1.282880014875397157e+00 1.396165771484375000e+03
1.286314767257928260e+00 1.398717285156250000e+03
1.289749519640459585e+00 1.405353149414062500e+03
1.293184272022990688e+00 1.402968139648437500e+03
1.296619024405522014e+00 1.413057495117187500e+03
1.300053776788053117e+00 1.419213378906250000e+03
1.303488529170584442e+00 1.427933105468750000e+03
1.306923281553115546e+00 1.422609008789062500e+03
1.310358033935646871e+00 1.425231811523437500e+03
1.313792786318177974e+00 1.419532226562500000e+03
1.317227538700709077e+00 1.421019775390625000e+03
1.320662291083240181e+00 1.410115722656250000e+03
1.324097043465771284e+00 1.415729125976562500e+03
1.327531795848302609e+00 1.418823364257812500e+03
1.330966548230833713e+00 1.432062133789062500e+03
1.334401300613365038e+00 1.444277343750000000e+03
1.337836052995896141e+00 1.466979125976562500e+03
1.341270805378427466e+00 1.480594848632812500e+03
1.344705557760958570e+00 1.494158447265625000e+03
1.348140310143489895e+00 1.511694091796875000e+03
1.351575062526020998e+00 1.532818481445312500e+03
1.355009814908552102e+00 1.554071289062500000e+03
1.358444567291083205e+00 1.561232055664062500e+03
1.361879319673614308e+00 1.570104614257812500e+03
1.365314072056145633e+00 1.553283935546875000e+03
1.368748824438676737e+00 1.524129882812500000e+03
1.372183576821208062e+00 1.495474731445312500e+03
1.375618329203739165e+00 1.485824951171875000e+03
1.379053081586270491e+00 1.477138305664062500e+03
1.382487833968801594e+00 1.458715698242187500e+03
1.385922586351332919e+00 1.434406616210937500e+03
1.389357338733864022e+00 1.421357421875000000e+03
1.392792091116395126e+00 1.419792602539062500e+03
1.396226843498926229e+00 1.423289184570312500e+03
1.399661595881457332e+00 1.432818847656250000e+03
1.403096348263988657e+00 1.426753051757812500e+03
1.406531100646519761e+00 1.430066894531250000e+03
1.409965853029051086e+00 1.434173461914062500e+03
1.413400605411582189e+00 1.452175292968750000e+03
1.416835357794113515e+00 1.461154418945312500e+03
1.420270110176644618e+00 1.470705200195312500e+03
1.423704862559175943e+00 1.478486938476562500e+03
1.427139614941707046e+00 1.476194702148437500e+03
1.430574367324238150e+00 1.472257324218750000e+03
1.434009119706769253e+00 1.471530029296875000e+03
1.437443872089300356e+00 1.483787719726562500e+03
1.440878624471831682e+00 1.487722412109375000e+03
1.444313376854362785e+00 1.499140380859375000e+03
1.447748129236894110e+00 1.505581176757812500e+03
1.451182881619425213e+00 1.501364624023437500e+03
1.454617634001956539e+00 1.491369018554687500e+03
1.458052386384487642e+00 1.484838256835937500e+03
1.461487138767018967e+00 1.494044677734375000e+03
1.464921891149550071e+00 1.506474731445312500e+03
1.468356643532081174e+00 1.520940429687500000e+03
1.471791395914612277e+00 1.517077880859375000e+03
1.475226148297143380e+00 1.502579345703125000e+03
1.478660900679674706e+00 1.491499023437500000e+03
1.482095653062205809e+00 1.490968139648437500e+03
1.485530405444737134e+00 1.494501953125000000e+03
1.488965157827268238e+00 1.501961303710937500e+03
1.492399910209799563e+00 1.507593872070312500e+03
1.495834662592330666e+00 1.519415039062500000e+03
1.499269414974861991e+00 1.520968383789062500e+03
1.502704167357393095e+00 1.516064086914062500e+03
1.506138919739924198e+00 1.511629638671875000e+03
1.509573672122455301e+00 1.510393676757812500e+03
1.513008424504986404e+00 1.513475463867187500e+03
1.516443176887517730e+00 1.507835571289062500e+03
1.519877929270048833e+00 1.511719238281250000e+03
1.523312681652580158e+00 1.519436523437500000e+03
1.526747434035111262e+00 1.532145751953125000e+03
1.530182186417642587e+00 1.535567871093750000e+03
1.533616938800173690e+00 1.541178955078125000e+03
1.537051691182705015e+00 1.536281250000000000e+03
1.540486443565236119e+00 1.531169677734375000e+03
1.543921195947767222e+00 1.516949218750000000e+03
1.547355948330298325e+00 1.512869140625000000e+03
1.550790700712829429e+00 1.512158203125000000e+03
1.554225453095360754e+00 1.517653320312500000e+03
1.557660205477891857e+00 1.527141479492187500e+03
1.561094957860423182e+00 1.547399536132812500e+03
1.564529710242954286e+00 1.556572021484375000e+03
1.567964462625485611e+00 1.557635742187500000e+03
1.571399215008016714e+00 1.550145263671875000e+03
1.574833967390548040e+00 1.562483520507812500e+03
1.578268719773079143e+00 1.572541259765625000e+03
1.581703472155610246e+00 1.580663085937500000e+03
1.585138224538141349e+00 1.582916992187500000e+03
1.588572976920672453e+00 1.575891723632812500e+03
1.592007729303203778e+00 1.581740478515625000e+03
1.595442481685734881e+00 1.577382934570312500e+03
1.598877234068266207e+00 1.577726562500000000e+03
1.602311986450797310e+00 1.566044921875000000e+03
1.605746738833328635e+00 1.562050537109375000e+03
1.609181491215859738e+00 1.567771118164062500e+03
1.612616243598391064e+00 1.582467773437500000e+03
1.616050995980922167e+00 1.600111816406250000e+03
1.619485748363453270e+00 1.619989257812500000e+03
1.622920500745984373e+00 1.649768188476562500e+03
1.626355253128515477e+00 1.690324951171875000e+03
1.629790005511046802e+00 1.734458496093750000e+03
1.633224757893577905e+00 1.778766357421875000e+03
1.636659510276109231e+00 1.816119628906250000e+03
1.640094262658640334e+00 1.838373535156250000e+03
1.643529015041171659e+00 1.838599853515625000e+03
1.646963767423702762e+00 1.826758911132812500e+03
1.650398519806234088e+00 1.794067626953125000e+03
1.653833272188765191e+00 1.758089111328125000e+03
1.657268024571296294e+00 1.707001342773437500e+03
1.660702776953827398e+00 1.665475341796875000e+03
1.664137529336358501e+00 1.632254638671875000e+03
1.667572281718889826e+00 1.613015869140625000e+03
1.671007034101420929e+00 1.594180786132812500e+03
1.674441786483952255e+00 1.587439697265625000e+03
1.677876538866483358e+00 1.584100097656250000e+03
1.681311291249014683e+00 1.593382568359375000e+03
1.684746043631545787e+00 1.599139160156250000e+03
1.688180796014076890e+00 1.601344116210937500e+03
1.691615548396608215e+00 1.595869384765625000e+03
1.695050300779139318e+00 1.593618896484375000e+03
1.698485053161670422e+00 1.589777343750000000e+03
1.701919805544201525e+00 1.588568115234375000e+03
1.705354557926732850e+00 1.594431884765625000e+03
1.708789310309263954e+00 1.598347900390625000e+03
1.712224062691795279e+00 1.596877685546875000e+03
1.715658815074326382e+00 1.597196166992187500e+03
1.719093567456857707e+00 1.593409545898437500e+03
1.722528319839388811e+00 1.602420043945312500e+03
1.725963072221919914e+00 1.602122436523437500e+03
1.729397824604451239e+00 1.597385742187500000e+03
1.732832576986982343e+00 1.580005493164062500e+03
1.736267329369513446e+00 1.569135864257812500e+03
1.739702081752044549e+00 1.574760986328125000e+03
1.743136834134575874e+00 1.571579223632812500e+03
1.746571586517106978e+00 1.574510620117187500e+03
1.750006338899638303e+00 1.569101806640625000e+03
1.753441091282169406e+00 1.576239990234375000e+03
1.756875843664700731e+00 1.580009399414062500e+03
1.760310596047231835e+00 1.580015502929687500e+03
1.763745348429762938e+00 1.575252319335937500e+03
1.767180100812294263e+00 1.566996582031250000e+03
1.770614853194825367e+00 1.569388916015625000e+03
1.774049605577356470e+00 1.583176269531250000e+03
1.777484357959887573e+00 1.599253662109375000e+03
1.780919110342418898e+00 1.616790527343750000e+03
1.784353862724950002e+00 1.623590942382812500e+03
1.787788615107481327e+00 1.619098510742187500e+03
1.791223367490012208e+00 1.605633544921875000e+03
1.794658119872543534e+00 1.586374267578125000e+03
1.798092872255074859e+00 1.570348510742187500e+03
1.801527624637606184e+00 1.556569946289062500e+03
1.804962377020137065e+00 1.538674804687500000e+03
1.808397129402668391e+00 1.517910644531250000e+03
1.811831881785199494e+00 1.498752319335937500e+03
1.815266634167730819e+00 1.494640380859375000e+03
1.818701386550261700e+00 1.495466918945312500e+03
1.822136138932793026e+00 1.493036987304687500e+03
1.825570891315324351e+00 1.481698730468750000e+03
1.829005643697855676e+00 1.473358032226562500e+03
1.832440396080386558e+00 1.456771850585937500e+03
1.835875148462917883e+00 1.461078247070312500e+03
1.839309900845449208e+00 1.466957397460937500e+03
1.842744653227980089e+00 1.470194824218750000e+03
1.846179405610511415e+00 1.466797729492187500e+03
1.849614157993042740e+00 1.456969848632812500e+03
1.853048910375573843e+00 1.454532958984375000e+03
1.856483662758104725e+00 1.442396728515625000e+03
1.859918415140636050e+00 1.441888183593750000e+03
1.863353167523167375e+00 1.437931762695312500e+03
1.866787919905698701e+00 1.443937133789062500e+03
1.870222672288229582e+00 1.435926879882812500e+03
1.873657424670760907e+00 1.430908935546875000e+03
1.877092177053292232e+00 1.424658569335937500e+03
1.880526929435823114e+00 1.462989746093750000e+03
1.883961681818354439e+00 1.459789550781250000e+03
1.887396434200885764e+00 1.431390502929687500e+03
1.890831186583416867e+00 1.370388549804687500e+03
1.894265938965947749e+00 1.382197265625000000e+03
1.897700691348479074e+00 1.398083618164062500e+03
1.901135443731010399e+00 1.389226684570312500e+03
1.904570196113541725e+00 1.369975219726562500e+03
1.908004948496072606e+00 1.368336669921875000e+03
1.911439700878603931e+00 1.365202148437500000e+03
1.914874453261135256e+00 1.363422851562500000e+03
1.918309205643666138e+00 1.354094482421875000e+03
1.921743958026197463e+00 1.350156372070312500e+03
1.925178710408728788e+00 1.339590576171875000e+03
1.928613462791259892e+00 1.327993408203125000e+03
1.932048215173790773e+00 1.318801635742187500e+03
1.935482967556322098e+00 1.320914184570312500e+03
1.938917719938853423e+00 1.324263061523437500e+03
1.942352472321384749e+00 1.326368652343750000e+03
1.945787224703915630e+00 1.327372680664062500e+03
1.949221977086446955e+00 1.322369506835937500e+03
1.952656729468978281e+00 1.311699584960937500e+03
1.956091481851509162e+00 1.302526733398437500e+03
1.959526234234040487e+00 1.300486938476562500e+03
1.962960986616571812e+00 1.293176757812500000e+03
1.966395738999102916e+00 1.288834106445312500e+03
1.969830491381633797e+00 1.288393432617187500e+03
1.973265243764165122e+00 1.296943115234375000e+03
1.976699996146696447e+00 1.293334838867187500e+03
1.980134748529227329e+00 1.294072631835937500e+03
1.983569500911758654e+00 1.296004394531250000e+03
1.987004253294289979e+00 1.296535156250000000e+03
1.990439005676821305e+00 1.313688232421875000e+03
1.993873758059352186e+00 1.345095825195312500e+03
1.997308510441883511e+00 1.397648193359375000e+03
2.000743262824414614e+00 1.447017211914062500e+03
2.004178015206945940e+00 1.503853393554687500e+03
2.007612767589476821e+00 1.554596801757812500e+03
2.011047519972008146e+00 1.589420166015625000e+03
2.014482272354539472e+00 1.589118286132812500e+03
2.017917024737070353e+00 1.563528808593750000e+03
2.021351777119601678e+00 1.509815551757812500e+03
2.024786529502133003e+00 1.446531982421875000e+03
2.028221281884664329e+00 1.380022949218750000e+03
2.031656034267195210e+00 1.330326904296875000e+03
2.035090786649726535e+00 1.291419433593750000e+03
2.038525539032257861e+00 1.259156738281250000e+03
2.041960291414789186e+00 1.236177978515625000e+03
2.045395043797320067e+00 1.220901977539062500e+03
2.048829796179851392e+00 1.210167968750000000e+03
2.052264548562382718e+00 1.201198730468750000e+03
2.055699300944913599e+00 1.196263793945312500e+03
2.059134053327444924e+00 1.193066162109375000e+03
2.062568805709975805e+00 1.190807373046875000e+03
2.066003558092507131e+00 1.190533203125000000e+03
2.069438310475038012e+00 1.185991333007812500e+03
2.072873062857569337e+00 1.185596679687500000e+03
2.076307815240100663e+00 1.179864624023437500e+03
2.079742567622631988e+00 1.173097167968750000e+03
2.083177320005162869e+00 1.162355224609375000e+03
2.086612072387694194e+00 1.154356445312500000e+03
2.090046824770225520e+00 1.160460205078125000e+03
2.093481577152756401e+00 1.168519775390625000e+03
2.096916329535287726e+00 1.169766357421875000e+03
2.100351081917819052e+00 1.168902221679687500e+03
2.103785834300350377e+00 1.162821289062500000e+03
2.107220586682881258e+00 1.154360229492187500e+03
2.110655339065412583e+00 1.142267456054687500e+03
2.114090091447943909e+00 1.133145874023437500e+03
2.117524843830475234e+00 1.130394653320312500e+03
2.120959596213006115e+00 1.125060302734375000e+03
2.124394348595537441e+00 1.118089111328125000e+03
2.127829100978068766e+00 1.116779174804687500e+03
2.131263853360599647e+00 1.122811401367187500e+03
2.134698605743130972e+00 1.125231689453125000e+03
2.138133358125661854e+00 1.122362548828125000e+03
2.141568110508193179e+00 1.109601440429687500e+03
2.145002862890724060e+00 1.101699829101562500e+03
2.148437615273255386e+00 1.096662353515625000e+03
2.151872367655786711e+00 1.094313842773437500e+03
2.155307120038318036e+00 1.094484741210937500e+03
2.158741872420848917e+00 1.086777465820312500e+03
2.162176624803380243e+00 1.074133544921875000e+03
2.165611377185911568e+00 1.058934570312500000e+03
2.169046129568442449e+00 1.051750854492187500e+03
2.172480881950973775e+00 1.053726928710937500e+03
2.175915634333505100e+00 1.053205322265625000e+03
2.179350386716036425e+00 1.053017089843750000e+03
2.182785139098567306e+00 1.054541992187500000e+03
2.186219891481098632e+00 1.054954833984375000e+03
2.189654643863629957e+00 1.053350341796875000e+03
2.193089396246161282e+00 1.051235717773437500e+03
2.196524148628692163e+00 1.050987304687500000e+03
2.199958901011223489e+00 1.053620239257812500e+03
2.203393653393754814e+00 1.048929321289062500e+03
2.206828405776285695e+00 1.042528808593750000e+03
2.210263158158817021e+00 1.034569824218750000e+03
2.213697910541347902e+00 1.022199829101562500e+03
2.217132662923879227e+00 1.019787353515625000e+03
2.220567415306410108e+00 1.019990173339843750e+03
2.224002167688941434e+00 1.024728515625000000e+03
2.227436920071472759e+00 1.017057312011718750e+03
2.230871672454004084e+00 1.015123779296875000e+03
2.234306424836534966e+00 1.008323791503906250e+03
2.237741177219066291e+00 1.017064147949218750e+03
2.241175929601597616e+00 1.012538330078125000e+03
2.244610681984128497e+00 1.010774963378906250e+03
2.248045434366659823e+00 1.001564453125000000e+03
2.251480186749191148e+00 1.000445739746093750e+03
2.254914939131722473e+00 9.860802612304687500e+02
2.258349691514253355e+00 9.799895019531250000e+02
2.261784443896784680e+00 9.718510742187500000e+02
2.265219196279316005e+00 9.752984619140625000e+02
2.268653948661847330e+00 9.723612060546875000e+02
2.272088701044378212e+00 9.767285766601562500e+02
2.275523453426909537e+00 9.791663208007812500e+02
2.278958205809440862e+00 9.816409301757812500e+02
2.282392958191971744e+00 9.743410644531250000e+02
2.285827710574503069e+00 9.675479736328125000e+02
2.289262462957033950e+00 9.557220458984375000e+02
2.292697215339565275e+00 9.555848999023437500e+02
2.296131967722096157e+00 9.612683105468750000e+02
2.299566720104627482e+00 9.696574096679687500e+02
2.303001472487158807e+00 9.770675659179687500e+02
2.306436224869690133e+00 9.807227783203125000e+02
2.309870977252221014e+00 9.949518432617187500e+02
2.313305729634752339e+00 1.027074218750000000e+03
2.316740482017283664e+00 1.074927001953125000e+03
2.320175234399814546e+00 1.128393188476562500e+03
2.323609986782345871e+00 1.176764160156250000e+03
2.327044739164877196e+00 1.214456298828125000e+03
2.330479491547408522e+00 1.224820434570312500e+03
2.333914243929939403e+00 1.215363525390625000e+03
2.337348996312470728e+00 1.191206054687500000e+03
2.340783748695002053e+00 1.147859375000000000e+03
2.344218501077533379e+00 1.089006591796875000e+03
2.347653253460064260e+00 1.028588500976562500e+03
2.351088005842595585e+00 9.817119750976562500e+02
2.354522758225126911e+00 9.518466796875000000e+02
2.357957510607657792e+00 9.320759277343750000e+02
2.361392262990189117e+00 9.219493408203125000e+02
2.364827015372720442e+00 9.126354370117187500e+02
2.368261767755251324e+00 9.083740844726562500e+02
2.371696520137782205e+00 9.120262451171875000e+02
2.375131272520313530e+00 9.154058837890625000e+02
2.378566024902844855e+00 9.105095214843750000e+02
2.382000777285376181e+00 9.004362792968750000e+02
2.385435529667907062e+00 8.952234497070312500e+02
2.388870282050438387e+00 8.989732055664062500e+02
2.392305034432969713e+00 9.026220703125000000e+02
2.395739786815500594e+00 9.030895996093750000e+02
2.399174539198031919e+00 8.953286743164062500e+02
2.402609291580563244e+00 8.807077636718750000e+02
2.406044043963094570e+00 8.693468017578125000e+02
2.409478796345625451e+00 8.622541503906250000e+02
2.412913548728156776e+00 8.592872924804687500e+02
2.416348301110688102e+00 8.607978515625000000e+02
2.419783053493219427e+00 8.631856079101562500e+02
2.423217805875750308e+00 8.751629638671875000e+02
2.426652558258281633e+00 8.824306640625000000e+02
2.430087310640812959e+00 8.752246704101562500e+02
2.433522063023343840e+00 8.617166137695312500e+02
2.436956815405875165e+00 8.561308593750000000e+02
2.440391567788406491e+00 8.620933837890625000e+02
2.443826320170937372e+00 8.662241210937500000e+02
2.447261072553468253e+00 8.618446044921875000e+02
2.450695824935999578e+00 8.569261474609375000e+02
2.454130577318530904e+00 8.526730346679687500e+02
2.457565329701061785e+00 8.548529052734375000e+02
2.461000082083593110e+00 8.535872192382812500e+02
2.464434834466124435e+00 8.490695190429687500e+02
2.467869586848655761e+00 8.485260009765625000e+02
2.471304339231186642e+00 8.493645019531250000e+02
2.474739091613717967e+00 8.487524414062500000e+02
2.478173843996249293e+00 8.499747314453125000e+02
2.481608596378780618e+00 8.529138183593750000e+02
2.485043348761311499e+00 8.566619873046875000e+02
2.488478101143842824e+00 8.554656982421875000e+02
2.491912853526374150e+00 8.514310302734375000e+02
2.495347605908905031e+00 8.475074462890625000e+02
2.498782358291436356e+00 8.510606079101562500e+02
2.502217110673967682e+00 8.627700195312500000e+02
2.505651863056499007e+00 8.794245605468750000e+02
2.509086615439029888e+00 8.862039794921875000e+02
2.512521367821561213e+00 9.015051269531250000e+02
2.515956120204092539e+00 9.222427978515625000e+02
2.519390872586623420e+00 9.441795654296875000e+02
2.522825624969154301e+00 9.476644287109375000e+02
2.526260377351685626e+00 9.375203857421875000e+02
2.529695129734216952e+00 9.247229614257812500e+02
2.533129882116747833e+00 9.054337768554687500e+02
2.536564634499279158e+00 8.865499877929687500e+02
2.539999386881810484e+00 8.651071166992187500e+02
2.543434139264341809e+00 8.445272827148437500e+02
2.546868891646872690e+00 8.310122680664062500e+02
2.550303644029404015e+00 8.222636718750000000e+02
2.553738396411935341e+00 8.158553466796875000e+02
2.557173148794466666e+00 8.111129760742187500e+02
2.560607901176997547e+00 8.072078247070312500e+02
2.564042653559528873e+00 8.088380737304687500e+02
2.567477405942060198e+00 8.062533569335937500e+02
2.570912158324591079e+00 7.985975952148437500e+02
2.574346910707122404e+00 8.006469116210937500e+02
2.577781663089653730e+00 8.022393188476562500e+02
2.581216415472185055e+00 8.080723266601562500e+02
2.584651167854715936e+00 8.054136352539062500e+02
2.588085920237247262e+00 7.976469726562500000e+02
2.591520672619778587e+00 7.907002563476562500e+02
2.594955425002309468e+00 7.877269897460937500e+02
2.598390177384840349e+00 7.882915039062500000e+02
2.601824929767371675e+00 7.876284790039062500e+02
2.605259682149903000e+00 7.878781127929687500e+02
2.608694434532433881e+00 7.847831420898437500e+02
2.612129186914965207e+00 7.786726074218750000e+02
2.615563939297496532e+00 7.693206787109375000e+02
2.618998691680027857e+00 7.717147827148437500e+02
2.622433444062558738e+00 7.761098632812500000e+02
2.625868196445090064e+00 7.768811035156250000e+02
2.629302948827621389e+00 7.764658813476562500e+02
2.632737701210152714e+00 7.716674194335937500e+02
2.636172453592683596e+00 7.701696777343750000e+02
2.639607205975214921e+00 7.669458007812500000e+02
2.643041958357746246e+00 7.639855346679687500e+02
2.646476710740277127e+00 7.599060058593750000e+02
2.649911463122808453e+00 7.586708374023437500e+02
2.653346215505339778e+00 7.585057983398437500e+02
2.656780967887871103e+00 7.559337158203125000e+02
2.660215720270401984e+00 7.479463500976562500e+02
2.663650472652933310e+00 7.421489257812500000e+02
2.667085225035464635e+00 7.395451049804687500e+02
2.670519977417995516e+00 7.466541748046875000e+02
2.673954729800526398e+00 7.475687255859375000e+02
2.677389482183057723e+00 7.474852905273437500e+02
2.680824234565589048e+00 7.480548706054687500e+02
2.684258986948119929e+00 7.533848266601562500e+02
2.687693739330651255e+00 7.608631591796875000e+02
2.691128491713182580e+00 7.572731323242187500e+02
2.694563244095713905e+00 7.566708374023437500e+02
2.697997996478244787e+00 7.527295532226562500e+02
2.701432748860776112e+00 7.557642211914062500e+02
2.704867501243307437e+00 7.577390747070312500e+02
2.708302253625838762e+00 7.574548950195312500e+02
2.711737006008369644e+00 7.615950317382812500e+02
2.715171758390900969e+00 7.556826171875000000e+02
2.718606510773432294e+00 7.543238525390625000e+02
2.722041263155963176e+00 7.477664794921875000e+02
2.725476015538494501e+00 7.426433105468750000e+02
2.728910767921025826e+00 7.353945312500000000e+02
2.732345520303557151e+00 7.340549316406250000e+02
2.735780272686088033e+00 7.382322387695312500e+02
2.739215025068619358e+00 7.363215942382812500e+02
2.742649777451150683e+00 7.338402099609375000e+02
2.746084529833681565e+00 7.409819335937500000e+02
2.749519282216212890e+00 7.557041015625000000e+02
2.752954034598743771e+00 7.741625976562500000e+02
2.756388786981275096e+00 7.899191284179687500e+02
2.759823539363805978e+00 8.214843750000000000e+02
2.763258291746337303e+00 8.764537353515625000e+02
2.766693044128868628e+00 9.533212280273437500e+02
2.770127796511399954e+00 1.036202514648437500e+03
2.773562548893930835e+00 1.097392211914062500e+03
2.776997301276462160e+00 1.129255371093750000e+03
2.780432053658993485e+00 1.118011108398437500e+03
2.783866806041524811e+00 1.080931274414062500e+03
2.787301558424055692e+00 1.027185302734375000e+03
2.790736310806587017e+00 9.665020751953125000e+02
2.794171063189118343e+00 9.073066406250000000e+02
2.797605815571649224e+00 8.519013671875000000e+02
2.801040567954180549e+00 8.086528320312500000e+02
2.804475320336711874e+00 7.753069458007812500e+02
2.807910072719243200e+00 7.535488281250000000e+02
2.811344825101774081e+00 7.450615844726562500e+02
2.814779577484305406e+00 7.399015502929687500e+02
2.818214329866836731e+00 7.446005249023437500e+02
2.821649082249367613e+00 7.440301513671875000e+02
2.825083834631898938e+00 7.472074584960937500e+02
2.828518587014429819e+00 7.508388671875000000e+02
2.831953339396961145e+00 7.674054565429687500e+02
2.835388091779492026e+00 7.895106201171875000e+02
2.838822844162023351e+00 8.126304931640625000e+02
2.842257596544554676e+00 8.301700439453125000e+02
2.845692348927086002e+00 8.446076049804687500e+02
2.849127101309616883e+00 8.460029907226562500e+02
2.852561853692148208e+00 8.415800781250000000e+02
2.855996606074679534e+00 8.327963867187500000e+02
2.859431358457210415e+00 8.176536865234375000e+02
2.862866110839741740e+00 7.981160888671875000e+02
2.866300863222273065e+00 7.748414306640625000e+02
2.869735615604804391e+00 7.608043823242187500e+02
2.873170367987335272e+00 7.507155761718750000e+02
2.876605120369866597e+00 7.412887573242187500e+02
2.880039872752397923e+00 7.328922119140625000e+02
2.883474625134929248e+00 7.361156616210937500e+02
2.886909377517460129e+00 7.364779052734375000e+02
2.890344129899991454e+00 7.339988403320312500e+02
2.893778882282522780e+00 7.264282836914062500e+02
2.897213634665053661e+00 7.231752319335937500e+02
2.900648387047584986e+00 7.224290161132812500e+02
2.904083139430115867e+00 7.216019287109375000e+02
2.907517891812647193e+00 7.232783203125000000e+02
2.910952644195178074e+00 7.229375610351562500e+02
2.914387396577709399e+00 7.282004394531250000e+02
2.917822148960240725e+00 7.372294311523437500e+02
2.921256901342772050e+00 7.495033569335937500e+02
2.924691653725302931e+00 7.640783081054687500e+02
2.928126406107834256e+00 7.731617431640625000e+02
2.931561158490365582e+00 7.800196533203125000e+02
2.934995910872896463e+00 7.804531860351562500e+02
2.938430663255427788e+00 7.921738281250000000e+02
2.941865415637959114e+00 8.076768798828125000e+02
2.945300168020490439e+00 8.332515258789062500e+02
2.948734920403021320e+00 8.575494384765625000e+02
2.952169672785552645e+00 8.776837768554687500e+02
2.955604425168083971e+00 8.936925659179687500e+02
2.959039177550615296e+00 9.214129028320312500e+02
2.962473929933146177e+00 9.880766601562500000e+02
2.965908682315677503e+00 1.133808715820312500e+03
2.969343434698208828e+00 1.439296875000000000e+03
2.972778187080739709e+00 2.017005249023437500e+03
2.976212939463271034e+00 2.897668212890625000e+03
2.979647691845801916e+00 4.018862548828125000e+03
2.983082444228333241e+00 5.195082519531250000e+03
2.986517196610864122e+00 6.153367187500000000e+03
2.989951948993395447e+00 6.674590332031250000e+03
2.993386701375926773e+00 6.724968261718750000e+03
2.996821453758458098e+00 6.332998046875000000e+03
3.000256206140988979e+00 5.626140625000000000e+03
3.003690958523520305e+00 4.740709472656250000e+03
3.007125710906051630e+00 3.782593261718750000e+03
3.010560463288582511e+00 2.886155273437500000e+03
3.013995215671113836e+00 2.099655029296875000e+03
3.017429968053645162e+00 1.529125244140625000e+03
3.020864720436176487e+00 1.165367797851562500e+03
3.024299472818707368e+00 9.675717773437500000e+02
3.027734225201238694e+00 8.674845581054687500e+02
3.031168977583770019e+00 8.050053710937500000e+02
3.034603729966301344e+00 7.709703979492187500e+02
3.038038482348832225e+00 7.493407592773437500e+02
3.041473234731363551e+00 7.416159057617187500e+02
3.044907987113894876e+00 7.417820434570312500e+02
3.048342739496425757e+00 7.471010742187500000e+02
3.051777491878957083e+00 7.527506103515625000e+02
3.055212244261487964e+00 7.592419433593750000e+02
3.058646996644019289e+00 7.661478271484375000e+02
3.062081749026550170e+00 7.713464965820312500e+02
3.065516501409081496e+00 7.704629516601562500e+02
3.068951253791612821e+00 7.702600097656250000e+02
3.072386006174144146e+00 7.706091918945312500e+02
3.075820758556675028e+00 7.723055419921875000e+02
3.079255510939206353e+00 7.753086547851562500e+02
3.082690263321737678e+00 7.796424560546875000e+02
3.086125015704268559e+00 7.913925170898437500e+02
3.089559768086799885e+00 7.924140014648437500e+02
3.092994520469331210e+00 7.835145263671875000e+02
3.096429272851862535e+00 7.674430541992187500e+02
3.099864025234393416e+00 7.470752563476562500e+02
3.103298777616924742e+00 7.249822387695312500e+02
3.106733529999456067e+00 7.072056884765625000e+02
3.110168282381987392e+00 6.940250854492187500e+02
3.113603034764518274e+00 6.824976806640625000e+02
3.117037787147049599e+00 6.712980346679687500e+02
3.120472539529580924e+00 6.562316894531250000e+02
3.123907291912111805e+00 6.509674682617187500e+02
3.127342044294643131e+00 6.443299560546875000e+02
3.130776796677174012e+00 6.441627197265625000e+02
3.134211549059705337e+00 6.501100463867187500e+02
3.137646301442236219e+00 6.598460083007812500e+02
3.141081053824767544e+00 6.622285156250000000e+02
3.144515806207298869e+00 6.588355102539062500e+02
3.147950558589830194e+00 6.558988647460937500e+02
3.151385310972361076e+00 6.537083740234375000e+02
3.154820063354892401e+00 6.539370117187500000e+02
3.158254815737423726e+00 6.479953613281250000e+02
3.161689568119954608e+00 6.499930419921875000e+02
3.165124320502485933e+00 6.457935791015625000e+02
3.168559072885017258e+00 6.459628295898437500e+02
3.171993825267548583e+00 6.394353027343750000e+02
3.175428577650079465e+00 6.372131347656250000e+02
3.178863330032610790e+00 6.330497436523437500e+02
3.182298082415142115e+00 6.359392700195312500e+02
3.185732834797673441e+00 6.382668457031250000e+02
3.189167587180204322e+00 6.415786743164062500e+02
3.192602339562735647e+00 6.379130859375000000e+02
3.196037091945266972e+00 6.323073120117187500e+02
3.199471844327797854e+00 6.307229003906250000e+02
3.202906596710329179e+00 6.226812744140625000e+02
3.206341349092860060e+00 6.167146606445312500e+02
3.209776101475391386e+00 6.165274047851562500e+02
3.213210853857922267e+00 6.234760742187500000e+02
3.216645606240453592e+00 6.274095458984375000e+02
3.220080358622984917e+00 6.299036865234375000e+02
3.223515111005516243e+00 6.251868286132812500e+02
3.226949863388047124e+00 6.193191528320312500e+02
3.230384615770578449e+00 6.117115478515625000e+02
3.233819368153109775e+00 6.181364135742187500e+02
3.237254120535640656e+00 6.215937500000000000e+02
3.240688872918171981e+00 6.309296264648437500e+02
3.244123625300703306e+00 6.286720581054687500e+02
3.247558377683234632e+00 6.315262451171875000e+02
3.250993130065765513e+00 6.299396972656250000e+02
3.254427882448296838e+00 6.396628417968750000e+02
3.257862634830828164e+00 6.539896850585937500e+02
3.261297387213359489e+00 6.667467041015625000e+02
3.264732139595890370e+00 6.752628784179687500e+02
3.268166891978421695e+00 6.846956787109375000e+02
3.271601644360953021e+00 6.916132812500000000e+02
3.275036396743483902e+00 7.002709960937500000e+02
3.278471149126015227e+00 6.986609497070312500e+02
3.281905901508546108e+00 6.931187744140625000e+02
3.285340653891077434e+00 6.748388671875000000e+02
3.288775406273608315e+00 6.582650756835937500e+02
3.292210158656139640e+00 6.436022338867187500e+02
3.295644911038670966e+00 6.335371704101562500e+02
3.299079663421202291e+00 6.254559326171875000e+02
3.302514415803733172e+00 6.232922973632812500e+02
3.305949168186264497e+00 6.183245239257812500e+02
3.309383920568795823e+00 6.162767333984375000e+02
3.312818672951326704e+00 6.167326049804687500e+02
3.316253425333858029e+00 6.157999267578125000e+02
3.319688177716389355e+00 6.140126342773437500e+02
3.323122930098920680e+00 6.071088256835937500e+02
3.326557682481451561e+00 6.080781250000000000e+02
3.329992434863982886e+00 6.036122436523437500e+02
3.333427187246514212e+00 6.081822509765625000e+02
3.336861939629045093e+00 6.164447021484375000e+02
3.340296692011576418e+00 6.226791992187500000e+02
3.343731444394107744e+00 6.237582397460937500e+02
3.347166196776639069e+00 6.205299682617187500e+02
3.350600949159169950e+00 6.211728515625000000e+02
3.354035701541701275e+00 6.166099243164062500e+02
3.357470453924232601e+00 6.150246582031250000e+02
3.360905206306763482e+00 6.178167724609375000e+02
3.364339958689294363e+00 6.265950927734375000e+02
3.367774711071825688e+00 6.310789794921875000e+02
3.371209463454357014e+00 6.368657836914062500e+02
3.374644215836887895e+00 6.385313110351562500e+02
3.378078968219419220e+00 6.337020874023437500e+02
3.381513720601950546e+00 6.239105224609375000e+02
3.384948472984481871e+00 6.207604980468750000e+02
3.388383225367012752e+00 6.162083740234375000e+02
3.391817977749544077e+00 6.119297485351562500e+02
3.395252730132075403e+00 6.044531860351562500e+02
3.398687482514606728e+00 5.997955932617187500e+02
3.402122234897137609e+00 5.986251220703125000e+02
3.405556987279668935e+00 6.006168212890625000e+02
3.408991739662200260e+00 6.022062377929687500e+02
3.412426492044731141e+00 5.979544067382812500e+02
3.415861244427262466e+00 5.959818115234375000e+02
3.419295996809793792e+00 6.005295410156250000e+02
3.422730749192325117e+00 6.137529907226562500e+02
3.426165501574855998e+00 6.189137573242187500e+02
3.429600253957387324e+00 6.316790771484375000e+02
3.433035006339918649e+00 6.411575317382812500e+02
3.436469758722449530e+00 6.608989868164062500e+02
3.439904511104980411e+00 6.770838012695312500e+02
3.443339263487511737e+00 6.992686157226562500e+02
3.446774015870043062e+00 7.215019531250000000e+02
3.450208768252573943e+00 7.396500854492187500e+02
3.453643520635105268e+00 7.394117431640625000e+02
3.457078273017636594e+00 7.316799926757812500e+02
3.460513025400167919e+00 7.194416503906250000e+02
3.463947777782698800e+00 7.062755737304687500e+02
3.467382530165230126e+00 6.822109985351562500e+02
3.470817282547761451e+00 6.609506225585937500e+02
3.474252034930292776e+00 6.429220581054687500e+02
3.477686787312823657e+00 6.293750610351562500e+02
3.481121539695354983e+00 6.167673950195312500e+02
3.484556292077886308e+00 6.022731933593750000e+02
3.487991044460417189e+00 5.948869018554687500e+02
3.491425796842948515e+00 5.890295410156250000e+02
3.494860549225479840e+00 5.868470458984375000e+02
3.498295301608011165e+00 5.877253417968750000e+02
3.501730053990542046e+00 5.794561157226562500e+02
3.505164806373073372e+00 5.782350463867187500e+02
3.508599558755604697e+00 5.711012573242187500e+02
3.512034311138135578e+00 5.730899658203125000e+02
3.515469063520666460e+00 5.704835205078125000e+02
3.518903815903197785e+00 5.717983398437500000e+02
3.522338568285729110e+00 5.750793457031250000e+02
3.525773320668259991e+00 5.812147827148437500e+02
3.529208073050791317e+00 5.837152709960937500e+02
3.532642825433322642e+00 5.789078979492187500e+02
3.536077577815853967e+00 5.765504760742187500e+02
3.539512330198384849e+00 5.761201782226562500e+02
3.542947082580916174e+00 5.746635131835937500e+02
3.546381834963447499e+00 5.699725341796875000e+02
3.549816587345978824e+00 5.681397094726562500e+02
3.553251339728509706e+00 5.719315185546875000e+02
3.556686092111041031e+00 5.748453369140625000e+02
3.560120844493572356e+00 5.777889404296875000e+02
3.563555596876103237e+00 5.845189208984375000e+02
3.566990349258634563e+00 5.835449218750000000e+02
3.570425101641165888e+00 5.824465942382812500e+02
3.573859854023697213e+00 5.760340576171875000e+02
3.577294606406228095e+00 5.733374023437500000e+02
3.580729358788759420e+00 5.634534301757812500e+02
3.584164111171290301e+00 5.623789062500000000e+02
3.587598863553821626e+00 5.619636840820312500e+02
3.591033615936352508e+00 5.651734008789062500e+02
3.594468368318883833e+00 5.641029052734375000e+02
3.597903120701415158e+00 5.635247802734375000e+02
3.601337873083946484e+00 5.630196533203125000e+02
3.604772625466477809e+00 5.607735595703125000e+02
3.608207377849008246e+00 5.634041137695312500e+02
3.611642130231539571e+00 5.624663696289062500e+02
3.615076882614070897e+00 5.583845214843750000e+02
3.618511634996602222e+00 5.415327148437500000e+02
3.621946387379133547e+00 5.302105712890625000e+02
3.625381139761664873e+00 5.279664306640625000e+02
3.628815892144196198e+00 5.388963623046875000e+02
3.632250644526726635e+00 5.455941772460937500e+02
3.635685396909257960e+00 5.469137573242187500e+02
3.639120149291789286e+00 5.431071166992187500e+02
3.642554901674320611e+00 5.377093505859375000e+02
3.645989654056851936e+00 5.387219238281250000e+02
3.649424406439383262e+00 5.388598022460937500e+02
3.652859158821914587e+00 5.403826293945312500e+02
3.656293911204445912e+00 5.363298950195312500e+02
3.659728663586976349e+00 5.355823364257812500e+02
3.663163415969507675e+00 5.399324340820312500e+02
3.666598168352038556e+00 5.414011230468750000e+02
3.670032920734569881e+00 5.452554931640625000e+02
3.673467673117101207e+00 5.472105102539062500e+02
3.676902425499632532e+00 5.512143554687500000e+02
3.680337177882163857e+00 5.440576171875000000e+02
3.683771930264694294e+00 5.348326416015625000e+02
3.687206682647225620e+00 5.279295043945312500e+02
3.690641435029756945e+00 5.332064819335937500e+02
3.694076187412288270e+00 5.371511230468750000e+02
3.697510939794819596e+00 5.397078857421875000e+02
3.700945692177350921e+00 5.403746948242187500e+02
3.704380444559882246e+00 5.374072875976562500e+02
3.707815196942412683e+00 5.423466186523437500e+02
3.711249949324944009e+00 5.462688598632812500e+02
3.714684701707475334e+00 5.447797241210937500e+02
3.718119454090006659e+00 5.410839233398437500e+02
3.721554206472537984e+00 5.350421752929687500e+02
3.724988958855069310e+00 5.373870849609375000e+02
3.728423711237600635e+00 5.339707641601562500e+02
3.731858463620131960e+00 5.312647094726562500e+02
3.735293216002662398e+00 5.242891845703125000e+02
3.738727968385193723e+00 5.228155517578125000e+02
3.742162720767725048e+00 5.240369873046875000e+02
3.745597473150255929e+00 5.247551269531250000e+02
3.749032225532787255e+00 5.258092041015625000e+02
3.752466977915318580e+00 5.294434814453125000e+02
3.755901730297849905e+00 5.327066650390625000e+02
3.759336482680380342e+00 5.393967895507812500e+02
3.762771235062911668e+00 5.411562500000000000e+02
3.766205987445442993e+00 5.433463134765625000e+02
3.769640739827974318e+00 5.474817504882812500e+02
3.773075492210505644e+00 5.539072265625000000e+02
3.776510244593036969e+00 5.664918823242187500e+02
3.779944996975568294e+00 5.748067626953125000e+02
3.783379749358098731e+00 5.848131103515625000e+02
3.786814501740630057e+00 5.874891357421875000e+02
3.790249254123161382e+00 5.812472534179687500e+02
3.793684006505692707e+00 5.716831665039062500e+02
3.797118758888224033e+00 5.576055908203125000e+02
3.800553511270755358e+00 5.478092041015625000e+02
3.803988263653286683e+00 5.384996948242187500e+02
3.807423016035818009e+00 5.296994018554687500e+02
3.810857768418348446e+00 5.212080688476562500e+02
3.814292520800879771e+00 5.177376708984375000e+02
3.817727273183411096e+00 5.197254028320312500e+02
3.821162025565941978e+00 5.241364135742187500e+02
3.824596777948473303e+00 5.277646484375000000e+02
3.828031530331004628e+00 5.341394042968750000e+02
3.831466282713535954e+00 5.397395629882812500e+02
3.834901035096066391e+00 5.425710449218750000e+02
3.838335787478597716e+00 5.435235595703125000e+02
3.841770539861129041e+00 5.453749389648437500e+02
3.845205292243660367e+00 5.604738769531250000e+02
3.848640044626191692e+00 5.775204467773437500e+02
3.852074797008723017e+00 5.918327026367187500e+02
3.855509549391254343e+00 5.903202514648437500e+02
3.858944301773784780e+00 5.840474243164062500e+02
3.862379054156316105e+00 5.818533935546875000e+02
3.865813806538847430e+00 5.844311523437500000e+02
3.869248558921378756e+00 5.847733764648437500e+02
3.872683311303910081e+00 5.826403808593750000e+02
3.876118063686441406e+00 5.762067260742187500e+02
3.879552816068972732e+00 5.686651000976562500e+02
3.882987568451504057e+00 5.589893188476562500e+02
3.886422320834034494e+00 5.507303466796875000e+02
3.889857073216565819e+00 5.419696044921875000e+02
3.893291825599097145e+00 5.301027221679687500e+02
3.896726577981628026e+00 5.273364868164062500e+02
3.900161330364159351e+00 5.281442871093750000e+02
3.903596082746690676e+00 5.232859497070312500e+02
3.907030835129222002e+00 5.133382568359375000e+02
3.910465587511752439e+00 5.120375976562500000e+02
3.913900339894283764e+00 5.169550170898437500e+02
3.917335092276815089e+00 5.214094848632812500e+02
3.920769844659346415e+00 5.131142578125000000e+02
3.924204597041877740e+00 5.058433227539062500e+02
3.927639349424409065e+00 4.954061889648437500e+02
3.931074101806940391e+00 4.972792968750000000e+02
3.934508854189470828e+00 5.019038391113281250e+02
3.937943606572002153e+00 5.044328918457031250e+02
3.941378358954533478e+00 5.067139282226562500e+02
3.944813111337064804e+00 5.128394165039062500e+02
3.948247863719596129e+00 5.108837890625000000e+02
3.951682616102127454e+00 5.041297607421875000e+02
3.955117368484658780e+00 4.961672668457031250e+02
3.958552120867189217e+00 5.005723266601562500e+02
3.961986873249720542e+00 5.049233093261718750e+02
3.965421625632251867e+00 5.039040832519531250e+02
3.968856378014783193e+00 5.037920837402343750e+02
3.972291130397314074e+00 5.067303771972656250e+02
3.975725882779845399e+00 5.220274658203125000e+02
3.979160635162376725e+00 5.425910644531250000e+02
3.982595387544908050e+00 5.824998779296875000e+02
3.986030139927438487e+00 6.553337402343750000e+02
3.989464892309969812e+00 7.078978271484375000e+02
3.992899644692501138e+00 7.633914794921875000e+02
3.996334397075032463e+00 7.868982543945312500e+02
3.999769149457563788e+00 8.061428833007812500e+02
4.003203901840095114e+00 8.057385864257812500e+02
4.006638654222625995e+00 7.587437744140625000e+02
4.010073406605156876e+00 7.186457519531250000e+02
4.013508158987687757e+00 6.947301025390625000e+02
4.016942911370219527e+00 6.821944580078125000e+02
4.020377663752750408e+00 6.867911987304687500e+02
4.023812416135282177e+00 6.908685913085937500e+02
4.027247168517813058e+00 6.849789428710937500e+02
4.030681920900344828e+00 6.716875000000000000e+02
4.034116673282874821e+00 6.444962158203125000e+02
4.037551425665406590e+00 6.209895629882812500e+02
4.040986178047937472e+00 6.013981933593750000e+02
4.044420930430469241e+00 5.846680908203125000e+02
4.047855682813000122e+00 5.661056518554687500e+02
4.051290435195531892e+00 5.509515380859375000e+02
4.054725187578062773e+00 5.335433349609375000e+02
4.058159939960594542e+00 5.228449707031250000e+02
4.061594692343124535e+00 5.146744995117187500e+02
4.065029444725656305e+00 5.128764038085937500e+02
4.068464197108187186e+00 5.106050109863281250e+02
4.071898949490718955e+00 5.014415588378906250e+02
4.075333701873249836e+00 4.995882568359375000e+02
4.078768454255781606e+00 4.881927185058593750e+02
4.082203206638312487e+00 4.858213806152343750e+02
4.085637959020843368e+00 4.809043579101562500e+02
4.089072711403374250e+00 4.889503479003906250e+02
4.092507463785905131e+00 4.967828674316406250e+02
4.095942216168436900e+00 4.992260131835937500e+02
4.099376968550967781e+00 4.965986633300781250e+02
4.102811720933499551e+00 4.910266723632812500e+02
4.106246473316030432e+00 4.901666564941406250e+02
4.109681225698561313e+00 4.917545471191406250e+02
4.113115978081092194e+00 4.953537597656250000e+02
4.116550730463623964e+00 5.034784240722656250e+02
4.119985482846154845e+00 5.006215820312500000e+02
4.123420235228686614e+00 5.046034545898437500e+02
4.126854987611217496e+00 5.037098999023437500e+02
4.130289739993749265e+00 5.046232299804687500e+02
4.133724492376280146e+00 4.934319763183593750e+02
4.137159244758811028e+00 4.880146789550781250e+02
4.140593997141341909e+00 4.831472473144531250e+02
4.144028749523873678e+00 4.830635986328125000e+02
4.147463501906404559e+00 4.881770324707031250e+02
4.150898254288936329e+00 4.956290588378906250e+02
4.154333006671467210e+00 4.983287658691406250e+02
4.157767759053998091e+00 4.948830566406250000e+02
4.161202511436528972e+00 4.955650939941406250e+02
4.164637263819060742e+00 4.954312438964843750e+02
4.168072016201591623e+00 4.977842712402343750e+02
4.171506768584122504e+00 4.961880798339843750e+02
4.174941520966654274e+00 4.976656188964843750e+02
4.178376273349185155e+00 5.062936401367187500e+02
4.181811025731716924e+00 5.182007446289062500e+02
4.185245778114246917e+00 5.341971435546875000e+02
4.188680530496778687e+00 5.445537719726562500e+02
4.192115282879309568e+00 5.591307373046875000e+02
4.195550035261841337e+00 5.729580688476562500e+02
4.198984787644372219e+00 5.750895996093750000e+02
4.202419540026903988e+00 5.677270507812500000e+02
4.205854292409434869e+00 5.562294921875000000e+02
4.209289044791966639e+00 5.552961425781250000e+02
4.212723797174496632e+00 5.549864501953125000e+02
4.216158549557028401e+00 5.566350097656250000e+02
4.219593301939559282e+00 5.617084350585937500e+02
4.223028054322091052e+00 5.691184082031250000e+02
4.226462806704621933e+00 5.746762084960937500e+02
4.229897559087153702e+00 5.761817016601562500e+02
4.233332311469684583e+00 5.721362915039062500e+02
4.236767063852215465e+00 5.620837402343750000e+02
4.240201816234746346e+00 5.473799438476562500e+02
4.243636568617277227e+00 5.313259277343750000e+02
4.247071320999808997e+00 5.137105712890625000e+02
4.250506073382339878e+00 5.004627075195312500e+02
4.253940825764871647e+00 4.921873168945312500e+02
4.257375578147402528e+00 4.902000427246093750e+02
4.260810330529933410e+00 4.801409912109375000e+02
4.264245082912464291e+00 4.724437255859375000e+02
4.267679835294996060e+00 4.680869140625000000e+02
4.271114587677526941e+00 4.764454345703125000e+02
4.274549340060058711e+00 4.811314086914062500e+02
4.277984092442589592e+00 4.873936462402343750e+02
4.281418844825121361e+00 4.872613525390625000e+02
4.284853597207652243e+00 4.929579162597656250e+02
4.288288349590183124e+00 5.001683349609375000e+02
4.291723101972714005e+00 5.152349853515625000e+02
4.295157854355245775e+00 5.303437500000000000e+02
4.298592606737776656e+00 5.508557739257812500e+02
4.302027359120308425e+00 5.656759643554687500e+02
4.305462111502839306e+00 5.773925781250000000e+02
4.308896863885370188e+00 5.722480468750000000e+02
4.312331616267901069e+00 5.603348999023437500e+02
4.315766368650432838e+00 5.551145629882812500e+02
4.319201121032963719e+00 5.445409545898437500e+02
4.322635873415494601e+00 5.379541015625000000e+02
4.326070625798026370e+00 5.161238403320312500e+02
4.329505378180557251e+00 5.049809875488281250e+02
4.332940130563089021e+00 4.921813964843750000e+02
4.336374882945619014e+00 4.877480468750000000e+02
4.339809635328150783e+00 4.826938781738281250e+02
4.343244387710681664e+00 4.796850585937500000e+02
4.346679140093213434e+00 4.748898620605468750e+02
4.350113892475744315e+00 4.768798217773437500e+02
4.353548644858276084e+00 4.789919433593750000e+02
4.356983397240806966e+00 4.843145751953125000e+02
4.360418149623338735e+00 4.839277648925781250e+02
4.363852902005868728e+00 4.805263671875000000e+02
4.367287654388400497e+00 4.790155944824218750e+02
4.370722406770931379e+00 4.761324462890625000e+02
4.374157159153463148e+00 4.754131164550781250e+02
4.377591911535994029e+00 4.720076599121093750e+02
4.381026663918525799e+00 4.741585388183593750e+02
4.384461416301056680e+00 4.736369018554687500e+02
4.387896168683587561e+00 4.785249023437500000e+02
4.391330921066118442e+00 4.801904602050781250e+02
4.394765673448649324e+00 4.800745544433593750e+02
4.398200425831181093e+00 4.734412231445312500e+02
4.401635178213711974e+00 4.762457885742187500e+02
4.405069930596243744e+00 4.833175354003906250e+02
4.408504682978774625e+00 4.992586364746093750e+02
4.411939435361305506e+00 5.089403991699218750e+02
4.415374187743836387e+00 5.155718994140625000e+02
4.418808940126368157e+00 5.168159790039062500e+02
4.422243692508899038e+00 5.198237915039062500e+02
4.425678444891430807e+00 5.221616821289062500e+02
4.429113197273961688e+00 5.186862182617187500e+02
4.432547949656493458e+00 5.113656616210937500e+02
4.435982702039023451e+00 4.979805908203125000e+02
4.439417454421555220e+00 4.805526428222656250e+02
4.442852206804086101e+00 4.702977600097656250e+02
4.446286959186617871e+00 4.680012207031250000e+02
4.449721711569148752e+00 4.717559814453125000e+02
4.453156463951680522e+00 4.693265686035156250e+02
4.456591216334211403e+00 4.655589294433593750e+02
4.460025968716742284e+00 4.637451477050781250e+02
4.463460721099273165e+00 4.670367126464843750e+02
4.466895473481804935e+00 4.674286804199218750e+02
4.470330225864335816e+00 4.645870056152343750e+02
4.473764978246866697e+00 4.555836486816406250e+02
4.477199730629398466e+00 4.542634887695312500e+02
4.480634483011929348e+00 4.541031799316406250e+02
4.484069235394461117e+00 4.533580932617187500e+02
4.487503987776991110e+00 4.531886901855468750e+02
4.490938740159522879e+00 4.546545104980468750e+02
4.494373492542053761e+00 4.592261047363281250e+02
4.497808244924585530e+00 4.582689819335937500e+02
4.501242997307116411e+00 4.568176574707031250e+02
4.504677749689648181e+00 4.547991333007812500e+02
4.508112502072179062e+00 4.522060546875000000e+02
4.511547254454709943e+00 4.534627990722656250e+02
4.514982006837240824e+00 4.546354675292968750e+02
4.518416759219772594e+00 4.523124389648437500e+02
4.521851511602303475e+00 4.485882873535156250e+02
4.525286263984835244e+00 4.490274047851562500e+02
4.528721016367366126e+00 4.495850830078125000e+02
4.532155768749897895e+00 4.536500244140625000e+02
4.535590521132428776e+00 4.537815551757812500e+02
4.539025273514959657e+00 4.573862609863281250e+02
4.542460025897490539e+00 4.567142028808593750e+02
4.545894778280021420e+00 4.523098754882812500e+02
4.549329530662553189e+00 4.492066650390625000e+02
4.552764283045084071e+00 4.488779602050781250e+02
4.556199035427615840e+00 4.487174377441406250e+02
4.559633787810146721e+00 4.512023315429687500e+02
4.563068540192677602e+00 4.551307678222656250e+02
4.566503292575208484e+00 4.554093322753906250e+02
4.569938044957740253e+00 4.553146057128906250e+02
4.573372797340271134e+00 4.530399475097656250e+02
4.576807549722802904e+00 4.522647705078125000e+02
4.580242302105333785e+00 4.484157714843750000e+02
4.583677054487865554e+00 4.514044494628906250e+02
4.587111806870395547e+00 4.522244873046875000e+02
4.590546559252927317e+00 4.543020935058593750e+02
4.593981311635458198e+00 4.501242370605468750e+02
4.597416064017989967e+00 4.495496520996093750e+02
4.600850816400520849e+00 4.467695007324218750e+02
4.604285568783052618e+00 4.507459716796875000e+02
4.607720321165583499e+00 4.537666320800781250e+02
4.611155073548115269e+00 4.593399963378906250e+02
4.614589825930645262e+00 4.574236145019531250e+02
4.618024578313177031e+00 4.524378051757812500e+02
4.621459330695707912e+00 4.457726440429687500e+02
4.624894083078238793e+00 4.419989013671875000e+02
4.628328835460770563e+00 4.474305114746093750e+02
4.631763587843301444e+00 4.535874633789062500e+02
4.635198340225833213e+00 4.647677917480468750e+02
4.638633092608363206e+00 4.726285705566406250e+02
4.642067844990894976e+00 4.833455200195312500e+02
4.645502597373425857e+00 4.999588623046875000e+02
4.648937349755957626e+00 5.192991333007812500e+02
4.652372102138488508e+00 5.371304321289062500e+02
4.655806854521020277e+00 5.496896972656250000e+02
4.659241606903551158e+00 5.593525390625000000e+02
4.662676359286082040e+00 5.664260864257812500e+02
4.666111111668612921e+00 5.751990966796875000e+02
4.669545864051144690e+00 5.857775878906250000e+02
4.672980616433675571e+00 5.896536254882812500e+02
4.676415368816207341e+00 5.835785522460937500e+02
4.679850121198738222e+00 5.701994018554687500e+02
4.683284873581269991e+00 5.570064697265625000e+02
4.686719625963800873e+00 5.422561035156250000e+02
4.690154378346331754e+00 5.254159545898437500e+02
4.693589130728862635e+00 5.128654174804687500e+02
4.697023883111393516e+00 4.970977783203125000e+02
4.700458635493925286e+00 4.867388000488281250e+02
4.703893387876456167e+00 4.732149353027343750e+02
4.707328140258987936e+00 4.679845886230468750e+02
4.710762892641518818e+00 4.588961791992187500e+02
4.714197645024049699e+00 4.506987915039062500e+02
4.717632397406580580e+00 4.389840087890625000e+02
4.721067149789112349e+00 4.344571838378906250e+02
4.724501902171643231e+00 4.316702575683593750e+02
4.727936654554175000e+00 4.336234436035156250e+02
4.731371406936705881e+00 4.377470397949218750e+02
4.734806159319237651e+00 4.433842163085937500e+02
4.738240911701767644e+00 4.421098327636718750e+02
4.741675664084299413e+00 4.377789916992187500e+02
4.745110416466830294e+00 4.372695312500000000e+02
4.748545168849362064e+00 4.423483276367187500e+02
4.751979921231892945e+00 4.496206359863281250e+02
4.755414673614424714e+00 4.536748962402343750e+02
4.758849425996955596e+00 4.499620361328125000e+02
4.762284178379487365e+00 4.422104492187500000e+02
4.765718930762017358e+00 4.373679809570312500e+02
4.769153683144549127e+00 4.353979187011718750e+02
4.772588435527080009e+00 4.380387573242187500e+02
4.776023187909610890e+00 4.382570190429687500e+02
4.779457940292142659e+00 4.398818664550781250e+02
4.782892692674673540e+00 4.399601135253906250e+02
4.786327445057205310e+00 4.423000183105468750e+02
4.789762197439735303e+00 4.425365905761718750e+02
4.793196949822267072e+00 4.424993896484375000e+02
4.796631702204797953e+00 4.414393920898437500e+02
4.800066454587329723e+00 4.429191284179687500e+02
4.803501206969860604e+00 4.482073974609375000e+02
4.806935959352392373e+00 4.559120178222656250e+02
4.810370711734923255e+00 4.530271911621093750e+02
4.813805464117454136e+00 4.473781433105468750e+02
4.817240216499985017e+00 4.444053039550781250e+02
4.820674968882516787e+00 4.495749511718750000e+02
4.824109721265047668e+00 4.507722778320312500e+02
4.827544473647579437e+00 4.416856994628906250e+02
4.830979226030110318e+00 4.391387634277343750e+02
4.834413978412642088e+00 4.381660461425781250e+02
4.837848730795172969e+00 4.415662231445312500e+02
4.841283483177703850e+00 4.427244873046875000e+02
4.844718235560234731e+00 4.389794311523437500e+02
4.848152987942766501e+00 4.373646240234375000e+02
4.851587740325297382e+00 4.368114624023437500e+02
4.855022492707828263e+00 4.409520263671875000e+02
4.858457245090360033e+00 4.374223022460937500e+02
4.861891997472890914e+00 4.321185302734375000e+02
4.865326749855421795e+00 4.282232666015625000e+02
4.868761502237952676e+00 4.268163452148437500e+02
4.872196254620484446e+00 4.263617553710937500e+02
4.875631007003015327e+00 4.280642089843750000e+02
4.879065759385547096e+00 4.334838256835937500e+02
4.882500511768077978e+00 4.358117675781250000e+02
4.885935264150609747e+00 4.365274047851562500e+02
4.889370016533139740e+00 4.360410461425781250e+02
4.892804768915671509e+00 4.315530090332031250e+02
4.896239521298202391e+00 4.276628417968750000e+02
4.899674273680734160e+00 4.238802795410156250e+02
4.903109026063265041e+00 4.204221191406250000e+02
4.906543778445796811e+00 4.216224975585937500e+02
4.909978530828327692e+00 4.271321105957031250e+02
4.913413283210858573e+00 4.298387756347656250e+02
4.916848035593389454e+00 4.304353027343750000e+02
4.920282787975921224e+00 4.302035522460937500e+02
4.923717540358452105e+00 4.339195861816406250e+02
4.927152292740982986e+00 4.330701599121093750e+02
4.930587045123514756e+00 4.295580444335937500e+02
4.934021797506045637e+00 4.267246704101562500e+02
4.937456549888577406e+00 4.306019287109375000e+02
4.940891302271107399e+00 4.365503234863281250e+02
4.944326054653639169e+00 4.423522949218750000e+02
4.947760807036170050e+00 4.451968994140625000e+02
4.951195559418701819e+00 4.472609558105468750e+02
4.954630311801232700e+00 4.495150146484375000e+02
4.958065064183764470e+00 4.515725708007812500e+02
4.961499816566295351e+00 4.535361938476562500e+02
4.964934568948826232e+00 4.542763061523437500e+02
4.968369321331357114e+00 4.584267578125000000e+02
4.971804073713888883e+00 4.575186767578125000e+02
4.975238826096419764e+00 4.566086730957031250e+02
4.978673578478951534e+00 4.492213439941406250e+02
4.982108330861482415e+00 4.499090881347656250e+02
4.985543083244014184e+00 4.422437133789062500e+02
4.988977835626544177e+00 4.369945678710937500e+02
4.992412588009075947e+00 4.298377380371093750e+02
4.995847340391606828e+00 4.240453796386718750e+02
4.999282092774138597e+00 4.195823059082031250e+02
5.002716845156669478e+00 4.210101013183593750e+02
5.006151597539200360e+00 4.285800781250000000e+02
5.009586349921732129e+00 4.306553649902343750e+02
5.013021102304263010e+00 4.235671691894531250e+02
5.016455854686793892e+00 4.213153991699218750e+02
5.019890607069324773e+00 4.246149291992187500e+02
5.023325359451856542e+00 4.277602233886718750e+02
5.026760111834387423e+00 4.293779907226562500e+02
5.030194864216919193e+00 4.291186523437500000e+02
5.033629616599450074e+00 4.334859619140625000e+02
5.037064368981981843e+00 4.375325317382812500e+02
5.040499121364511836e+00 4.467895507812500000e+02
5.043933873747043606e+00 4.471480102539062500e+02
5.047368626129574487e+00 4.443746948242187500e+02
5.050803378512106256e+00 4.384077453613281250e+02
5.054238130894637138e+00 4.384242553710937500e+02
5.057672883277168907e+00 4.416832580566406250e+02
5.061107635659699788e+00 4.434941711425781250e+02
5.064542388042230669e+00 4.415917968750000000e+02
5.067977140424761551e+00 4.356605224609375000e+02
5.071411892807293320e+00 4.307529296875000000e+02
5.074846645189824201e+00 4.254252319335937500e+02
5.078281397572355083e+00 4.181877441406250000e+02
5.081716149954886852e+00 4.143048706054687500e+02
5.085150902337417733e+00 4.163464355468750000e+02
5.088585654719949503e+00 4.164955749511718750e+02
5.092020407102479496e+00 4.176797485351562500e+02
5.095455159485011265e+00 4.151995544433593750e+02
5.098889911867542146e+00 4.159854736328125000e+02
5.102324664250073916e+00 4.129943237304687500e+02
5.105759416632604797e+00 4.145887756347656250e+02
5.109194169015136566e+00 4.176559448242187500e+02
5.112628921397667447e+00 4.183587646484375000e+02
5.116063673780198329e+00 4.179041442871093750e+02
5.119498426162729210e+00 4.145052795410156250e+02
5.122933178545260979e+00 4.132633666992187500e+02
5.126367930927791861e+00 4.065614013671875000e+02
5.129802683310323630e+00 4.014674377441406250e+02
5.133237435692854511e+00 3.994534606933593750e+02
5.136672188075386281e+00 3.976280822753906250e+02
5.140106940457916274e+00 4.041380615234375000e+02
5.143541692840448043e+00 4.062652282714843750e+02
5.146976445222978924e+00 4.108927307128906250e+02
5.150411197605510694e+00 4.094310913085937500e+02
5.153845949988041575e+00 4.111611938476562500e+02
5.157280702370572456e+00 4.169232177734375000e+02
5.160715454753104225e+00 4.221074523925781250e+02
5.164150207135635107e+00 4.285386657714843750e+02
5.167584959518165988e+00 4.255059814453125000e+02
5.171019711900696869e+00 4.243846130371093750e+02
5.174454464283228639e+00 4.226218261718750000e+02
5.177889216665759520e+00 4.212879028320312500e+02
5.181323969048291289e+00 4.202445373535156250e+02
5.184758721430822170e+00 4.181726989746093750e+02
5.188193473813353940e+00 4.147084655761718750e+02
5.191628226195883933e+00 4.083870239257812500e+02
5.195062978578415702e+00 4.056603088378906250e+02
5.198497730960946583e+00 4.070630187988281250e+02
5.201932483343478353e+00 4.115726928710937500e+02
5.205367235726009234e+00 4.158697509765625000e+02
5.208801988108541003e+00 4.247872619628906250e+02
5.212236740491071885e+00 4.395793762207031250e+02
5.215671492873602766e+00 4.466508789062500000e+02
5.219106245256133647e+00 4.525643005371093750e+02
5.222540997638665417e+00 4.516518554687500000e+02
5.225975750021196298e+00 4.543398437500000000e+02
5.229410502403727179e+00 4.552314147949218750e+02
5.232845254786258948e+00 4.509682617187500000e+02
5.236280007168789830e+00 4.432802734375000000e+02
5.239714759551321599e+00 4.343692626953125000e+02
5.243149511933851592e+00 4.291907348632812500e+02
5.246584264316383361e+00 4.194086608886718750e+02
5.250019016698914243e+00 4.072666625976562500e+02
5.253453769081446012e+00 3.997846679687500000e+02
5.256888521463976893e+00 3.996650390625000000e+02
5.260323273846508663e+00 3.998671264648437500e+02
5.263758026229039544e+00 4.030947265625000000e+02
5.267192778611570425e+00 4.042283020019531250e+02
5.270627530994101306e+00 4.006099853515625000e+02
5.274062283376633076e+00 3.930383605957031250e+02
5.277497035759163957e+00 3.921370239257812500e+02
5.280931788141695726e+00 3.994559936523437500e+02
5.284366540524226608e+00 4.080488586425781250e+02
5.287801292906758377e+00 4.140725097656250000e+02
5.291236045289288370e+00 4.171093750000000000e+02
5.294670797671820139e+00 4.194560546875000000e+02
5.298105550054351021e+00 4.204177551269531250e+02
5.301540302436882790e+00 4.141977539062500000e+02
5.304975054819413671e+00 4.036852416992187500e+02
5.308409807201944552e+00 3.981678466796875000e+02
5.311844559584476322e+00 4.019449768066406250e+02
5.315279311967006315e+00 4.046897277832031250e+02
5.318714064349538084e+00 4.097670898437500000e+02
5.322148816732068966e+00 4.112598266601562500e+02
5.325583569114600735e+00 4.155113830566406250e+02
5.329018321497131616e+00 4.163845520019531250e+02
5.332453073879663386e+00 4.230766601562500000e+02
5.335887826262194267e+00 4.260858459472656250e+02
5.339322578644726036e+00 4.285563964843750000e+02
5.342757331027256029e+00 4.332664794921875000e+02
5.346192083409787799e+00 4.431955566406250000e+02
5.349626835792318680e+00 4.477278442382812500e+02
5.353061588174850449e+00 4.507275085449218750e+02
5.356496340557381330e+00 4.524970397949218750e+02
5.359931092939913100e+00 4.524792175292968750e+02
5.363365845322443981e+00 4.487774353027343750e+02
5.366800597704974862e+00 4.464645080566406250e+02
5.370235350087505743e+00 4.466178283691406250e+02
5.373670102470037513e+00 4.423503723144531250e+02
5.377104854852568394e+00 4.327184143066406250e+02
5.380539607235100164e+00 4.214673767089843750e+02
5.383974359617631045e+00 4.121376342773437500e+02
5.387409112000161926e+00 4.070321044921875000e+02
5.390843864382692807e+00 4.044531250000000000e+02
5.394278616765223688e+00 4.051363830566406250e+02
5.397713369147755458e+00 4.017006835937500000e+02
5.401148121530286339e+00 3.980970764160156250e+02
5.404582873912818108e+00 3.951959533691406250e+02
5.408017626295348990e+00 3.989627990722656250e+02
5.411452378677880759e+00 4.025472106933593750e+02
5.414887131060411640e+00 4.017204284667968750e+02
5.418321883442942521e+00 3.985961608886718750e+02
5.421756635825473403e+00 3.999525756835937500e+02
5.425191388208005172e+00 4.044645080566406250e+02
5.428626140590536053e+00 4.080682067871093750e+02
5.432060892973067823e+00 4.065937805175781250e+02
5.435495645355598704e+00 4.053796081542968750e+02
5.438930397738130473e+00 4.080768737792968750e+02
5.442365150120660466e+00 4.126567382812500000e+02
5.445799902503192236e+00 4.184696960449218750e+02
5.449234654885723117e+00 4.158522338867187500e+02
5.452669407268254886e+00 4.096423339843750000e+02
5.456104159650785768e+00 4.028228454589843750e+02
5.459538912033316649e+00 4.028695678710937500e+02
5.462973664415848418e+00 4.084487304687500000e+02
5.466408416798379299e+00 4.134462280273437500e+02
5.469843169180910181e+00 4.190183105468750000e+02
5.473277921563441062e+00 4.220959777832031250e+02
5.476712673945972831e+00 4.249155273437500000e+02
5.480147426328503713e+00 4.279727478027343750e+02
5.483582178711035482e+00 4.287205810546875000e+02
5.487016931093566363e+00 4.329942016601562500e+02
5.490451683476098133e+00 4.377296447753906250e+02
5.493886435858628126e+00 4.382031555175781250e+02
5.497321188241159895e+00 4.325964355468750000e+02
5.500755940623690776e+00 4.296986083984375000e+02
5.504190693006222546e+00 4.349653015136718750e+02
5.507625445388753427e+00 4.355007324218750000e+02
5.511060197771285196e+00 4.278558349609375000e+02
5.514494950153816077e+00 4.196712646484375000e+02
5.517929702536346959e+00 4.179745483398437500e+02
5.521364454918877840e+00 4.171069335937500000e+02
5.524799207301409609e+00 4.150823669433593750e+02
5.528233959683940490e+00 4.148009948730468750e+02
5.531668712066472260e+00 4.089649658203125000e+02
5.535103464449003141e+00 4.072477722167968750e+02
5.538538216831534022e+00 4.046927795410156250e+02
5.541972969214064904e+00 4.073528442382812500e+02
5.545407721596595785e+00 4.094538574218750000e+02
5.548842473979127554e+00 4.109762268066406250e+02
5.552277226361658435e+00 4.116810913085937500e+02
5.555711978744190205e+00 4.121973571777343750e+02
5.559146731126721086e+00 4.117869873046875000e+02
5.562581483509252855e+00 4.107953491210937500e+02
5.566016235891783737e+00 4.055010681152343750e+02
5.569450988274314618e+00 4.039690551757812500e+02
5.572885740656845499e+00 4.042041015625000000e+02
5.576320493039377268e+00 4.090276184082031250e+02
5.579755245421908150e+00 4.100720825195312500e+02
5.583189997804439919e+00 4.072078247070312500e+02
5.586624750186970800e+00 4.046787414550781250e+02
5.590059502569502570e+00 4.045061645507812500e+02
5.593494254952032563e+00 4.028327331542968750e+02
5.596929007334564332e+00 4.019522094726562500e+02
5.600363759717095213e+00 4.003580322265625000e+02
5.603798512099626983e+00 4.004049987792968750e+02
5.607233264482157864e+00 3.973754577636718750e+02
5.610668016864688745e+00 4.040182495117187500e+02
5.614102769247220515e+00 4.029200134277343750e+02
5.617537521629751396e+00 4.064738159179687500e+02
5.620972274012282277e+00 4.020029602050781250e+02
5.624407026394813158e+00 4.043791809082031250e+02
5.627841778777344928e+00 4.013115844726562500e+02
5.631276531159875809e+00 3.958577575683593750e+02
5.634711283542407578e+00 3.935689392089843750e+02
5.638146035924938460e+00 3.938925781250000000e+02
5.641580788307470229e+00 3.954672241210937500e+02
5.645015540690000222e+00 3.948112487792968750e+02
5.648450293072531991e+00 3.951272277832031250e+02
5.651885045455062873e+00 3.962173461914062500e+02
5.655319797837594642e+00 3.993667907714843750e+02
5.658754550220125523e+00 3.955902404785156250e+02
5.662189302602657293e+00 3.941067199707031250e+02
5.665624054985188174e+00 3.949763793945312500e+02
5.669058807367719055e+00 4.034621582031250000e+02
5.672493559750249936e+00 4.039727783203125000e+02
5.675928312132781706e+00 4.065716857910156250e+02
5.679363064515312587e+00 4.124561462402343750e+02
5.682797816897844356e+00 4.244874572753906250e+02
5.686232569280375237e+00 4.343748168945312500e+02
5.689667321662906119e+00 4.436156616210937500e+02
5.693102074045437000e+00 4.499407043457031250e+02
5.696536826427967881e+00 4.583325805664062500e+02
5.699971578810499651e+00 4.749597473144531250e+02
5.703406331193030532e+00 5.080101013183593750e+02
5.706841083575562301e+00 5.607561645507812500e+02
5.710275835958093182e+00 6.299232788085937500e+02
5.713710588340624952e+00 7.107434692382812500e+02
5.717145340723154945e+00 7.929946289062500000e+02
5.720580093105686714e+00 8.676674804687500000e+02
5.724014845488217595e+00 9.240212402343750000e+02
5.727449597870749365e+00 9.493922119140625000e+02
5.730884350253280246e+00 9.457993774414062500e+02
5.734319102635812015e+00 9.119370727539062500e+02
5.737753855018342897e+00 8.548953247070312500e+02
5.741188607400874666e+00 7.862639160156250000e+02
5.744623359783404659e+00 7.150614624023437500e+02
5.748058112165936429e+00 6.442225952148437500e+02
5.751492864548467310e+00 5.763656005859375000e+02
5.754927616930999079e+00 5.195546875000000000e+02
5.758362369313529960e+00 4.736162719726562500e+02
5.761797121696060842e+00 4.453164978027343750e+02
5.765231874078592611e+00 4.251664428710937500e+02
5.768666626461123492e+00 4.169649353027343750e+02
5.772101378843654373e+00 4.109578857421875000e+02
5.775536131226185255e+00 4.135651550292968750e+02
5.778970883608717024e+00 4.103860168457031250e+02
5.782405635991247905e+00 4.076198425292968750e+02
5.785840388373779675e+00 4.045468444824218750e+02
5.789275140756310556e+00 4.044687194824218750e+02
5.792709893138841437e+00 4.044357604980468750e+02
5.796144645521372318e+00 3.984927978515625000e+02
5.799579397903904088e+00 3.970505371093750000e+02
5.803014150286434969e+00 3.962809448242187500e+02
5.806448902668966738e+00 3.970480651855468750e+02
5.809883655051497620e+00 4.001567687988281250e+02
5.813318407434029389e+00 3.998780517578125000e+02
5.816753159816560270e+00 3.964196472167968750e+02
5.820187912199091151e+00 3.958557739257812500e+02
5.823622664581622033e+00 3.986289672851562500e+02
5.827057416964153802e+00 4.049829406738281250e+02
5.830492169346684683e+00 4.011248779296875000e+02
5.833926921729216453e+00 3.949615478515625000e+02
5.837361674111747334e+00 3.967230834960937500e+02
5.840796426494278215e+00 4.002605590820312500e+02
5.844231178876809096e+00 3.989776306152343750e+02
5.847665931259339978e+00 3.918317260742187500e+02
5.851100683641871747e+00 3.909964904785156250e+02
5.854535436024402628e+00 3.942403869628906250e+02
5.857970188406934398e+00 3.890295410156250000e+02
5.861404940789465279e+00 3.866923828125000000e+02
5.864839693171997048e+00 3.873009033203125000e+02
5.868274445554527041e+00 3.922976684570312500e+02
5.871709197937058811e+00 3.943016052246093750e+02
5.875143950319589692e+00 3.905625000000000000e+02
5.878578702702121461e+00 3.918663940429687500e+02
5.882013455084652342e+00 3.908249206542968750e+02
5.885448207467184112e+00 3.968111572265625000e+02
5.888882959849714993e+00 3.974145812988281250e+02
5.892317712232246762e+00 3.957126464843750000e+02
5.895752464614776756e+00 3.948604431152343750e+02
5.899187216997308525e+00 3.939881286621093750e+02
5.902621969379839406e+00 3.998035278320312500e+02
5.906056721762371176e+00 4.015016784667968750e+02
5.909491474144902057e+00 4.032627258300781250e+02
5.912926226527432938e+00 4.023194580078125000e+02
5.916360978909964707e+00 4.033412475585937500e+02
5.919795731292495589e+00 4.015629272460937500e+02
5.923230483675026470e+00 4.009472351074218750e+02
5.926665236057557351e+00 3.992094116210937500e+02
5.930099988440089120e+00 4.032278747558593750e+02
5.933534740822620002e+00 4.011956787109375000e+02
5.936969493205151771e+00 4.036389465332031250e+02
5.940404245587682652e+00 4.009561462402343750e+02
5.943838997970213534e+00 4.031318664550781250e+02
5.947273750352744415e+00 4.096802673339843750e+02
5.950708502735276184e+00 4.263350219726562500e+02
5.954143255117807065e+00 4.530007019042968750e+02
5.957578007500338835e+00 4.851644287109375000e+02
5.961012759882869716e+00 5.419152832031250000e+02
5.964447512265401485e+00 6.299763793945312500e+02
5.967882264647932367e+00 7.392882690429687500e+02
5.971317017030463248e+00 8.524686279296875000e+02
5.974751769412994129e+00 9.464164428710937500e+02
5.978186521795525898e+00 1.013042663574218750e+03
5.981621274178056780e+00 1.037242919921875000e+03
5.985056026560588549e+00 1.023834411621093750e+03
5.988490778943119430e+00 9.709573364257812500e+02
5.991925531325650311e+00 9.048659667968750000e+02
5.995360283708181193e+00 8.284687500000000000e+02
5.998795036090712074e+00 7.534663085937500000e+02
6.002229788473243843e+00 6.730297241210937500e+02
6.005664540855774725e+00 5.996062011718750000e+02
6.009099293238306494e+00 5.417343139648437500e+02
6.012534045620837375e+00 4.953251342773437500e+02
6.015968798003369145e+00 4.610081787109375000e+02
6.019403550385899138e+00 4.396477355957031250e+02
6.022838302768430907e+00 4.288735656738281250e+02
6.026273055150961788e+00 4.238069152832031250e+02
6.029707807533493558e+00 4.186121520996093750e+02
6.033142559916024439e+00 4.176087646484375000e+02
6.036577312298556208e+00 4.148866271972656250e+02
6.040012064681087089e+00 4.151701660156250000e+02
6.043446817063618859e+00 4.129410095214843750e+02
6.046881569446148852e+00 4.138217468261718750e+02
6.050316321828680621e+00 4.161189270019531250e+02
6.053751074211211503e+00 4.160888061523437500e+02
6.057185826593743272e+00 4.190002441406250000e+02
6.060620578976274153e+00 4.205153503417968750e+02
6.064055331358805923e+00 4.200635681152343750e+02
6.067490083741336804e+00 4.188166198730468750e+02
6.070924836123867685e+00 4.193425598144531250e+02
6.074359588506398566e+00 4.206536254882812500e+02
6.077794340888929447e+00 4.163988342285156250e+02
6.081229093271461217e+00 4.146164550781250000e+02
6.084663845653992098e+00 4.110301818847656250e+02
6.088098598036523867e+00 4.072880859375000000e+02
6.091533350419054749e+00 3.993959045410156250e+02
6.094968102801585630e+00 3.930927124023437500e+02
6.098402855184116511e+00 3.884821777343750000e+02
6.101837607566648281e+00 3.861131896972656250e+02
6.105272359949179162e+00 3.875668640136718750e+02
6.108707112331710931e+00 3.907560729980468750e+02
6.112141864714241812e+00 3.945955200195312500e+02
6.115576617096773582e+00 3.945636291503906250e+02
6.119011369479304463e+00 3.935152587890625000e+02
6.122446121861835344e+00 3.917094421386718750e+02
6.125880874244366225e+00 3.924100952148437500e+02
6.129315626626897995e+00 3.907344055175781250e+02
6.132750379009428876e+00 3.900018310546875000e+02
6.136185131391960645e+00 3.921210632324218750e+02
6.139619883774491527e+00 3.945384216308593750e+02
6.143054636157022408e+00 3.976167297363281250e+02
6.146489388539553289e+00 3.966639404296875000e+02
6.149924140922085058e+00 3.974902343750000000e+02
6.153358893304615940e+00 3.916484985351562500e+02
6.156793645687146821e+00 3.947844543457031250e+02
6.160228398069678590e+00 3.961920166015625000e+02
6.163663150452209472e+00 3.960993652343750000e+02
6.167097902834741241e+00 3.928689575195312500e+02
6.170532655217271234e+00 3.923631286621093750e+02
6.173967407599803003e+00 3.939281616210937500e+02
6.177402159982333885e+00 3.948209228515625000e+02
6.180836912364865654e+00 3.900957031250000000e+02
6.184271664747396535e+00 3.891709594726562500e+02
6.187706417129928305e+00 3.871253051757812500e+02
6.191141169512459186e+00 3.843868408203125000e+02
6.194575921894990067e+00 3.829765319824218750e+02
6.198010674277520948e+00 3.863223876953125000e+02
6.201445426660052718e+00 3.874229431152343750e+02
6.204880179042583599e+00 3.849280395507812500e+02
6.208314931425115368e+00 3.794497070312500000e+02
6.211749683807646250e+00 3.768825073242187500e+02
6.215184436190178019e+00 3.754313354492187500e+02
6.218619188572708900e+00 3.765685424804687500e+02
6.222053940955239781e+00 3.801431884765625000e+02
6.225488693337770663e+00 3.831769409179687500e+02
6.228923445720301544e+00 3.810014953613281250e+02
6.232358198102833313e+00 3.837376098632812500e+02
6.235792950485364194e+00 3.807001342773437500e+02
6.239227702867895964e+00 3.834598693847656250e+02
6.242662455250426845e+00 3.808245239257812500e+02
6.246097207632957726e+00 3.834011535644531250e+02
6.249531960015488607e+00 3.832337951660156250e+02
6.252966712398020377e+00 3.815843811035156250e+02
6.256401464780551258e+00 3.789072265625000000e+02
6.259836217163083028e+00 3.774190368652343750e+02
6.263270969545613909e+00 3.810116882324218750e+02
6.266705721928145678e+00 3.839094238281250000e+02
6.270140474310675671e+00 3.933948059082031250e+02
6.273575226693207441e+00 3.993468017578125000e+02
6.277009979075738322e+00 4.053955993652343750e+02
6.280444731458270091e+00 4.065969238281250000e+02
6.283879483840800972e+00 4.144490356445312500e+02
6.287314236223332742e+00 4.269177246093750000e+02
6.290748988605863623e+00 4.461544799804687500e+02
6.294183740988394504e+00 4.746168823242187500e+02
6.297618493370925385e+00 4.882284545898437500e+02
6.301053245753457155e+00 5.013465576171875000e+02
6.304487998135988036e+00 4.880202026367187500e+02
6.307922750518518917e+00 4.729704589843750000e+02
6.311357502901050687e+00 4.432174682617187500e+02
6.314792255283581568e+00 4.207672424316406250e+02
6.318227007666113337e+00 4.077737426757812500e+02
6.321661760048643330e+00 3.974612426757812500e+02
6.325096512431175100e+00 3.939564208984375000e+02
6.328531264813705981e+00 3.924214172363281250e+02
6.331966017196237750e+00 3.917171936035156250e+02
6.335400769578768632e+00 3.929841613769531250e+02
6.338835521961300401e+00 3.947335510253906250e+02
6.342270274343831282e+00 3.958619079589843750e+02
6.345705026726362163e+00 3.951922302246093750e+02
6.349139779108893045e+00 3.968859558105468750e+02
6.352574531491424814e+00 4.009447937011718750e+02
6.356009283873955695e+00 3.969866638183593750e+02
6.359444036256487465e+00 3.888200988769531250e+02
6.362878788639018346e+00 3.787792053222656250e+02
6.366313541021550115e+00 3.734097290039062500e+02
6.369748293404080997e+00 3.677168273925781250e+02
6.373183045786611878e+00 3.672614440917968750e+02
6.376617798169142759e+00 3.697778930664062500e+02
6.380052550551673640e+00 3.710222473144531250e+02
6.383487302934205410e+00 3.673595581054687500e+02
6.386922055316736291e+00 3.659577026367187500e+02
6.390356807699268060e+00 3.664809570312500000e+02
6.393791560081798941e+00 3.688742675781250000e+02
6.397226312464329823e+00 3.700166625976562500e+02
6.400661064846860704e+00 3.735585632324218750e+02
6.404095817229392473e+00 3.767560119628906250e+02
6.407530569611923355e+00 3.777283630371093750e+02
6.410965321994455124e+00 3.742160034179687500e+02
6.414400074376986005e+00 3.701755981445312500e+02
6.417834826759517775e+00 3.668065185546875000e+02
6.421269579142047768e+00 3.715011291503906250e+02
6.424704331524579537e+00 3.760996093750000000e+02
6.428139083907110418e+00 3.805875244140625000e+02
6.431573836289642188e+00 3.833305664062500000e+02
6.435008588672173069e+00 3.871880187988281250e+02
6.438443341054704838e+00 3.860762634277343750e+02
6.441878093437235719e+00 3.826811828613281250e+02
6.445312845819766601e+00 3.799544982910156250e+02
6.448747598202297482e+00 3.769205627441406250e+02
6.452182350584829251e+00 3.716006469726562500e+02
6.455617102967360132e+00 3.699345703125000000e+02
6.459051855349891014e+00 3.695937805175781250e+02
6.462486607732422783e+00 3.692234497070312500e+02
6.465921360114953664e+00 3.659165344238281250e+02
6.469356112497485434e+00 3.680949707031250000e+02
6.472790864880015427e+00 3.691024169921875000e+02
6.476225617262547196e+00 3.703972167968750000e+02
6.479660369645078077e+00 3.658757934570312500e+02
6.483095122027609847e+00 3.621693115234375000e+02
6.486529874410140728e+00 3.589145202636718750e+02
6.489964626792672497e+00 3.555468139648437500e+02
6.493399379175203379e+00 3.586349182128906250e+02
6.496834131557734260e+00 3.588682556152343750e+02
6.500268883940265141e+00 3.588113098144531250e+02
6.503703636322796910e+00 3.552132263183593750e+02
6.507138388705327792e+00 3.554887390136718750e+02
6.510573141087859561e+00 3.572862854003906250e+02
6.514007893470390442e+00 3.610808410644531250e+02
6.517442645852922212e+00 3.636688842773437500e+02
6.520877398235453093e+00 3.629467163085937500e+02
6.524312150617983974e+00 3.606434326171875000e+02
6.527746903000514855e+00 3.584044189453125000e+02
6.531181655383045737e+00 3.608242797851562500e+02
6.534616407765577506e+00 3.622509155273437500e+02
6.538051160148108387e+00 3.635424804687500000e+02
6.541485912530640157e+00 3.615061645507812500e+02
6.544920664913171038e+00 3.609598693847656250e+02
6.548355417295701919e+00 3.583047790527343750e+02
6.551790169678232800e+00 3.588699340820312500e+02
6.555224922060764570e+00 3.583481140136718750e+02
6.558659674443295451e+00 3.604305114746093750e+02
6.562094426825827220e+00 3.608424377441406250e+02
6.565529179208358102e+00 3.609757690429687500e+02
6.568963931590889871e+00 3.580111694335937500e+02
6.572398683973419864e+00 3.565482788085937500e+02
6.575833436355951633e+00 3.595316162109375000e+02
6.579268188738482515e+00 3.612786254882812500e+02
6.582702941121014284e+00 3.598381652832031250e+02
6.586137693503545165e+00 3.603145751953125000e+02
6.589572445886076935e+00 3.620807189941406250e+02
6.593007198268607816e+00 3.632891845703125000e+02
6.596441950651138697e+00 3.627508544921875000e+02
6.599876703033669578e+00 3.623193969726562500e+02
6.603311455416201348e+00 3.654888610839843750e+02
6.606746207798732229e+00 3.655648193359375000e+02
6.610180960181263110e+00 3.599345703125000000e+02
6.613615712563794879e+00 3.578996887207031250e+02
6.617050464946325761e+00 3.571744995117187500e+02
6.620485217328857530e+00 3.627177429199218750e+02
6.623919969711387523e+00 3.638971557617187500e+02
6.627354722093919293e+00 3.608112487792968750e+02
6.630789474476450174e+00 3.536174011230468750e+02
6.634224226858981943e+00 3.477210388183593750e+02
6.637658979241512824e+00 3.521734008789062500e+02
6.641093731624044594e+00 3.555572204589843750e+02
6.644528484006575475e+00 3.550967407226562500e+02
6.647963236389106356e+00 3.520937805175781250e+02
6.651397988771637237e+00 3.528795166015625000e+02
6.654832741154169007e+00 3.518733520507812500e+02
6.658267493536699888e+00 3.520609130859375000e+02
6.661702245919231657e+00 3.549597167968750000e+02
6.665136998301762539e+00 3.561177368164062500e+02
6.668571750684294308e+00 3.551575012207031250e+02
6.672006503066824301e+00 3.551221923828125000e+02
6.675441255449356071e+00 3.560827941894531250e+02
6.678876007831886952e+00 3.581783752441406250e+02
6.682310760214417833e+00 3.565292358398437500e+02
6.685745512596949602e+00 3.596719970703125000e+02
6.689180264979480484e+00 3.593536987304687500e+02
6.692615017362012253e+00 3.627677001953125000e+02
6.696049769744543134e+00 3.639569091796875000e+02
6.699484522127074015e+00 3.656349182128906250e+02
6.702919274509604897e+00 3.637719116210937500e+02
6.706354026892136666e+00 3.610391540527343750e+02
6.709788779274667547e+00 3.601041259765625000e+02
6.713223531657199317e+00 3.621214294433593750e+02
6.716658284039730198e+00 3.617550354003906250e+02
6.720093036422261967e+00 3.577415466308593750e+02
6.723527788804791960e+00 3.562895507812500000e+02
6.726962541187323730e+00 3.567044677734375000e+02
6.730397293569854611e+00 3.564877929687500000e+02
6.733832045952386380e+00 3.535074462890625000e+02
6.737266798334917262e+00 3.503389587402343750e+02
6.740701550717449031e+00 3.500284118652343750e+02
6.744136303099979912e+00 3.463366394042968750e+02
6.747571055482510793e+00 3.486438903808593750e+02
6.751005807865041675e+00 3.487401733398437500e+02
6.754440560247573444e+00 3.514276123046875000e+02
6.757875312630104325e+00 3.505118408203125000e+02
6.761310065012635206e+00 3.517588806152343750e+02
6.764744817395166976e+00 3.561893920898437500e+02
6.768179569777697857e+00 3.586563720703125000e+02
6.771614322160229626e+00 3.574509887695312500e+02
6.775049074542759620e+00 3.602164306640625000e+02
6.778483826925291389e+00 3.612854614257812500e+02
6.781918579307822270e+00 3.619010925292968750e+02
6.785353331690354040e+00 3.576394653320312500e+02
6.788788084072884921e+00 3.614026184082031250e+02
6.792222836455416690e+00 3.606757812500000000e+02
6.795657588837947571e+00 3.581123962402343750e+02
6.799092341220478453e+00 3.567012939453125000e+02
6.802527093603009334e+00 3.578668212890625000e+02
6.805961845985541103e+00 3.616081237792968750e+02
6.809396598368071984e+00 3.614978027343750000e+02
6.812831350750603754e+00 3.649340209960937500e+02
6.816266103133134635e+00 3.615962524414062500e+02
6.819700855515666404e+00 3.596944274902343750e+02
6.823135607898196398e+00 3.582293090820312500e+02
6.826570360280728167e+00 3.550027160644531250e+02
6.830005112663259048e+00 3.549189758300781250e+02
6.833439865045790818e+00 3.540503845214843750e+02
6.836874617428321699e+00 3.520811767578125000e+02
6.840309369810852580e+00 3.487522888183593750e+02
6.843744122193384349e+00 3.482318725585937500e+02
6.847178874575915231e+00 3.500636291503906250e+02
6.850613626958446112e+00 3.499836425781250000e+02
6.854048379340976993e+00 3.484582214355468750e+02
6.857483131723508762e+00 3.530324707031250000e+02
6.860917884106039644e+00 3.553469238281250000e+02
6.864352636488571413e+00 3.553322753906250000e+02
6.867787388871102294e+00 3.522163085937500000e+02
6.871222141253634064e+00 3.541308593750000000e+02
6.874656893636164057e+00 3.575095825195312500e+02
6.878091646018695826e+00 3.610569763183593750e+02
6.881526398401226707e+00 3.627494506835937500e+02
6.884961150783758477e+00 3.647269897460937500e+02
6.888395903166289358e+00 3.684183349609375000e+02
6.891830655548821127e+00 3.785481262207031250e+02
6.895265407931352009e+00 4.002478027343750000e+02
6.898700160313882890e+00 4.405121459960937500e+02
6.902134912696413771e+00 4.872931823730468750e+02
6.905569665078945540e+00 5.203126831054687500e+02
6.909004417461476422e+00 5.478610229492187500e+02
6.912439169844007303e+00 5.613999023437500000e+02
6.915873922226539072e+00 5.429012451171875000e+02
6.919308674609069953e+00 5.236766357421875000e+02
6.922743426991601723e+00 4.565690002441406250e+02
6.926178179374131716e+00 4.210784606933593750e+02
6.929612931756663485e+00 3.832019348144531250e+02
6.933047684139194367e+00 3.629155273437500000e+02
6.936482436521726136e+00 3.596558837890625000e+02
6.939917188904257017e+00 3.575253295898437500e+02
6.943351941286788787e+00 3.579662475585937500e+02
6.946786693669319668e+00 3.594660949707031250e+02
6.950221446051850549e+00 3.599424438476562500e+02
6.953656198434381430e+00 3.606623229980468750e+02
6.957090950816913200e+00 3.636606140136718750e+02
6.960525703199444081e+00 3.632000427246093750e+02
6.963960455581975850e+00 3.566370239257812500e+02
6.967395207964506731e+00 3.488774719238281250e+02
6.970829960347038501e+00 3.478600463867187500e+02
6.974264712729568494e+00 3.488780822753906250e+02
6.977699465112100263e+00 3.482224121093750000e+02
6.981134217494631145e+00 3.490299377441406250e+02
6.984568969877162914e+00 3.534727172851562500e+02
6.988003722259693795e+00 3.575813903808593750e+02
6.991438474642224676e+00 3.562854614257812500e+02
6.994873227024756446e+00 3.515605773925781250e+02
6.998307979407287327e+00 3.480494079589843750e+02
7.001742731789818208e+00 3.472607116699218750e+02
7.005177484172349089e+00 3.438199462890625000e+02
7.008612236554880859e+00 3.425098266601562500e+02
7.012046988937411740e+00 3.452152709960937500e+02
7.015481741319943509e+00 3.492322387695312500e+02
7.018916493702474391e+00 3.509541015625000000e+02
7.022351246085006160e+00 3.507054443359375000e+02
7.025785998467536153e+00 3.502164306640625000e+02
7.029220750850067922e+00 3.462253112792968750e+02
7.032655503232598804e+00 3.407759094238281250e+02
7.036090255615130573e+00 3.406300354003906250e+02
7.039525007997661454e+00 3.404723510742187500e+02
7.042959760380193224e+00 3.451185913085937500e+02
7.046394512762724105e+00 3.438053283691406250e+02
7.049829265145254986e+00 3.457397460937500000e+02
7.053264017527785867e+00 3.434313659667968750e+02
7.056698769910317637e+00 3.433822631835937500e+02
7.060133522292848518e+00 3.414200439453125000e+02
7.063568274675379399e+00 3.433317565917968750e+02
7.067003027057911169e+00 3.466073608398437500e+02
7.070437779440442050e+00 3.478005981445312500e+02
7.073872531822972931e+00 3.501378173828125000e+02
7.077307284205503812e+00 3.512692565917968750e+02
7.080742036588035582e+00 3.565063781738281250e+02
7.084176788970566463e+00 3.588496093750000000e+02
7.087611541353098232e+00 3.635340881347656250e+02
7.091046293735629114e+00 3.648952636718750000e+02
7.094481046118160883e+00 3.645395202636718750e+02
7.097915798500691764e+00 3.654606628417968750e+02
7.101350550883222645e+00 3.683289794921875000e+02
7.104785303265753527e+00 3.690321350097656250e+02
7.108220055648285296e+00 3.667418212890625000e+02
7.111654808030816177e+00 3.650180664062500000e+02
7.115089560413347947e+00 3.568539123535156250e+02
7.118524312795878828e+00 3.491098632812500000e+02
7.121959065178410597e+00 3.454353332519531250e+02
7.125393817560940590e+00 3.448504943847656250e+02
7.128828569943472360e+00 3.447768554687500000e+02
7.132263322326003241e+00 3.430652160644531250e+02
7.135698074708535010e+00 3.407620544433593750e+02
7.139132827091065892e+00 3.371561889648437500e+02
7.142567579473596773e+00 3.339140930175781250e+02
7.146002331856128542e+00 3.325039672851562500e+02
7.149437084238658535e+00 3.280543212890625000e+02
7.152871836621190305e+00 3.270084533691406250e+02
7.156306589003721186e+00 3.305773315429687500e+02
7.159741341386252955e+00 3.329505920410156250e+02
7.163176093768782948e+00 3.333017272949218750e+02
7.166610846151314718e+00 3.354761962890625000e+02
7.170045598533845599e+00 3.354427490234375000e+02
7.173480350916377368e+00 3.333477478027343750e+02
7.176915103298908249e+00 3.326575317382812500e+02
7.180349855681440019e+00 3.332380371093750000e+02
7.183784608063970900e+00 3.320815429687500000e+02
7.187219360446502670e+00 3.266238708496093750e+02
7.190654112829033551e+00 3.248999938964843750e+02
7.194088865211565320e+00 3.208309020996093750e+02
7.197523617594096201e+00 3.177048034667968750e+02
7.200958369976627971e+00 3.140725097656250000e+02
7.204393122359158852e+00 3.177920227050781250e+02
7.207827874741689733e+00 3.207336120605468750e+02
7.211262627124221503e+00 3.252090148925781250e+02
7.214697379506751496e+00 3.246604614257812500e+02
7.218132131889282377e+00 3.238340148925781250e+02
7.221566884271814146e+00 3.234405212402343750e+02
7.225001636654345027e+00 3.258309936523437500e+02
7.228436389036875909e+00 3.305498046875000000e+02
7.231871141419407678e+00 3.305009155273437500e+02
7.235305893801938559e+00 3.254418945312500000e+02
7.238740646184470329e+00 3.209581909179687500e+02
7.242175398567001210e+00 3.211500854492187500e+02
7.245610150949532979e+00 3.256059570312500000e+02
7.249044903332063861e+00 3.259868164062500000e+02
7.252479655714595630e+00 3.247852783203125000e+02
7.255914408097126511e+00 3.204349975585937500e+02
7.259349160479658281e+00 3.207881164550781250e+02
7.262783912862187385e+00 3.186497497558593750e+02
7.266218665244719155e+00 3.203884277343750000e+02
7.269653417627250036e+00 3.221842651367187500e+02
7.273088170009781805e+00 3.251542358398437500e+02
7.276522922392312687e+00 3.253890380859375000e+02
7.279957674774844456e+00 3.222899475097656250e+02
7.283392427157375337e+00 3.199456176757812500e+02
7.286827179539907107e+00 3.167414245605468750e+02
7.290261931922437988e+00 3.187207336425781250e+02
7.293696684304968869e+00 3.199589538574218750e+02
7.297131436687500639e+00 3.235615539550781250e+02
7.300566189070031520e+00 3.236257629394531250e+02
7.304000941452563289e+00 3.266737976074218750e+02
7.307435693835094170e+00 3.267867431640625000e+02
7.310870446217625940e+00 3.299897155761718750e+02
7.314305198600155045e+00 3.298839111328125000e+02
7.317739950982686814e+00 3.292012023925781250e+02
7.321174703365217695e+00 3.263338012695312500e+02
7.324609455747749465e+00 3.245092468261718750e+02
7.328044208130280346e+00 3.259196472167968750e+02
7.331478960512812115e+00 3.256884460449218750e+02
7.334913712895342996e+00 3.233460083007812500e+02
7.338348465277874766e+00 3.206736145019531250e+02
7.341783217660405647e+00 3.183878784179687500e+02
7.345217970042937417e+00 3.164243164062500000e+02
7.348652722425468298e+00 3.165361633300781250e+02
7.352087474808000067e+00 3.224905700683593750e+02
7.355522227190530948e+00 3.282634887695312500e+02
7.358956979573061830e+00 3.292060241699218750e+02
7.362391731955593599e+00 3.282684020996093750e+02
7.365826484338123592e+00 3.277445678710937500e+02
7.369261236720654473e+00 3.278345642089843750e+02
7.372695989103186243e+00 3.296884765625000000e+02
7.376130741485717124e+00 3.280513000488281250e+02
7.379565493868248005e+00 3.278746948242187500e+02
7.383000246250779774e+00 3.291528930664062500e+02
7.386434998633310656e+00 3.323108215332031250e+02
7.389869751015842425e+00 3.347314453125000000e+02
7.393304503398373306e+00 3.339237976074218750e+02
7.396739255780905076e+00 3.301756896972656250e+02
7.400174008163435957e+00 3.254417419433593750e+02
7.403608760545967726e+00 3.239986267089843750e+02
7.407043512928498608e+00 3.241168518066406250e+02
7.410478265311030377e+00 3.263210144042968750e+02
7.413913017693559482e+00 3.247958984375000000e+02
7.417347770076091251e+00 3.242194519042968750e+02
7.420782522458622132e+00 3.242856445312500000e+02
7.424217274841153902e+00 3.290575866699218750e+02
7.427652027223684783e+00 3.272993774414062500e+02
7.431086779606216552e+00 3.208526611328125000e+02
7.434521531988747434e+00 3.143969726562500000e+02
7.437956284371279203e+00 3.172797546386718750e+02
