# # sector 10: chi = -75.01 deg (range [-80, -70))
# # columns: 2theta(deg)  intensity
1.052751605245807909e+00 1.227308593750000000e+03
1.056186357628339012e+00 1.229648803710937500e+03
1.059621110010870337e+00 1.228046508789062500e+03
1.063055862393401441e+00 1.230938232421875000e+03
1.066490614775932544e+00 1.227911987304687500e+03
1.069925367158463869e+00 1.235058837890625000e+03
1.073360119540994972e+00 1.249047485351562500e+03
1.076794871923526298e+00 1.256265380859375000e+03
1.080229624306057401e+00 1.261346801757812500e+03
1.083664376688588726e+00 1.273281494140625000e+03
1.087099129071119830e+00 1.275108032226562500e+03
1.090533881453650933e+00 1.269916259765625000e+03
1.093968633836182036e+00 1.273510742187500000e+03
1.097403386218713361e+00 1.278720458984375000e+03
1.100838138601244465e+00 1.276777832031250000e+03
1.104272890983775568e+00 1.274062866210937500e+03
1.107707643366306893e+00 1.276170654296875000e+03
1.111142395748837997e+00 1.277892578125000000e+03
1.114577148131369322e+00 1.287420654296875000e+03
1.118011900513900425e+00 1.286930664062500000e+03
1.121446652896431750e+00 1.284775024414062500e+03
1.124881405278962854e+00 1.278602416992187500e+03
1.128316157661493957e+00 1.286687866210937500e+03
1.131750910044025060e+00 1.291410400390625000e+03
1.135185662426556386e+00 1.303731323242187500e+03
1.138620414809087489e+00 1.310232543945312500e+03
1.142055167191618592e+00 1.291001708984375000e+03
1.145489919574149917e+00 1.269521240234375000e+03
1.148924671956681021e+00 1.273264404296875000e+03
1.152359424339212346e+00 1.283998168945312500e+03
1.155794176721743449e+00 1.297105834960937500e+03
1.159228929104274775e+00 1.297866821289062500e+03
1.162663681486805878e+00 1.298678588867187500e+03
1.166098433869336981e+00 1.299536132812500000e+03
1.169533186251868084e+00 1.300103393554687500e+03
1.172967938634399410e+00 1.302262329101562500e+03
1.176402691016930513e+00 1.299587768554687500e+03
1.179837443399461616e+00 1.280825927734375000e+03
1.183272195781992941e+00 1.288665161132812500e+03
1.186706948164524045e+00 1.309897338867187500e+03
1.190141700547055370e+00 1.334909057617187500e+03
1.193576452929586473e+00 1.347669189453125000e+03
1.197011205312117799e+00 1.347231933593750000e+03
1.200445957694648902e+00 1.347974243164062500e+03
1.203880710077180005e+00 1.343578735351562500e+03
1.207315462459711108e+00 1.340943603515625000e+03
1.210750214842242434e+00 1.332037353515625000e+03
1.214184967224773537e+00 1.330885986328125000e+03
1.217619719607304640e+00 1.331566650390625000e+03
1.221054471989835966e+00 1.341700195312500000e+03
1.224489224372367069e+00 1.345718505859375000e+03
1.227923976754898394e+00 1.354442016601562500e+03
1.231358729137429497e+00 1.357548461914062500e+03
1.234793481519960823e+00 1.364319580078125000e+03
1.238228233902491926e+00 1.372249389648437500e+03
1.241662986285023029e+00 1.374529418945312500e+03
1.245097738667554133e+00 1.374151123046875000e+03
1.248532491050085236e+00 1.371506469726562500e+03
1.251967243432616561e+00 1.366074340820312500e+03
1.255401995815147664e+00 1.360106201171875000e+03
1.258836748197678990e+00 1.378179931640625000e+03
1.262271500580210093e+00 1.389734008789062500e+03
1.265706252962741418e+00 1.399849975585937500e+03
1.269141005345272522e+00 1.396516357421875000e+03
1.272575757727803847e+00 1.399935180664062500e+03
1.276010510110334950e+00 1.397614501953125000e+03
1.279445262492866053e+00 1.394379516601562500e+03
1.282880014875397157e+00 1.397407592773437500e+03
1.286314767257928260e+00 1.399016967773437500e+03
1.289749519640459585e+00 1.404353271484375000e+03
1.293184272022990688e+00 1.392366699218750000e+03
1.296619024405522014e+00 1.386020019531250000e+03
1.300053776788053117e+00 1.387502197265625000e+03
1.303488529170584442e+00 1.404681030273437500e+03
1.306923281553115546e+00 1.415501220703125000e+03
1.310358033935646871e+00 1.412872680664062500e+03
1.313792786318177974e+00 1.412020263671875000e+03
1.317227538700709077e+00 1.407162475585937500e+03
1.320662291083240181e+00 1.407947631835937500e+03
1.324097043465771284e+00 1.400612915039062500e+03
1.327531795848302609e+00 1.404724487304687500e+03
1.330966548230833713e+00 1.415482788085937500e+03
1.334401300613365038e+00 1.433447509765625000e+03
1.337836052995896141e+00 1.456572875976562500e+03
1.341270805378427466e+00 1.499267822265625000e+03
1.344705557760958570e+00 1.529905273437500000e+03
1.348140310143489895e+00 1.565266967773437500e+03
1.351575062526020998e+00 1.588962768554687500e+03
1.355009814908552102e+00 1.598442260742187500e+03
1.358444567291083205e+00 1.569650390625000000e+03
1.361879319673614308e+00 1.535383544921875000e+03
1.365314072056145633e+00 1.499115600585937500e+03
1.368748824438676737e+00 1.476242675781250000e+03
1.372183576821208062e+00 1.454889160156250000e+03
1.375618329203739165e+00 1.455022949218750000e+03
1.379053081586270491e+00 1.461180297851562500e+03
1.382487833968801594e+00 1.460858154296875000e+03
1.385922586351332919e+00 1.455403808593750000e+03
1.389357338733864022e+00 1.465471069335937500e+03
1.392792091116395126e+00 1.468982421875000000e+03
1.396226843498926229e+00 1.462133178710937500e+03
1.399661595881457332e+00 1.447916259765625000e+03
1.403096348263988657e+00 1.455703857421875000e+03
1.406531100646519761e+00 1.465160888671875000e+03
1.409965853029051086e+00 1.475988037109375000e+03
1.413400605411582189e+00 1.474112304687500000e+03
1.416835357794113515e+00 1.482808105468750000e+03
1.420270110176644618e+00 1.481662841796875000e+03
1.423704862559175943e+00 1.478245971679687500e+03
1.427139614941707046e+00 1.472129028320312500e+03
1.430574367324238150e+00 1.471216186523437500e+03
1.434009119706769253e+00 1.473237060546875000e+03
1.437443872089300356e+00 1.467538452148437500e+03
1.440878624471831682e+00 1.467531127929687500e+03
1.444313376854362785e+00 1.469392700195312500e+03
1.447748129236894110e+00 1.465128906250000000e+03
1.451182881619425213e+00 1.464853637695312500e+03
1.454617634001956539e+00 1.473216064453125000e+03
1.458052386384487642e+00 1.488769409179687500e+03
1.461487138767018967e+00 1.496348999023437500e+03
1.464921891149550071e+00 1.494627807617187500e+03
1.468356643532081174e+00 1.494396728515625000e+03
1.471791395914612277e+00 1.494810668945312500e+03
1.475226148297143380e+00 1.494756713867187500e+03
1.478660900679674706e+00 1.483983642578125000e+03
1.482095653062205809e+00 1.479568237304687500e+03
1.485530405444737134e+00 1.472088745117187500e+03
1.488965157827268238e+00 1.479107421875000000e+03
1.492399910209799563e+00 1.489008300781250000e+03
1.495834662592330666e+00 1.495618286132812500e+03
1.499269414974861991e+00 1.496085449218750000e+03
1.502704167357393095e+00 1.506365356445312500e+03
1.506138919739924198e+00 1.503074340820312500e+03
1.509573672122455301e+00 1.496351074218750000e+03
1.513008424504986404e+00 1.494464599609375000e+03
1.516443176887517730e+00 1.514815917968750000e+03
1.519877929270048833e+00 1.525151123046875000e+03
1.523312681652580158e+00 1.530747314453125000e+03
1.526747434035111262e+00 1.527481079101562500e+03
1.530182186417642587e+00 1.526536376953125000e+03
1.533616938800173690e+00 1.525188598632812500e+03
1.537051691182705015e+00 1.526161987304687500e+03
1.540486443565236119e+00 1.529535522460937500e+03
1.543921195947767222e+00 1.538229248046875000e+03
1.547355948330298325e+00 1.537159179687500000e+03
1.550790700712829429e+00 1.521503662109375000e+03
1.554225453095360754e+00 1.509482055664062500e+03
1.557660205477891857e+00 1.514007446289062500e+03
1.561094957860423182e+00 1.530504028320312500e+03
1.564529710242954286e+00 1.529465087890625000e+03
1.567964462625485611e+00 1.523325683593750000e+03
1.571399215008016714e+00 1.525876098632812500e+03
1.574833967390548040e+00 1.539842651367187500e+03
1.578268719773079143e+00 1.544717285156250000e+03
1.581703472155610246e+00 1.548759521484375000e+03
1.585138224538141349e+00 1.533582763671875000e+03
1.588572976920672453e+00 1.521456542968750000e+03
1.592007729303203778e+00 1.518487670898437500e+03
1.595442481685734881e+00 1.532816162109375000e+03
1.598877234068266207e+00 1.540402343750000000e+03
1.602311986450797310e+00 1.547789062500000000e+03
1.605746738833328635e+00 1.557297729492187500e+03
1.609181491215859738e+00 1.567973388671875000e+03
1.612616243598391064e+00 1.574491943359375000e+03
1.616050995980922167e+00 1.579626220703125000e+03
1.619485748363453270e+00 1.613426391601562500e+03
1.622920500745984373e+00 1.680315917968750000e+03
1.626355253128515477e+00 1.773071777343750000e+03
1.629790005511046802e+00 1.852155761718750000e+03
1.633224757893577905e+00 1.897170898437500000e+03
1.636659510276109231e+00 1.895674072265625000e+03
1.640094262658640334e+00 1.844156494140625000e+03
1.643529015041171659e+00 1.749958862304687500e+03
1.646963767423702762e+00 1.670761596679687500e+03
1.650398519806234088e+00 1.632567871093750000e+03
1.653833272188765191e+00 1.609333007812500000e+03
1.657268024571296294e+00 1.585659057617187500e+03
1.660702776953827398e+00 1.572860961914062500e+03
1.664137529336358501e+00 1.576409545898437500e+03
1.667572281718889826e+00 1.584978759765625000e+03
1.671007034101420929e+00 1.585292602539062500e+03
1.674441786483952255e+00 1.557807250976562500e+03
1.677876538866483358e+00 1.555207641601562500e+03
1.681311291249014683e+00 1.543794067382812500e+03
1.684746043631545787e+00 1.571287597656250000e+03
1.688180796014076890e+00 1.580926391601562500e+03
1.691615548396608215e+00 1.611411987304687500e+03
1.695050300779139318e+00 1.610006225585937500e+03
1.698485053161670422e+00 1.599547119140625000e+03
1.701919805544201525e+00 1.565477539062500000e+03
1.705354557926732850e+00 1.548707031250000000e+03
1.708789310309263954e+00 1.550959960937500000e+03
1.712224062691795279e+00 1.567866088867187500e+03
1.715658815074326382e+00 1.576102294921875000e+03
1.719093567456857707e+00 1.581885498046875000e+03
1.722528319839388811e+00 1.584341064453125000e+03
1.725963072221919914e+00 1.580049316406250000e+03
1.729397824604451239e+00 1.572531616210937500e+03
1.732832576986982343e+00 1.551525634765625000e+03
1.736267329369513446e+00 1.538213378906250000e+03
1.739702081752044549e+00 1.541529663085937500e+03
1.743136834134575874e+00 1.559591552734375000e+03
1.746571586517106978e+00 1.557956909179687500e+03
1.750006338899638303e+00 1.550406250000000000e+03
1.753441091282169406e+00 1.552248413085937500e+03
1.756875843664700731e+00 1.556625854492187500e+03
1.760310596047231835e+00 1.552760009765625000e+03
1.763745348429762938e+00 1.547604003906250000e+03
1.767180100812294263e+00 1.551764404296875000e+03
1.770614853194825367e+00 1.557065185546875000e+03
1.774049605577356470e+00 1.568792846679687500e+03
1.777484357959887573e+00 1.588234375000000000e+03
1.780919110342418898e+00 1.606454833984375000e+03
1.784353862724950002e+00 1.604079833984375000e+03
1.787788615107481327e+00 1.591801635742187500e+03
1.791223367490012208e+00 1.570874633789062500e+03
1.794658119872543534e+00 1.549309448242187500e+03
1.798092872255074859e+00 1.530987792968750000e+03
1.801527624637606184e+00 1.520815551757812500e+03
1.804962377020137065e+00 1.517908569335937500e+03
1.808397129402668391e+00 1.512330566406250000e+03
1.811831881785199494e+00 1.505992187500000000e+03
1.815266634167730819e+00 1.503296752929687500e+03
1.818701386550261700e+00 1.489344116210937500e+03
1.822136138932793026e+00 1.476817016601562500e+03
1.825570891315324351e+00 1.470951660156250000e+03
1.829005643697855676e+00 1.469331420898437500e+03
1.832440396080386558e+00 1.465827880859375000e+03
1.835875148462917883e+00 1.464163818359375000e+03
1.839309900845449208e+00 1.452351074218750000e+03
1.842744653227980089e+00 1.439727783203125000e+03
1.846179405610511415e+00 1.427767333984375000e+03
1.849614157993042740e+00 1.410808349609375000e+03
1.853048910375573843e+00 1.396320190429687500e+03
1.856483662758104725e+00 1.394148437500000000e+03
1.859918415140636050e+00 1.397227172851562500e+03
1.863353167523167375e+00 1.403290161132812500e+03
1.866787919905698701e+00 1.390493286132812500e+03
1.870222672288229582e+00 1.392856689453125000e+03
1.873657424670760907e+00 1.383755126953125000e+03
1.877092177053292232e+00 1.379202514648437500e+03
1.880526929435823114e+00 1.377120117187500000e+03
1.883961681818354439e+00 1.373094970703125000e+03
1.887396434200885764e+00 1.366030029296875000e+03
1.890831186583416867e+00 1.372057250976562500e+03
1.894265938965947749e+00 1.383638427734375000e+03
1.897700691348479074e+00 1.384306640625000000e+03
1.901135443731010399e+00 1.369907470703125000e+03
1.904570196113541725e+00 1.352926147460937500e+03
1.908004948496072606e+00 1.344770019531250000e+03
1.911439700878603931e+00 1.343976806640625000e+03
1.914874453261135256e+00 1.341219604492187500e+03
1.918309205643666138e+00 1.335017333984375000e+03
1.921743958026197463e+00 1.323090820312500000e+03
1.925178710408728788e+00 1.314882690429687500e+03
1.928613462791259892e+00 1.309070800781250000e+03
1.932048215173790773e+00 1.298673217773437500e+03
1.935482967556322098e+00 1.294551025390625000e+03
1.938917719938853423e+00 1.291933471679687500e+03
1.942352472321384749e+00 1.289749023437500000e+03
1.945787224703915630e+00 1.276194091796875000e+03
1.949221977086446955e+00 1.265150390625000000e+03
1.952656729468978281e+00 1.264825561523437500e+03
1.956091481851509162e+00 1.275090942382812500e+03
1.959526234234040487e+00 1.277981689453125000e+03
1.962960986616571812e+00 1.265578125000000000e+03
1.966395738999102916e+00 1.250145629882812500e+03
1.969830491381633797e+00 1.241138793945312500e+03
1.973265243764165122e+00 1.244829101562500000e+03
1.976699996146696447e+00 1.250608764648437500e+03
1.980134748529227329e+00 1.254839721679687500e+03
1.983569500911758654e+00 1.260596313476562500e+03
1.987004253294289979e+00 1.270516113281250000e+03
1.990439005676821305e+00 1.290085449218750000e+03
1.993873758059352186e+00 1.357311889648437500e+03
1.997308510441883511e+00 1.451546875000000000e+03
2.000743262824414614e+00 1.555319458007812500e+03
2.004178015206945940e+00 1.628697509765625000e+03
2.007612767589476821e+00 1.649622070312500000e+03
2.011047519972008146e+00 1.603531494140625000e+03
2.014482272354539472e+00 1.502541625976562500e+03
2.017917024737070353e+00 1.397103149414062500e+03
2.021351777119601678e+00 1.306431518554687500e+03
2.024786529502133003e+00 1.253111450195312500e+03
2.028221281884664329e+00 1.218610717773437500e+03
2.031656034267195210e+00 1.203967285156250000e+03
2.035090786649726535e+00 1.187878417968750000e+03
2.038525539032257861e+00 1.174917480468750000e+03
2.041960291414789186e+00 1.153592163085937500e+03
2.045395043797320067e+00 1.146232788085937500e+03
2.048829796179851392e+00 1.157080444335937500e+03
2.052264548562382718e+00 1.171954467773437500e+03
2.055699300944913599e+00 1.170435180664062500e+03
2.059134053327444924e+00 1.157884887695312500e+03
2.062568805709975805e+00 1.151893920898437500e+03
2.066003558092507131e+00 1.145748901367187500e+03
2.069438310475038012e+00 1.135105957031250000e+03
2.072873062857569337e+00 1.131515869140625000e+03
2.076307815240100663e+00 1.142353759765625000e+03
2.079742567622631988e+00 1.141745239257812500e+03
2.083177320005162869e+00 1.130599121093750000e+03
2.086612072387694194e+00 1.121931762695312500e+03
2.090046824770225520e+00 1.121569946289062500e+03
2.093481577152756401e+00 1.116960937500000000e+03
2.096916329535287726e+00 1.107770996093750000e+03
2.100351081917819052e+00 1.102798095703125000e+03
2.103785834300350377e+00 1.087963378906250000e+03
2.107220586682881258e+00 1.074617065429687500e+03
2.110655339065412583e+00 1.076540039062500000e+03
2.114090091447943909e+00 1.090496826171875000e+03
2.117524843830475234e+00 1.101880859375000000e+03
2.120959596213006115e+00 1.105791992187500000e+03
2.124394348595537441e+00 1.106354125976562500e+03
2.127829100978068766e+00 1.104869506835937500e+03
2.131263853360599647e+00 1.102417724609375000e+03
2.134698605743130972e+00 1.098838134765625000e+03
2.138133358125661854e+00 1.080848876953125000e+03
2.141568110508193179e+00 1.074571044921875000e+03
2.145002862890724060e+00 1.060453125000000000e+03
2.148437615273255386e+00 1.059862670898437500e+03
2.151872367655786711e+00 1.054047973632812500e+03
2.155307120038318036e+00 1.049424926757812500e+03
2.158741872420848917e+00 1.043515014648437500e+03
2.162176624803380243e+00 1.040263061523437500e+03
2.165611377185911568e+00 1.043135009765625000e+03
2.169046129568442449e+00 1.054328369140625000e+03
2.172480881950973775e+00 1.060074462890625000e+03
2.175915634333505100e+00 1.060195312500000000e+03
2.179350386716036425e+00 1.057111083984375000e+03
2.182785139098567306e+00 1.048897827148437500e+03
2.186219891481098632e+00 1.038985961914062500e+03
2.189654643863629957e+00 1.034632812500000000e+03
2.193089396246161282e+00 1.030222778320312500e+03
2.196524148628692163e+00 1.020067871093750000e+03
2.199958901011223489e+00 1.015397766113281250e+03
2.203393653393754814e+00 1.016889648437500000e+03
2.206828405776285695e+00 1.023341735839843750e+03
2.210263158158817021e+00 1.018959411621093750e+03
2.213697910541347902e+00 1.015676635742187500e+03
2.217132662923879227e+00 1.008679931640625000e+03
2.220567415306410108e+00 9.995789184570312500e+02
2.224002167688941434e+00 9.905499877929687500e+02
2.227436920071472759e+00 9.834784545898437500e+02
2.230871672454004084e+00 9.842432250976562500e+02
2.234306424836534966e+00 9.825338134765625000e+02
2.237741177219066291e+00 9.928576049804687500e+02
2.241175929601597616e+00 1.001852294921875000e+03
2.244610681984128497e+00 1.007124206542968750e+03
2.248045434366659823e+00 9.960780639648437500e+02
2.251480186749191148e+00 9.783555908203125000e+02
2.254914939131722473e+00 9.654862670898437500e+02
2.258349691514253355e+00 9.736331176757812500e+02
2.261784443896784680e+00 9.905838623046875000e+02
2.265219196279316005e+00 9.919919433593750000e+02
2.268653948661847330e+00 9.857266845703125000e+02
2.272088701044378212e+00 9.796967773437500000e+02
2.275523453426909537e+00 9.735845947265625000e+02
2.278958205809440862e+00 9.627022705078125000e+02
2.282392958191971744e+00 9.589982299804687500e+02
2.285827710574503069e+00 9.541954956054687500e+02
2.289262462957033950e+00 9.466322631835937500e+02
2.292697215339565275e+00 9.447638549804687500e+02
2.296131967722096157e+00 9.459276733398437500e+02
2.299566720104627482e+00 9.504315185546875000e+02
2.303001472487158807e+00 9.583086547851562500e+02
2.306436224869690133e+00 9.841046142578125000e+02
2.309870977252221014e+00 1.017705322265625000e+03
2.313305729634752339e+00 1.080292236328125000e+03
2.316740482017283664e+00 1.172562377929687500e+03
2.320175234399814546e+00 1.251659912109375000e+03
2.323609986782345871e+00 1.299183593750000000e+03
2.327044739164877196e+00 1.297313720703125000e+03
2.330479491547408522e+00 1.262482299804687500e+03
2.333914243929939403e+00 1.179325805664062500e+03
2.337348996312470728e+00 1.086736572265625000e+03
2.340783748695002053e+00 1.004997070312500000e+03
2.344218501077533379e+00 9.544519042968750000e+02
2.347653253460064260e+00 9.185735473632812500e+02
2.351088005842595585e+00 9.105748291015625000e+02
2.354522758225126911e+00 9.092476196289062500e+02
2.357957510607657792e+00 9.123117065429687500e+02
2.361392262990189117e+00 9.058388061523437500e+02
2.364827015372720442e+00 8.913270874023437500e+02
2.368261767755251324e+00 8.849824218750000000e+02
2.371696520137782205e+00 8.886087036132812500e+02
2.375131272520313530e+00 8.892265014648437500e+02
2.378566024902844855e+00 8.820537109375000000e+02
2.382000777285376181e+00 8.792460937500000000e+02
2.385435529667907062e+00 8.802156982421875000e+02
2.388870282050438387e+00 8.841134643554687500e+02
2.392305034432969713e+00 8.833732910156250000e+02
2.395739786815500594e+00 8.755698852539062500e+02
2.399174539198031919e+00 8.743084106445312500e+02
2.402609291580563244e+00 8.714224853515625000e+02
2.406044043963094570e+00 8.754100341796875000e+02
2.409478796345625451e+00 8.758123168945312500e+02
2.412913548728156776e+00 8.765772094726562500e+02
2.416348301110688102e+00 8.730272216796875000e+02
2.419783053493219427e+00 8.724970703125000000e+02
2.423217805875750308e+00 8.672804565429687500e+02
2.426652558258281633e+00 8.645669555664062500e+02
2.430087310640812959e+00 8.613495483398437500e+02
2.433522063023343840e+00 8.588539428710937500e+02
2.436956815405875165e+00 8.574537353515625000e+02
2.440391567788406491e+00 8.530111083984375000e+02
2.443826320170937372e+00 8.527905883789062500e+02
2.447261072553468253e+00 8.440158081054687500e+02
2.450695824935999578e+00 8.320364379882812500e+02
2.454130577318530904e+00 8.298128051757812500e+02
2.457565329701061785e+00 8.341865844726562500e+02
2.461000082083593110e+00 8.451646728515625000e+02
2.464434834466124435e+00 8.493549804687500000e+02
2.467869586848655761e+00 8.431874389648437500e+02
2.471304339231186642e+00 8.378214721679687500e+02
2.474739091613717967e+00 8.428859863281250000e+02
2.478173843996249293e+00 8.525379638671875000e+02
2.481608596378780618e+00 8.471807861328125000e+02
2.485043348761311499e+00 8.406764526367187500e+02
2.488478101143842824e+00 8.386168212890625000e+02
2.491912853526374150e+00 8.425940551757812500e+02
2.495347605908905031e+00 8.475367431640625000e+02
2.498782358291436356e+00 8.592819824218750000e+02
2.502217110673967682e+00 8.787143554687500000e+02
2.505651863056499007e+00 9.016800537109375000e+02
2.509086615439029888e+00 9.318756713867187500e+02
2.512521367821561213e+00 9.562881469726562500e+02
2.515956120204092539e+00 9.675342407226562500e+02
2.519390872586623420e+00 9.626716308593750000e+02
2.522825624969154301e+00 9.327487182617187500e+02
2.526260377351685626e+00 8.862173461914062500e+02
2.529695129734216952e+00 8.460836791992187500e+02
2.533129882116747833e+00 8.245779418945312500e+02
2.536564634499279158e+00 8.156299438476562500e+02
2.539999386881810484e+00 8.054331665039062500e+02
2.543434139264341809e+00 8.056343994140625000e+02
2.546868891646872690e+00 8.028173217773437500e+02
2.550303644029404015e+00 7.994689331054687500e+02
2.553738396411935341e+00 7.952228393554687500e+02
2.557173148794466666e+00 7.967897338867187500e+02
2.560607901176997547e+00 7.934292602539062500e+02
2.564042653559528873e+00 7.899602661132812500e+02
2.567477405942060198e+00 7.839246215820312500e+02
2.570912158324591079e+00 7.824813842773437500e+02
2.574346910707122404e+00 7.815726318359375000e+02
2.577781663089653730e+00 7.822136840820312500e+02
2.581216415472185055e+00 7.740367431640625000e+02
2.584651167854715936e+00 7.703463745117187500e+02
2.588085920237247262e+00 7.768419799804687500e+02
2.591520672619778587e+00 7.806121826171875000e+02
2.594955425002309468e+00 7.753690795898437500e+02
2.598390177384840349e+00 7.662783813476562500e+02
2.601824929767371675e+00 7.665573730468750000e+02
2.605259682149903000e+00 7.642712402343750000e+02
2.608694434532433881e+00 7.573727416992187500e+02
2.612129186914965207e+00 7.644501342773437500e+02
2.615563939297496532e+00 7.719277343750000000e+02
2.618998691680027857e+00 7.761196899414062500e+02
2.622433444062558738e+00 7.670698242187500000e+02
2.625868196445090064e+00 7.601859741210937500e+02
2.629302948827621389e+00 7.445911254882812500e+02
2.632737701210152714e+00 7.481219482421875000e+02
2.636172453592683596e+00 7.546339721679687500e+02
2.639607205975214921e+00 7.632633056640625000e+02
2.643041958357746246e+00 7.540305175781250000e+02
2.646476710740277127e+00 7.503884277343750000e+02
2.649911463122808453e+00 7.496491088867187500e+02
2.653346215505339778e+00 7.490736694335937500e+02
2.656780967887871103e+00 7.475937500000000000e+02
2.660215720270401984e+00 7.456318359375000000e+02
2.663650472652933310e+00 7.411268920898437500e+02
2.667085225035464635e+00 7.351971435546875000e+02
2.670519977417995516e+00 7.326228637695312500e+02
2.673954729800526398e+00 7.375902099609375000e+02
2.677389482183057723e+00 7.463259887695312500e+02
2.680824234565589048e+00 7.456373291015625000e+02
2.684258986948119929e+00 7.442706909179687500e+02
2.687693739330651255e+00 7.363416137695312500e+02
2.691128491713182580e+00 7.368246459960937500e+02
2.694563244095713905e+00 7.356975097656250000e+02
2.697997996478244787e+00 7.418500366210937500e+02
2.701432748860776112e+00 7.453846435546875000e+02
2.704867501243307437e+00 7.507459106445312500e+02
2.708302253625838762e+00 7.496280517578125000e+02
2.711737006008369644e+00 7.461585083007812500e+02
2.715171758390900969e+00 7.431417846679687500e+02
2.718606510773432294e+00 7.318699951171875000e+02
2.722041263155963176e+00 7.248750000000000000e+02
2.725476015538494501e+00 7.133439331054687500e+02
2.728910767921025826e+00 7.171351318359375000e+02
2.732345520303557151e+00 7.263495483398437500e+02
2.735780272686088033e+00 7.324888305664062500e+02
2.739215025068619358e+00 7.358741455078125000e+02
2.742649777451150683e+00 7.350480957031250000e+02
2.746084529833681565e+00 7.410118408203125000e+02
2.749519282216212890e+00 7.382479248046875000e+02
2.752954034598743771e+00 7.541500854492187500e+02
2.756388786981275096e+00 7.898860473632812500e+02
2.759823539363805978e+00 8.730186767578125000e+02
2.763258291746337303e+00 9.886412353515625000e+02
2.766693044128868628e+00 1.111853393554687500e+03
2.770127796511399954e+00 1.187631591796875000e+03
2.773562548893930835e+00 1.203848144531250000e+03
2.776997301276462160e+00 1.163101074218750000e+03
2.780432053658993485e+00 1.060106689453125000e+03
2.783866806041524811e+00 9.287753295898437500e+02
2.787301558424055692e+00 8.171902465820312500e+02
2.790736310806587017e+00 7.570389404296875000e+02
2.794171063189118343e+00 7.350917358398437500e+02
2.797605815571649224e+00 7.258844604492187500e+02
2.801040567954180549e+00 7.244264526367187500e+02
2.804475320336711874e+00 7.214979248046875000e+02
2.807910072719243200e+00 7.219284057617187500e+02
2.811344825101774081e+00 7.215306396484375000e+02
2.814779577484305406e+00 7.132443237304687500e+02
2.818214329866836731e+00 7.055241088867187500e+02
2.821649082249367613e+00 7.046898803710937500e+02
2.825083834631898938e+00 7.139626464843750000e+02
2.828518587014429819e+00 7.306053466796875000e+02
2.831953339396961145e+00 7.630228271484375000e+02
2.835388091779492026e+00 8.089536132812500000e+02
2.838822844162023351e+00 8.476668701171875000e+02
2.842257596544554676e+00 8.612165527343750000e+02
2.845692348927086002e+00 8.580208740234375000e+02
2.849127101309616883e+00 8.303632202148437500e+02
2.852561853692148208e+00 7.850905151367187500e+02
2.855996606074679534e+00 7.425694580078125000e+02
2.859431358457210415e+00 7.179104003906250000e+02
2.862866110839741740e+00 7.040410766601562500e+02
2.866300863222273065e+00 6.951428833007812500e+02
2.869735615604804391e+00 6.965373535156250000e+02
2.873170367987335272e+00 6.909238281250000000e+02
2.876605120369866597e+00 6.867294921875000000e+02
2.880039872752397923e+00 6.827081298828125000e+02
2.883474625134929248e+00 6.833869018554687500e+02
2.886909377517460129e+00 6.771839599609375000e+02
2.890344129899991454e+00 6.740559692382812500e+02
2.893778882282522780e+00 6.791972656250000000e+02
2.897213634665053661e+00 6.763572387695312500e+02
2.900648387047584986e+00 6.727514648437500000e+02
2.904083139430115867e+00 6.769724121093750000e+02
2.907517891812647193e+00 6.838581542968750000e+02
2.910952644195178074e+00 6.789285278320312500e+02
2.914387396577709399e+00 6.745767211914062500e+02
2.917822148960240725e+00 6.751082153320312500e+02
2.921256901342772050e+00 6.829606933593750000e+02
2.924691653725302931e+00 6.842001342773437500e+02
2.928126406107834256e+00 6.894119873046875000e+02
2.931561158490365582e+00 7.020897827148437500e+02
2.934995910872896463e+00 7.359140625000000000e+02
2.938430663255427788e+00 7.680745239257812500e+02
2.941865415637959114e+00 7.873314208984375000e+02
2.945300168020490439e+00 7.877334594726562500e+02
2.948734920403021320e+00 7.737143554687500000e+02
2.952169672785552645e+00 7.496405639648437500e+02
2.955604425168083971e+00 7.217244873046875000e+02
2.959039177550615296e+00 6.964693603515625000e+02
2.962473929933146177e+00 6.851952514648437500e+02
2.965908682315677503e+00 6.867836303710937500e+02
2.969343434698208828e+00 6.982619628906250000e+02
2.972778187080739709e+00 7.264328002929687500e+02
2.976212939463271034e+00 7.760743408203125000e+02
2.979647691845801916e+00 8.429268188476562500e+02
2.983082444228333241e+00 9.022799072265625000e+02
2.986517196610864122e+00 9.494638061523437500e+02
2.989951948993395447e+00 9.522944946289062500e+02
2.993386701375926773e+00 9.016473388671875000e+02
2.996821453758458098e+00 8.095116577148437500e+02
3.000256206140988979e+00 7.256422119140625000e+02
3.003690958523520305e+00 6.816122436523437500e+02
3.007125710906051630e+00 6.710957031250000000e+02
3.010560463288582511e+00 6.703897094726562500e+02
3.013995215671113836e+00 6.704296875000000000e+02
3.017429968053645162e+00 6.625485229492187500e+02
3.020864720436176487e+00 6.502279663085937500e+02
3.024299472818707368e+00 6.468275756835937500e+02
3.027734225201238694e+00 6.513024902343750000e+02
3.031168977583770019e+00 6.559533691406250000e+02
3.034603729966301344e+00 6.530225830078125000e+02
3.038038482348832225e+00 6.580927124023437500e+02
3.041473234731363551e+00 6.628907470703125000e+02
3.044907987113894876e+00 6.847576904296875000e+02
3.048342739496425757e+00 7.143752441406250000e+02
3.051777491878957083e+00 7.329454345703125000e+02
3.055212244261487964e+00 7.317397460937500000e+02
3.058646996644019289e+00 7.240270996093750000e+02
3.062081749026550170e+00 7.153156127929687500e+02
3.065516501409081496e+00 7.170166625976562500e+02
3.068951253791612821e+00 7.274473266601562500e+02
3.072386006174144146e+00 7.470058593750000000e+02
3.075820758556675028e+00 7.663897094726562500e+02
3.079255510939206353e+00 7.731422729492187500e+02
3.082690263321737678e+00 7.713146972656250000e+02
3.086125015704268559e+00 7.539743041992187500e+02
3.089559768086799885e+00 7.438866577148437500e+02
3.092994520469331210e+00 7.286729125976562500e+02
3.096429272851862535e+00 6.998488769531250000e+02
3.099864025234393416e+00 6.616102905273437500e+02
3.103298777616924742e+00 6.473464355468750000e+02
3.106733529999456067e+00 6.427411499023437500e+02
3.110168282381987392e+00 6.394733276367187500e+02
3.113603034764518274e+00 6.339291992187500000e+02
3.117037787147049599e+00 6.266038208007812500e+02
3.120472539529580924e+00 6.171053466796875000e+02
3.123907291912111805e+00 6.217798461914062500e+02
3.127342044294643131e+00 6.193060302734375000e+02
3.130776796677174012e+00 6.183160400390625000e+02
3.134211549059705337e+00 6.160513305664062500e+02
3.137646301442236219e+00 6.166297607421875000e+02
3.141081053824767544e+00 6.115740356445312500e+02
3.144515806207298869e+00 6.063273925781250000e+02
3.147950558589830194e+00 6.129522094726562500e+02
3.151385310972361076e+00 6.181475830078125000e+02
3.154820063354892401e+00 6.196382446289062500e+02
3.158254815737423726e+00 6.230932617187500000e+02
3.161689568119954608e+00 6.190750122070312500e+02
3.165124320502485933e+00 6.137068481445312500e+02
3.168559072885017258e+00 6.088365478515625000e+02
3.171993825267548583e+00 6.124427490234375000e+02
3.175428577650079465e+00 6.159455566406250000e+02
3.178863330032610790e+00 6.167956542968750000e+02
3.182298082415142115e+00 6.181265869140625000e+02
3.185732834797673441e+00 6.140476074218750000e+02
3.189167587180204322e+00 6.160446166992187500e+02
3.192602339562735647e+00 6.136386718750000000e+02
3.196037091945266972e+00 6.059339599609375000e+02
3.199471844327797854e+00 6.034637451171875000e+02
3.202906596710329179e+00 6.094829101562500000e+02
3.206341349092860060e+00 6.186960449218750000e+02
3.209776101475391386e+00 6.148318481445312500e+02
3.213210853857922267e+00 6.136106567382812500e+02
3.216645606240453592e+00 6.134184570312500000e+02
3.220080358622984917e+00 6.131085205078125000e+02
3.223515111005516243e+00 6.028175659179687500e+02
3.226949863388047124e+00 6.008097534179687500e+02
3.230384615770578449e+00 5.988313598632812500e+02
3.233819368153109775e+00 5.998411865234375000e+02
3.237254120535640656e+00 5.990071411132812500e+02
3.240688872918171981e+00 6.061403198242187500e+02
3.244123625300703306e+00 6.134125366210937500e+02
3.247558377683234632e+00 6.141714477539062500e+02
3.250993130065765513e+00 6.162645263671875000e+02
3.254427882448296838e+00 6.284844970703125000e+02
3.257862634830828164e+00 6.481605224609375000e+02
3.261297387213359489e+00 6.744515380859375000e+02
3.264732139595890370e+00 6.986397094726562500e+02
3.268166891978421695e+00 7.122653198242187500e+02
3.271601644360953021e+00 7.028195800781250000e+02
3.275036396743483902e+00 6.863340454101562500e+02
3.278471149126015227e+00 6.581521606445312500e+02
3.281905901508546108e+00 6.352351074218750000e+02
3.285340653891077434e+00 6.092094726562500000e+02
3.288775406273608315e+00 5.997351074218750000e+02
3.292210158656139640e+00 5.874437866210937500e+02
3.295644911038670966e+00 5.888889160156250000e+02
3.299079663421202291e+00 5.911387329101562500e+02
3.302514415803733172e+00 5.975903320312500000e+02
3.305949168186264497e+00 5.962687988281250000e+02
3.309383920568795823e+00 6.007371215820312500e+02
3.312818672951326704e+00 5.990902709960937500e+02
3.316253425333858029e+00 5.990815429687500000e+02
3.319688177716389355e+00 6.012844848632812500e+02
3.323122930098920680e+00 5.990198364257812500e+02
3.326557682481451561e+00 5.962883911132812500e+02
3.329992434863982886e+00 5.954807128906250000e+02
3.333427187246514212e+00 5.975403442382812500e+02
3.336861939629045093e+00 6.023231811523437500e+02
3.340296692011576418e+00 6.048731689453125000e+02
3.343731444394107744e+00 6.079779052734375000e+02
3.347166196776639069e+00 6.156779785156250000e+02
3.350600949159169950e+00 6.227717285156250000e+02
3.354035701541701275e+00 6.255015258789062500e+02
3.357470453924232601e+00 6.262669067382812500e+02
3.360905206306763482e+00 6.284919433593750000e+02
3.364339958689294363e+00 6.262819213867187500e+02
3.367774711071825688e+00 6.218496704101562500e+02
3.371209463454357014e+00 6.117769165039062500e+02
3.374644215836887895e+00 6.035892333984375000e+02
3.378078968219419220e+00 5.929835205078125000e+02
3.381513720601950546e+00 5.902453613281250000e+02
3.384948472984481871e+00 5.866326904296875000e+02
3.388383225367012752e+00 5.827789916992187500e+02
3.391817977749544077e+00 5.824361572265625000e+02
3.395252730132075403e+00 5.904328002929687500e+02
3.398687482514606728e+00 5.851264038085937500e+02
3.402122234897137609e+00 5.835597534179687500e+02
3.405556987279668935e+00 5.808029785156250000e+02
3.408991739662200260e+00 5.838225097656250000e+02
3.412426492044731141e+00 5.898360595703125000e+02
3.415861244427262466e+00 5.974633789062500000e+02
3.419295996809793792e+00 6.065057983398437500e+02
3.422730749192325117e+00 6.153389892578125000e+02
3.426165501574855998e+00 6.177294311523437500e+02
3.429600253957387324e+00 6.147770996093750000e+02
3.433035006339918649e+00 6.104920654296875000e+02
3.436469758722449530e+00 6.086236572265625000e+02
3.439904511104980411e+00 6.091184082031250000e+02
3.443339263487511737e+00 6.065751342773437500e+02
3.446774015870043062e+00 6.051101074218750000e+02
3.450208768252573943e+00 6.021651000976562500e+02
3.453643520635105268e+00 5.985953979492187500e+02
3.457078273017636594e+00 5.911765136718750000e+02
3.460513025400167919e+00 5.918427124023437500e+02
3.463947777782698800e+00 5.995278930664062500e+02
3.467382530165230126e+00 5.955349121093750000e+02
3.470817282547761451e+00 5.956697387695312500e+02
3.474252034930292776e+00 6.026735839843750000e+02
3.477686787312823657e+00 6.033703002929687500e+02
3.481121539695354983e+00 5.920458984375000000e+02
3.484556292077886308e+00 5.837150878906250000e+02
3.487991044460417189e+00 5.808645629882812500e+02
3.491425796842948515e+00 5.743521728515625000e+02
3.494860549225479840e+00 5.659654541015625000e+02
3.498295301608011165e+00 5.692515869140625000e+02
3.501730053990542046e+00 5.669705200195312500e+02
3.505164806373073372e+00 5.665555419921875000e+02
3.508599558755604697e+00 5.627832031250000000e+02
3.512034311138135578e+00 5.603732910156250000e+02
3.515469063520666460e+00 5.608142700195312500e+02
3.518903815903197785e+00 5.634127197265625000e+02
3.522338568285729110e+00 5.641821899414062500e+02
3.525773320668259991e+00 5.655610961914062500e+02
3.529208073050791317e+00 5.620090942382812500e+02
3.532642825433322642e+00 5.626482543945312500e+02
3.536077577815853967e+00 5.698626098632812500e+02
3.539512330198384849e+00 5.739274291992187500e+02
3.542947082580916174e+00 5.738912353515625000e+02
3.546381834963447499e+00 5.702730102539062500e+02
3.549816587345978824e+00 5.730876464843750000e+02
3.553251339728509706e+00 5.736451416015625000e+02
3.556686092111041031e+00 5.804575805664062500e+02
3.560120844493572356e+00 5.832337646484375000e+02
3.563555596876103237e+00 5.785934448242187500e+02
3.566990349258634563e+00 5.727323608398437500e+02
3.570425101641165888e+00 5.722384643554687500e+02
3.573859854023697213e+00 5.718683471679687500e+02
3.577294606406228095e+00 5.731329345703125000e+02
3.580729358788759420e+00 5.658005981445312500e+02
3.584164111171290301e+00 5.617321777343750000e+02
3.587598863553821626e+00 5.580023193359375000e+02
3.591033615936352508e+00 5.539940795898437500e+02
3.594468368318883833e+00 5.521489257812500000e+02
3.597903120701415158e+00 5.524172363281250000e+02
3.601337873083946484e+00 5.505194091796875000e+02
3.604772625466477809e+00 5.513777465820312500e+02
3.608207377849008246e+00 5.542318115234375000e+02
3.611642130231539571e+00 5.591557006835937500e+02
3.615076882614070897e+00 5.611609497070312500e+02
3.618511634996602222e+00 5.609129028320312500e+02
3.621946387379133547e+00 5.512180175781250000e+02
3.625381139761664873e+00 5.463742065429687500e+02
3.628815892144196198e+00 5.480946655273437500e+02
3.632250644526726635e+00 5.556868896484375000e+02
3.635685396909257960e+00 5.545673828125000000e+02
3.639120149291789286e+00 5.510441284179687500e+02
3.642554901674320611e+00 5.449328613281250000e+02
3.645989654056851936e+00 5.429057006835937500e+02
3.649424406439383262e+00 5.412211303710937500e+02
3.652859158821914587e+00 5.448061523437500000e+02
3.656293911204445912e+00 5.458314208984375000e+02
3.659728663586976349e+00 5.468807373046875000e+02
3.663163415969507675e+00 5.499198608398437500e+02
3.666598168352038556e+00 5.426334838867187500e+02
3.670032920734569881e+00 5.362273559570312500e+02
3.673467673117101207e+00 5.332810668945312500e+02
3.676902425499632532e+00 5.373693847656250000e+02
3.680337177882163857e+00 5.386889648437500000e+02
3.683771930264694294e+00 5.448861083984375000e+02
3.687206682647225620e+00 5.508848876953125000e+02
3.690641435029756945e+00 5.514103393554687500e+02
3.694076187412288270e+00 5.541009521484375000e+02
3.697510939794819596e+00 5.538857421875000000e+02
3.700945692177350921e+00 5.491116333007812500e+02
3.704380444559882246e+00 5.499724731445312500e+02
3.707815196942412683e+00 5.478330688476562500e+02
3.711249949324944009e+00 5.447516479492187500e+02
3.714684701707475334e+00 5.356962280273437500e+02
3.718119454090006659e+00 5.361105957031250000e+02
3.721554206472537984e+00 5.381218872070312500e+02
3.724988958855069310e+00 5.343519897460937500e+02
3.728423711237600635e+00 5.283555908203125000e+02
3.731858463620131960e+00 5.218012695312500000e+02
3.735293216002662398e+00 5.298901977539062500e+02
3.738727968385193723e+00 5.358305664062500000e+02
3.742162720767725048e+00 5.410385131835937500e+02
3.745597473150255929e+00 5.404196777343750000e+02
3.749032225532787255e+00 5.404450073242187500e+02
3.752466977915318580e+00 5.380347290039062500e+02
3.755901730297849905e+00 5.344480590820312500e+02
3.759336482680380342e+00 5.330907592773437500e+02
3.762771235062911668e+00 5.418911132812500000e+02
3.766205987445442993e+00 5.546588745117187500e+02
3.769640739827974318e+00 5.670823364257812500e+02
3.773075492210505644e+00 5.756753540039062500e+02
3.776510244593036969e+00 5.909566040039062500e+02
3.779944996975568294e+00 6.033353271484375000e+02
3.783379749358098731e+00 6.034734497070312500e+02
3.786814501740630057e+00 5.883331909179687500e+02
3.790249254123161382e+00 5.692370605468750000e+02
3.793684006505692707e+00 5.508629150390625000e+02
3.797118758888224033e+00 5.419282836914062500e+02
3.800553511270755358e+00 5.357586669921875000e+02
3.803988263653286683e+00 5.338212280273437500e+02
3.807423016035818009e+00 5.320245361328125000e+02
3.810857768418348446e+00 5.267492065429687500e+02
3.814292520800879771e+00 5.230457153320312500e+02
3.817727273183411096e+00 5.180640869140625000e+02
3.821162025565941978e+00 5.119387817382812500e+02
3.824596777948473303e+00 5.142290649414062500e+02
3.828031530331004628e+00 5.243339843750000000e+02
3.831466282713535954e+00 5.394121093750000000e+02
3.834901035096066391e+00 5.436532592773437500e+02
3.838335787478597716e+00 5.519547729492187500e+02
3.841770539861129041e+00 5.674917602539062500e+02
3.845205292243660367e+00 5.887028808593750000e+02
3.848640044626191692e+00 6.031644287109375000e+02
3.852074797008723017e+00 6.117226562500000000e+02
3.855509549391254343e+00 6.123361206054687500e+02
3.858944301773784780e+00 6.072023315429687500e+02
3.862379054156316105e+00 6.004780883789062500e+02
3.865813806538847430e+00 5.859819946289062500e+02
3.869248558921378756e+00 5.730464477539062500e+02
3.872683311303910081e+00 5.694136962890625000e+02
3.876118063686441406e+00 5.675730590820312500e+02
3.879552816068972732e+00 5.619965820312500000e+02
3.882987568451504057e+00 5.474323120117187500e+02
3.886422320834034494e+00 5.420411376953125000e+02
3.889857073216565819e+00 5.363428344726562500e+02
3.893291825599097145e+00 5.369519042968750000e+02
3.896726577981628026e+00 5.306993408203125000e+02
3.900161330364159351e+00 5.274884643554687500e+02
3.903596082746690676e+00 5.197815551757812500e+02
3.907030835129222002e+00 5.158635253906250000e+02
3.910465587511752439e+00 5.121977539062500000e+02
3.913900339894283764e+00 5.083869934082031250e+02
3.917335092276815089e+00 5.046968078613281250e+02
3.920769844659346415e+00 5.061305236816406250e+02
3.924204597041877740e+00 5.122152099609375000e+02
3.927639349424409065e+00 5.131724853515625000e+02
3.931074101806940391e+00 5.090743408203125000e+02
3.934508854189470828e+00 5.006385192871093750e+02
3.937943606572002153e+00 5.045503540039062500e+02
3.941378358954533478e+00 5.083062438964843750e+02
3.944813111337064804e+00 5.112738342285156250e+02
3.948247863719596129e+00 5.029473876953125000e+02
3.951682616102127454e+00 5.011909484863281250e+02
3.955117368484658780e+00 5.057734375000000000e+02
3.958552120867189217e+00 5.150592041015625000e+02
3.961986873249720542e+00 5.190885620117187500e+02
3.965421625632251867e+00 5.131247558593750000e+02
3.968856378014783193e+00 5.107906494140625000e+02
3.972291130397314074e+00 5.113828735351562500e+02
3.975725882779845399e+00 5.171734008789062500e+02
3.979160635162376725e+00 5.272604980468750000e+02
3.982595387544908050e+00 5.633728637695312500e+02
3.986030139927438487e+00 5.902348022460937500e+02
3.989464892309969812e+00 6.190937500000000000e+02
3.992899644692501138e+00 6.099508056640625000e+02
3.996334397075032463e+00 5.947105712890625000e+02
3.999769149457563788e+00 5.757286987304687500e+02
4.003203901840095114e+00 6.008871459960937500e+02
4.006638654222625995e+00 6.459973144531250000e+02
4.010073406605156876e+00 6.909453735351562500e+02
4.013508158987687757e+00 7.161995849609375000e+02
4.016942911370219527e+00 7.304056396484375000e+02
4.020377663752750408e+00 7.302857666015625000e+02
4.023812416135282177e+00 7.006347045898437500e+02
4.027247168517813058e+00 6.570846557617187500e+02
4.030681920900344828e+00 6.160886230468750000e+02
4.034116673282874821e+00 5.760809326171875000e+02
4.037551425665406590e+00 5.499056396484375000e+02
4.040986178047937472e+00 5.311287231445312500e+02
4.044420930430469241e+00 5.171084594726562500e+02
4.047855682813000122e+00 5.102078552246093750e+02
4.051290435195531892e+00 5.107052001953125000e+02
4.054725187578062773e+00 5.150062866210937500e+02
4.058159939960594542e+00 5.118485717773437500e+02
4.061594692343124535e+00 5.093134765625000000e+02
4.065029444725656305e+00 5.100044860839843750e+02
4.068464197108187186e+00 5.108259887695312500e+02
4.071898949490718955e+00 5.057902221679687500e+02
4.075333701873249836e+00 4.954526977539062500e+02
4.078768454255781606e+00 4.870922546386718750e+02
4.082203206638312487e+00 4.857789306640625000e+02
4.085637959020843368e+00 4.890608825683593750e+02
4.089072711403374250e+00 4.889693298339843750e+02
4.092507463785905131e+00 4.871046142578125000e+02
4.095942216168436900e+00 4.951054382324218750e+02
4.099376968550967781e+00 4.977559204101562500e+02
4.102811720933499551e+00 4.985073242187500000e+02
4.106246473316030432e+00 4.979702453613281250e+02
4.109681225698561313e+00 5.032491760253906250e+02
4.113115978081092194e+00 4.989265441894531250e+02
4.116550730463623964e+00 4.961733703613281250e+02
4.119985482846154845e+00 4.893229675292968750e+02
4.123420235228686614e+00 4.869427490234375000e+02
4.126854987611217496e+00 4.897966918945312500e+02
4.130289739993749265e+00 4.923726806640625000e+02
4.133724492376280146e+00 4.886607055664062500e+02
4.137159244758811028e+00 4.816441040039062500e+02
4.140593997141341909e+00 4.800035705566406250e+02
4.144028749523873678e+00 4.832006225585937500e+02
4.147463501906404559e+00 4.846396179199218750e+02
4.150898254288936329e+00 4.847171020507812500e+02
4.154333006671467210e+00 4.855111389160156250e+02
4.157767759053998091e+00 4.863692321777343750e+02
4.161202511436528972e+00 4.856958618164062500e+02
4.164637263819060742e+00 4.882511596679687500e+02
4.168072016201591623e+00 4.974563903808593750e+02
4.171506768584122504e+00 5.072966308593750000e+02
4.174941520966654274e+00 5.177829589843750000e+02
4.178376273349185155e+00 5.359337768554687500e+02
4.181811025731716924e+00 5.627775878906250000e+02
4.185245778114246917e+00 5.775723876953125000e+02
4.188680530496778687e+00 5.817771606445312500e+02
4.192115282879309568e+00 5.784771728515625000e+02
4.195550035261841337e+00 5.684396972656250000e+02
4.198984787644372219e+00 5.467307739257812500e+02
4.202419540026903988e+00 5.280427246093750000e+02
4.205854292409434869e+00 5.137619018554687500e+02
4.209289044791966639e+00 5.135874633789062500e+02
4.212723797174496632e+00 5.252700195312500000e+02
4.216158549557028401e+00 5.507174072265625000e+02
4.219593301939559282e+00 5.759468383789062500e+02
4.223028054322091052e+00 5.992706909179687500e+02
4.226462806704621933e+00 5.906768188476562500e+02
4.229897559087153702e+00 5.689581298828125000e+02
4.233332311469684583e+00 5.396163330078125000e+02
4.236767063852215465e+00 5.139849853515625000e+02
4.240201816234746346e+00 4.919955444335937500e+02
4.243636568617277227e+00 4.813586730957031250e+02
4.247071320999808997e+00 4.837780151367187500e+02
4.250506073382339878e+00 4.883710327148437500e+02
4.253940825764871647e+00 4.918668823242187500e+02
4.257375578147402528e+00 4.891821289062500000e+02
4.260810330529933410e+00 4.828334350585937500e+02
4.264245082912464291e+00 4.770522155761718750e+02
4.267679835294996060e+00 4.729591369628906250e+02
4.271114587677526941e+00 4.683870544433593750e+02
4.274549340060058711e+00 4.662579040527343750e+02
4.277984092442589592e+00 4.670580139160156250e+02
4.281418844825121361e+00 4.785288696289062500e+02
4.284853597207652243e+00 4.875794067382812500e+02
4.288288349590183124e+00 5.050911865234375000e+02
4.291723101972714005e+00 5.326330566406250000e+02
4.295157854355245775e+00 5.645083618164062500e+02
4.298592606737776656e+00 5.947856445312500000e+02
4.302027359120308425e+00 6.106192626953125000e+02
4.305462111502839306e+00 6.083408203125000000e+02
4.308896863885370188e+00 5.911438598632812500e+02
4.312331616267901069e+00 5.621197509765625000e+02
4.315766368650432838e+00 5.249530639648437500e+02
4.319201121032963719e+00 4.993351745605468750e+02
4.322635873415494601e+00 4.811621093750000000e+02
4.326070625798026370e+00 4.704433288574218750e+02
4.329505378180557251e+00 4.602272338867187500e+02
4.332940130563089021e+00 4.672694702148437500e+02
4.336374882945619014e+00 4.780115356445312500e+02
4.339809635328150783e+00 4.790986633300781250e+02
4.343244387710681664e+00 4.739774780273437500e+02
4.346679140093213434e+00 4.698810729980468750e+02
4.350113892475744315e+00 4.656818237304687500e+02
4.353548644858276084e+00 4.644436950683593750e+02
4.356983397240806966e+00 4.683430786132812500e+02
4.360418149623338735e+00 4.694856872558593750e+02
4.363852902005868728e+00 4.676930236816406250e+02
4.367287654388400497e+00 4.645856933593750000e+02
4.370722406770931379e+00 4.647713928222656250e+02
4.374157159153463148e+00 4.637701721191406250e+02
4.377591911535994029e+00 4.665769348144531250e+02
4.381026663918525799e+00 4.673515625000000000e+02
4.384461416301056680e+00 4.643377075195312500e+02
4.387896168683587561e+00 4.615298767089843750e+02
4.391330921066118442e+00 4.605890502929687500e+02
4.394765673448649324e+00 4.636978149414062500e+02
4.398200425831181093e+00 4.644880371093750000e+02
4.401635178213711974e+00 4.719251708984375000e+02
4.405069930596243744e+00 4.888891906738281250e+02
4.408504682978774625e+00 5.146041870117187500e+02
4.411939435361305506e+00 5.290389404296875000e+02
4.415374187743836387e+00 5.351726684570312500e+02
4.418808940126368157e+00 5.355009155273437500e+02
4.422243692508899038e+00 5.257589111328125000e+02
4.425678444891430807e+00 5.053820800781250000e+02
4.429113197273961688e+00 4.828461914062500000e+02
4.432547949656493458e+00 4.695705261230468750e+02
4.435982702039023451e+00 4.629494934082031250e+02
4.439417454421555220e+00 4.629188537597656250e+02
4.442852206804086101e+00 4.595076293945312500e+02
4.446286959186617871e+00 4.550520935058593750e+02
4.449721711569148752e+00 4.578970336914062500e+02
4.453156463951680522e+00 4.597678222656250000e+02
4.456591216334211403e+00 4.588044128417968750e+02
4.460025968716742284e+00 4.532356567382812500e+02
4.463460721099273165e+00 4.553320007324218750e+02
4.466895473481804935e+00 4.520885925292968750e+02
4.470330225864335816e+00 4.483583374023437500e+02
4.473764978246866697e+00 4.484996337890625000e+02
4.477199730629398466e+00 4.470869750976562500e+02
4.480634483011929348e+00 4.415603942871093750e+02
4.484069235394461117e+00 4.455117187500000000e+02
4.487503987776991110e+00 4.442884216308593750e+02
4.490938740159522879e+00 4.454908142089843750e+02
4.494373492542053761e+00 4.414210510253906250e+02
4.497808244924585530e+00 4.434678955078125000e+02
4.501242997307116411e+00 4.474567565917968750e+02
4.504677749689648181e+00 4.433643798828125000e+02
4.508112502072179062e+00 4.413900146484375000e+02
4.511547254454709943e+00 4.435215454101562500e+02
4.514982006837240824e+00 4.502532348632812500e+02
4.518416759219772594e+00 4.569742431640625000e+02
4.521851511602303475e+00 4.561960449218750000e+02
4.525286263984835244e+00 4.623996276855468750e+02
4.528721016367366126e+00 4.605897827148437500e+02
4.532155768749897895e+00 4.527045898437500000e+02
4.535590521132428776e+00 4.415991210937500000e+02
4.539025273514959657e+00 4.466665954589843750e+02
4.542460025897490539e+00 4.527508850097656250e+02
4.545894778280021420e+00 4.510845947265625000e+02
4.549329530662553189e+00 4.481779479980468750e+02
4.552764283045084071e+00 4.488143310546875000e+02
4.556199035427615840e+00 4.402283325195312500e+02
4.559633787810146721e+00 4.316178894042968750e+02
4.563068540192677602e+00 4.362726440429687500e+02
4.566503292575208484e+00 4.455600891113281250e+02
4.569938044957740253e+00 4.495119628906250000e+02
4.573372797340271134e+00 4.433796691894531250e+02
4.576807549722802904e+00 4.410926208496093750e+02
4.580242302105333785e+00 4.397438049316406250e+02
4.583677054487865554e+00 4.439204406738281250e+02
4.587111806870395547e+00 4.429235839843750000e+02
4.590546559252927317e+00 4.425417175292968750e+02
4.593981311635458198e+00 4.331495666503906250e+02
4.597416064017989967e+00 4.345195617675781250e+02
4.600850816400520849e+00 4.401448364257812500e+02
4.604285568783052618e+00 4.473140258789062500e+02
4.607720321165583499e+00 4.429909057617187500e+02
4.611155073548115269e+00 4.348466491699218750e+02
4.614589825930645262e+00 4.270473327636718750e+02
4.618024578313177031e+00 4.269015197753906250e+02
4.621459330695707912e+00 4.334124450683593750e+02
4.624894083078238793e+00 4.404938964843750000e+02
4.628328835460770563e+00 4.448074951171875000e+02
4.631763587843301444e+00 4.433022155761718750e+02
4.635198340225833213e+00 4.547851257324218750e+02
4.638633092608363206e+00 4.730567016601562500e+02
4.642067844990894976e+00 4.962274475097656250e+02
4.645502597373425857e+00 5.186939697265625000e+02
4.648937349755957626e+00 5.475939331054687500e+02
4.652372102138488508e+00 5.761578369140625000e+02
4.655806854521020277e+00 5.967233886718750000e+02
4.659241606903551158e+00 6.050527343750000000e+02
4.662676359286082040e+00 5.956427001953125000e+02
4.666111111668612921e+00 5.849535522460937500e+02
4.669545864051144690e+00 5.803732299804687500e+02
4.672980616433675571e+00 5.742924194335937500e+02
4.676415368816207341e+00 5.634889526367187500e+02
4.679850121198738222e+00 5.461545410156250000e+02
4.683284873581269991e+00 5.272197265625000000e+02
4.686719625963800873e+00 5.032512512207031250e+02
4.690154378346331754e+00 4.825115661621093750e+02
4.693589130728862635e+00 4.647363281250000000e+02
4.697023883111393516e+00 4.567427062988281250e+02
4.700458635493925286e+00 4.501094360351562500e+02
4.703893387876456167e+00 4.471742248535156250e+02
4.707328140258987936e+00 4.414499816894531250e+02
4.710762892641518818e+00 4.397723083496093750e+02
4.714197645024049699e+00 4.373312072753906250e+02
4.717632397406580580e+00 4.369797363281250000e+02
4.721067149789112349e+00 4.364913635253906250e+02
4.724501902171643231e+00 4.308418884277343750e+02
4.727936654554175000e+00 4.271641845703125000e+02
4.731371406936705881e+00 4.301269836425781250e+02
4.734806159319237651e+00 4.344769592285156250e+02
4.738240911701767644e+00 4.336871032714843750e+02
4.741675664084299413e+00 4.306173706054687500e+02
4.745110416466830294e+00 4.304916076660156250e+02
4.748545168849362064e+00 4.349426269531250000e+02
4.751979921231892945e+00 4.401199951171875000e+02
4.755414673614424714e+00 4.369868774414062500e+02
4.758849425996955596e+00 4.366668090820312500e+02
4.762284178379487365e+00 4.379105224609375000e+02
4.765718930762017358e+00 4.334118041992187500e+02
4.769153683144549127e+00 4.253808288574218750e+02
4.772588435527080009e+00 4.274094848632812500e+02
4.776023187909610890e+00 4.376159057617187500e+02
4.779457940292142659e+00 4.476037902832031250e+02
4.782892692674673540e+00 4.410812072753906250e+02
4.786327445057205310e+00 4.366556701660156250e+02
4.789762197439735303e+00 4.338909912109375000e+02
4.793196949822267072e+00 4.366122741699218750e+02
4.796631702204797953e+00 4.353520812988281250e+02
4.800066454587329723e+00 4.342803344726562500e+02
4.803501206969860604e+00 4.328483276367187500e+02
4.806935959352392373e+00 4.394425354003906250e+02
4.810370711734923255e+00 4.484504699707031250e+02
4.813805464117454136e+00 4.540569763183593750e+02
4.817240216499985017e+00 4.530892639160156250e+02
4.820674968882516787e+00 4.501412353515625000e+02
4.824109721265047668e+00 4.445844116210937500e+02
4.827544473647579437e+00 4.373403015136718750e+02
4.830979226030110318e+00 4.333257446289062500e+02
4.834413978412642088e+00 4.330488281250000000e+02
4.837848730795172969e+00 4.368641357421875000e+02
4.841283483177703850e+00 4.435461120605468750e+02
4.844718235560234731e+00 4.452154541015625000e+02
4.848152987942766501e+00 4.411908874511718750e+02
4.851587740325297382e+00 4.418153991699218750e+02
4.855022492707828263e+00 4.434645996093750000e+02
4.858457245090360033e+00 4.504010009765625000e+02
4.861891997472890914e+00 4.547504577636718750e+02
4.865326749855421795e+00 4.775588378906250000e+02
4.868761502237952676e+00 5.191990356445312500e+02
4.872196254620484446e+00 5.750863647460937500e+02
4.875631007003015327e+00 6.236065063476562500e+02
4.879065759385547096e+00 6.492483520507812500e+02
4.882500511768077978e+00 6.369057006835937500e+02
4.885935264150609747e+00 5.977048339843750000e+02
4.889370016533139740e+00 5.497696533203125000e+02
4.892804768915671509e+00 5.073962402343750000e+02
4.896239521298202391e+00 4.767497558593750000e+02
4.899674273680734160e+00 4.499205932617187500e+02
4.903109026063265041e+00 4.375638122558593750e+02
4.906543778445796811e+00 4.281028442382812500e+02
4.909978530828327692e+00 4.310862426757812500e+02
4.913413283210858573e+00 4.291680297851562500e+02
4.916848035593389454e+00 4.277877502441406250e+02
4.920282787975921224e+00 4.250601196289062500e+02
4.923717540358452105e+00 4.247181396484375000e+02
4.927152292740982986e+00 4.322141723632812500e+02
4.930587045123514756e+00 4.343041687011718750e+02
4.934021797506045637e+00 4.361665344238281250e+02
4.937456549888577406e+00 4.341453552246093750e+02
4.940891302271107399e+00 4.355768432617187500e+02
4.944326054653639169e+00 4.311636352539062500e+02
4.947760807036170050e+00 4.313208007812500000e+02
4.951195559418701819e+00 4.341649169921875000e+02
4.954630311801232700e+00 4.383367614746093750e+02
4.958065064183764470e+00 4.361457214355468750e+02
4.961499816566295351e+00 4.428028564453125000e+02
4.964934568948826232e+00 4.550928955078125000e+02
4.968369321331357114e+00 4.639142456054687500e+02
4.971804073713888883e+00 4.566051025390625000e+02
4.975238826096419764e+00 4.443717956542968750e+02
4.978673578478951534e+00 4.286608276367187500e+02
4.982108330861482415e+00 4.253494567871093750e+02
4.985543083244014184e+00 4.246734008789062500e+02
4.988977835626544177e+00 4.250802612304687500e+02
4.992412588009075947e+00 4.174692077636718750e+02
4.995847340391606828e+00 4.125978088378906250e+02
4.999282092774138597e+00 4.145793151855468750e+02
5.002716845156669478e+00 4.168966064453125000e+02
5.006151597539200360e+00 4.170426940917968750e+02
5.009586349921732129e+00 4.219958190917968750e+02
5.013021102304263010e+00 4.243578796386718750e+02
5.016455854686793892e+00 4.244130554199218750e+02
5.019890607069324773e+00 4.240901184082031250e+02
5.023325359451856542e+00 4.277117919921875000e+02
5.026760111834387423e+00 4.327665100097656250e+02
5.030194864216919193e+00 4.293193054199218750e+02
5.033629616599450074e+00 4.282541809082031250e+02
5.037064368981981843e+00 4.361384887695312500e+02
5.040499121364511836e+00 4.465267333984375000e+02
5.043933873747043606e+00 4.534869384765625000e+02
5.047368626129574487e+00 4.511352233886718750e+02
5.050803378512106256e+00 4.488862304687500000e+02
5.054238130894637138e+00 4.435326232910156250e+02
5.057672883277168907e+00 4.360899047851562500e+02
5.061107635659699788e+00 4.219859008789062500e+02
5.064542388042230669e+00 4.154042663574218750e+02
5.067977140424761551e+00 4.167738647460937500e+02
5.071411892807293320e+00 4.199478149414062500e+02
5.074846645189824201e+00 4.187444458007812500e+02
5.078281397572355083e+00 4.202795104980468750e+02
5.081716149954886852e+00 4.248582153320312500e+02
5.085150902337417733e+00 4.237399291992187500e+02
5.088585654719949503e+00 4.178529663085937500e+02
5.092020407102479496e+00 4.183844909667968750e+02
5.095455159485011265e+00 4.200641174316406250e+02
5.098889911867542146e+00 4.183818054199218750e+02
5.102324664250073916e+00 4.194982910156250000e+02
5.105759416632604797e+00 4.157504272460937500e+02
5.109194169015136566e+00 4.176591491699218750e+02
5.112628921397667447e+00 4.127954101562500000e+02
5.116063673780198329e+00 4.086434936523437500e+02
5.119498426162729210e+00 4.053986511230468750e+02
5.122933178545260979e+00 4.062211608886718750e+02
5.126367930927791861e+00 4.145525207519531250e+02
5.129802683310323630e+00 4.168499755859375000e+02
5.133237435692854511e+00 4.146869812011718750e+02
5.136672188075386281e+00 4.128308105468750000e+02
5.140106940457916274e+00 4.125930175781250000e+02
5.143541692840448043e+00 4.127931823730468750e+02
5.146976445222978924e+00 4.138707580566406250e+02
5.150411197605510694e+00 4.148193359375000000e+02
5.153845949988041575e+00 4.121829528808593750e+02
5.157280702370572456e+00 4.151292419433593750e+02
5.160715454753104225e+00 4.143601074218750000e+02
5.164150207135635107e+00 4.204871215820312500e+02
5.167584959518165988e+00 4.286177368164062500e+02
5.171019711900696869e+00 4.327777709960937500e+02
5.174454464283228639e+00 4.305370178222656250e+02
5.177889216665759520e+00 4.231475830078125000e+02
5.181323969048291289e+00 4.155279541015625000e+02
5.184758721430822170e+00 4.038083190917968750e+02
5.188193473813353940e+00 3.978811340332031250e+02
5.191628226195883933e+00 3.983733825683593750e+02
5.195062978578415702e+00 3.967420654296875000e+02
5.198497730960946583e+00 4.004106445312500000e+02
5.201932483343478353e+00 4.072498168945312500e+02
5.205367235726009234e+00 4.155423278808593750e+02
5.208801988108541003e+00 4.353322753906250000e+02
5.212236740491071885e+00 4.598027648925781250e+02
5.215671492873602766e+00 4.719451599121093750e+02
5.219106245256133647e+00 4.747576293945312500e+02
5.222540997638665417e+00 4.696153259277343750e+02
5.225975750021196298e+00 4.584691162109375000e+02
5.229410502403727179e+00 4.423633117675781250e+02
5.232845254786258948e+00 4.261847229003906250e+02
5.236280007168789830e+00 4.150531921386718750e+02
5.239714759551321599e+00 4.071944274902343750e+02
5.243149511933851592e+00 4.033073425292968750e+02
5.246584264316383361e+00 4.043174743652343750e+02
5.250019016698914243e+00 4.011773986816406250e+02
5.253453769081446012e+00 4.001206970214843750e+02
5.256888521463976893e+00 4.029489746093750000e+02
5.260323273846508663e+00 4.055644836425781250e+02
5.263758026229039544e+00 4.022891540527343750e+02
5.267192778611570425e+00 4.008157653808593750e+02
5.270627530994101306e+00 3.997558593750000000e+02
5.274062283376633076e+00 4.024524230957031250e+02
5.277497035759163957e+00 4.015733947753906250e+02
5.280931788141695726e+00 4.090437622070312500e+02
5.284366540524226608e+00 4.166253967285156250e+02
5.287801292906758377e+00 4.231753845214843750e+02
5.291236045289288370e+00 4.250377197265625000e+02
5.294670797671820139e+00 4.287167663574218750e+02
5.298105550054351021e+00 4.296858825683593750e+02
5.301540302436882790e+00 4.228244323730468750e+02
5.304975054819413671e+00 4.170428466796875000e+02
5.308409807201944552e+00 4.170879821777343750e+02
5.311844559584476322e+00 4.161989746093750000e+02
5.315279311967006315e+00 4.120523681640625000e+02
5.318714064349538084e+00 4.131577148437500000e+02
5.322148816732068966e+00 4.178890686035156250e+02
5.325583569114600735e+00 4.195701599121093750e+02
5.329018321497131616e+00 4.174684753417968750e+02
5.332453073879663386e+00 4.190245666503906250e+02
5.335887826262194267e+00 4.151454772949218750e+02
5.339322578644726036e+00 4.143139953613281250e+02
5.342757331027256029e+00 4.209931945800781250e+02
5.346192083409787799e+00 4.360647888183593750e+02
5.349626835792318680e+00 4.539438781738281250e+02
5.353061588174850449e+00 4.711311340332031250e+02
5.356496340557381330e+00 4.755408020019531250e+02
5.359931092939913100e+00 4.688308105468750000e+02
5.363365845322443981e+00 4.479981079101562500e+02
5.366800597704974862e+00 4.318144531250000000e+02
5.370235350087505743e+00 4.193901062011718750e+02
5.373670102470037513e+00 4.090383605957031250e+02
5.377104854852568394e+00 4.028660583496093750e+02
5.380539607235100164e+00 3.975233154296875000e+02
5.383974359617631045e+00 3.983766174316406250e+02
5.387409112000161926e+00 3.993215332031250000e+02
5.390843864382692807e+00 4.023793640136718750e+02
5.394278616765223688e+00 4.018041687011718750e+02
5.397713369147755458e+00 4.008809509277343750e+02
5.401148121530286339e+00 3.978212585449218750e+02
5.404582873912818108e+00 3.923375549316406250e+02
5.408017626295348990e+00 3.910932922363281250e+02
5.411452378677880759e+00 3.939703674316406250e+02
5.414887131060411640e+00 3.993616638183593750e+02
5.418321883442942521e+00 4.013337707519531250e+02
5.421756635825473403e+00 4.002123413085937500e+02
5.425191388208005172e+00 3.974695129394531250e+02
5.428626140590536053e+00 4.015567016601562500e+02
5.432060892973067823e+00 4.128441162109375000e+02
5.435495645355598704e+00 4.201271667480468750e+02
5.438930397738130473e+00 4.210265197753906250e+02
5.442365150120660466e+00 4.125455627441406250e+02
5.445799902503192236e+00 4.065725708007812500e+02
5.449234654885723117e+00 3.984743652343750000e+02
5.452669407268254886e+00 3.969010925292968750e+02
5.456104159650785768e+00 3.964624633789062500e+02
5.459538912033316649e+00 3.958911743164062500e+02
5.462973664415848418e+00 3.946142272949218750e+02
5.466408416798379299e+00 3.964385070800781250e+02
5.469843169180910181e+00 4.066229858398437500e+02
5.473277921563441062e+00 4.218131713867187500e+02
5.476712673945972831e+00 4.363223876953125000e+02
5.480147426328503713e+00 4.479352416992187500e+02
5.483582178711035482e+00 4.472926025390625000e+02
5.487016931093566363e+00 4.429948425292968750e+02
5.490451683476098133e+00 4.345951843261718750e+02
5.493886435858628126e+00 4.254854736328125000e+02
5.497321188241159895e+00 4.122618103027343750e+02
5.500755940623690776e+00 4.059349670410156250e+02
5.504190693006222546e+00 4.034142150878906250e+02
5.507625445388753427e+00 4.027966003417968750e+02
5.511060197771285196e+00 4.057571716308593750e+02
5.514494950153816077e+00 4.085904846191406250e+02
5.517929702536346959e+00 4.080822448730468750e+02
5.521364454918877840e+00 4.086519775390625000e+02
5.524799207301409609e+00 4.108296203613281250e+02
5.528233959683940490e+00 4.140745544433593750e+02
5.531668712066472260e+00 4.122204284667968750e+02
5.535103464449003141e+00 4.075542297363281250e+02
5.538538216831534022e+00 3.989252014160156250e+02
5.541972969214064904e+00 3.954160766601562500e+02
5.545407721596595785e+00 3.879494323730468750e+02
5.548842473979127554e+00 3.844223022460937500e+02
5.552277226361658435e+00 3.891634521484375000e+02
5.555711978744190205e+00 3.958963317871093750e+02
5.559146731126721086e+00 3.962378540039062500e+02
5.562581483509252855e+00 3.949327697753906250e+02
5.566016235891783737e+00 3.997846984863281250e+02
5.569450988274314618e+00 4.058235473632812500e+02
5.572885740656845499e+00 4.025265197753906250e+02
5.576320493039377268e+00 4.050696105957031250e+02
5.579755245421908150e+00 4.064976501464843750e+02
5.583189997804439919e+00 4.008742675781250000e+02
5.586624750186970800e+00 3.941085205078125000e+02
5.590059502569502570e+00 3.978038024902343750e+02
5.593494254952032563e+00 4.008605041503906250e+02
5.596929007334564332e+00 3.952656555175781250e+02
5.600363759717095213e+00 3.880616455078125000e+02
5.603798512099626983e+00 3.841363830566406250e+02
5.607233264482157864e+00 3.827591857910156250e+02
5.610668016864688745e+00 3.797830810546875000e+02
5.614102769247220515e+00 3.836343688964843750e+02
5.617537521629751396e+00 3.870334777832031250e+02
5.620972274012282277e+00 3.859598693847656250e+02
5.624407026394813158e+00 3.801871032714843750e+02
5.627841778777344928e+00 3.818049316406250000e+02
5.631276531159875809e+00 3.843699035644531250e+02
5.634711283542407578e+00 3.857851257324218750e+02
5.638146035924938460e+00 3.871671142578125000e+02
5.641580788307470229e+00 3.919207458496093750e+02
5.645015540690000222e+00 3.941815185546875000e+02
5.648450293072531991e+00 3.921376647949218750e+02
5.651885045455062873e+00 3.897260131835937500e+02
5.655319797837594642e+00 3.859869689941406250e+02
5.658754550220125523e+00 3.876759033203125000e+02
5.662189302602657293e+00 3.956394958496093750e+02
5.665624054985188174e+00 3.962773742675781250e+02
5.669058807367719055e+00 3.963566894531250000e+02
5.672493559750249936e+00 3.944241943359375000e+02
5.675928312132781706e+00 3.946476135253906250e+02
5.679363064515312587e+00 4.004624938964843750e+02
5.682797816897844356e+00 4.083866882324218750e+02
5.686232569280375237e+00 4.132494201660156250e+02
5.689667321662906119e+00 4.104687805175781250e+02
5.693102074045437000e+00 4.175076293945312500e+02
5.696536826427967881e+00 4.226440124511718750e+02
5.699971578810499651e+00 4.251022338867187500e+02
5.703406331193030532e+00 4.307942810058593750e+02
5.706841083575562301e+00 4.343103332519531250e+02
5.710275835958093182e+00 4.408345947265625000e+02
5.713710588340624952e+00 4.499859924316406250e+02
5.717145340723154945e+00 4.596064147949218750e+02
5.720580093105686714e+00 4.593681335449218750e+02
5.724014845488217595e+00 4.561599731445312500e+02
5.727449597870749365e+00 4.462737426757812500e+02
5.730884350253280246e+00 4.332722167968750000e+02
5.734319102635812015e+00 4.215299987792968750e+02
5.737753855018342897e+00 4.101222534179687500e+02
5.741188607400874666e+00 3.990874328613281250e+02
5.744623359783404659e+00 3.885671386718750000e+02
5.748058112165936429e+00 3.844385681152343750e+02
5.751492864548467310e+00 3.798113098144531250e+02
5.754927616930999079e+00 3.761449890136718750e+02
5.758362369313529960e+00 3.801676940917968750e+02
5.761797121696060842e+00 3.871663208007812500e+02
5.765231874078592611e+00 3.917029724121093750e+02
5.768666626461123492e+00 3.863428649902343750e+02
5.772101378843654373e+00 3.873182373046875000e+02
5.775536131226185255e+00 3.852705078125000000e+02
5.778970883608717024e+00 3.810583801269531250e+02
5.782405635991247905e+00 3.769884948730468750e+02
5.785840388373779675e+00 3.770200195312500000e+02
5.789275140756310556e+00 3.775254516601562500e+02
5.792709893138841437e+00 3.752919616699218750e+02
5.796144645521372318e+00 3.741247253417968750e+02
5.799579397903904088e+00 3.758396301269531250e+02
5.803014150286434969e+00 3.792137756347656250e+02
5.806448902668966738e+00 3.797908935546875000e+02
5.809883655051497620e+00 3.781383361816406250e+02
5.813318407434029389e+00 3.821628417968750000e+02
5.816753159816560270e+00 3.824656066894531250e+02
5.820187912199091151e+00 3.792915649414062500e+02
5.823622664581622033e+00 3.844607238769531250e+02
5.827057416964153802e+00 3.896914367675781250e+02
5.830492169346684683e+00 3.933657226562500000e+02
5.833926921729216453e+00 3.909348144531250000e+02
5.837361674111747334e+00 3.894043273925781250e+02
5.840796426494278215e+00 3.811555480957031250e+02
5.844231178876809096e+00 3.769290161132812500e+02
5.847665931259339978e+00 3.751013793945312500e+02
5.851100683641871747e+00 3.719294128417968750e+02
5.854535436024402628e+00 3.739332885742187500e+02
5.857970188406934398e+00 3.776679382324218750e+02
5.861404940789465279e+00 3.816149902343750000e+02
5.864839693171997048e+00 3.805742187500000000e+02
5.868274445554527041e+00 3.807174072265625000e+02
5.871709197937058811e+00 3.745156250000000000e+02
5.875143950319589692e+00 3.698264770507812500e+02
5.878578702702121461e+00 3.664531860351562500e+02
5.882013455084652342e+00 3.696342163085937500e+02
5.885448207467184112e+00 3.681639099121093750e+02
5.888882959849714993e+00 3.693245849609375000e+02
5.892317712232246762e+00 3.698494262695312500e+02
5.895752464614776756e+00 3.767904052734375000e+02
5.899187216997308525e+00 3.777744140625000000e+02
5.902621969379839406e+00 3.763994140625000000e+02
5.906056721762371176e+00 3.784886779785156250e+02
5.909491474144902057e+00 3.786787109375000000e+02
5.912926226527432938e+00 3.800250244140625000e+02
5.916360978909964707e+00 3.774056701660156250e+02
5.919795731292495589e+00 3.727190551757812500e+02
5.923230483675026470e+00 3.729490661621093750e+02
5.926665236057557351e+00 3.712212829589843750e+02
5.930099988440089120e+00 3.714259338378906250e+02
5.933534740822620002e+00 3.701423339843750000e+02
5.936969493205151771e+00 3.733396911621093750e+02
5.940404245587682652e+00 3.772612609863281250e+02
5.943838997970213534e+00 3.832819519042968750e+02
5.947273750352744415e+00 3.820818786621093750e+02
5.950708502735276184e+00 3.825093078613281250e+02
5.954143255117807065e+00 3.839034423828125000e+02
5.957578007500338835e+00 3.831468505859375000e+02
5.961012759882869716e+00 3.804212341308593750e+02
5.964447512265401485e+00 3.881423645019531250e+02
5.967882264647932367e+00 3.970742797851562500e+02
5.971317017030463248e+00 4.017610778808593750e+02
5.974751769412994129e+00 4.077795104980468750e+02
5.978186521795525898e+00 4.090880737304687500e+02
5.981621274178056780e+00 4.069854431152343750e+02
5.985056026560588549e+00 4.018277893066406250e+02
5.988490778943119430e+00 3.953794860839843750e+02
5.991925531325650311e+00 3.889243469238281250e+02
5.995360283708181193e+00 3.832907714843750000e+02
5.998795036090712074e+00 3.832435913085937500e+02
6.002229788473243843e+00 3.849448852539062500e+02
6.005664540855774725e+00 3.850356750488281250e+02
6.009099293238306494e+00 3.879726562500000000e+02
6.012534045620837375e+00 3.892224731445312500e+02
6.015968798003369145e+00 3.883896179199218750e+02
6.019403550385899138e+00 3.850426940917968750e+02
6.022838302768430907e+00 3.875359802246093750e+02
6.026273055150961788e+00 3.923188171386718750e+02
6.029707807533493558e+00 3.964609375000000000e+02
6.033142559916024439e+00 3.938790588378906250e+02
6.036577312298556208e+00 3.895971984863281250e+02
6.040012064681087089e+00 3.819991149902343750e+02
6.043446817063618859e+00 3.784248657226562500e+02
6.046881569446148852e+00 3.795768127441406250e+02
6.050316321828680621e+00 3.816662292480468750e+02
6.053751074211211503e+00 3.830873107910156250e+02
6.057185826593743272e+00 3.850366210937500000e+02
6.060620578976274153e+00 3.892435913085937500e+02
6.064055331358805923e+00 3.998074340820312500e+02
6.067490083741336804e+00 4.077135009765625000e+02
6.070924836123867685e+00 4.053108825683593750e+02
6.074359588506398566e+00 3.947509765625000000e+02
6.077794340888929447e+00 3.868422241210937500e+02
6.081229093271461217e+00 3.842182617187500000e+02
6.084663845653992098e+00 3.789544982910156250e+02
6.088098598036523867e+00 3.722676391601562500e+02
6.091533350419054749e+00 3.676936340332031250e+02
6.094968102801585630e+00 3.655946655273437500e+02
6.098402855184116511e+00 3.674837951660156250e+02
6.101837607566648281e+00 3.660589294433593750e+02
6.105272359949179162e+00 3.672420959472656250e+02
6.108707112331710931e+00 3.714978027343750000e+02
6.112141864714241812e+00 3.794573059082031250e+02
6.115576617096773582e+00 3.802812500000000000e+02
6.119011369479304463e+00 3.795405578613281250e+02
6.122446121861835344e+00 3.777261047363281250e+02
6.125880874244366225e+00 3.824734497070312500e+02
6.129315626626897995e+00 3.837991638183593750e+02
6.132750379009428876e+00 3.829559936523437500e+02
6.136185131391960645e+00 3.821481323242187500e+02
6.139619883774491527e+00 3.791346740722656250e+02
6.143054636157022408e+00 3.757856445312500000e+02
6.146489388539553289e+00 3.785357971191406250e+02
6.149924140922085058e+00 3.893547363281250000e+02
6.153358893304615940e+00 3.970474243164062500e+02
6.156793645687146821e+00 3.941293029785156250e+02
6.160228398069678590e+00 3.884551086425781250e+02
6.163663150452209472e+00 3.816331481933593750e+02
6.167097902834741241e+00 3.785156860351562500e+02
6.170532655217271234e+00 3.706114501953125000e+02
6.173967407599803003e+00 3.688750305175781250e+02
6.177402159982333885e+00 3.675838317871093750e+02
6.180836912364865654e+00 3.707275085449218750e+02
6.184271664747396535e+00 3.685946960449218750e+02
6.187706417129928305e+00 3.658855590820312500e+02
6.191141169512459186e+00 3.692104492187500000e+02
6.194575921894990067e+00 3.698133239746093750e+02
6.198010674277520948e+00 3.674032897949218750e+02
6.201445426660052718e+00 3.650379943847656250e+02
6.204880179042583599e+00 3.658731384277343750e+02
6.208314931425115368e+00 3.633844299316406250e+02
6.211749683807646250e+00 3.574769897460937500e+02
6.215184436190178019e+00 3.550190124511718750e+02
6.218619188572708900e+00 3.566975402832031250e+02
6.222053940955239781e+00 3.583642883300781250e+02
6.225488693337770663e+00 3.566138000488281250e+02
6.228923445720301544e+00 3.576686096191406250e+02
6.232358198102833313e+00 3.618113403320312500e+02
6.235792950485364194e+00 3.621819152832031250e+02
6.239227702867895964e+00 3.561682128906250000e+02
6.242662455250426845e+00 3.532982482910156250e+02
6.246097207632957726e+00 3.565583190917968750e+02
6.249531960015488607e+00 3.641159362792968750e+02
6.252966712398020377e+00 3.695707702636718750e+02
6.256401464780551258e+00 3.667398376464843750e+02
6.259836217163083028e+00 3.661019897460937500e+02
6.263270969545613909e+00 3.647499084472656250e+02
6.266705721928145678e+00 3.691693115234375000e+02
6.270140474310675671e+00 3.747455444335937500e+02
6.273575226693207441e+00 3.807881774902343750e+02
6.277009979075738322e+00 3.845958862304687500e+02
6.280444731458270091e+00 3.934739685058593750e+02
6.283879483840800972e+00 3.995848999023437500e+02
6.287314236223332742e+00 4.012307128906250000e+02
6.290748988605863623e+00 3.983003234863281250e+02
6.294183740988394504e+00 3.928851623535156250e+02
6.297618493370925385e+00 3.893762207031250000e+02
6.301053245753457155e+00 3.941271667480468750e+02
6.304487998135988036e+00 4.007977905273437500e+02
6.307922750518518917e+00 4.188021545410156250e+02
6.311357502901050687e+00 4.129576416015625000e+02
6.314792255283581568e+00 3.926217651367187500e+02
6.318227007666113337e+00 3.747861022949218750e+02
6.321661760048643330e+00 3.690340576171875000e+02
6.325096512431175100e+00 3.639583435058593750e+02
6.328531264813705981e+00 3.650446777343750000e+02
6.331966017196237750e+00 3.723417968750000000e+02
6.335400769578768632e+00 3.801054077148437500e+02
6.338835521961300401e+00 3.856687622070312500e+02
6.342270274343831282e+00 3.903876037597656250e+02
6.345705026726362163e+00 3.906460876464843750e+02
6.349139779108893045e+00 3.812569885253906250e+02
6.352574531491424814e+00 3.682386169433593750e+02
6.356009283873955695e+00 3.631507263183593750e+02
6.359444036256487465e+00 3.621400756835937500e+02
6.362878788639018346e+00 3.586184082031250000e+02
6.366313541021550115e+00 3.594397888183593750e+02
6.369748293404080997e+00 3.613110656738281250e+02
6.373183045786611878e+00 3.619837951660156250e+02
6.376617798169142759e+00 3.551336059570312500e+02
6.380052550551673640e+00 3.538342895507812500e+02
6.383487302934205410e+00 3.565425415039062500e+02
6.386922055316736291e+00 3.575189819335937500e+02
6.390356807699268060e+00 3.562735595703125000e+02
6.393791560081798941e+00 3.565811767578125000e+02
6.397226312464329823e+00 3.604523925781250000e+02
6.400661064846860704e+00 3.616918640136718750e+02
6.404095817229392473e+00 3.585307922363281250e+02
6.407530569611923355e+00 3.566009216308593750e+02
6.410965321994455124e+00 3.588378906250000000e+02
6.414400074376986005e+00 3.615464782714843750e+02
6.417834826759517775e+00 3.643589477539062500e+02
6.421269579142047768e+00 3.666127624511718750e+02
6.424704331524579537e+00 3.688856506347656250e+02
6.428139083907110418e+00 3.738775329589843750e+02
6.431573836289642188e+00 3.791898193359375000e+02
6.435008588672173069e+00 3.814338378906250000e+02
6.438443341054704838e+00 3.811658325195312500e+02
6.441878093437235719e+00 3.784583129882812500e+02
6.445312845819766601e+00 3.707978820800781250e+02
6.448747598202297482e+00 3.651224670410156250e+02
6.452182350584829251e+00 3.597453308105468750e+02
6.455617102967360132e+00 3.547437744140625000e+02
6.459051855349891014e+00 3.518348388671875000e+02
6.462486607732422783e+00 3.534203796386718750e+02
6.465921360114953664e+00 3.576469116210937500e+02
6.469356112497485434e+00 3.561787719726562500e+02
6.472790864880015427e+00 3.519973754882812500e+02
6.476225617262547196e+00 3.530085449218750000e+02
6.479660369645078077e+00 3.526815185546875000e+02
6.483095122027609847e+00 3.521610107421875000e+02
6.486529874410140728e+00 3.534352111816406250e+02
6.489964626792672497e+00 3.574915771484375000e+02
6.493399379175203379e+00 3.645014648437500000e+02
6.496834131557734260e+00 3.605526123046875000e+02
6.500268883940265141e+00 3.589779052734375000e+02
6.503703636322796910e+00 3.566878356933593750e+02
6.507138388705327792e+00 3.551690979003906250e+02
6.510573141087859561e+00 3.541025695800781250e+02
6.514007893470390442e+00 3.542580871582031250e+02
6.517442645852922212e+00 3.520218200683593750e+02
6.520877398235453093e+00 3.548422546386718750e+02
6.524312150617983974e+00 3.580183715820312500e+02
6.527746903000514855e+00 3.577004394531250000e+02
6.531181655383045737e+00 3.555484008789062500e+02
6.534616407765577506e+00 3.568540649414062500e+02
6.538051160148108387e+00 3.577643127441406250e+02
6.541485912530640157e+00 3.554686279296875000e+02
6.544920664913171038e+00 3.552205200195312500e+02
6.548355417295701919e+00 3.553410949707031250e+02
6.551790169678232800e+00 3.526311645507812500e+02
6.555224922060764570e+00 3.524635314941406250e+02
6.558659674443295451e+00 3.523293762207031250e+02
6.562094426825827220e+00 3.543218688964843750e+02
6.565529179208358102e+00 3.515918273925781250e+02
6.568963931590889871e+00 3.462096557617187500e+02
6.572398683973419864e+00 3.472589111328125000e+02
6.575833436355951633e+00 3.499134521484375000e+02
6.579268188738482515e+00 3.475510864257812500e+02
6.582702941121014284e+00 3.510282287597656250e+02
6.586137693503545165e+00 3.549629516601562500e+02
6.589572445886076935e+00 3.554675292968750000e+02
6.593007198268607816e+00 3.569771728515625000e+02
6.596441950651138697e+00 3.633668518066406250e+02
6.599876703033669578e+00 3.650507812500000000e+02
6.603311455416201348e+00 3.601353149414062500e+02
6.606746207798732229e+00 3.573915405273437500e+02
6.610180960181263110e+00 3.551665039062500000e+02
6.613615712563794879e+00 3.499711303710937500e+02
6.617050464946325761e+00 3.482662963867187500e+02
6.620485217328857530e+00 3.493847656250000000e+02
6.623919969711387523e+00 3.542569885253906250e+02
6.627354722093919293e+00 3.518742370605468750e+02
6.630789474476450174e+00 3.501181640625000000e+02
6.634224226858981943e+00 3.496204528808593750e+02
6.637658979241512824e+00 3.513241577148437500e+02
6.641093731624044594e+00 3.526022033691406250e+02
6.644528484006575475e+00 3.477349243164062500e+02
6.647963236389106356e+00 3.413259277343750000e+02
6.651397988771637237e+00 3.400471191406250000e+02
6.654832741154169007e+00 3.467768249511718750e+02
6.658267493536699888e+00 3.495663146972656250e+02
6.661702245919231657e+00 3.503078308105468750e+02
6.665136998301762539e+00 3.435126037597656250e+02
6.668571750684294308e+00 3.434206848144531250e+02
6.672006503066824301e+00 3.466041870117187500e+02
6.675441255449356071e+00 3.542142333984375000e+02
6.678876007831886952e+00 3.548695678710937500e+02
6.682310760214417833e+00 3.602885742187500000e+02
6.685745512596949602e+00 3.685475769042968750e+02
6.689180264979480484e+00 3.744201354980468750e+02
6.692615017362012253e+00 3.717511596679687500e+02
6.696049769744543134e+00 3.672954406738281250e+02
6.699484522127074015e+00 3.620056152343750000e+02
6.702919274509604897e+00 3.574483337402343750e+02
6.706354026892136666e+00 3.497758483886718750e+02
6.709788779274667547e+00 3.433177490234375000e+02
6.713223531657199317e+00 3.412655639648437500e+02
6.716658284039730198e+00 3.438803100585937500e+02
6.720093036422261967e+00 3.446727600097656250e+02
6.723527788804791960e+00 3.438642578125000000e+02
6.726962541187323730e+00 3.428731689453125000e+02
6.730397293569854611e+00 3.397636413574218750e+02
6.733832045952386380e+00 3.395883789062500000e+02
6.737266798334917262e+00 3.395621337890625000e+02
6.740701550717449031e+00 3.409030151367187500e+02
6.744136303099979912e+00 3.432039184570312500e+02
6.747571055482510793e+00 3.419958190917968750e+02
6.751005807865041675e+00 3.410875549316406250e+02
6.754440560247573444e+00 3.406693420410156250e+02
6.757875312630104325e+00 3.445200195312500000e+02
6.761310065012635206e+00 3.470805358886718750e+02
6.764744817395166976e+00 3.487135314941406250e+02
6.768179569777697857e+00 3.465513305664062500e+02
6.771614322160229626e+00 3.461842956542968750e+02
6.775049074542759620e+00 3.499138793945312500e+02
6.778483826925291389e+00 3.532693786621093750e+02
6.781918579307822270e+00 3.547481079101562500e+02
6.785353331690354040e+00 3.536501159667968750e+02
6.788788084072884921e+00 3.499324951171875000e+02
6.792222836455416690e+00 3.523162536621093750e+02
6.795657588837947571e+00 3.559480590820312500e+02
6.799092341220478453e+00 3.573659057617187500e+02
6.802527093603009334e+00 3.547036132812500000e+02
6.805961845985541103e+00 3.568230895996093750e+02
6.809396598368071984e+00 3.583403015136718750e+02
6.812831350750603754e+00 3.604925842285156250e+02
6.816266103133134635e+00 3.586697082519531250e+02
6.819700855515666404e+00 3.529474182128906250e+02
6.823135607898196398e+00 3.486483459472656250e+02
6.826570360280728167e+00 3.436060791015625000e+02
6.830005112663259048e+00 3.411395568847656250e+02
6.833439865045790818e+00 3.390066528320312500e+02
6.836874617428321699e+00 3.398633422851562500e+02
6.840309369810852580e+00 3.434248657226562500e+02
6.843744122193384349e+00 3.456428222656250000e+02
6.847178874575915231e+00 3.446433410644531250e+02
6.850613626958446112e+00 3.435517272949218750e+02
6.854048379340976993e+00 3.419985046386718750e+02
6.857483131723508762e+00 3.454806823730468750e+02
6.860917884106039644e+00 3.507048645019531250e+02
6.864352636488571413e+00 3.526483459472656250e+02
6.867787388871102294e+00 3.503532104492187500e+02
6.871222141253634064e+00 3.490252685546875000e+02
6.874656893636164057e+00 3.450051574707031250e+02
6.878091646018695826e+00 3.447663269042968750e+02
6.881526398401226707e+00 3.426703796386718750e+02
6.884961150783758477e+00 3.416904907226562500e+02
6.888395903166289358e+00 3.429159851074218750e+02
6.891830655548821127e+00 3.432829589843750000e+02
6.895265407931352009e+00 3.394065551757812500e+02
6.898700160313882890e+00 3.427360229492187500e+02
6.902134912696413771e+00 3.394900512695312500e+02
6.905569665078945540e+00 3.353968200683593750e+02
6.909004417461476422e+00 3.305805664062500000e+02
6.912439169844007303e+00 3.348320922851562500e+02
6.915873922226539072e+00 3.346268310546875000e+02
6.919308674609069953e+00 3.371866760253906250e+02
6.922743426991601723e+00 3.362701721191406250e+02
6.926178179374131716e+00 3.332988281250000000e+02
6.929612931756663485e+00 3.311697082519531250e+02
6.933047684139194367e+00 3.289951171875000000e+02
6.936482436521726136e+00 3.287456359863281250e+02
6.939917188904257017e+00 3.346376953125000000e+02
6.943351941286788787e+00 3.442492065429687500e+02
6.946786693669319668e+00 3.513196716308593750e+02
6.950221446051850549e+00 3.560410766601562500e+02
6.953656198434381430e+00 3.560218505859375000e+02
6.957090950816913200e+00 3.488976135253906250e+02
6.960525703199444081e+00 3.447530212402343750e+02
6.963960455581975850e+00 3.460265197753906250e+02
6.967395207964506731e+00 3.450054321289062500e+02
6.970829960347038501e+00 3.401911926269531250e+02
6.974264712729568494e+00 3.417407531738281250e+02
6.977699465112100263e+00 3.440257263183593750e+02
6.981134217494631145e+00 3.407709960937500000e+02
6.984568969877162914e+00 3.405295104980468750e+02
6.988003722259693795e+00 3.436184997558593750e+02
6.991438474642224676e+00 3.425505065917968750e+02
6.994873227024756446e+00 3.402196350097656250e+02
6.998307979407287327e+00 3.370329284667968750e+02
7.001742731789818208e+00 3.346230773925781250e+02
7.005177484172349089e+00 3.353066101074218750e+02
7.008612236554880859e+00 3.347113647460937500e+02
7.012046988937411740e+00 3.337250976562500000e+02
7.015481741319943509e+00 3.339578552246093750e+02
7.018916493702474391e+00 3.453041076660156250e+02
7.022351246085006160e+00 3.506333618164062500e+02
7.025785998467536153e+00 3.522022705078125000e+02
7.029220750850067922e+00 3.521817932128906250e+02
7.032655503232598804e+00 3.506292419433593750e+02
7.036090255615130573e+00 3.459880676269531250e+02
7.039525007997661454e+00 3.407574768066406250e+02
7.042959760380193224e+00 3.399074707031250000e+02
7.046394512762724105e+00 3.356969604492187500e+02
7.049829265145254986e+00 3.302544555664062500e+02
7.053264017527785867e+00 3.281367492675781250e+02
7.056698769910317637e+00 3.285518188476562500e+02
7.060133522292848518e+00 3.279554748535156250e+02
7.063568274675379399e+00 3.287555847167968750e+02
7.067003027057911169e+00 3.330747680664062500e+02
7.070437779440442050e+00 3.367233276367187500e+02
7.073872531822972931e+00 3.397088928222656250e+02
7.077307284205503812e+00 3.418078308105468750e+02
7.080742036588035582e+00 3.487682189941406250e+02
7.084176788970566463e+00 3.535665283203125000e+02
7.087611541353098232e+00 3.555043029785156250e+02
7.091046293735629114e+00 3.557512512207031250e+02
7.094481046118160883e+00 3.585932006835937500e+02
7.097915798500691764e+00 3.590806884765625000e+02
7.101350550883222645e+00 3.594024047851562500e+02
7.104785303265753527e+00 3.624340820312500000e+02
7.108220055648285296e+00 3.599986572265625000e+02
7.111654808030816177e+00 3.503246459960937500e+02
7.115089560413347947e+00 3.414481811523437500e+02
7.118524312795878828e+00 3.335633544921875000e+02
7.121959065178410597e+00 3.282485656738281250e+02
7.125393817560940590e+00 3.237235412597656250e+02
7.128828569943472360e+00 3.251127929687500000e+02
7.132263322326003241e+00 3.287710876464843750e+02
7.135698074708535010e+00 3.312700805664062500e+02
7.139132827091065892e+00 3.313742980957031250e+02
7.142567579473596773e+00 3.325407409667968750e+02
7.146002331856128542e+00 3.350170593261718750e+02
7.149437084238658535e+00 3.312541198730468750e+02
7.152871836621190305e+00 3.292803955078125000e+02
7.156306589003721186e+00 3.303533325195312500e+02
7.159741341386252955e+00 3.307500000000000000e+02
7.163176093768782948e+00 3.339845886230468750e+02
7.166610846151314718e+00 3.362826538085937500e+02
7.170045598533845599e+00 3.359905700683593750e+02
7.173480350916377368e+00 3.391622009277343750e+02
7.176915103298908249e+00 3.446171569824218750e+02
7.180349855681440019e+00 3.415829467773437500e+02
7.183784608063970900e+00 3.302204284667968750e+02
7.187219360446502670e+00 3.199595947265625000e+02
7.190654112829033551e+00 3.182766723632812500e+02
7.194088865211565320e+00 3.180216674804687500e+02
7.197523617594096201e+00 3.158093566894531250e+02
7.200958369976627971e+00 3.130589599609375000e+02
7.204393122359158852e+00 3.164465026855468750e+02
7.207827874741689733e+00 3.174385375976562500e+02
7.211262627124221503e+00 3.159635925292968750e+02
7.214697379506751496e+00 3.173627014160156250e+02
7.218132131889282377e+00 3.274569396972656250e+02
7.221566884271814146e+00 3.322361450195312500e+02
7.225001636654345027e+00 3.293974304199218750e+02
7.228436389036875909e+00 3.228246459960937500e+02
7.231871141419407678e+00 3.218321838378906250e+02
7.235305893801938559e+00 3.228983154296875000e+02
7.238740646184470329e+00 3.245917968750000000e+02
7.242175398567001210e+00 3.219013366699218750e+02
7.245610150949532979e+00 3.163314819335937500e+02
7.249044903332063861e+00 3.145041198730468750e+02
7.252479655714595630e+00 3.148330993652343750e+02
7.255914408097126511e+00 3.170341491699218750e+02
7.259349160479658281e+00 3.183391418457031250e+02
7.262783912862187385e+00 3.181489868164062500e+02
7.266218665244719155e+00 3.150942993164062500e+02
7.269653417627250036e+00 3.148309936523437500e+02
7.273088170009781805e+00 3.154020996093750000e+02
7.276522922392312687e+00 3.178540649414062500e+02
7.279957674774844456e+00 3.201986694335937500e+02
7.283392427157375337e+00 3.212169189453125000e+02
7.286827179539907107e+00 3.216065063476562500e+02
7.290261931922437988e+00 3.252258300781250000e+02
7.293696684304968869e+00 3.315429382324218750e+02
7.297131436687500639e+00 3.349230041503906250e+02
7.300566189070031520e+00 3.320538330078125000e+02
7.304000941452563289e+00 3.309495544433593750e+02
7.307435693835094170e+00 3.313068237304687500e+02
7.310870446217625940e+00 3.279628906250000000e+02
7.314305198600155045e+00 3.267174682617187500e+02
7.317739950982686814e+00 3.259435729980468750e+02
7.321174703365217695e+00 3.233157958984375000e+02
7.324609455747749465e+00 3.195903930664062500e+02
7.328044208130280346e+00 3.172214965820312500e+02
7.331478960512812115e+00 3.161282958984375000e+02
7.334913712895342996e+00 3.192164001464843750e+02
7.338348465277874766e+00 3.227593994140625000e+02
7.341783217660405647e+00 3.241836242675781250e+02
7.345217970042937417e+00 3.244002380371093750e+02
7.348652722425468298e+00 3.146831359863281250e+02
7.352087474808000067e+00 3.143579101562500000e+02
7.355522227190530948e+00 3.164073181152343750e+02
7.358956979573061830e+00 3.190396728515625000e+02
7.362391731955593599e+00 3.171740417480468750e+02
7.365826484338123592e+00 3.146682434082031250e+02
7.369261236720654473e+00 3.113475646972656250e+02
7.372695989103186243e+00 3.079493103027343750e+02
7.376130741485717124e+00 3.066461791992187500e+02
7.379565493868248005e+00 3.009640502929687500e+02
7.383000246250779774e+00 3.051900634765625000e+02
7.386434998633310656e+00 3.056780395507812500e+02
7.389869751015842425e+00 3.038121337890625000e+02
7.393304503398373306e+00 3.027157287597656250e+02
7.396739255780905076e+00 3.034670715332031250e+02
7.400174008163435957e+00 3.006114196777343750e+02
7.403608760545967726e+00 2.956592407226562500e+02
7.407043512928498608e+00 2.889675598144531250e+02
7.410478265311030377e+00 2.803906860351562500e+02
7.413913017693559482e+00 2.779631652832031250e+02
7.417347770076091251e+00 2.787800903320312500e+02
7.420782522458622132e+00 2.823876647949218750e+02
7.424217274841153902e+00 2.853546752929687500e+02
7.427652027223684783e+00 2.880454101562500000e+02
7.431086779606216552e+00 2.860742187500000000e+02
7.434521531988747434e+00 2.852799072265625000e+02
7.437956284371279203e+00 2.841124267578125000e+02
