# # sector 26: chi = 84.98 deg (range [80, 90))
# # columns: 2theta(deg)  intensity
1.052751605245807909e+00 1.241874389648437500e+03
1.056186357628339012e+00 1.256168090820312500e+03
1.059621110010870337e+00 1.269507812500000000e+03
1.063055862393401441e+00 1.261196289062500000e+03
1.066490614775932544e+00 1.264596923828125000e+03
1.069925367158463869e+00 1.276251831054687500e+03
1.073360119540994972e+00 1.269887084960937500e+03
1.076794871923526298e+00 1.252390136718750000e+03
1.080229624306057401e+00 1.254665039062500000e+03
1.083664376688588726e+00 1.259142944335937500e+03
1.087099129071119830e+00 1.264756225585937500e+03
1.090533881453650933e+00 1.276029418945312500e+03
1.093968633836182036e+00 1.281557617187500000e+03
1.097403386218713361e+00 1.279296630859375000e+03
1.100838138601244465e+00 1.276716430664062500e+03
1.104272890983775568e+00 1.284313232421875000e+03
1.107707643366306893e+00 1.279227172851562500e+03
1.111142395748837997e+00 1.271072875976562500e+03
1.114577148131369322e+00 1.276500366210937500e+03
1.118011900513900425e+00 1.267282836914062500e+03
1.121446652896431750e+00 1.261628051757812500e+03
1.124881405278962854e+00 1.289186279296875000e+03
1.128316157661493957e+00 1.296890014648437500e+03
1.131750910044025060e+00 1.288626098632812500e+03
1.135185662426556386e+00 1.296528076171875000e+03
1.138620414809087489e+00 1.302910522460937500e+03
1.142055167191618592e+00 1.319000854492187500e+03
1.145489919574149917e+00 1.318622558593750000e+03
1.148924671956681021e+00 1.303674316406250000e+03
1.152359424339212346e+00 1.297378295898437500e+03
1.155794176721743449e+00 1.315624877929687500e+03
1.159228929104274775e+00 1.326376953125000000e+03
1.162663681486805878e+00 1.334082397460937500e+03
1.166098433869336981e+00 1.345687500000000000e+03
1.169533186251868084e+00 1.331307373046875000e+03
1.172967938634399410e+00 1.336185546875000000e+03
1.176402691016930513e+00 1.343047119140625000e+03
1.179837443399461616e+00 1.340656250000000000e+03
1.183272195781992941e+00 1.320297119140625000e+03
1.186706948164524045e+00 1.314550292968750000e+03
1.190141700547055370e+00 1.308105102539062500e+03
1.193576452929586473e+00 1.303414672851562500e+03
1.197011205312117799e+00 1.310930664062500000e+03
1.200445957694648902e+00 1.303921875000000000e+03
1.203880710077180005e+00 1.298448364257812500e+03
1.207315462459711108e+00 1.309802246093750000e+03
1.210750214842242434e+00 1.321553833007812500e+03
1.214184967224773537e+00 1.341601440429687500e+03
1.217619719607304640e+00 1.365225708007812500e+03
1.221054471989835966e+00 1.364037719726562500e+03
1.224489224372367069e+00 1.336130126953125000e+03
1.227923976754898394e+00 1.332006591796875000e+03
1.231358729137429497e+00 1.337593383789062500e+03
1.234793481519960823e+00 1.353542602539062500e+03
1.238228233902491926e+00 1.360043334960937500e+03
1.241662986285023029e+00 1.351081298828125000e+03
1.245097738667554133e+00 1.340639404296875000e+03
1.248532491050085236e+00 1.335551513671875000e+03
1.251967243432616561e+00 1.343336669921875000e+03
1.255401995815147664e+00 1.356127807617187500e+03
1.258836748197678990e+00 1.354679809570312500e+03
1.262271500580210093e+00 1.345401123046875000e+03
1.265706252962741418e+00 1.356249267578125000e+03
1.269141005345272522e+00 1.381944458007812500e+03
1.272575757727803847e+00 1.388439575195312500e+03
1.276010510110334950e+00 1.392305419921875000e+03
1.279445262492866053e+00 1.392508789062500000e+03
1.282880014875397157e+00 1.388470581054687500e+03
1.286314767257928260e+00 1.389400878906250000e+03
1.289749519640459585e+00 1.393770263671875000e+03
1.293184272022990688e+00 1.401374267578125000e+03
1.296619024405522014e+00 1.407095092773437500e+03
1.300053776788053117e+00 1.407580078125000000e+03
1.303488529170584442e+00 1.396318115234375000e+03
1.306923281553115546e+00 1.386134277343750000e+03
1.310358033935646871e+00 1.390067382812500000e+03
1.313792786318177974e+00 1.398012207031250000e+03
1.317227538700709077e+00 1.393830932617187500e+03
1.320662291083240181e+00 1.387707763671875000e+03
1.324097043465771284e+00 1.399358276367187500e+03
1.327531795848302609e+00 1.421460571289062500e+03
1.330966548230833713e+00 1.429034057617187500e+03
1.334401300613365038e+00 1.440437988281250000e+03
1.337836052995896141e+00 1.457610229492187500e+03
1.341270805378427466e+00 1.506833007812500000e+03
1.344705557760958570e+00 1.540722534179687500e+03
1.348140310143489895e+00 1.583535888671875000e+03
1.351575062526020998e+00 1.581600952148437500e+03
1.355009814908552102e+00 1.563992797851562500e+03
1.358444567291083205e+00 1.531721313476562500e+03
1.361879319673614308e+00 1.500999755859375000e+03
1.365314072056145633e+00 1.476281127929687500e+03
1.368748824438676737e+00 1.462785888671875000e+03
1.372183576821208062e+00 1.450300781250000000e+03
1.375618329203739165e+00 1.435840820312500000e+03
1.379053081586270491e+00 1.426993774414062500e+03
1.382487833968801594e+00 1.433824584960937500e+03
1.385922586351332919e+00 1.442359741210937500e+03
1.389357338733864022e+00 1.453738159179687500e+03
1.392792091116395126e+00 1.451491821289062500e+03
1.396226843498926229e+00 1.443985229492187500e+03
1.399661595881457332e+00 1.442623779296875000e+03
1.403096348263988657e+00 1.438637939453125000e+03
1.406531100646519761e+00 1.430346069335937500e+03
1.409965853029051086e+00 1.424467407226562500e+03
1.413400605411582189e+00 1.418304199218750000e+03
1.416835357794113515e+00 1.424124267578125000e+03
1.420270110176644618e+00 1.434214355468750000e+03
1.423704862559175943e+00 1.437870971679687500e+03
1.427139614941707046e+00 1.437647949218750000e+03
1.430574367324238150e+00 1.442463500976562500e+03
1.434009119706769253e+00 1.447472167968750000e+03
1.437443872089300356e+00 1.456770507812500000e+03
1.440878624471831682e+00 1.457459960937500000e+03
1.444313376854362785e+00 1.456900634765625000e+03
1.447748129236894110e+00 1.444352416992187500e+03
1.451182881619425213e+00 1.436720581054687500e+03
1.454617634001956539e+00 1.441897705078125000e+03
1.458052386384487642e+00 1.433996826171875000e+03
1.461487138767018967e+00 1.444663330078125000e+03
1.464921891149550071e+00 1.453657348632812500e+03
1.468356643532081174e+00 1.444342529296875000e+03
1.471791395914612277e+00 1.424756713867187500e+03
1.475226148297143380e+00 1.424704711914062500e+03
1.478660900679674706e+00 1.443817016601562500e+03
1.482095653062205809e+00 1.450728393554687500e+03
1.485530405444737134e+00 1.459389282226562500e+03
1.488965157827268238e+00 1.463709228515625000e+03
1.492399910209799563e+00 1.463889404296875000e+03
1.495834662592330666e+00 1.464017333984375000e+03
1.499269414974861991e+00 1.449904541015625000e+03
1.502704167357393095e+00 1.457243896484375000e+03
1.506138919739924198e+00 1.467537597656250000e+03
1.509573672122455301e+00 1.457317260742187500e+03
1.513008424504986404e+00 1.444623413085937500e+03
1.516443176887517730e+00 1.434720336914062500e+03
1.519877929270048833e+00 1.442324829101562500e+03
1.523312681652580158e+00 1.457609985351562500e+03
1.526747434035111262e+00 1.477885864257812500e+03
1.530182186417642587e+00 1.458241333007812500e+03
1.533616938800173690e+00 1.444692260742187500e+03
1.537051691182705015e+00 1.449703979492187500e+03
1.540486443565236119e+00 1.453372070312500000e+03
1.543921195947767222e+00 1.462810668945312500e+03
1.547355948330298325e+00 1.485408935546875000e+03
1.550790700712829429e+00 1.478218750000000000e+03
1.554225453095360754e+00 1.463695190429687500e+03
1.557660205477891857e+00 1.468384399414062500e+03
1.561094957860423182e+00 1.467887207031250000e+03
1.564529710242954286e+00 1.459203735351562500e+03
1.567964462625485611e+00 1.464399902343750000e+03
1.571399215008016714e+00 1.471273559570312500e+03
1.574833967390548040e+00 1.478034545898437500e+03
1.578268719773079143e+00 1.485671386718750000e+03
1.581703472155610246e+00 1.474559936523437500e+03
1.585138224538141349e+00 1.464759155273437500e+03
1.588572976920672453e+00 1.468512207031250000e+03
1.592007729303203778e+00 1.465634643554687500e+03
1.595442481685734881e+00 1.478882080078125000e+03
1.598877234068266207e+00 1.505360107421875000e+03
1.602311986450797310e+00 1.514750000000000000e+03
1.605746738833328635e+00 1.512821166992187500e+03
1.609181491215859738e+00 1.502081665039062500e+03
1.612616243598391064e+00 1.501931152343750000e+03
1.616050995980922167e+00 1.518236694335937500e+03
1.619485748363453270e+00 1.561015136718750000e+03
1.622920500745984373e+00 1.623813720703125000e+03
1.626355253128515477e+00 1.694207031250000000e+03
1.629790005511046802e+00 1.766973388671875000e+03
1.633224757893577905e+00 1.798059692382812500e+03
1.636659510276109231e+00 1.778940917968750000e+03
1.640094262658640334e+00 1.734807006835937500e+03
1.643529015041171659e+00 1.635791259765625000e+03
1.646963767423702762e+00 1.583578613281250000e+03
1.650398519806234088e+00 1.527267944335937500e+03
1.653833272188765191e+00 1.502853149414062500e+03
1.657268024571296294e+00 1.494870483398437500e+03
1.660702776953827398e+00 1.502608276367187500e+03
1.664137529336358501e+00 1.518645507812500000e+03
1.667572281718889826e+00 1.513151245117187500e+03
1.671007034101420929e+00 1.505988525390625000e+03
1.674441786483952255e+00 1.505173461914062500e+03
1.677876538866483358e+00 1.498288452148437500e+03
1.681311291249014683e+00 1.484345092773437500e+03
1.684746043631545787e+00 1.481747436523437500e+03
1.688180796014076890e+00 1.487356445312500000e+03
1.691615548396608215e+00 1.498760131835937500e+03
1.695050300779139318e+00 1.499404907226562500e+03
1.698485053161670422e+00 1.494920532226562500e+03
1.701919805544201525e+00 1.493523803710937500e+03
1.705354557926732850e+00 1.489789550781250000e+03
1.708789310309263954e+00 1.471958129882812500e+03
1.712224062691795279e+00 1.465159179687500000e+03
1.715658815074326382e+00 1.459864868164062500e+03
1.719093567456857707e+00 1.456460327148437500e+03
1.722528319839388811e+00 1.453546020507812500e+03
1.725963072221919914e+00 1.448377685546875000e+03
1.729397824604451239e+00 1.442583129882812500e+03
1.732832576986982343e+00 1.454806152343750000e+03
1.736267329369513446e+00 1.471976440429687500e+03
1.739702081752044549e+00 1.459584228515625000e+03
1.743136834134575874e+00 1.452156616210937500e+03
1.746571586517106978e+00 1.440516479492187500e+03
1.750006338899638303e+00 1.432124267578125000e+03
1.753441091282169406e+00 1.437402099609375000e+03
1.756875843664700731e+00 1.439291381835937500e+03
1.760310596047231835e+00 1.429555908203125000e+03
1.763745348429762938e+00 1.428303344726562500e+03
1.767180100812294263e+00 1.431825439453125000e+03
1.770614853194825367e+00 1.448626708984375000e+03
1.774049605577356470e+00 1.470292602539062500e+03
1.777484357959887573e+00 1.483351440429687500e+03
1.780919110342418898e+00 1.502189331054687500e+03
1.784353862724950002e+00 1.497128295898437500e+03
1.787788615107481327e+00 1.486101074218750000e+03
1.791223367490012208e+00 1.452071166992187500e+03
1.794658119872543534e+00 1.408594604492187500e+03
1.798092872255074859e+00 1.394209472656250000e+03
1.801527624637606184e+00 1.391829345703125000e+03
1.804962377020137065e+00 1.397504394531250000e+03
1.808397129402668391e+00 1.382602905273437500e+03
1.811831881785199494e+00 1.365591064453125000e+03
1.815266634167730819e+00 1.364016479492187500e+03
1.818701386550261700e+00 1.361436889648437500e+03
1.822136138932793026e+00 1.357259155273437500e+03
1.825570891315324351e+00 1.352841186523437500e+03
1.829005643697855676e+00 1.353652221679687500e+03
1.832440396080386558e+00 1.345106933593750000e+03
1.835875148462917883e+00 1.329412231445312500e+03
1.839309900845449208e+00 1.317992919921875000e+03
1.842744653227980089e+00 1.306350219726562500e+03
1.846179405610511415e+00 1.301904907226562500e+03
1.849614157993042740e+00 1.304802734375000000e+03
1.853048910375573843e+00 1.304310058593750000e+03
1.856483662758104725e+00 1.299777709960937500e+03
1.859918415140636050e+00 1.297900512695312500e+03
1.863353167523167375e+00 1.289744873046875000e+03
1.866787919905698701e+00 1.277192626953125000e+03
1.870222672288229582e+00 1.269663696289062500e+03
1.873657424670760907e+00 1.273629882812500000e+03
1.877092177053292232e+00 1.265545776367187500e+03
1.880526929435823114e+00 1.258691650390625000e+03
1.883961681818354439e+00 1.278872802734375000e+03
1.887396434200885764e+00 1.291619628906250000e+03
1.890831186583416867e+00 1.295436767578125000e+03
1.894265938965947749e+00 1.282472290039062500e+03
1.897700691348479074e+00 1.273874145507812500e+03
1.901135443731010399e+00 1.248834472656250000e+03
1.904570196113541725e+00 1.233804199218750000e+03
1.908004948496072606e+00 1.212127441406250000e+03
1.911439700878603931e+00 1.200869628906250000e+03
1.914874453261135256e+00 1.198176391601562500e+03
1.918309205643666138e+00 1.201886352539062500e+03
1.921743958026197463e+00 1.194609741210937500e+03
1.925178710408728788e+00 1.197614379882812500e+03
1.928613462791259892e+00 1.211024414062500000e+03
1.932048215173790773e+00 1.219851318359375000e+03
1.935482967556322098e+00 1.195067993164062500e+03
1.938917719938853423e+00 1.170819458007812500e+03
1.942352472321384749e+00 1.161885864257812500e+03
1.945787224703915630e+00 1.166466064453125000e+03
1.949221977086446955e+00 1.158262939453125000e+03
1.952656729468978281e+00 1.158371582031250000e+03
1.956091481851509162e+00 1.164628417968750000e+03
1.959526234234040487e+00 1.158285278320312500e+03
1.962960986616571812e+00 1.154089599609375000e+03
1.966395738999102916e+00 1.146699829101562500e+03
1.969830491381633797e+00 1.151101074218750000e+03
1.973265243764165122e+00 1.139526367187500000e+03
1.976699996146696447e+00 1.126438842773437500e+03
1.980134748529227329e+00 1.119416992187500000e+03
1.983569500911758654e+00 1.117763671875000000e+03
1.987004253294289979e+00 1.128449462890625000e+03
1.990439005676821305e+00 1.164847045898437500e+03
1.993873758059352186e+00 1.259114135742187500e+03
1.997308510441883511e+00 1.353513183593750000e+03
2.000743262824414614e+00 1.475939819335937500e+03
2.004178015206945940e+00 1.547416015625000000e+03
2.007612767589476821e+00 1.552547119140625000e+03
2.011047519972008146e+00 1.503221679687500000e+03
2.014482272354539472e+00 1.395752807617187500e+03
2.017917024737070353e+00 1.269995361328125000e+03
2.021351777119601678e+00 1.184637084960937500e+03
2.024786529502133003e+00 1.120747802734375000e+03
2.028221281884664329e+00 1.100477294921875000e+03
2.031656034267195210e+00 1.084427124023437500e+03
2.035090786649726535e+00 1.079398193359375000e+03
2.038525539032257861e+00 1.066782348632812500e+03
2.041960291414789186e+00 1.063436889648437500e+03
2.045395043797320067e+00 1.067916870117187500e+03
2.048829796179851392e+00 1.071588745117187500e+03
2.052264548562382718e+00 1.063285644531250000e+03
2.055699300944913599e+00 1.061180541992187500e+03
2.059134053327444924e+00 1.056102905273437500e+03
2.062568805709975805e+00 1.053158691406250000e+03
2.066003558092507131e+00 1.046221435546875000e+03
2.069438310475038012e+00 1.038435791015625000e+03
2.072873062857569337e+00 1.032258789062500000e+03
2.076307815240100663e+00 1.024087524414062500e+03
2.079742567622631988e+00 1.012855041503906250e+03
2.083177320005162869e+00 1.001665222167968750e+03
2.086612072387694194e+00 9.991573486328125000e+02
2.090046824770225520e+00 9.962717895507812500e+02
2.093481577152756401e+00 9.979550170898437500e+02
2.096916329535287726e+00 1.003808593750000000e+03
2.100351081917819052e+00 1.000694763183593750e+03
2.103785834300350377e+00 9.968571166992187500e+02
2.107220586682881258e+00 9.994779052734375000e+02
2.110655339065412583e+00 9.955531616210937500e+02
2.114090091447943909e+00 9.850053100585937500e+02
2.117524843830475234e+00 9.722290649414062500e+02
2.120959596213006115e+00 9.715095825195312500e+02
2.124394348595537441e+00 9.776926269531250000e+02
2.127829100978068766e+00 9.726620483398437500e+02
2.131263853360599647e+00 9.645135498046875000e+02
2.134698605743130972e+00 9.658649291992187500e+02
2.138133358125661854e+00 9.574057006835937500e+02
2.141568110508193179e+00 9.638465576171875000e+02
2.145002862890724060e+00 9.693919067382812500e+02
2.148437615273255386e+00 9.676852416992187500e+02
2.151872367655786711e+00 9.679882812500000000e+02
2.155307120038318036e+00 9.681627197265625000e+02
2.158741872420848917e+00 9.567964477539062500e+02
2.162176624803380243e+00 9.551545410156250000e+02
2.165611377185911568e+00 9.500574951171875000e+02
2.169046129568442449e+00 9.387154541015625000e+02
2.172480881950973775e+00 9.350751953125000000e+02
2.175915634333505100e+00 9.412966918945312500e+02
2.179350386716036425e+00 9.337510986328125000e+02
2.182785139098567306e+00 9.195485229492187500e+02
2.186219891481098632e+00 9.175093994140625000e+02
2.189654643863629957e+00 9.275844116210937500e+02
2.193089396246161282e+00 9.253806762695312500e+02
2.196524148628692163e+00 9.257348022460937500e+02
2.199958901011223489e+00 9.208938598632812500e+02
2.203393653393754814e+00 9.245533447265625000e+02
2.206828405776285695e+00 9.198783569335937500e+02
2.210263158158817021e+00 9.087398681640625000e+02
2.213697910541347902e+00 8.998459472656250000e+02
2.217132662923879227e+00 8.872534179687500000e+02
2.220567415306410108e+00 8.850688476562500000e+02
2.224002167688941434e+00 8.899898071289062500e+02
2.227436920071472759e+00 8.950260620117187500e+02
2.230871672454004084e+00 8.936461181640625000e+02
2.234306424836534966e+00 8.993577270507812500e+02
2.237741177219066291e+00 8.930032348632812500e+02
2.241175929601597616e+00 8.785302734375000000e+02
2.244610681984128497e+00 8.784189453125000000e+02
2.248045434366659823e+00 8.764171142578125000e+02
2.251480186749191148e+00 8.704067382812500000e+02
2.254914939131722473e+00 8.726040649414062500e+02
2.258349691514253355e+00 8.761970825195312500e+02
2.261784443896784680e+00 8.686721801757812500e+02
2.265219196279316005e+00 8.526834106445312500e+02
2.268653948661847330e+00 8.532470703125000000e+02
2.272088701044378212e+00 8.635011596679687500e+02
2.275523453426909537e+00 8.771880493164062500e+02
2.278958205809440862e+00 8.700399780273437500e+02
2.282392958191971744e+00 8.574103393554687500e+02
2.285827710574503069e+00 8.564047851562500000e+02
2.289262462957033950e+00 8.522145385742187500e+02
2.292697215339565275e+00 8.496166992187500000e+02
2.296131967722096157e+00 8.415101928710937500e+02
2.299566720104627482e+00 8.454946899414062500e+02
2.303001472487158807e+00 8.647998046875000000e+02
2.306436224869690133e+00 8.852778930664062500e+02
2.309870977252221014e+00 9.220243530273437500e+02
2.313305729634752339e+00 9.790267944335937500e+02
2.316740482017283664e+00 1.078130004882812500e+03
2.320175234399814546e+00 1.152909912109375000e+03
2.323609986782345871e+00 1.192591308593750000e+03
2.327044739164877196e+00 1.192606933593750000e+03
2.330479491547408522e+00 1.139305053710937500e+03
2.333914243929939403e+00 1.059019042968750000e+03
2.337348996312470728e+00 9.614573974609375000e+02
2.340783748695002053e+00 8.874230957031250000e+02
2.344218501077533379e+00 8.530724487304687500e+02
2.347653253460064260e+00 8.366087036132812500e+02
2.351088005842595585e+00 8.338928222656250000e+02
2.354522758225126911e+00 8.232534179687500000e+02
2.357957510607657792e+00 8.070946044921875000e+02
2.361392262990189117e+00 7.952020263671875000e+02
2.364827015372720442e+00 8.063908081054687500e+02
2.368261767755251324e+00 8.261967773437500000e+02
2.371696520137782205e+00 8.166787109375000000e+02
2.375131272520313530e+00 7.959663085937500000e+02
2.378566024902844855e+00 7.913049316406250000e+02
2.382000777285376181e+00 8.037713623046875000e+02
2.385435529667907062e+00 7.976987304687500000e+02
2.388870282050438387e+00 7.882903442382812500e+02
2.392305034432969713e+00 7.928895874023437500e+02
2.395739786815500594e+00 8.045037231445312500e+02
2.399174539198031919e+00 7.968689575195312500e+02
2.402609291580563244e+00 7.907687988281250000e+02
2.406044043963094570e+00 7.903800048828125000e+02
2.409478796345625451e+00 7.862939453125000000e+02
2.412913548728156776e+00 7.824826049804687500e+02
2.416348301110688102e+00 7.764506835937500000e+02
2.419783053493219427e+00 7.652318725585937500e+02
2.423217805875750308e+00 7.621774902343750000e+02
2.426652558258281633e+00 7.608217773437500000e+02
2.430087310640812959e+00 7.590385131835937500e+02
2.433522063023343840e+00 7.567645263671875000e+02
2.436956815405875165e+00 7.578181762695312500e+02
2.440391567788406491e+00 7.523615722656250000e+02
2.443826320170937372e+00 7.509218750000000000e+02
2.447261072553468253e+00 7.592554321289062500e+02
2.450695824935999578e+00 7.565267944335937500e+02
2.454130577318530904e+00 7.501907958984375000e+02
2.457565329701061785e+00 7.486632690429687500e+02
2.461000082083593110e+00 7.457575683593750000e+02
2.464434834466124435e+00 7.356235351562500000e+02
2.467869586848655761e+00 7.338643798828125000e+02
2.471304339231186642e+00 7.461349487304687500e+02
2.474739091613717967e+00 7.417133178710937500e+02
2.478173843996249293e+00 7.375133666992187500e+02
2.481608596378780618e+00 7.408562622070312500e+02
2.485043348761311499e+00 7.429061279296875000e+02
2.488478101143842824e+00 7.452924194335937500e+02
2.491912853526374150e+00 7.525820922851562500e+02
2.495347605908905031e+00 7.642418212890625000e+02
2.498782358291436356e+00 7.875223388671875000e+02
2.502217110673967682e+00 7.845866699218750000e+02
2.505651863056499007e+00 8.091786499023437500e+02
2.509086615439029888e+00 8.605378417968750000e+02
2.512521367821561213e+00 9.018065185546875000e+02
2.515956120204092539e+00 9.064824218750000000e+02
2.519390872586623420e+00 8.914200439453125000e+02
2.522825624969154301e+00 8.513766479492187500e+02
2.526260377351685626e+00 8.070439453125000000e+02
2.529695129734216952e+00 7.756321411132812500e+02
2.533129882116747833e+00 7.482969970703125000e+02
2.536564634499279158e+00 7.351998901367187500e+02
2.539999386881810484e+00 7.316001586914062500e+02
2.543434139264341809e+00 7.341079101562500000e+02
2.546868891646872690e+00 7.298830566406250000e+02
2.550303644029404015e+00 7.260663452148437500e+02
2.553738396411935341e+00 7.174760742187500000e+02
2.557173148794466666e+00 7.061047363281250000e+02
2.560607901176997547e+00 7.110046386718750000e+02
2.564042653559528873e+00 7.089972534179687500e+02
2.567477405942060198e+00 7.157610473632812500e+02
2.570912158324591079e+00 7.249127807617187500e+02
2.574346910707122404e+00 7.053229980468750000e+02
2.577781663089653730e+00 6.922436523437500000e+02
2.581216415472185055e+00 6.937243041992187500e+02
2.584651167854715936e+00 6.968020019531250000e+02
2.588085920237247262e+00 6.969170532226562500e+02
2.591520672619778587e+00 6.819321899414062500e+02
2.594955425002309468e+00 6.774555053710937500e+02
2.598390177384840349e+00 6.751044311523437500e+02
2.601824929767371675e+00 6.826356201171875000e+02
2.605259682149903000e+00 6.943733520507812500e+02
2.608694434532433881e+00 6.883421630859375000e+02
2.612129186914965207e+00 6.634588012695312500e+02
2.615563939297496532e+00 6.666347045898437500e+02
2.618998691680027857e+00 6.812788085937500000e+02
2.622433444062558738e+00 6.882715454101562500e+02
2.625868196445090064e+00 6.807593383789062500e+02
2.629302948827621389e+00 6.771748046875000000e+02
2.632737701210152714e+00 6.762488403320312500e+02
2.636172453592683596e+00 6.764261474609375000e+02
2.639607205975214921e+00 6.676872558593750000e+02
2.643041958357746246e+00 6.582238159179687500e+02
2.646476710740277127e+00 6.638905639648437500e+02
2.649911463122808453e+00 6.619140625000000000e+02
2.653346215505339778e+00 6.702161254882812500e+02
2.656780967887871103e+00 6.806326293945312500e+02
2.660215720270401984e+00 6.688192138671875000e+02
2.663650472652933310e+00 6.573283691406250000e+02
2.667085225035464635e+00 6.578489990234375000e+02
2.670519977417995516e+00 6.606571655273437500e+02
2.673954729800526398e+00 6.616699218750000000e+02
2.677389482183057723e+00 6.685288085937500000e+02
2.680824234565589048e+00 6.623418579101562500e+02
2.684258986948119929e+00 6.627829589843750000e+02
2.687693739330651255e+00 6.624403686523437500e+02
2.691128491713182580e+00 6.601480712890625000e+02
2.694563244095713905e+00 6.582777709960937500e+02
2.697997996478244787e+00 6.528555297851562500e+02
2.701432748860776112e+00 6.457709350585937500e+02
2.704867501243307437e+00 6.471879272460937500e+02
2.708302253625838762e+00 6.471026611328125000e+02
2.711737006008369644e+00 6.358906250000000000e+02
2.715171758390900969e+00 6.334370117187500000e+02
2.718606510773432294e+00 6.393307495117187500e+02
2.722041263155963176e+00 6.414254150390625000e+02
2.725476015538494501e+00 6.462056884765625000e+02
2.728910767921025826e+00 6.407926635742187500e+02
2.732345520303557151e+00 6.269557495117187500e+02
2.735780272686088033e+00 6.248090209960937500e+02
2.739215025068619358e+00 6.416564941406250000e+02
2.742649777451150683e+00 6.457800292968750000e+02
2.746084529833681565e+00 6.475932617187500000e+02
2.749519282216212890e+00 6.546162719726562500e+02
2.752954034598743771e+00 6.823004150390625000e+02
2.756388786981275096e+00 7.236569213867187500e+02
2.759823539363805978e+00 8.022101440429687500e+02
2.763258291746337303e+00 9.289898681640625000e+02
2.766693044128868628e+00 1.047757934570312500e+03
2.770127796511399954e+00 1.128263427734375000e+03
2.773562548893930835e+00 1.118470825195312500e+03
2.776997301276462160e+00 1.052679931640625000e+03
2.780432053658993485e+00 9.584279174804687500e+02
2.783866806041524811e+00 8.318922119140625000e+02
2.787301558424055692e+00 7.480800781250000000e+02
2.790736310806587017e+00 6.947478027343750000e+02
2.794171063189118343e+00 6.751032104492187500e+02
2.797605815571649224e+00 6.499223632812500000e+02
2.801040567954180549e+00 6.337262573242187500e+02
2.804475320336711874e+00 6.332141723632812500e+02
2.807910072719243200e+00 6.340954589843750000e+02
2.811344825101774081e+00 6.310534667968750000e+02
2.814779577484305406e+00 6.306264038085937500e+02
2.818214329866836731e+00 6.329257202148437500e+02
2.821649082249367613e+00 6.389844970703125000e+02
2.825083834631898938e+00 6.414063720703125000e+02
2.828518587014429819e+00 6.581723022460937500e+02
2.831953339396961145e+00 7.036983032226562500e+02
2.835388091779492026e+00 7.511736450195312500e+02
2.838822844162023351e+00 7.713374023437500000e+02
2.842257596544554676e+00 7.740372924804687500e+02
2.845692348927086002e+00 7.601293334960937500e+02
2.849127101309616883e+00 7.320632324218750000e+02
2.852561853692148208e+00 6.948435058593750000e+02
2.855996606074679534e+00 6.541751098632812500e+02
2.859431358457210415e+00 6.310547485351562500e+02
2.862866110839741740e+00 6.142537231445312500e+02
2.866300863222273065e+00 6.064564208984375000e+02
2.869735615604804391e+00 6.053447265625000000e+02
2.873170367987335272e+00 6.118588256835937500e+02
2.876605120369866597e+00 6.096143798828125000e+02
2.880039872752397923e+00 6.088352661132812500e+02
2.883474625134929248e+00 6.078805541992187500e+02
2.886909377517460129e+00 6.049634399414062500e+02
2.890344129899991454e+00 6.033472900390625000e+02
2.893778882282522780e+00 6.077011718750000000e+02
2.897213634665053661e+00 6.149321899414062500e+02
2.900648387047584986e+00 6.204229125976562500e+02
2.904083139430115867e+00 6.052214355468750000e+02
2.907517891812647193e+00 5.964077758789062500e+02
2.910952644195178074e+00 5.941461791992187500e+02
2.914387396577709399e+00 5.997862548828125000e+02
2.917822148960240725e+00 5.917451171875000000e+02
2.921256901342772050e+00 5.879492187500000000e+02
2.924691653725302931e+00 5.956291503906250000e+02
2.928126406107834256e+00 6.161726684570312500e+02
2.931561158490365582e+00 6.372694091796875000e+02
2.934995910872896463e+00 6.567111816406250000e+02
2.938430663255427788e+00 6.737403564453125000e+02
2.941865415637959114e+00 6.835620117187500000e+02
2.945300168020490439e+00 6.865280761718750000e+02
2.948734920403021320e+00 6.821153564453125000e+02
2.952169672785552645e+00 6.653228759765625000e+02
2.955604425168083971e+00 6.403193969726562500e+02
2.959039177550615296e+00 6.280029296875000000e+02
2.962473929933146177e+00 6.203206176757812500e+02
2.965908682315677503e+00 6.175128784179687500e+02
2.969343434698208828e+00 6.177357177734375000e+02
2.972778187080739709e+00 6.343022460937500000e+02
2.976212939463271034e+00 6.670874023437500000e+02
2.979647691845801916e+00 6.960625610351562500e+02
2.983082444228333241e+00 7.261576538085937500e+02
2.986517196610864122e+00 7.280034179687500000e+02
2.989951948993395447e+00 7.006432495117187500e+02
2.993386701375926773e+00 6.695582885742187500e+02
2.996821453758458098e+00 6.385228881835937500e+02
3.000256206140988979e+00 6.132462768554687500e+02
3.003690958523520305e+00 5.950731811523437500e+02
3.007125710906051630e+00 5.849920043945312500e+02
3.010560463288582511e+00 5.804674682617187500e+02
3.013995215671113836e+00 5.753122558593750000e+02
3.017429968053645162e+00 5.628893432617187500e+02
3.020864720436176487e+00 5.541312866210937500e+02
3.024299472818707368e+00 5.586273193359375000e+02
3.027734225201238694e+00 5.592007446289062500e+02
3.031168977583770019e+00 5.643263549804687500e+02
3.034603729966301344e+00 5.800167846679687500e+02
3.038038482348832225e+00 5.985267944335937500e+02
3.041473234731363551e+00 6.106343383789062500e+02
3.044907987113894876e+00 6.089610595703125000e+02
3.048342739496425757e+00 6.231046752929687500e+02
3.051777491878957083e+00 6.317263183593750000e+02
3.055212244261487964e+00 6.364478759765625000e+02
3.058646996644019289e+00 6.358975219726562500e+02
3.062081749026550170e+00 6.288763427734375000e+02
3.065516501409081496e+00 6.262868652343750000e+02
3.068951253791612821e+00 6.309110717773437500e+02
3.072386006174144146e+00 6.417382202148437500e+02
3.075820758556675028e+00 6.615530395507812500e+02
3.079255510939206353e+00 6.766921386718750000e+02
3.082690263321737678e+00 6.824992675781250000e+02
3.086125015704268559e+00 6.781562500000000000e+02
3.089559768086799885e+00 6.579932250976562500e+02
3.092994520469331210e+00 6.292991943359375000e+02
3.096429272851862535e+00 6.120308837890625000e+02
3.099864025234393416e+00 5.981605224609375000e+02
3.103298777616924742e+00 5.842655639648437500e+02
3.106733529999456067e+00 5.734162597656250000e+02
3.110168282381987392e+00 5.724236450195312500e+02
3.113603034764518274e+00 5.641915893554687500e+02
3.117037787147049599e+00 5.592445068359375000e+02
3.120472539529580924e+00 5.504504394531250000e+02
3.123907291912111805e+00 5.490844726562500000e+02
3.127342044294643131e+00 5.514839477539062500e+02
3.130776796677174012e+00 5.546948852539062500e+02
3.134211549059705337e+00 5.666596069335937500e+02
3.137646301442236219e+00 5.720066528320312500e+02
3.141081053824767544e+00 5.651985473632812500e+02
3.144515806207298869e+00 5.594395141601562500e+02
3.147950558589830194e+00 5.572819213867187500e+02
3.151385310972361076e+00 5.501034545898437500e+02
3.154820063354892401e+00 5.432000122070312500e+02
3.158254815737423726e+00 5.490746459960937500e+02
3.161689568119954608e+00 5.548010864257812500e+02
3.165124320502485933e+00 5.556101684570312500e+02
3.168559072885017258e+00 5.449051513671875000e+02
3.171993825267548583e+00 5.393035278320312500e+02
3.175428577650079465e+00 5.368237915039062500e+02
3.178863330032610790e+00 5.439976196289062500e+02
3.182298082415142115e+00 5.550295410156250000e+02
3.185732834797673441e+00 5.553915405273437500e+02
3.189167587180204322e+00 5.483567504882812500e+02
3.192602339562735647e+00 5.451976928710937500e+02
3.196037091945266972e+00 5.507281494140625000e+02
3.199471844327797854e+00 5.538804321289062500e+02
3.202906596710329179e+00 5.501835327148437500e+02
3.206341349092860060e+00 5.450485229492187500e+02
3.209776101475391386e+00 5.469957885742187500e+02
3.213210853857922267e+00 5.454818115234375000e+02
3.216645606240453592e+00 5.427185058593750000e+02
3.220080358622984917e+00 5.427108764648437500e+02
3.223515111005516243e+00 5.443374023437500000e+02
3.226949863388047124e+00 5.521051635742187500e+02
3.230384615770578449e+00 5.551010742187500000e+02
3.233819368153109775e+00 5.588569335937500000e+02
3.237254120535640656e+00 5.510474853515625000e+02
3.240688872918171981e+00 5.405293579101562500e+02
3.244123625300703306e+00 5.451113891601562500e+02
3.247558377683234632e+00 5.484948120117187500e+02
3.250993130065765513e+00 5.426901245117187500e+02
3.254427882448296838e+00 5.479036865234375000e+02
3.257862634830828164e+00 5.674067993164062500e+02
3.261297387213359489e+00 5.985667724609375000e+02
3.264732139595890370e+00 6.295273437500000000e+02
3.268166891978421695e+00 6.357096557617187500e+02
3.271601644360953021e+00 6.339728393554687500e+02
3.275036396743483902e+00 6.232640991210937500e+02
3.278471149126015227e+00 6.010350341796875000e+02
3.281905901508546108e+00 5.817574462890625000e+02
3.285340653891077434e+00 5.650079956054687500e+02
3.288775406273608315e+00 5.567683105468750000e+02
3.292210158656139640e+00 5.449587402343750000e+02
3.295644911038670966e+00 5.414940185546875000e+02
3.299079663421202291e+00 5.398901977539062500e+02
3.302514415803733172e+00 5.348165893554687500e+02
3.305949168186264497e+00 5.290230712890625000e+02
3.309383920568795823e+00 5.222714233398437500e+02
3.312818672951326704e+00 5.195560913085937500e+02
3.316253425333858029e+00 5.185362548828125000e+02
3.319688177716389355e+00 5.213853149414062500e+02
3.323122930098920680e+00 5.307158813476562500e+02
3.326557682481451561e+00 5.265737915039062500e+02
3.329992434863982886e+00 5.230235595703125000e+02
3.333427187246514212e+00 5.244614257812500000e+02
3.336861939629045093e+00 5.305205078125000000e+02
3.340296692011576418e+00 5.414943237304687500e+02
3.343731444394107744e+00 5.432374877929687500e+02
3.347166196776639069e+00 5.403479003906250000e+02
3.350600949159169950e+00 5.459970703125000000e+02
3.354035701541701275e+00 5.469798583984375000e+02
3.357470453924232601e+00 5.474859619140625000e+02
3.360905206306763482e+00 5.541925659179687500e+02
3.364339958689294363e+00 5.597722167968750000e+02
3.367774711071825688e+00 5.640538940429687500e+02
3.371209463454357014e+00 5.698983154296875000e+02
3.374644215836887895e+00 5.714447631835937500e+02
3.378078968219419220e+00 5.695450439453125000e+02
3.381513720601950546e+00 5.613497924804687500e+02
3.384948472984481871e+00 5.455649414062500000e+02
3.388383225367012752e+00 5.323303222656250000e+02
3.391817977749544077e+00 5.260237426757812500e+02
3.395252730132075403e+00 5.251482543945312500e+02
3.398687482514606728e+00 5.270455932617187500e+02
3.402122234897137609e+00 5.237642211914062500e+02
3.405556987279668935e+00 5.245156860351562500e+02
3.408991739662200260e+00 5.302791137695312500e+02
3.412426492044731141e+00 5.387910766601562500e+02
3.415861244427262466e+00 5.430106201171875000e+02
3.419295996809793792e+00 5.485703735351562500e+02
3.422730749192325117e+00 5.649980468750000000e+02
3.426165501574855998e+00 5.720032348632812500e+02
3.429600253957387324e+00 5.731146850585937500e+02
3.433035006339918649e+00 5.680428466796875000e+02
3.436469758722449530e+00 5.591947021484375000e+02
3.439904511104980411e+00 5.584826660156250000e+02
3.443339263487511737e+00 5.531413574218750000e+02
3.446774015870043062e+00 5.560415039062500000e+02
3.450208768252573943e+00 5.514507446289062500e+02
3.453643520635105268e+00 5.444211425781250000e+02
3.457078273017636594e+00 5.379429931640625000e+02
3.460513025400167919e+00 5.434066772460937500e+02
3.463947777782698800e+00 5.491889038085937500e+02
3.467382530165230126e+00 5.518743286132812500e+02
3.470817282547761451e+00 5.538643798828125000e+02
3.474252034930292776e+00 5.518945922851562500e+02
3.477686787312823657e+00 5.399094238281250000e+02
3.481121539695354983e+00 5.357755126953125000e+02
3.484556292077886308e+00 5.227991943359375000e+02
3.487991044460417189e+00 5.123587036132812500e+02
3.491425796842948515e+00 5.066152038574218750e+02
3.494860549225479840e+00 5.004281311035156250e+02
3.498295301608011165e+00 5.011261901855468750e+02
3.501730053990542046e+00 5.032533874511718750e+02
3.505164806373073372e+00 5.039991149902343750e+02
3.508599558755604697e+00 5.100016784667968750e+02
3.512034311138135578e+00 5.115451049804687500e+02
3.515469063520666460e+00 5.095914001464843750e+02
3.518903815903197785e+00 5.039450988769531250e+02
3.522338568285729110e+00 5.057547912597656250e+02
3.525773320668259991e+00 5.119270019531250000e+02
3.529208073050791317e+00 5.175018920898437500e+02
3.532642825433322642e+00 5.196507568359375000e+02
3.536077577815853967e+00 5.103224792480468750e+02
3.539512330198384849e+00 5.070144042968750000e+02
3.542947082580916174e+00 5.106876831054687500e+02
3.546381834963447499e+00 5.091859741210937500e+02
3.549816587345978824e+00 5.127420654296875000e+02
3.553251339728509706e+00 5.140244140625000000e+02
3.556686092111041031e+00 5.204307861328125000e+02
3.560120844493572356e+00 5.281159057617187500e+02
3.563555596876103237e+00 5.214587402343750000e+02
3.566990349258634563e+00 5.221626586914062500e+02
3.570425101641165888e+00 5.275990600585937500e+02
3.573859854023697213e+00 5.248337402343750000e+02
3.577294606406228095e+00 5.154807739257812500e+02
3.580729358788759420e+00 5.189804077148437500e+02
3.584164111171290301e+00 5.146655883789062500e+02
3.587598863553821626e+00 5.097528686523437500e+02
3.591033615936352508e+00 5.091999511718750000e+02
3.594468368318883833e+00 5.121960449218750000e+02
3.597903120701415158e+00 5.085123291015625000e+02
3.601337873083946484e+00 5.044773559570312500e+02
3.604772625466477809e+00 5.047234497070312500e+02
3.608207377849008246e+00 5.021830444335937500e+02
3.611642130231539571e+00 5.005111999511718750e+02
3.615076882614070897e+00 5.015101013183593750e+02
3.618511634996602222e+00 5.007996520996093750e+02
3.621946387379133547e+00 4.984048156738281250e+02
3.625381139761664873e+00 4.983886108398437500e+02
3.628815892144196198e+00 4.976772155761718750e+02
3.632250644526726635e+00 4.926358947753906250e+02
3.635685396909257960e+00 4.933128967285156250e+02
3.639120149291789286e+00 4.948859863281250000e+02
3.642554901674320611e+00 4.961618347167968750e+02
3.645989654056851936e+00 4.955662841796875000e+02
3.649424406439383262e+00 4.920773010253906250e+02
3.652859158821914587e+00 4.849071960449218750e+02
3.656293911204445912e+00 4.838964233398437500e+02
3.659728663586976349e+00 4.933363037109375000e+02
3.663163415969507675e+00 4.934248657226562500e+02
3.666598168352038556e+00 4.902779846191406250e+02
3.670032920734569881e+00 4.973332214355468750e+02
3.673467673117101207e+00 5.095603332519531250e+02
3.676902425499632532e+00 5.152256469726562500e+02
3.680337177882163857e+00 5.093413085937500000e+02
3.683771930264694294e+00 4.968493347167968750e+02
3.687206682647225620e+00 4.938028259277343750e+02
3.690641435029756945e+00 4.919831542968750000e+02
3.694076187412288270e+00 4.921123657226562500e+02
3.697510939794819596e+00 4.936502685546875000e+02
3.700945692177350921e+00 4.902301330566406250e+02
3.704380444559882246e+00 4.908177185058593750e+02
3.707815196942412683e+00 4.941329345703125000e+02
3.711249949324944009e+00 4.917371520996093750e+02
3.714684701707475334e+00 4.878396911621093750e+02
3.718119454090006659e+00 4.933644714355468750e+02
3.721554206472537984e+00 4.907951660156250000e+02
3.724988958855069310e+00 4.825016479492187500e+02
3.728423711237600635e+00 4.812065734863281250e+02
3.731858463620131960e+00 4.849417724609375000e+02
3.735293216002662398e+00 4.836315612792968750e+02
3.738727968385193723e+00 4.907423400878906250e+02
3.742162720767725048e+00 4.889004211425781250e+02
3.745597473150255929e+00 4.860986938476562500e+02
3.749032225532787255e+00 4.812241821289062500e+02
3.752466977915318580e+00 4.870963134765625000e+02
3.755901730297849905e+00 4.886141662597656250e+02
3.759336482680380342e+00 4.925558166503906250e+02
3.762771235062911668e+00 4.981158752441406250e+02
3.766205987445442993e+00 5.020032043457031250e+02
3.769640739827974318e+00 5.142877807617187500e+02
3.773075492210505644e+00 5.342083740234375000e+02
3.776510244593036969e+00 5.535276489257812500e+02
3.779944996975568294e+00 5.646555175781250000e+02
3.783379749358098731e+00 5.587410278320312500e+02
3.786814501740630057e+00 5.363242797851562500e+02
3.790249254123161382e+00 5.217643432617187500e+02
3.793684006505692707e+00 5.085058288574218750e+02
3.797118758888224033e+00 4.981173706054687500e+02
3.800553511270755358e+00 4.870948486328125000e+02
3.803988263653286683e+00 4.825175476074218750e+02
3.807423016035818009e+00 4.872539978027343750e+02
3.810857768418348446e+00 4.845173034667968750e+02
3.814292520800879771e+00 4.778041381835937500e+02
3.817727273183411096e+00 4.710554809570312500e+02
3.821162025565941978e+00 4.831916809082031250e+02
3.824596777948473303e+00 4.876371765136718750e+02
3.828031530331004628e+00 4.798550109863281250e+02
3.831466282713535954e+00 4.837903137207031250e+02
3.834901035096066391e+00 4.939223327636718750e+02
3.838335787478597716e+00 5.064834289550781250e+02
3.841770539861129041e+00 5.281140136718750000e+02
3.845205292243660367e+00 5.414546508789062500e+02
3.848640044626191692e+00 5.516066894531250000e+02
3.852074797008723017e+00 5.646673583984375000e+02
3.855509549391254343e+00 5.680263061523437500e+02
3.858944301773784780e+00 5.602384033203125000e+02
3.862379054156316105e+00 5.537523803710937500e+02
3.865813806538847430e+00 5.397349853515625000e+02
3.869248558921378756e+00 5.314785156250000000e+02
3.872683311303910081e+00 5.221876831054687500e+02
3.876118063686441406e+00 5.167796020507812500e+02
3.879552816068972732e+00 5.159661254882812500e+02
3.882987568451504057e+00 5.062610473632812500e+02
3.886422320834034494e+00 4.874659118652343750e+02
3.889857073216565819e+00 4.864090881347656250e+02
3.893291825599097145e+00 4.842670593261718750e+02
3.896726577981628026e+00 4.783770751953125000e+02
3.900161330364159351e+00 4.680403747558593750e+02
3.903596082746690676e+00 4.615452575683593750e+02
3.907030835129222002e+00 4.591652221679687500e+02
3.910465587511752439e+00 4.587819213867187500e+02
3.913900339894283764e+00 4.627194519042968750e+02
3.917335092276815089e+00 4.605149536132812500e+02
3.920769844659346415e+00 4.669706420898437500e+02
3.924204597041877740e+00 4.697514953613281250e+02
3.927639349424409065e+00 4.656972045898437500e+02
3.931074101806940391e+00 4.656199340820312500e+02
3.934508854189470828e+00 4.665143127441406250e+02
3.937943606572002153e+00 4.638839721679687500e+02
3.941378358954533478e+00 4.598557128906250000e+02
3.944813111337064804e+00 4.640150756835937500e+02
3.948247863719596129e+00 4.636762695312500000e+02
3.951682616102127454e+00 4.621693725585937500e+02
3.955117368484658780e+00 4.647906188964843750e+02
3.958552120867189217e+00 4.610692443847656250e+02
3.961986873249720542e+00 4.600699462890625000e+02
3.965421625632251867e+00 4.666141967773437500e+02
3.968856378014783193e+00 4.686173400878906250e+02
3.972291130397314074e+00 4.676798706054687500e+02
3.975725882779845399e+00 4.709397583007812500e+02
3.979160635162376725e+00 4.633807067871093750e+02
3.982595387544908050e+00 4.619448852539062500e+02
3.986030139927438487e+00 4.633991088867187500e+02
3.989464892309969812e+00 4.647768554687500000e+02
3.992899644692501138e+00 4.681470336914062500e+02
3.996334397075032463e+00 4.773146667480468750e+02
3.999769149457563788e+00 5.048402404785156250e+02
4.003203901840095114e+00 5.446114501953125000e+02
4.006638654222625995e+00 6.010595703125000000e+02
4.010073406605156876e+00 6.457840576171875000e+02
4.013508158987687757e+00 6.779134521484375000e+02
4.016942911370219527e+00 6.842379150390625000e+02
4.020377663752750408e+00 6.673658447265625000e+02
4.023812416135282177e+00 6.374689331054687500e+02
4.027247168517813058e+00 6.031597290039062500e+02
4.030681920900344828e+00 5.738833618164062500e+02
4.034116673282874821e+00 5.409567871093750000e+02
4.037551425665406590e+00 5.093039245605468750e+02
4.040986178047937472e+00 4.979684448242187500e+02
4.044420930430469241e+00 4.803853759765625000e+02
4.047855682813000122e+00 4.625603332519531250e+02
4.051290435195531892e+00 4.562797851562500000e+02
4.054725187578062773e+00 4.562400512695312500e+02
4.058159939960594542e+00 4.633175659179687500e+02
4.061594692343124535e+00 4.662053222656250000e+02
4.065029444725656305e+00 4.635234680175781250e+02
4.068464197108187186e+00 4.586177062988281250e+02
4.071898949490718955e+00 4.576930236816406250e+02
4.075333701873249836e+00 4.570238037109375000e+02
4.078768454255781606e+00 4.610371704101562500e+02
4.082203206638312487e+00 4.651615600585937500e+02
4.085637959020843368e+00 4.621880187988281250e+02
4.089072711403374250e+00 4.490585632324218750e+02
4.092507463785905131e+00 4.472773437500000000e+02
4.095942216168436900e+00 4.470446777343750000e+02
4.099376968550967781e+00 4.465055236816406250e+02
4.102811720933499551e+00 4.469789733886718750e+02
4.106246473316030432e+00 4.497113342285156250e+02
4.109681225698561313e+00 4.556695556640625000e+02
4.113115978081092194e+00 4.516577148437500000e+02
4.116550730463623964e+00 4.437410583496093750e+02
4.119985482846154845e+00 4.404056091308593750e+02
4.123420235228686614e+00 4.389632568359375000e+02
4.126854987611217496e+00 4.415769348144531250e+02
4.130289739993749265e+00 4.458509521484375000e+02
4.133724492376280146e+00 4.531925354003906250e+02
4.137159244758811028e+00 4.627451477050781250e+02
4.140593997141341909e+00 4.661686401367187500e+02
4.144028749523873678e+00 4.564361572265625000e+02
4.147463501906404559e+00 4.451748352050781250e+02
4.150898254288936329e+00 4.426024780273437500e+02
4.154333006671467210e+00 4.540258483886718750e+02
4.157767759053998091e+00 4.549723815917968750e+02
4.161202511436528972e+00 4.565661315917968750e+02
4.164637263819060742e+00 4.594536743164062500e+02
4.168072016201591623e+00 4.567046508789062500e+02
4.171506768584122504e+00 4.641151123046875000e+02
4.174941520966654274e+00 4.801188659667968750e+02
4.178376273349185155e+00 5.067597351074218750e+02
4.181811025731716924e+00 5.310133666992187500e+02
4.185245778114246917e+00 5.532041015625000000e+02
4.188680530496778687e+00 5.625733642578125000e+02
4.192115282879309568e+00 5.625978393554687500e+02
4.195550035261841337e+00 5.519430541992187500e+02
4.198984787644372219e+00 5.204132690429687500e+02
4.202419540026903988e+00 4.943932495117187500e+02
4.205854292409434869e+00 4.886724243164062500e+02
4.209289044791966639e+00 5.025795898437500000e+02
4.212723797174496632e+00 5.192208251953125000e+02
4.216158549557028401e+00 5.363369140625000000e+02
4.219593301939559282e+00 5.551699218750000000e+02
4.223028054322091052e+00 5.615094604492187500e+02
4.226462806704621933e+00 5.534538574218750000e+02
4.229897559087153702e+00 5.382401123046875000e+02
4.233332311469684583e+00 5.153450317382812500e+02
4.236767063852215465e+00 4.827338562011718750e+02
4.240201816234746346e+00 4.694342346191406250e+02
4.243636568617277227e+00 4.550071716308593750e+02
4.247071320999808997e+00 4.521718750000000000e+02
4.250506073382339878e+00 4.548872375488281250e+02
4.253940825764871647e+00 4.526126403808593750e+02
4.257375578147402528e+00 4.562431945800781250e+02
4.260810330529933410e+00 4.591669311523437500e+02
4.264245082912464291e+00 4.542933654785156250e+02
4.267679835294996060e+00 4.481697998046875000e+02
4.271114587677526941e+00 4.477671508789062500e+02
4.274549340060058711e+00 4.476481323242187500e+02
4.277984092442589592e+00 4.636560974121093750e+02
4.281418844825121361e+00 4.691701660156250000e+02
4.284853597207652243e+00 4.709312438964843750e+02
4.288288349590183124e+00 4.799430541992187500e+02
4.291723101972714005e+00 5.133325805664062500e+02
4.295157854355245775e+00 5.443477172851562500e+02
4.298592606737776656e+00 5.680664672851562500e+02
4.302027359120308425e+00 5.874357910156250000e+02
4.305462111502839306e+00 5.830657348632812500e+02
4.308896863885370188e+00 5.735408325195312500e+02
4.312331616267901069e+00 5.474372558593750000e+02
4.315766368650432838e+00 5.116851501464843750e+02
4.319201121032963719e+00 4.880279541015625000e+02
4.322635873415494601e+00 4.623329162597656250e+02
4.326070625798026370e+00 4.494916992187500000e+02
4.329505378180557251e+00 4.515378723144531250e+02
4.332940130563089021e+00 4.474873962402343750e+02
4.336374882945619014e+00 4.443838500976562500e+02
4.339809635328150783e+00 4.415037841796875000e+02
4.343244387710681664e+00 4.378500366210937500e+02
4.346679140093213434e+00 4.383833618164062500e+02
4.350113892475744315e+00 4.434811706542968750e+02
4.353548644858276084e+00 4.450232849121093750e+02
4.356983397240806966e+00 4.481717529296875000e+02
4.360418149623338735e+00 4.505593872070312500e+02
4.363852902005868728e+00 4.539667358398437500e+02
4.367287654388400497e+00 4.582644653320312500e+02
4.370722406770931379e+00 4.590983276367187500e+02
4.374157159153463148e+00 4.519272460937500000e+02
4.377591911535994029e+00 4.496314697265625000e+02
4.381026663918525799e+00 4.458954467773437500e+02
4.384461416301056680e+00 4.396986694335937500e+02
4.387896168683587561e+00 4.364181213378906250e+02
4.391330921066118442e+00 4.339205017089843750e+02
4.394765673448649324e+00 4.304280700683593750e+02
4.398200425831181093e+00 4.387086486816406250e+02
4.401635178213711974e+00 4.523640747070312500e+02
4.405069930596243744e+00 4.677294311523437500e+02
4.408504682978774625e+00 4.844761352539062500e+02
4.411939435361305506e+00 5.006106872558593750e+02
4.415374187743836387e+00 5.198327026367187500e+02
4.418808940126368157e+00 5.190404663085937500e+02
4.422243692508899038e+00 4.991197204589843750e+02
4.425678444891430807e+00 4.817577514648437500e+02
4.429113197273961688e+00 4.582140197753906250e+02
4.432547949656493458e+00 4.421391601562500000e+02
4.435982702039023451e+00 4.376099853515625000e+02
4.439417454421555220e+00 4.364381408691406250e+02
4.442852206804086101e+00 4.375811767578125000e+02
4.446286959186617871e+00 4.350554809570312500e+02
4.449721711569148752e+00 4.277798767089843750e+02
4.453156463951680522e+00 4.235046081542968750e+02
4.456591216334211403e+00 4.243492126464843750e+02
4.460025968716742284e+00 4.318829040527343750e+02
4.463460721099273165e+00 4.316828308105468750e+02
4.466895473481804935e+00 4.311209716796875000e+02
4.470330225864335816e+00 4.330753784179687500e+02
4.473764978246866697e+00 4.330071105957031250e+02
4.477199730629398466e+00 4.301644287109375000e+02
4.480634483011929348e+00 4.295625610351562500e+02
4.484069235394461117e+00 4.307876892089843750e+02
4.487503987776991110e+00 4.227473754882812500e+02
4.490938740159522879e+00 4.216483154296875000e+02
4.494373492542053761e+00 4.201726989746093750e+02
4.497808244924585530e+00 4.210507507324218750e+02
4.501242997307116411e+00 4.227965087890625000e+02
4.504677749689648181e+00 4.252308654785156250e+02
4.508112502072179062e+00 4.254683227539062500e+02
4.511547254454709943e+00 4.210632019042968750e+02
4.514982006837240824e+00 4.255892028808593750e+02
4.518416759219772594e+00 4.257664184570312500e+02
4.521851511602303475e+00 4.220046691894531250e+02
4.525286263984835244e+00 4.249952392578125000e+02
4.528721016367366126e+00 4.269078674316406250e+02
4.532155768749897895e+00 4.277523803710937500e+02
4.535590521132428776e+00 4.239039611816406250e+02
4.539025273514959657e+00 4.218458251953125000e+02
4.542460025897490539e+00 4.229146423339843750e+02
4.545894778280021420e+00 4.264802246093750000e+02
4.549329530662553189e+00 4.330887451171875000e+02
4.552764283045084071e+00 4.306380310058593750e+02
4.556199035427615840e+00 4.235473632812500000e+02
4.559633787810146721e+00 4.261416320800781250e+02
4.563068540192677602e+00 4.226798095703125000e+02
4.566503292575208484e+00 4.151094665527343750e+02
4.569938044957740253e+00 4.201668090820312500e+02
4.573372797340271134e+00 4.149269714355468750e+02
4.576807549722802904e+00 4.113940124511718750e+02
4.580242302105333785e+00 4.176706848144531250e+02
4.583677054487865554e+00 4.223159179687500000e+02
4.587111806870395547e+00 4.199051818847656250e+02
4.590546559252927317e+00 4.158924865722656250e+02
4.593981311635458198e+00 4.189659118652343750e+02
4.597416064017989967e+00 4.208083496093750000e+02
4.600850816400520849e+00 4.182547607421875000e+02
4.604285568783052618e+00 4.196294860839843750e+02
4.607720321165583499e+00 4.159743347167968750e+02
4.611155073548115269e+00 4.198172912597656250e+02
4.614589825930645262e+00 4.308016967773437500e+02
4.618024578313177031e+00 4.288185729980468750e+02
4.621459330695707912e+00 4.230038757324218750e+02
4.624894083078238793e+00 4.257138977050781250e+02
4.628328835460770563e+00 4.326985778808593750e+02
4.631763587843301444e+00 4.327568969726562500e+02
4.635198340225833213e+00 4.363810424804687500e+02
4.638633092608363206e+00 4.574797363281250000e+02
4.642067844990894976e+00 4.907749938964843750e+02
4.645502597373425857e+00 5.152932739257812500e+02
4.648937349755957626e+00 5.456843872070312500e+02
4.652372102138488508e+00 5.656586914062500000e+02
4.655806854521020277e+00 5.853648071289062500e+02
4.659241606903551158e+00 5.945715332031250000e+02
4.662676359286082040e+00 5.847396850585937500e+02
4.666111111668612921e+00 5.712734985351562500e+02
4.669545864051144690e+00 5.648696289062500000e+02
4.672980616433675571e+00 5.620003051757812500e+02
4.676415368816207341e+00 5.535314331054687500e+02
4.679850121198738222e+00 5.369730224609375000e+02
4.683284873581269991e+00 5.174495849609375000e+02
4.686719625963800873e+00 4.968742370605468750e+02
4.690154378346331754e+00 4.797807617187500000e+02
4.693589130728862635e+00 4.602934570312500000e+02
4.697023883111393516e+00 4.474497985839843750e+02
4.700458635493925286e+00 4.378164062500000000e+02
4.703893387876456167e+00 4.336848144531250000e+02
4.707328140258987936e+00 4.268025817871093750e+02
4.710762892641518818e+00 4.220563964843750000e+02
4.714197645024049699e+00 4.341370544433593750e+02
4.717632397406580580e+00 4.397857055664062500e+02
4.721067149789112349e+00 4.289678955078125000e+02
4.724501902171643231e+00 4.241633911132812500e+02
4.727936654554175000e+00 4.196538391113281250e+02
4.731371406936705881e+00 4.151570434570312500e+02
4.734806159319237651e+00 4.132959594726562500e+02
4.738240911701767644e+00 4.187644042968750000e+02
4.741675664084299413e+00 4.257033691406250000e+02
4.745110416466830294e+00 4.237249755859375000e+02
4.748545168849362064e+00 4.259890136718750000e+02
4.751979921231892945e+00 4.250536804199218750e+02
4.755414673614424714e+00 4.247864685058593750e+02
4.758849425996955596e+00 4.200706787109375000e+02
4.762284178379487365e+00 4.149859924316406250e+02
4.765718930762017358e+00 4.175231323242187500e+02
4.769153683144549127e+00 4.239963073730468750e+02
4.772588435527080009e+00 4.261354980468750000e+02
4.776023187909610890e+00 4.220068054199218750e+02
4.779457940292142659e+00 4.239761352539062500e+02
4.782892692674673540e+00 4.228813781738281250e+02
4.786327445057205310e+00 4.193936462402343750e+02
4.789762197439735303e+00 4.183017578125000000e+02
4.793196949822267072e+00 4.282441711425781250e+02
4.796631702204797953e+00 4.329667968750000000e+02
4.800066454587329723e+00 4.339079284667968750e+02
4.803501206969860604e+00 4.328842773437500000e+02
4.806935959352392373e+00 4.365904235839843750e+02
4.810370711734923255e+00 4.416865844726562500e+02
4.813805464117454136e+00 4.426305236816406250e+02
4.817240216499985017e+00 4.428305358886718750e+02
4.820674968882516787e+00 4.385747985839843750e+02
4.824109721265047668e+00 4.312977905273437500e+02
4.827544473647579437e+00 4.270021972656250000e+02
4.830979226030110318e+00 4.262899169921875000e+02
4.834413978412642088e+00 4.261073303222656250e+02
4.837848730795172969e+00 4.276823120117187500e+02
4.841283483177703850e+00 4.315174865722656250e+02
4.844718235560234731e+00 4.320429382324218750e+02
4.848152987942766501e+00 4.278666381835937500e+02
4.851587740325297382e+00 4.290139465332031250e+02
4.855022492707828263e+00 4.402497863769531250e+02
4.858457245090360033e+00 4.623579711914062500e+02
4.861891997472890914e+00 5.007605590820312500e+02
4.865326749855421795e+00 5.593505249023437500e+02
4.868761502237952676e+00 6.541913452148437500e+02
4.872196254620484446e+00 7.674912109375000000e+02
4.875631007003015327e+00 8.365449829101562500e+02
4.879065759385547096e+00 8.525444946289062500e+02
4.882500511768077978e+00 8.171918945312500000e+02
4.885935264150609747e+00 7.323819580078125000e+02
4.889370016533139740e+00 6.435170288085937500e+02
4.892804768915671509e+00 5.487609252929687500e+02
4.896239521298202391e+00 4.933888549804687500e+02
4.899674273680734160e+00 4.690245056152343750e+02
4.903109026063265041e+00 4.596420288085937500e+02
4.906543778445796811e+00 4.471531066894531250e+02
4.909978530828327692e+00 4.346235351562500000e+02
4.913413283210858573e+00 4.280337219238281250e+02
4.916848035593389454e+00 4.288540344238281250e+02
4.920282787975921224e+00 4.321383972167968750e+02
4.923717540358452105e+00 4.283848266601562500e+02
4.927152292740982986e+00 4.327274475097656250e+02
4.930587045123514756e+00 4.347508544921875000e+02
4.934021797506045637e+00 4.336638793945312500e+02
4.937456549888577406e+00 4.259126281738281250e+02
4.940891302271107399e+00 4.309910888671875000e+02
4.944326054653639169e+00 4.337624206542968750e+02
4.947760807036170050e+00 4.276218566894531250e+02
4.951195559418701819e+00 4.197207031250000000e+02
4.954630311801232700e+00 4.293529052734375000e+02
4.958065064183764470e+00 4.443918762207031250e+02
4.961499816566295351e+00 4.560073547363281250e+02
4.964934568948826232e+00 4.612337951660156250e+02
4.968369321331357114e+00 4.570016784667968750e+02
4.971804073713888883e+00 4.489124450683593750e+02
4.975238826096419764e+00 4.389866333007812500e+02
4.978673578478951534e+00 4.338222045898437500e+02
4.982108330861482415e+00 4.295172119140625000e+02
4.985543083244014184e+00 4.190437927246093750e+02
4.988977835626544177e+00 4.164623107910156250e+02
4.992412588009075947e+00 4.151271667480468750e+02
4.995847340391606828e+00 4.149858093261718750e+02
4.999282092774138597e+00 4.145993041992187500e+02
5.002716845156669478e+00 4.090457458496093750e+02
5.006151597539200360e+00 4.045874023437500000e+02
5.009586349921732129e+00 4.122500610351562500e+02
5.013021102304263010e+00 4.144808349609375000e+02
5.016455854686793892e+00 4.189793090820312500e+02
5.019890607069324773e+00 4.240433044433593750e+02
5.023325359451856542e+00 4.242652587890625000e+02
5.026760111834387423e+00 4.270633239746093750e+02
5.030194864216919193e+00 4.304902648925781250e+02
5.033629616599450074e+00 4.348590698242187500e+02
5.037064368981981843e+00 4.412126770019531250e+02
5.040499121364511836e+00 4.447173156738281250e+02
5.043933873747043606e+00 4.451991577148437500e+02
5.047368626129574487e+00 4.472212829589843750e+02
5.050803378512106256e+00 4.430786437988281250e+02
5.054238130894637138e+00 4.274612426757812500e+02
5.057672883277168907e+00 4.194627380371093750e+02
5.061107635659699788e+00 4.183182067871093750e+02
5.064542388042230669e+00 4.161276550292968750e+02
5.067977140424761551e+00 4.072810058593750000e+02
5.071411892807293320e+00 4.096582641601562500e+02
5.074846645189824201e+00 4.143172912597656250e+02
5.078281397572355083e+00 4.155829467773437500e+02
5.081716149954886852e+00 4.174045410156250000e+02
5.085150902337417733e+00 4.168268432617187500e+02
5.088585654719949503e+00 4.134086303710937500e+02
5.092020407102479496e+00 4.155251464843750000e+02
5.095455159485011265e+00 4.172825317382812500e+02
5.098889911867542146e+00 4.104966430664062500e+02
5.102324664250073916e+00 4.038539428710937500e+02
5.105759416632604797e+00 4.023309936523437500e+02
5.109194169015136566e+00 4.037321777343750000e+02
5.112628921397667447e+00 4.066460876464843750e+02
5.116063673780198329e+00 4.043207702636718750e+02
5.119498426162729210e+00 3.973762817382812500e+02
5.122933178545260979e+00 4.000201721191406250e+02
5.126367930927791861e+00 4.012057495117187500e+02
5.129802683310323630e+00 3.979915466308593750e+02
5.133237435692854511e+00 3.934697570800781250e+02
5.136672188075386281e+00 3.847526245117187500e+02
5.140106940457916274e+00 3.895423278808593750e+02
5.143541692840448043e+00 4.030317993164062500e+02
5.146976445222978924e+00 4.013752441406250000e+02
5.150411197605510694e+00 3.915576171875000000e+02
5.153845949988041575e+00 3.928885498046875000e+02
5.157280702370572456e+00 3.965274658203125000e+02
5.160715454753104225e+00 4.047447509765625000e+02
5.164150207135635107e+00 4.092824707031250000e+02
5.167584959518165988e+00 4.119365539550781250e+02
5.171019711900696869e+00 4.190059814453125000e+02
5.174454464283228639e+00 4.178058776855468750e+02
5.177889216665759520e+00 4.111271057128906250e+02
5.181323969048291289e+00 4.089425964355468750e+02
5.184758721430822170e+00 4.069513854980468750e+02
5.188193473813353940e+00 4.057138366699218750e+02
5.191628226195883933e+00 4.016427612304687500e+02
5.195062978578415702e+00 3.968753967285156250e+02
5.198497730960946583e+00 3.994777221679687500e+02
5.201932483343478353e+00 4.064237365722656250e+02
5.205367235726009234e+00 4.136994018554687500e+02
5.208801988108541003e+00 4.261175537109375000e+02
5.212236740491071885e+00 4.466327819824218750e+02
5.215671492873602766e+00 4.644576721191406250e+02
5.219106245256133647e+00 4.690254821777343750e+02
5.222540997638665417e+00 4.581875915527343750e+02
5.225975750021196298e+00 4.442803649902343750e+02
5.229410502403727179e+00 4.312691345214843750e+02
5.232845254786258948e+00 4.213883666992187500e+02
5.236280007168789830e+00 4.053606262207031250e+02
5.239714759551321599e+00 4.000706481933593750e+02
5.243149511933851592e+00 4.017636108398437500e+02
5.246584264316383361e+00 3.947404479980468750e+02
5.250019016698914243e+00 3.864797058105468750e+02
5.253453769081446012e+00 3.884582214355468750e+02
5.256888521463976893e+00 3.953526306152343750e+02
5.260323273846508663e+00 3.961592712402343750e+02
5.263758026229039544e+00 3.938871154785156250e+02
5.267192778611570425e+00 3.920697326660156250e+02
5.270627530994101306e+00 3.871919555664062500e+02
5.274062283376633076e+00 3.976000976562500000e+02
5.277497035759163957e+00 4.074025268554687500e+02
5.280931788141695726e+00 4.059665832519531250e+02
5.284366540524226608e+00 4.072196655273437500e+02
5.287801292906758377e+00 4.113402709960937500e+02
5.291236045289288370e+00 4.147166137695312500e+02
5.294670797671820139e+00 4.164726867675781250e+02
5.298105550054351021e+00 4.100550537109375000e+02
5.301540302436882790e+00 4.074525146484375000e+02
5.304975054819413671e+00 4.013561706542968750e+02
5.308409807201944552e+00 3.901034851074218750e+02
5.311844559584476322e+00 3.913187561035156250e+02
5.315279311967006315e+00 3.986184692382812500e+02
5.318714064349538084e+00 3.988710021972656250e+02
5.322148816732068966e+00 4.008263854980468750e+02
5.325583569114600735e+00 4.010195617675781250e+02
5.329018321497131616e+00 4.018669738769531250e+02
5.332453073879663386e+00 4.086875610351562500e+02
5.335887826262194267e+00 4.122313232421875000e+02
5.339322578644726036e+00 4.113609619140625000e+02
5.342757331027256029e+00 4.170058593750000000e+02
5.346192083409787799e+00 4.299981994628906250e+02
5.349626835792318680e+00 4.525462036132812500e+02
5.353061588174850449e+00 4.654281311035156250e+02
5.356496340557381330e+00 4.678495788574218750e+02
5.359931092939913100e+00 4.625155334472656250e+02
5.363365845322443981e+00 4.410334472656250000e+02
5.366800597704974862e+00 4.236533508300781250e+02
5.370235350087505743e+00 4.110091552734375000e+02
5.373670102470037513e+00 4.055848388671875000e+02
5.377104854852568394e+00 3.992448730468750000e+02
5.380539607235100164e+00 3.930123291015625000e+02
5.383974359617631045e+00 3.900733947753906250e+02
5.387409112000161926e+00 3.919203796386718750e+02
5.390843864382692807e+00 3.939028015136718750e+02
5.394278616765223688e+00 3.878845825195312500e+02
5.397713369147755458e+00 3.839007873535156250e+02
5.401148121530286339e+00 3.840676574707031250e+02
5.404582873912818108e+00 3.890771789550781250e+02
5.408017626295348990e+00 3.886924438476562500e+02
5.411452378677880759e+00 3.876725769042968750e+02
5.414887131060411640e+00 3.881335144042968750e+02
5.418321883442942521e+00 3.932142333984375000e+02
5.421756635825473403e+00 3.964224853515625000e+02
5.425191388208005172e+00 3.968843078613281250e+02
5.428626140590536053e+00 4.044245605468750000e+02
5.432060892973067823e+00 4.090018920898437500e+02
5.435495645355598704e+00 4.068315124511718750e+02
5.438930397738130473e+00 4.070806579589843750e+02
5.442365150120660466e+00 4.019954833984375000e+02
5.445799902503192236e+00 3.976004028320312500e+02
5.449234654885723117e+00 3.967117919921875000e+02
5.452669407268254886e+00 3.971823730468750000e+02
5.456104159650785768e+00 4.007096557617187500e+02
5.459538912033316649e+00 4.020868225097656250e+02
5.462973664415848418e+00 3.970658874511718750e+02
5.466408416798379299e+00 3.928045043945312500e+02
5.469843169180910181e+00 3.980871582031250000e+02
5.473277921563441062e+00 4.016806945800781250e+02
5.476712673945972831e+00 4.158696899414062500e+02
5.480147426328503713e+00 4.313146057128906250e+02
5.483582178711035482e+00 4.403588256835937500e+02
5.487016931093566363e+00 4.437612304687500000e+02
5.490451683476098133e+00 4.442408752441406250e+02
5.493886435858628126e+00 4.336804809570312500e+02
5.497321188241159895e+00 4.166913452148437500e+02
5.500755940623690776e+00 4.096033630371093750e+02
5.504190693006222546e+00 4.085967712402343750e+02
5.507625445388753427e+00 4.029051513671875000e+02
5.511060197771285196e+00 4.035661315917968750e+02
5.514494950153816077e+00 4.028831787109375000e+02
5.517929702536346959e+00 4.093894653320312500e+02
5.521364454918877840e+00 4.115875549316406250e+02
5.524799207301409609e+00 4.093530883789062500e+02
5.528233959683940490e+00 4.089594421386718750e+02
5.531668712066472260e+00 4.075285339355468750e+02
5.535103464449003141e+00 3.978097229003906250e+02
5.538538216831534022e+00 3.905847167968750000e+02
5.541972969214064904e+00 3.956987609863281250e+02
5.545407721596595785e+00 4.001286621093750000e+02
5.548842473979127554e+00 3.971327514648437500e+02
5.552277226361658435e+00 3.961407775878906250e+02
5.555711978744190205e+00 3.977113037109375000e+02
5.559146731126721086e+00 4.006775207519531250e+02
5.562581483509252855e+00 4.017276306152343750e+02
5.566016235891783737e+00 4.026575012207031250e+02
5.569450988274314618e+00 3.985635070800781250e+02
5.572885740656845499e+00 3.944967956542968750e+02
5.576320493039377268e+00 3.930173950195312500e+02
5.579755245421908150e+00 3.923811340332031250e+02
5.583189997804439919e+00 3.955077514648437500e+02
5.586624750186970800e+00 3.950936279296875000e+02
5.590059502569502570e+00 3.915509338378906250e+02
5.593494254952032563e+00 3.862502136230468750e+02
5.596929007334564332e+00 3.863844604492187500e+02
5.600363759717095213e+00 3.867596740722656250e+02
5.603798512099626983e+00 3.879502868652343750e+02
5.607233264482157864e+00 3.851781616210937500e+02
5.610668016864688745e+00 3.810179443359375000e+02
5.614102769247220515e+00 3.765418395996093750e+02
5.617537521629751396e+00 3.744351806640625000e+02
5.620972274012282277e+00 3.770057678222656250e+02
5.624407026394813158e+00 3.746347351074218750e+02
5.627841778777344928e+00 3.748352050781250000e+02
5.631276531159875809e+00 3.756221923828125000e+02
5.634711283542407578e+00 3.726307678222656250e+02
5.638146035924938460e+00 3.766981811523437500e+02
5.641580788307470229e+00 3.794029235839843750e+02
5.645015540690000222e+00 3.766216125488281250e+02
5.648450293072531991e+00 3.749383544921875000e+02
5.651885045455062873e+00 3.754219970703125000e+02
5.655319797837594642e+00 3.773534545898437500e+02
5.658754550220125523e+00 3.845807800292968750e+02
5.662189302602657293e+00 3.898951416015625000e+02
5.665624054985188174e+00 3.889724731445312500e+02
5.669058807367719055e+00 3.894647216796875000e+02
5.672493559750249936e+00 3.912288208007812500e+02
5.675928312132781706e+00 3.927004089355468750e+02
5.679363064515312587e+00 3.992276306152343750e+02
5.682797816897844356e+00 4.133182678222656250e+02
5.686232569280375237e+00 4.196645507812500000e+02
5.689667321662906119e+00 4.244067687988281250e+02
5.693102074045437000e+00 4.336235961914062500e+02
5.696536826427967881e+00 4.520469360351562500e+02
5.699971578810499651e+00 4.703669433593750000e+02
5.703406331193030532e+00 5.051337890625000000e+02
5.706841083575562301e+00 5.652959594726562500e+02
5.710275835958093182e+00 6.726781616210937500e+02
5.713710588340624952e+00 8.050636596679687500e+02
5.717145340723154945e+00 9.653577270507812500e+02
5.720580093105686714e+00 1.120119750976562500e+03
5.724014845488217595e+00 1.203501953125000000e+03
5.727449597870749365e+00 1.208211547851562500e+03
5.730884350253280246e+00 1.100171264648437500e+03
5.734319102635812015e+00 9.180552978515625000e+02
5.737753855018342897e+00 7.463330078125000000e+02
5.741188607400874666e+00 5.907419433593750000e+02
5.744623359783404659e+00 5.018850097656250000e+02
5.748058112165936429e+00 4.439905395507812500e+02
5.751492864548467310e+00 4.242688293457031250e+02
5.754927616930999079e+00 4.095397338867187500e+02
5.758362369313529960e+00 4.064923706054687500e+02
5.761797121696060842e+00 4.024364013671875000e+02
5.765231874078592611e+00 4.006834411621093750e+02
5.768666626461123492e+00 3.995805664062500000e+02
5.772101378843654373e+00 3.997029724121093750e+02
5.775536131226185255e+00 4.001235351562500000e+02
5.778970883608717024e+00 3.997141113281250000e+02
5.782405635991247905e+00 3.958393859863281250e+02
5.785840388373779675e+00 3.883834228515625000e+02
5.789275140756310556e+00 3.832530517578125000e+02
5.792709893138841437e+00 3.836507873535156250e+02
5.796144645521372318e+00 3.828046875000000000e+02
5.799579397903904088e+00 3.831982727050781250e+02
5.803014150286434969e+00 3.799185791015625000e+02
5.806448902668966738e+00 3.786783142089843750e+02
5.809883655051497620e+00 3.768977966308593750e+02
5.813318407434029389e+00 3.790361938476562500e+02
5.816753159816560270e+00 3.824477233886718750e+02
5.820187912199091151e+00 3.818245239257812500e+02
5.823622664581622033e+00 3.780265808105468750e+02
5.827057416964153802e+00 3.769815368652343750e+02
5.830492169346684683e+00 3.775133056640625000e+02
5.833926921729216453e+00 3.800430908203125000e+02
5.837361674111747334e+00 3.798769836425781250e+02
5.840796426494278215e+00 3.790029907226562500e+02
5.844231178876809096e+00 3.819774169921875000e+02
5.847665931259339978e+00 3.807649536132812500e+02
5.851100683641871747e+00 3.762094726562500000e+02
5.854535436024402628e+00 3.830052795410156250e+02
5.857970188406934398e+00 3.879578247070312500e+02
5.861404940789465279e+00 3.777885131835937500e+02
5.864839693171997048e+00 3.804603576660156250e+02
5.868274445554527041e+00 3.815882873535156250e+02
5.871709197937058811e+00 3.774578857421875000e+02
5.875143950319589692e+00 3.683377075195312500e+02
5.878578702702121461e+00 3.672651672363281250e+02
5.882013455084652342e+00 3.673916320800781250e+02
5.885448207467184112e+00 3.606935729980468750e+02
5.888882959849714993e+00 3.660920104980468750e+02
5.892317712232246762e+00 3.675791931152343750e+02
5.895752464614776756e+00 3.653056945800781250e+02
5.899187216997308525e+00 3.684549255371093750e+02
5.902621969379839406e+00 3.701681823730468750e+02
5.906056721762371176e+00 3.665412292480468750e+02
5.909491474144902057e+00 3.651137390136718750e+02
5.912926226527432938e+00 3.655606384277343750e+02
5.916360978909964707e+00 3.649750061035156250e+02
5.919795731292495589e+00 3.637764587402343750e+02
5.923230483675026470e+00 3.623716125488281250e+02
5.926665236057557351e+00 3.655182189941406250e+02
5.930099988440089120e+00 3.652885131835937500e+02
5.933534740822620002e+00 3.667671203613281250e+02
5.936969493205151771e+00 3.696139831542968750e+02
5.940404245587682652e+00 3.713846740722656250e+02
5.943838997970213534e+00 3.748588562011718750e+02
5.947273750352744415e+00 3.764898681640625000e+02
5.950708502735276184e+00 3.731697998046875000e+02
5.954143255117807065e+00 3.735799560546875000e+02
5.957578007500338835e+00 3.789936218261718750e+02
5.961012759882869716e+00 3.887422790527343750e+02
5.964447512265401485e+00 3.900862121582031250e+02
5.967882264647932367e+00 3.864342956542968750e+02
5.971317017030463248e+00 3.855947265625000000e+02
5.974751769412994129e+00 3.926285095214843750e+02
5.978186521795525898e+00 3.887853088378906250e+02
5.981621274178056780e+00 3.746928710937500000e+02
5.985056026560588549e+00 3.722211914062500000e+02
5.988490778943119430e+00 3.810596313476562500e+02
5.991925531325650311e+00 3.765989990234375000e+02
5.995360283708181193e+00 3.709501342773437500e+02
5.998795036090712074e+00 3.763214721679687500e+02
6.002229788473243843e+00 3.771696472167968750e+02
6.005664540855774725e+00 3.691769409179687500e+02
6.009099293238306494e+00 3.720970764160156250e+02
6.012534045620837375e+00 3.705904846191406250e+02
6.015968798003369145e+00 3.704694519042968750e+02
6.019403550385899138e+00 3.719306030273437500e+02
6.022838302768430907e+00 3.726180725097656250e+02
6.026273055150961788e+00 3.704549255371093750e+02
6.029707807533493558e+00 3.701191406250000000e+02
6.033142559916024439e+00 3.710817565917968750e+02
6.036577312298556208e+00 3.732290954589843750e+02
6.040012064681087089e+00 3.700783081054687500e+02
6.043446817063618859e+00 3.703598327636718750e+02
6.046881569446148852e+00 3.683696594238281250e+02
6.050316321828680621e+00 3.667035522460937500e+02
6.053751074211211503e+00 3.693075256347656250e+02
6.057185826593743272e+00 3.742859191894531250e+02
6.060620578976274153e+00 3.794046630859375000e+02
6.064055331358805923e+00 3.861100769042968750e+02
6.067490083741336804e+00 3.901004333496093750e+02
6.070924836123867685e+00 3.914470214843750000e+02
6.074359588506398566e+00 3.877481689453125000e+02
6.077794340888929447e+00 3.845207214355468750e+02
6.081229093271461217e+00 3.823165588378906250e+02
6.084663845653992098e+00 3.805051574707031250e+02
6.088098598036523867e+00 3.736539916992187500e+02
6.091533350419054749e+00 3.658141784667968750e+02
6.094968102801585630e+00 3.609413452148437500e+02
6.098402855184116511e+00 3.597147521972656250e+02
6.101837607566648281e+00 3.671993103027343750e+02
6.105272359949179162e+00 3.656653442382812500e+02
6.108707112331710931e+00 3.619013061523437500e+02
6.112141864714241812e+00 3.574478454589843750e+02
6.115576617096773582e+00 3.597379150390625000e+02
6.119011369479304463e+00 3.583680725097656250e+02
6.122446121861835344e+00 3.627945251464843750e+02
6.125880874244366225e+00 3.684856567382812500e+02
6.129315626626897995e+00 3.695454711914062500e+02
6.132750379009428876e+00 3.674044799804687500e+02
6.136185131391960645e+00 3.640548400878906250e+02
6.139619883774491527e+00 3.625183410644531250e+02
6.143054636157022408e+00 3.667025146484375000e+02
6.146489388539553289e+00 3.711562500000000000e+02
6.149924140922085058e+00 3.719192504882812500e+02
6.153358893304615940e+00 3.735225219726562500e+02
6.156793645687146821e+00 3.742692565917968750e+02
6.160228398069678590e+00 3.674239196777343750e+02
6.163663150452209472e+00 3.649268798828125000e+02
6.167097902834741241e+00 3.627458496093750000e+02
6.170532655217271234e+00 3.581517639160156250e+02
6.173967407599803003e+00 3.528273620605468750e+02
6.177402159982333885e+00 3.505118713378906250e+02
6.180836912364865654e+00 3.522080993652343750e+02
6.184271664747396535e+00 3.569901123046875000e+02
6.187706417129928305e+00 3.574580383300781250e+02
6.191141169512459186e+00 3.498572082519531250e+02
6.194575921894990067e+00 3.520054016113281250e+02
6.198010674277520948e+00 3.559193115234375000e+02
6.201445426660052718e+00 3.525610961914062500e+02
6.204880179042583599e+00 3.489476623535156250e+02
6.208314931425115368e+00 3.468928222656250000e+02
6.211749683807646250e+00 3.454351806640625000e+02
6.215184436190178019e+00 3.385920410156250000e+02
6.218619188572708900e+00 3.348015441894531250e+02
6.222053940955239781e+00 3.428936767578125000e+02
6.225488693337770663e+00 3.459812622070312500e+02
6.228923445720301544e+00 3.498507385253906250e+02
6.232358198102833313e+00 3.502976989746093750e+02
6.235792950485364194e+00 3.483033447265625000e+02
6.239227702867895964e+00 3.473695678710937500e+02
6.242662455250426845e+00 3.476830749511718750e+02
6.246097207632957726e+00 3.495195617675781250e+02
6.249531960015488607e+00 3.507145385742187500e+02
6.252966712398020377e+00 3.491527099609375000e+02
6.256401464780551258e+00 3.503458557128906250e+02
6.259836217163083028e+00 3.512425537109375000e+02
6.263270969545613909e+00 3.575906066894531250e+02
6.266705721928145678e+00 3.650295715332031250e+02
6.270140474310675671e+00 3.648973083496093750e+02
6.273575226693207441e+00 3.651492309570312500e+02
6.277009979075738322e+00 3.718156738281250000e+02
6.280444731458270091e+00 3.834432067871093750e+02
6.283879483840800972e+00 3.864935607910156250e+02
6.287314236223332742e+00 3.833180847167968750e+02
6.290748988605863623e+00 3.843544921875000000e+02
6.294183740988394504e+00 3.835243530273437500e+02
6.297618493370925385e+00 3.805426635742187500e+02
6.301053245753457155e+00 3.670919494628906250e+02
6.304487998135988036e+00 3.549912719726562500e+02
6.307922750518518917e+00 3.534465332031250000e+02
6.311357502901050687e+00 3.558959350585937500e+02
6.314792255283581568e+00 3.549703063964843750e+02
6.318227007666113337e+00 3.518908691406250000e+02
6.321661760048643330e+00 3.501712951660156250e+02
6.325096512431175100e+00 3.487938232421875000e+02
6.328531264813705981e+00 3.510997619628906250e+02
6.331966017196237750e+00 3.628653869628906250e+02
6.335400769578768632e+00 3.717025146484375000e+02
6.338835521961300401e+00 3.666515808105468750e+02
6.342270274343831282e+00 3.632834777832031250e+02
6.345705026726362163e+00 3.684705810546875000e+02
6.349139779108893045e+00 3.663629455566406250e+02
6.352574531491424814e+00 3.619792175292968750e+02
6.356009283873955695e+00 3.552150268554687500e+02
6.359444036256487465e+00 3.521036376953125000e+02
6.362878788639018346e+00 3.501094360351562500e+02
6.366313541021550115e+00 3.498186950683593750e+02
6.369748293404080997e+00 3.464180603027343750e+02
6.373183045786611878e+00 3.410117492675781250e+02
6.376617798169142759e+00 3.409508056640625000e+02
6.380052550551673640e+00 3.442286682128906250e+02
6.383487302934205410e+00 3.463195800781250000e+02
6.386922055316736291e+00 3.495234680175781250e+02
6.390356807699268060e+00 3.438335876464843750e+02
6.393791560081798941e+00 3.401857299804687500e+02
6.397226312464329823e+00 3.466102905273437500e+02
6.400661064846860704e+00 3.529664916992187500e+02
6.404095817229392473e+00 3.520711669921875000e+02
6.407530569611923355e+00 3.454810791015625000e+02
6.410965321994455124e+00 3.429268798828125000e+02
6.414400074376986005e+00 3.455408630371093750e+02
6.417834826759517775e+00 3.518484191894531250e+02
6.421269579142047768e+00 3.612326965332031250e+02
6.424704331524579537e+00 3.683642272949218750e+02
6.428139083907110418e+00 3.673439331054687500e+02
6.431573836289642188e+00 3.694405212402343750e+02
6.435008588672173069e+00 3.648520507812500000e+02
6.438443341054704838e+00 3.649902038574218750e+02
6.441878093437235719e+00 3.634530639648437500e+02
6.445312845819766601e+00 3.655630798339843750e+02
6.448747598202297482e+00 3.636148071289062500e+02
6.452182350584829251e+00 3.524700622558593750e+02
6.455617102967360132e+00 3.494974365234375000e+02
6.459051855349891014e+00 3.478932800292968750e+02
6.462486607732422783e+00 3.424428100585937500e+02
6.465921360114953664e+00 3.382550659179687500e+02
6.469356112497485434e+00 3.408657226562500000e+02
6.472790864880015427e+00 3.453439636230468750e+02
6.476225617262547196e+00 3.435820617675781250e+02
6.479660369645078077e+00 3.404024047851562500e+02
6.483095122027609847e+00 3.397518920898437500e+02
6.486529874410140728e+00 3.376425476074218750e+02
6.489964626792672497e+00 3.363829956054687500e+02
6.493399379175203379e+00 3.382983093261718750e+02
6.496834131557734260e+00 3.404505920410156250e+02
6.500268883940265141e+00 3.428283081054687500e+02
6.503703636322796910e+00 3.368228759765625000e+02
6.507138388705327792e+00 3.405608825683593750e+02
6.510573141087859561e+00 3.433216247558593750e+02
6.514007893470390442e+00 3.453962097167968750e+02
6.517442645852922212e+00 3.460527343750000000e+02
6.520877398235453093e+00 3.491560058593750000e+02
6.524312150617983974e+00 3.476349182128906250e+02
6.527746903000514855e+00 3.474088439941406250e+02
6.531181655383045737e+00 3.441114807128906250e+02
6.534616407765577506e+00 3.414763183593750000e+02
6.538051160148108387e+00 3.404197692871093750e+02
6.541485912530640157e+00 3.432788085937500000e+02
6.544920664913171038e+00 3.469024658203125000e+02
6.548355417295701919e+00 3.418352355957031250e+02
6.551790169678232800e+00 3.405559082031250000e+02
6.555224922060764570e+00 3.437987670898437500e+02
6.558659674443295451e+00 3.444033203125000000e+02
6.562094426825827220e+00 3.459655456542968750e+02
6.565529179208358102e+00 3.395998840332031250e+02
6.568963931590889871e+00 3.420893859863281250e+02
6.572398683973419864e+00 3.381439819335937500e+02
6.575833436355951633e+00 3.326634826660156250e+02
6.579268188738482515e+00 3.339338989257812500e+02
6.582702941121014284e+00 3.380801391601562500e+02
6.586137693503545165e+00 3.449084472656250000e+02
6.589572445886076935e+00 3.523677062988281250e+02
6.593007198268607816e+00 3.549677734375000000e+02
6.596441950651138697e+00 3.539801025390625000e+02
6.599876703033669578e+00 3.466975402832031250e+02
6.603311455416201348e+00 3.397963562011718750e+02
6.606746207798732229e+00 3.426125183105468750e+02
6.610180960181263110e+00 3.468585205078125000e+02
6.613615712563794879e+00 3.434692993164062500e+02
6.617050464946325761e+00 3.359072570800781250e+02
6.620485217328857530e+00 3.333460998535156250e+02
6.623919969711387523e+00 3.372356567382812500e+02
6.627354722093919293e+00 3.385079650878906250e+02
6.630789474476450174e+00 3.317477111816406250e+02
6.634224226858981943e+00 3.263515625000000000e+02
6.637658979241512824e+00 3.274223327636718750e+02
6.641093731624044594e+00 3.311491088867187500e+02
6.644528484006575475e+00 3.311568603515625000e+02
6.647963236389106356e+00 3.322680664062500000e+02
6.651397988771637237e+00 3.305711669921875000e+02
6.654832741154169007e+00 3.333715515136718750e+02
6.658267493536699888e+00 3.341494445800781250e+02
6.661702245919231657e+00 3.337227478027343750e+02
6.665136998301762539e+00 3.322663574218750000e+02
6.668571750684294308e+00 3.353352661132812500e+02
6.672006503066824301e+00 3.396622619628906250e+02
6.675441255449356071e+00 3.425614624023437500e+02
6.678876007831886952e+00 3.439997253417968750e+02
6.682310760214417833e+00 3.492408142089843750e+02
6.685745512596949602e+00 3.624056701660156250e+02
6.689180264979480484e+00 3.688405151367187500e+02
6.692615017362012253e+00 3.647118225097656250e+02
6.696049769744543134e+00 3.600251770019531250e+02
6.699484522127074015e+00 3.603723144531250000e+02
6.702919274509604897e+00 3.561691894531250000e+02
6.706354026892136666e+00 3.511089782714843750e+02
6.709788779274667547e+00 3.509313964843750000e+02
6.713223531657199317e+00 3.462378845214843750e+02
6.716658284039730198e+00 3.455614013671875000e+02
6.720093036422261967e+00 3.445046691894531250e+02
6.723527788804791960e+00 3.384444885253906250e+02
6.726962541187323730e+00 3.339487304687500000e+02
6.730397293569854611e+00 3.296104431152343750e+02
6.733832045952386380e+00 3.326433105468750000e+02
6.737266798334917262e+00 3.335930175781250000e+02
6.740701550717449031e+00 3.259537963867187500e+02
6.744136303099979912e+00 3.196757812500000000e+02
6.747571055482510793e+00 3.233067626953125000e+02
6.751005807865041675e+00 3.258013916015625000e+02
6.754440560247573444e+00 3.226331481933593750e+02
6.757875312630104325e+00 3.214023742675781250e+02
6.761310065012635206e+00 3.314555664062500000e+02
6.764744817395166976e+00 3.398634338378906250e+02
6.768179569777697857e+00 3.398513488769531250e+02
6.771614322160229626e+00 3.398786315917968750e+02
6.775049074542759620e+00 3.402956848144531250e+02
6.778483826925291389e+00 3.388414001464843750e+02
6.781918579307822270e+00 3.348658447265625000e+02
6.785353331690354040e+00 3.373117370605468750e+02
6.788788084072884921e+00 3.442249145507812500e+02
6.792222836455416690e+00 3.470489807128906250e+02
6.795657588837947571e+00 3.453349914550781250e+02
6.799092341220478453e+00 3.465448608398437500e+02
6.802527093603009334e+00 3.485950317382812500e+02
6.805961845985541103e+00 3.510885925292968750e+02
6.809396598368071984e+00 3.484115905761718750e+02
6.812831350750603754e+00 3.489690856933593750e+02
6.816266103133134635e+00 3.443656616210937500e+02
6.819700855515666404e+00 3.383818054199218750e+02
6.823135607898196398e+00 3.360643310546875000e+02
6.826570360280728167e+00 3.362330017089843750e+02
6.830005112663259048e+00 3.350488281250000000e+02
6.833439865045790818e+00 3.330620727539062500e+02
6.836874617428321699e+00 3.327426452636718750e+02
6.840309369810852580e+00 3.330480957031250000e+02
6.843744122193384349e+00 3.278239135742187500e+02
6.847178874575915231e+00 3.279356689453125000e+02
6.850613626958446112e+00 3.287975158691406250e+02
6.854048379340976993e+00 3.287048339843750000e+02
6.857483131723508762e+00 3.342044982910156250e+02
6.860917884106039644e+00 3.423047790527343750e+02
6.864352636488571413e+00 3.441456604003906250e+02
6.867787388871102294e+00 3.413621215820312500e+02
6.871222141253634064e+00 3.449349670410156250e+02
6.874656893636164057e+00 3.460641479492187500e+02
6.878091646018695826e+00 3.438892517089843750e+02
6.881526398401226707e+00 3.354499206542968750e+02
6.884961150783758477e+00 3.293590087890625000e+02
6.888395903166289358e+00 3.299360961914062500e+02
6.891830655548821127e+00 3.306103210449218750e+02
6.895265407931352009e+00 3.290551757812500000e+02
6.898700160313882890e+00 3.283536987304687500e+02
6.902134912696413771e+00 3.273558349609375000e+02
6.905569665078945540e+00 3.264525146484375000e+02
6.909004417461476422e+00 3.274467163085937500e+02
6.912439169844007303e+00 3.307478637695312500e+02
6.915873922226539072e+00 3.327353820800781250e+02
6.919308674609069953e+00 3.337844848632812500e+02
6.922743426991601723e+00 3.299272766113281250e+02
6.926178179374131716e+00 3.358552551269531250e+02
6.929612931756663485e+00 3.386803894042968750e+02
6.933047684139194367e+00 3.314830017089843750e+02
6.936482436521726136e+00 3.273748474121093750e+02
6.939917188904257017e+00 3.290442810058593750e+02
6.943351941286788787e+00 3.344659118652343750e+02
6.946786693669319668e+00 3.456633911132812500e+02
6.950221446051850549e+00 3.542453002929687500e+02
6.953656198434381430e+00 3.536669006347656250e+02
6.957090950816913200e+00 3.511676940917968750e+02
6.960525703199444081e+00 3.481521911621093750e+02
6.963960455581975850e+00 3.444790344238281250e+02
6.967395207964506731e+00 3.396910705566406250e+02
6.970829960347038501e+00 3.360427551269531250e+02
6.974264712729568494e+00 3.319664001464843750e+02
6.977699465112100263e+00 3.296188049316406250e+02
6.981134217494631145e+00 3.367529296875000000e+02
6.984568969877162914e+00 3.458942260742187500e+02
6.988003722259693795e+00 3.433662109375000000e+02
6.991438474642224676e+00 3.394717712402343750e+02
6.994873227024756446e+00 3.388751831054687500e+02
6.998307979407287327e+00 3.416263427734375000e+02
7.001742731789818208e+00 3.440224914550781250e+02
7.005177484172349089e+00 3.419424133300781250e+02
7.008612236554880859e+00 3.440009765625000000e+02
7.012046988937411740e+00 3.472414855957031250e+02
7.015481741319943509e+00 3.432432556152343750e+02
7.018916493702474391e+00 3.419763793945312500e+02
7.022351246085006160e+00 3.456008605957031250e+02
7.025785998467536153e+00 3.461907958984375000e+02
7.029220750850067922e+00 3.476192016601562500e+02
7.032655503232598804e+00 3.456780395507812500e+02
7.036090255615130573e+00 3.440492553710937500e+02
7.039525007997661454e+00 3.351889038085937500e+02
7.042959760380193224e+00 3.333434753417968750e+02
7.046394512762724105e+00 3.309655151367187500e+02
7.049829265145254986e+00 3.280701599121093750e+02
7.053264017527785867e+00 3.310186157226562500e+02
7.056698769910317637e+00 3.395799560546875000e+02
7.060133522292848518e+00 3.445269470214843750e+02
7.063568274675379399e+00 3.393421020507812500e+02
7.067003027057911169e+00 3.375144958496093750e+02
7.070437779440442050e+00 3.378163452148437500e+02
7.073872531822972931e+00 3.414276123046875000e+02
7.077307284205503812e+00 3.458877868652343750e+02
7.080742036588035582e+00 3.520155334472656250e+02
7.084176788970566463e+00 3.587724914550781250e+02
7.087611541353098232e+00 3.637685241699218750e+02
7.091046293735629114e+00 3.641038208007812500e+02
7.094481046118160883e+00 3.653182983398437500e+02
7.097915798500691764e+00 3.672489624023437500e+02
7.101350550883222645e+00 3.667119445800781250e+02
7.104785303265753527e+00 3.656023864746093750e+02
7.108220055648285296e+00 3.566768493652343750e+02
7.111654808030816177e+00 3.483775329589843750e+02
7.115089560413347947e+00 3.443200378417968750e+02
7.118524312795878828e+00 3.429213256835937500e+02
7.121959065178410597e+00 3.391563720703125000e+02
7.125393817560940590e+00 3.392012634277343750e+02
7.128828569943472360e+00 3.371746520996093750e+02
7.132263322326003241e+00 3.358905029296875000e+02
7.135698074708535010e+00 3.342300720214843750e+02
7.139132827091065892e+00 3.335544433593750000e+02
7.142567579473596773e+00 3.284666748046875000e+02
7.146002331856128542e+00 3.289486389160156250e+02
7.149437084238658535e+00 3.328800048828125000e+02
7.152871836621190305e+00 3.350717468261718750e+02
7.156306589003721186e+00 3.324671325683593750e+02
7.159741341386252955e+00 3.332793273925781250e+02
7.163176093768782948e+00 3.366119384765625000e+02
7.166610846151314718e+00 3.366759338378906250e+02
7.170045598533845599e+00 3.388064575195312500e+02
7.173480350916377368e+00 3.420729980468750000e+02
7.176915103298908249e+00 3.439297180175781250e+02
7.180349855681440019e+00 3.428093872070312500e+02
7.183784608063970900e+00 3.316214599609375000e+02
7.187219360446502670e+00 3.206705627441406250e+02
7.190654112829033551e+00 3.204052124023437500e+02
7.194088865211565320e+00 3.247412109375000000e+02
7.197523617594096201e+00 3.286626892089843750e+02
7.200958369976627971e+00 3.251828308105468750e+02
7.204393122359158852e+00 3.202608642578125000e+02
7.207827874741689733e+00 3.215651855468750000e+02
7.211262627124221503e+00 3.203294372558593750e+02
7.214697379506751496e+00 3.144533081054687500e+02
7.218132131889282377e+00 3.178367309570312500e+02
7.221566884271814146e+00 3.247684631347656250e+02
7.225001636654345027e+00 3.266897888183593750e+02
7.228436389036875909e+00 3.209030761718750000e+02
7.231871141419407678e+00 3.157121582031250000e+02
7.235305893801938559e+00 3.177841186523437500e+02
7.238740646184470329e+00 3.212706604003906250e+02
7.242175398567001210e+00 3.169286193847656250e+02
7.245610150949532979e+00 3.153430175781250000e+02
7.249044903332063861e+00 3.185411071777343750e+02
7.252479655714595630e+00 3.170005493164062500e+02
7.255914408097126511e+00 3.126803894042968750e+02
7.259349160479658281e+00 3.098509216308593750e+02
7.262783912862187385e+00 3.126164855957031250e+02
7.266218665244719155e+00 3.143189392089843750e+02
7.269653417627250036e+00 3.119787292480468750e+02
7.273088170009781805e+00 3.129705810546875000e+02
7.276522922392312687e+00 3.150234069824218750e+02
7.279957674774844456e+00 3.133092041015625000e+02
7.283392427157375337e+00 3.079760131835937500e+02
7.286827179539907107e+00 3.058455200195312500e+02
7.290261931922437988e+00 3.025746459960937500e+02
7.293696684304968869e+00 2.985675048828125000e+02
7.297131436687500639e+00 2.949979248046875000e+02
7.300566189070031520e+00 2.872667846679687500e+02
7.304000941452563289e+00 2.857405700683593750e+02
7.307435693835094170e+00 2.757638244628906250e+02
7.310870446217625940e+00 2.652591247558593750e+02
7.314305198600155045e+00 2.597059326171875000e+02
7.317739950982686814e+00 2.542386322021484375e+02
7.321174703365217695e+00 2.251192169189453125e+02
7.324609455747749465e+00 2.051403198242187500e+02
7.328044208130280346e+00 2.205776824951171875e+02
7.331478960512812115e+00 2.322681274414062500e+02
7.334913712895342996e+00 2.316894683837890625e+02
7.338348465277874766e+00 2.303402252197265625e+02
7.341783217660405647e+00 2.301990661621093750e+02
7.345217970042937417e+00 2.337073669433593750e+02
7.348652722425468298e+00 2.383013000488281250e+02
7.352087474808000067e+00 2.357262420654296875e+02
7.355522227190530948e+00 2.279126739501953125e+02
7.358956979573061830e+00 2.318287048339843750e+02
7.362391731955593599e+00 2.315012207031250000e+02
7.365826484338123592e+00 2.231903076171875000e+02
7.369261236720654473e+00 2.120124511718750000e+02
7.372695989103186243e+00 2.078369293212890625e+02
7.376130741485717124e+00 2.102218475341796875e+02
7.379565493868248005e+00 2.076737518310546875e+02
7.383000246250779774e+00 2.137570190429687500e+02
7.386434998633310656e+00 2.148532867431640625e+02
7.389869751015842425e+00 2.096276092529296875e+02
7.393304503398373306e+00 1.963423461914062500e+02
7.396739255780905076e+00 1.880841217041015625e+02
7.400174008163435957e+00 1.724356994628906250e+02
7.403608760545967726e+00 1.684427185058593750e+02
7.407043512928498608e+00 1.728677368164062500e+02
7.410478265311030377e+00 1.642587432861328125e+02
7.413913017693559482e+00 1.479264068603515625e+02
7.417347770076091251e+00 1.319971008300781250e+02
7.420782522458622132e+00 1.163064880371093750e+02
7.424217274841153902e+00 9.479277038574218750e+01
7.427652027223684783e+00 6.474903869628906250e+01
7.431086779606216552e+00 2.035048294067382812e+01
7.434521531988747434e+00 0.000000000000000000e+00
7.437956284371279203e+00 0.000000000000000000e+00
