# # sector 27: chi = 94.98 deg (range [90, 100))
# # columns: 2theta(deg)  intensity
1.052751605245807909e+00 1.271441284179687500e+03
1.056186357628339012e+00 1.277012939453125000e+03
1.059621110010870337e+00 1.270850463867187500e+03
1.063055862393401441e+00 1.259572265625000000e+03
1.066490614775932544e+00 1.257586547851562500e+03
1.069925367158463869e+00 1.265771972656250000e+03
1.073360119540994972e+00 1.272145263671875000e+03
1.076794871923526298e+00 1.273039428710937500e+03
1.080229624306057401e+00 1.270863403320312500e+03
1.083664376688588726e+00 1.254197875976562500e+03
1.087099129071119830e+00 1.251057250976562500e+03
1.090533881453650933e+00 1.240954833984375000e+03
1.093968633836182036e+00 1.252573608398437500e+03
1.097403386218713361e+00 1.280989135742187500e+03
1.100838138601244465e+00 1.294101928710937500e+03
1.104272890983775568e+00 1.270553100585937500e+03
1.107707643366306893e+00 1.270171508789062500e+03
1.111142395748837997e+00 1.268171264648437500e+03
1.114577148131369322e+00 1.286431640625000000e+03
1.118011900513900425e+00 1.288118164062500000e+03
1.121446652896431750e+00 1.281613037109375000e+03
1.124881405278962854e+00 1.285799560546875000e+03
1.128316157661493957e+00 1.290324340820312500e+03
1.131750910044025060e+00 1.302542358398437500e+03
1.135185662426556386e+00 1.306410156250000000e+03
1.138620414809087489e+00 1.294125610351562500e+03
1.142055167191618592e+00 1.280257324218750000e+03
1.145489919574149917e+00 1.287674682617187500e+03
1.148924671956681021e+00 1.298465576171875000e+03
1.152359424339212346e+00 1.294359130859375000e+03
1.155794176721743449e+00 1.290699829101562500e+03
1.159228929104274775e+00 1.289391235351562500e+03
1.162663681486805878e+00 1.305829711914062500e+03
1.166098433869336981e+00 1.316225830078125000e+03
1.169533186251868084e+00 1.327776123046875000e+03
1.172967938634399410e+00 1.331353271484375000e+03
1.176402691016930513e+00 1.322836425781250000e+03
1.179837443399461616e+00 1.320293090820312500e+03
1.183272195781992941e+00 1.302961303710937500e+03
1.186706948164524045e+00 1.306295898437500000e+03
1.190141700547055370e+00 1.319745483398437500e+03
1.193576452929586473e+00 1.338200317382812500e+03
1.197011205312117799e+00 1.355352172851562500e+03
1.200445957694648902e+00 1.366542724609375000e+03
1.203880710077180005e+00 1.360053833007812500e+03
1.207315462459711108e+00 1.355410888671875000e+03
1.210750214842242434e+00 1.359760131835937500e+03
1.214184967224773537e+00 1.366769287109375000e+03
1.217619719607304640e+00 1.358538085937500000e+03
1.221054471989835966e+00 1.344692626953125000e+03
1.224489224372367069e+00 1.347113769531250000e+03
1.227923976754898394e+00 1.369803833007812500e+03
1.231358729137429497e+00 1.382943481445312500e+03
1.234793481519960823e+00 1.391420898437500000e+03
1.238228233902491926e+00 1.379672485351562500e+03
1.241662986285023029e+00 1.381053222656250000e+03
1.245097738667554133e+00 1.388482910156250000e+03
1.248532491050085236e+00 1.394522338867187500e+03
1.251967243432616561e+00 1.373662841796875000e+03
1.255401995815147664e+00 1.382235839843750000e+03
1.258836748197678990e+00 1.389731079101562500e+03
1.262271500580210093e+00 1.399922607421875000e+03
1.265706252962741418e+00 1.408345092773437500e+03
1.269141005345272522e+00 1.410789550781250000e+03
1.272575757727803847e+00 1.401635498046875000e+03
1.276010510110334950e+00 1.399085327148437500e+03
1.279445262492866053e+00 1.384983642578125000e+03
1.282880014875397157e+00 1.382905517578125000e+03
1.286314767257928260e+00 1.396784790039062500e+03
1.289749519640459585e+00 1.417948364257812500e+03
1.293184272022990688e+00 1.432873291015625000e+03
1.296619024405522014e+00 1.409461303710937500e+03
1.300053776788053117e+00 1.387483520507812500e+03
1.303488529170584442e+00 1.400406250000000000e+03
1.306923281553115546e+00 1.407791625976562500e+03
1.310358033935646871e+00 1.415387207031250000e+03
1.313792786318177974e+00 1.415739501953125000e+03
1.317227538700709077e+00 1.417418579101562500e+03
1.320662291083240181e+00 1.426093505859375000e+03
1.324097043465771284e+00 1.433519653320312500e+03
1.327531795848302609e+00 1.436461914062500000e+03
1.330966548230833713e+00 1.436794067382812500e+03
1.334401300613365038e+00 1.451048461914062500e+03
1.337836052995896141e+00 1.465403808593750000e+03
1.341270805378427466e+00 1.511306884765625000e+03
1.344705557760958570e+00 1.543671142578125000e+03
1.348140310143489895e+00 1.578162353515625000e+03
1.351575062526020998e+00 1.603804687500000000e+03
1.355009814908552102e+00 1.595535888671875000e+03
1.358444567291083205e+00 1.556138305664062500e+03
1.361879319673614308e+00 1.512808471679687500e+03
1.365314072056145633e+00 1.481602050781250000e+03
1.368748824438676737e+00 1.444887207031250000e+03
1.372183576821208062e+00 1.440267211914062500e+03
1.375618329203739165e+00 1.442741455078125000e+03
1.379053081586270491e+00 1.433902709960937500e+03
1.382487833968801594e+00 1.433921630859375000e+03
1.385922586351332919e+00 1.446965209960937500e+03
1.389357338733864022e+00 1.464296875000000000e+03
1.392792091116395126e+00 1.460142700195312500e+03
1.396226843498926229e+00 1.452055541992187500e+03
1.399661595881457332e+00 1.455843750000000000e+03
1.403096348263988657e+00 1.457964111328125000e+03
1.406531100646519761e+00 1.460260498046875000e+03
1.409965853029051086e+00 1.456812500000000000e+03
1.413400605411582189e+00 1.457627441406250000e+03
1.416835357794113515e+00 1.464348876953125000e+03
1.420270110176644618e+00 1.461131225585937500e+03
1.423704862559175943e+00 1.452245971679687500e+03
1.427139614941707046e+00 1.456906005859375000e+03
1.430574367324238150e+00 1.476145385742187500e+03
1.434009119706769253e+00 1.457012939453125000e+03
1.437443872089300356e+00 1.447791748046875000e+03
1.440878624471831682e+00 1.439087890625000000e+03
1.444313376854362785e+00 1.429344848632812500e+03
1.447748129236894110e+00 1.430103515625000000e+03
1.451182881619425213e+00 1.450559082031250000e+03
1.454617634001956539e+00 1.447164062500000000e+03
1.458052386384487642e+00 1.440636352539062500e+03
1.461487138767018967e+00 1.460333740234375000e+03
1.464921891149550071e+00 1.477746948242187500e+03
1.468356643532081174e+00 1.466420532226562500e+03
1.471791395914612277e+00 1.457935546875000000e+03
1.475226148297143380e+00 1.456590942382812500e+03
1.478660900679674706e+00 1.449887817382812500e+03
1.482095653062205809e+00 1.457362182617187500e+03
1.485530405444737134e+00 1.463834594726562500e+03
1.488965157827268238e+00 1.457016113281250000e+03
1.492399910209799563e+00 1.445369262695312500e+03
1.495834662592330666e+00 1.455909667968750000e+03
1.499269414974861991e+00 1.470400024414062500e+03
1.502704167357393095e+00 1.469376953125000000e+03
1.506138919739924198e+00 1.468769287109375000e+03
1.509573672122455301e+00 1.479867309570312500e+03
1.513008424504986404e+00 1.499210937500000000e+03
1.516443176887517730e+00 1.478369506835937500e+03
1.519877929270048833e+00 1.458056640625000000e+03
1.523312681652580158e+00 1.463504882812500000e+03
1.526747434035111262e+00 1.467710083007812500e+03
1.530182186417642587e+00 1.472328247070312500e+03
1.533616938800173690e+00 1.471846313476562500e+03
1.537051691182705015e+00 1.463117431640625000e+03
1.540486443565236119e+00 1.463851684570312500e+03
1.543921195947767222e+00 1.475396240234375000e+03
1.547355948330298325e+00 1.488353515625000000e+03
1.550790700712829429e+00 1.490760009765625000e+03
1.554225453095360754e+00 1.491444458007812500e+03
1.557660205477891857e+00 1.495477172851562500e+03
1.561094957860423182e+00 1.499689453125000000e+03
1.564529710242954286e+00 1.506951416015625000e+03
1.567964462625485611e+00 1.503762939453125000e+03
1.571399215008016714e+00 1.487106323242187500e+03
1.574833967390548040e+00 1.485665893554687500e+03
1.578268719773079143e+00 1.490929565429687500e+03
1.581703472155610246e+00 1.488199096679687500e+03
1.585138224538141349e+00 1.483065307617187500e+03
1.588572976920672453e+00 1.495395629882812500e+03
1.592007729303203778e+00 1.486491577148437500e+03
1.595442481685734881e+00 1.493286254882812500e+03
1.598877234068266207e+00 1.509986938476562500e+03
1.602311986450797310e+00 1.511269409179687500e+03
1.605746738833328635e+00 1.508216552734375000e+03
1.609181491215859738e+00 1.498871093750000000e+03
1.612616243598391064e+00 1.503390380859375000e+03
1.616050995980922167e+00 1.519665283203125000e+03
1.619485748363453270e+00 1.563500732421875000e+03
1.622920500745984373e+00 1.626420043945312500e+03
1.626355253128515477e+00 1.692745117187500000e+03
1.629790005511046802e+00 1.777062377929687500e+03
1.633224757893577905e+00 1.812762451171875000e+03
1.636659510276109231e+00 1.809118774414062500e+03
1.640094262658640334e+00 1.772259643554687500e+03
1.643529015041171659e+00 1.698629882812500000e+03
1.646963767423702762e+00 1.645309936523437500e+03
1.650398519806234088e+00 1.581681396484375000e+03
1.653833272188765191e+00 1.555680175781250000e+03
1.657268024571296294e+00 1.538255859375000000e+03
1.660702776953827398e+00 1.522385009765625000e+03
1.664137529336358501e+00 1.511285644531250000e+03
1.667572281718889826e+00 1.512235107421875000e+03
1.671007034101420929e+00 1.525363403320312500e+03
1.674441786483952255e+00 1.525436767578125000e+03
1.677876538866483358e+00 1.518016357421875000e+03
1.681311291249014683e+00 1.517586791992187500e+03
1.684746043631545787e+00 1.514741210937500000e+03
1.688180796014076890e+00 1.510058959960937500e+03
1.691615548396608215e+00 1.511072631835937500e+03
1.695050300779139318e+00 1.513030273437500000e+03
1.698485053161670422e+00 1.518686279296875000e+03
1.701919805544201525e+00 1.531556884765625000e+03
1.705354557926732850e+00 1.524292114257812500e+03
1.708789310309263954e+00 1.507370239257812500e+03
1.712224062691795279e+00 1.509859741210937500e+03
1.715658815074326382e+00 1.505825439453125000e+03
1.719093567456857707e+00 1.509899291992187500e+03
1.722528319839388811e+00 1.509832885742187500e+03
1.725963072221919914e+00 1.490139404296875000e+03
1.729397824604451239e+00 1.478774902343750000e+03
1.732832576986982343e+00 1.472604492187500000e+03
1.736267329369513446e+00 1.471223876953125000e+03
1.739702081752044549e+00 1.459743530273437500e+03
1.743136834134575874e+00 1.480126342773437500e+03
1.746571586517106978e+00 1.478407714843750000e+03
1.750006338899638303e+00 1.466656494140625000e+03
1.753441091282169406e+00 1.451754638671875000e+03
1.756875843664700731e+00 1.454748046875000000e+03
1.760310596047231835e+00 1.459670166015625000e+03
1.763745348429762938e+00 1.453377075195312500e+03
1.767180100812294263e+00 1.457328857421875000e+03
1.770614853194825367e+00 1.480004150390625000e+03
1.774049605577356470e+00 1.492658569335937500e+03
1.777484357959887573e+00 1.510236694335937500e+03
1.780919110342418898e+00 1.525600463867187500e+03
1.784353862724950002e+00 1.514339355468750000e+03
1.787788615107481327e+00 1.507406250000000000e+03
1.791223367490012208e+00 1.491527954101562500e+03
1.794658119872543534e+00 1.463846313476562500e+03
1.798092872255074859e+00 1.437497680664062500e+03
1.801527624637606184e+00 1.407565307617187500e+03
1.804962377020137065e+00 1.395241333007812500e+03
1.808397129402668391e+00 1.386046997070312500e+03
1.811831881785199494e+00 1.374535522460937500e+03
1.815266634167730819e+00 1.359431762695312500e+03
1.818701386550261700e+00 1.351115112304687500e+03
1.822136138932793026e+00 1.351538330078125000e+03
1.825570891315324351e+00 1.355365844726562500e+03
1.829005643697855676e+00 1.374216308593750000e+03
1.832440396080386558e+00 1.367198852539062500e+03
1.835875148462917883e+00 1.344626464843750000e+03
1.839309900845449208e+00 1.326976074218750000e+03
1.842744653227980089e+00 1.323077270507812500e+03
1.846179405610511415e+00 1.340179565429687500e+03
1.849614157993042740e+00 1.346689208984375000e+03
1.853048910375573843e+00 1.333198974609375000e+03
1.856483662758104725e+00 1.308055908203125000e+03
1.859918415140636050e+00 1.293972412109375000e+03
1.863353167523167375e+00 1.288200805664062500e+03
1.866787919905698701e+00 1.279439331054687500e+03
1.870222672288229582e+00 1.286430053710937500e+03
1.873657424670760907e+00 1.281987670898437500e+03
1.877092177053292232e+00 1.280899658203125000e+03
1.880526929435823114e+00 1.279594726562500000e+03
1.883961681818354439e+00 1.274484375000000000e+03
1.887396434200885764e+00 1.277242065429687500e+03
1.890831186583416867e+00 1.266012695312500000e+03
1.894265938965947749e+00 1.241343139648437500e+03
1.897700691348479074e+00 1.234415039062500000e+03
1.901135443731010399e+00 1.224798950195312500e+03
1.904570196113541725e+00 1.228628295898437500e+03
1.908004948496072606e+00 1.230172607421875000e+03
1.911439700878603931e+00 1.229746826171875000e+03
1.914874453261135256e+00 1.225895141601562500e+03
1.918309205643666138e+00 1.227405639648437500e+03
1.921743958026197463e+00 1.220829711914062500e+03
1.925178710408728788e+00 1.202986938476562500e+03
1.928613462791259892e+00 1.194682983398437500e+03
1.932048215173790773e+00 1.200722412109375000e+03
1.935482967556322098e+00 1.196496704101562500e+03
1.938917719938853423e+00 1.191566528320312500e+03
1.942352472321384749e+00 1.188873535156250000e+03
1.945787224703915630e+00 1.180226806640625000e+03
1.949221977086446955e+00 1.177460815429687500e+03
1.952656729468978281e+00 1.186880981445312500e+03
1.956091481851509162e+00 1.181398925781250000e+03
1.959526234234040487e+00 1.153274169921875000e+03
1.962960986616571812e+00 1.147745971679687500e+03
1.966395738999102916e+00 1.147454223632812500e+03
1.969830491381633797e+00 1.141821411132812500e+03
1.973265243764165122e+00 1.134340820312500000e+03
1.976699996146696447e+00 1.133976440429687500e+03
1.980134748529227329e+00 1.129755737304687500e+03
1.983569500911758654e+00 1.133374145507812500e+03
1.987004253294289979e+00 1.153114257812500000e+03
1.990439005676821305e+00 1.182774902343750000e+03
1.993873758059352186e+00 1.269252685546875000e+03
1.997308510441883511e+00 1.347763427734375000e+03
2.000743262824414614e+00 1.455402832031250000e+03
2.004178015206945940e+00 1.535418334960937500e+03
2.007612767589476821e+00 1.559570190429687500e+03
2.011047519972008146e+00 1.526458374023437500e+03
2.014482272354539472e+00 1.436907226562500000e+03
2.017917024737070353e+00 1.333567504882812500e+03
2.021351777119601678e+00 1.243474975585937500e+03
2.024786529502133003e+00 1.171422973632812500e+03
2.028221281884664329e+00 1.137102783203125000e+03
2.031656034267195210e+00 1.120268920898437500e+03
2.035090786649726535e+00 1.103505615234375000e+03
2.038525539032257861e+00 1.082832641601562500e+03
2.041960291414789186e+00 1.067744140625000000e+03
2.045395043797320067e+00 1.073382324218750000e+03
2.048829796179851392e+00 1.063551147460937500e+03
2.052264548562382718e+00 1.052365844726562500e+03
2.055699300944913599e+00 1.050679321289062500e+03
2.059134053327444924e+00 1.055543945312500000e+03
2.062568805709975805e+00 1.056368041992187500e+03
2.066003558092507131e+00 1.054490844726562500e+03
2.069438310475038012e+00 1.045699096679687500e+03
2.072873062857569337e+00 1.036136962890625000e+03
2.076307815240100663e+00 1.023311767578125000e+03
2.079742567622631988e+00 1.017321899414062500e+03
2.083177320005162869e+00 1.019812927246093750e+03
2.086612072387694194e+00 1.018106140136718750e+03
2.090046824770225520e+00 1.011545959472656250e+03
2.093481577152756401e+00 1.008075805664062500e+03
2.096916329535287726e+00 1.004344055175781250e+03
2.100351081917819052e+00 1.000806274414062500e+03
2.103785834300350377e+00 9.969699096679687500e+02
2.107220586682881258e+00 9.942334594726562500e+02
2.110655339065412583e+00 9.933251342773437500e+02
2.114090091447943909e+00 9.905769653320312500e+02
2.117524843830475234e+00 9.956247558593750000e+02
2.120959596213006115e+00 9.999420166015625000e+02
2.124394348595537441e+00 9.870110473632812500e+02
2.127829100978068766e+00 9.753756103515625000e+02
2.131263853360599647e+00 9.760494995117187500e+02
2.134698605743130972e+00 9.833874511718750000e+02
2.138133358125661854e+00 9.723281860351562500e+02
2.141568110508193179e+00 9.629233398437500000e+02
2.145002862890724060e+00 9.723259887695312500e+02
2.148437615273255386e+00 9.691856079101562500e+02
2.151872367655786711e+00 9.464756469726562500e+02
2.155307120038318036e+00 9.356533813476562500e+02
2.158741872420848917e+00 9.433917236328125000e+02
2.162176624803380243e+00 9.453974609375000000e+02
2.165611377185911568e+00 9.416464233398437500e+02
2.169046129568442449e+00 9.408854370117187500e+02
2.172480881950973775e+00 9.352720947265625000e+02
2.175915634333505100e+00 9.326680908203125000e+02
2.179350386716036425e+00 9.319171142578125000e+02
2.182785139098567306e+00 9.328419189453125000e+02
2.186219891481098632e+00 9.271063232421875000e+02
2.189654643863629957e+00 9.192639770507812500e+02
2.193089396246161282e+00 9.244810180664062500e+02
2.196524148628692163e+00 9.321242675781250000e+02
2.199958901011223489e+00 9.265714721679687500e+02
2.203393653393754814e+00 9.186456298828125000e+02
2.206828405776285695e+00 9.126761474609375000e+02
2.210263158158817021e+00 9.138887939453125000e+02
2.213697910541347902e+00 9.075889892578125000e+02
2.217132662923879227e+00 9.070789184570312500e+02
2.220567415306410108e+00 9.076690673828125000e+02
2.224002167688941434e+00 9.015555419921875000e+02
2.227436920071472759e+00 8.870894165039062500e+02
2.230871672454004084e+00 8.897224121093750000e+02
2.234306424836534966e+00 8.905465087890625000e+02
2.237741177219066291e+00 8.772396240234375000e+02
2.241175929601597616e+00 8.848109741210937500e+02
2.244610681984128497e+00 8.895956420898437500e+02
2.248045434366659823e+00 8.801677856445312500e+02
2.251480186749191148e+00 8.781231689453125000e+02
2.254914939131722473e+00 8.765712280273437500e+02
2.258349691514253355e+00 8.754827270507812500e+02
2.261784443896784680e+00 8.784478149414062500e+02
2.265219196279316005e+00 8.855388793945312500e+02
2.268653948661847330e+00 8.864736328125000000e+02
2.272088701044378212e+00 8.747873535156250000e+02
2.275523453426909537e+00 8.588943481445312500e+02
2.278958205809440862e+00 8.588112792968750000e+02
2.282392958191971744e+00 8.607249755859375000e+02
2.285827710574503069e+00 8.602175292968750000e+02
2.289262462957033950e+00 8.594844970703125000e+02
2.292697215339565275e+00 8.586345825195312500e+02
2.296131967722096157e+00 8.656604003906250000e+02
2.299566720104627482e+00 8.705947265625000000e+02
2.303001472487158807e+00 8.801930541992187500e+02
2.306436224869690133e+00 8.982199096679687500e+02
2.309870977252221014e+00 9.307661132812500000e+02
2.313305729634752339e+00 9.839210815429687500e+02
2.316740482017283664e+00 1.089868408203125000e+03
2.320175234399814546e+00 1.157769653320312500e+03
2.323609986782345871e+00 1.200151733398437500e+03
2.327044739164877196e+00 1.219044799804687500e+03
2.330479491547408522e+00 1.179657714843750000e+03
2.333914243929939403e+00 1.105150390625000000e+03
2.337348996312470728e+00 1.009333801269531250e+03
2.340783748695002053e+00 9.180300903320312500e+02
2.344218501077533379e+00 8.621763305664062500e+02
2.347653253460064260e+00 8.264718627929687500e+02
2.351088005842595585e+00 8.139699096679687500e+02
2.354522758225126911e+00 8.123944091796875000e+02
2.357957510607657792e+00 8.186862792968750000e+02
2.361392262990189117e+00 8.209713134765625000e+02
2.364827015372720442e+00 8.076958618164062500e+02
2.368261767755251324e+00 8.025084838867187500e+02
2.371696520137782205e+00 8.059760131835937500e+02
2.375131272520313530e+00 8.110834350585937500e+02
2.378566024902844855e+00 8.233428344726562500e+02
2.382000777285376181e+00 8.330935058593750000e+02
2.385435529667907062e+00 8.263472290039062500e+02
2.388870282050438387e+00 8.097327270507812500e+02
2.392305034432969713e+00 7.977921752929687500e+02
2.395739786815500594e+00 7.916188354492187500e+02
2.399174539198031919e+00 7.957825927734375000e+02
2.402609291580563244e+00 8.033536987304687500e+02
2.406044043963094570e+00 8.019874267578125000e+02
2.409478796345625451e+00 7.961044311523437500e+02
2.412913548728156776e+00 7.823469238281250000e+02
2.416348301110688102e+00 7.809513549804687500e+02
2.419783053493219427e+00 7.956044921875000000e+02
2.423217805875750308e+00 7.971190185546875000e+02
2.426652558258281633e+00 7.900706787109375000e+02
2.430087310640812959e+00 7.746403808593750000e+02
2.433522063023343840e+00 7.659511718750000000e+02
2.436956815405875165e+00 7.654693603515625000e+02
2.440391567788406491e+00 7.826131591796875000e+02
2.443826320170937372e+00 7.894016113281250000e+02
2.447261072553468253e+00 7.948201293945312500e+02
2.450695824935999578e+00 7.892483520507812500e+02
2.454130577318530904e+00 7.820081176757812500e+02
2.457565329701061785e+00 7.784179077148437500e+02
2.461000082083593110e+00 7.738372192382812500e+02
2.464434834466124435e+00 7.636306152343750000e+02
2.467869586848655761e+00 7.637766723632812500e+02
2.471304339231186642e+00 7.721481323242187500e+02
2.474739091613717967e+00 7.745310668945312500e+02
2.478173843996249293e+00 7.816806030273437500e+02
2.481608596378780618e+00 7.783793334960937500e+02
2.485043348761311499e+00 7.750199584960937500e+02
2.488478101143842824e+00 7.744542236328125000e+02
2.491912853526374150e+00 7.671060791015625000e+02
2.495347605908905031e+00 7.643769531250000000e+02
2.498782358291436356e+00 7.656414794921875000e+02
2.502217110673967682e+00 7.936772460937500000e+02
2.505651863056499007e+00 8.280342407226562500e+02
2.509086615439029888e+00 8.546136474609375000e+02
2.512521367821561213e+00 8.827246704101562500e+02
2.515956120204092539e+00 9.059238281250000000e+02
2.519390872586623420e+00 9.102302856445312500e+02
2.522825624969154301e+00 8.807980957031250000e+02
2.526260377351685626e+00 8.450028076171875000e+02
2.529695129734216952e+00 8.065064086914062500e+02
2.533129882116747833e+00 7.682745361328125000e+02
2.536564634499279158e+00 7.477031860351562500e+02
2.539999386881810484e+00 7.384235229492187500e+02
2.543434139264341809e+00 7.424129028320312500e+02
2.546868891646872690e+00 7.431544189453125000e+02
2.550303644029404015e+00 7.320416259765625000e+02
2.553738396411935341e+00 7.317925415039062500e+02
2.557173148794466666e+00 7.235542602539062500e+02
2.560607901176997547e+00 7.172299804687500000e+02
2.564042653559528873e+00 7.227280883789062500e+02
2.567477405942060198e+00 7.204685668945312500e+02
2.570912158324591079e+00 7.125541381835937500e+02
2.574346910707122404e+00 7.075812988281250000e+02
2.577781663089653730e+00 7.103942260742187500e+02
2.581216415472185055e+00 7.141184082031250000e+02
2.584651167854715936e+00 7.141515502929687500e+02
2.588085920237247262e+00 7.062573242187500000e+02
2.591520672619778587e+00 6.995240478515625000e+02
2.594955425002309468e+00 7.025046386718750000e+02
2.598390177384840349e+00 7.058290405273437500e+02
2.601824929767371675e+00 7.011741333007812500e+02
2.605259682149903000e+00 7.023764648437500000e+02
2.608694434532433881e+00 6.985654907226562500e+02
2.612129186914965207e+00 6.964465942382812500e+02
2.615563939297496532e+00 7.018265380859375000e+02
2.618998691680027857e+00 6.983125610351562500e+02
2.622433444062558738e+00 6.880493774414062500e+02
2.625868196445090064e+00 6.838812255859375000e+02
2.629302948827621389e+00 6.853549194335937500e+02
2.632737701210152714e+00 6.847249145507812500e+02
2.636172453592683596e+00 6.871488037109375000e+02
2.639607205975214921e+00 6.830275268554687500e+02
2.643041958357746246e+00 6.828144531250000000e+02
2.646476710740277127e+00 6.946441650390625000e+02
2.649911463122808453e+00 6.965532226562500000e+02
2.653346215505339778e+00 6.883004760742187500e+02
2.656780967887871103e+00 6.877604370117187500e+02
2.660215720270401984e+00 6.932813110351562500e+02
2.663650472652933310e+00 6.925270385742187500e+02
2.667085225035464635e+00 6.871290893554687500e+02
2.670519977417995516e+00 6.788518676757812500e+02
2.673954729800526398e+00 6.758478393554687500e+02
2.677389482183057723e+00 6.735875244140625000e+02
2.680824234565589048e+00 6.794226684570312500e+02
2.684258986948119929e+00 6.852410278320312500e+02
2.687693739330651255e+00 6.804631347656250000e+02
2.691128491713182580e+00 6.799752807617187500e+02
2.694563244095713905e+00 6.777649536132812500e+02
2.697997996478244787e+00 6.818385620117187500e+02
2.701432748860776112e+00 6.745350952148437500e+02
2.704867501243307437e+00 6.548979492187500000e+02
2.708302253625838762e+00 6.509194946289062500e+02
2.711737006008369644e+00 6.594024658203125000e+02
2.715171758390900969e+00 6.638871459960937500e+02
2.718606510773432294e+00 6.578756103515625000e+02
2.722041263155963176e+00 6.589463500976562500e+02
2.725476015538494501e+00 6.595330810546875000e+02
2.728910767921025826e+00 6.614773559570312500e+02
2.732345520303557151e+00 6.820861206054687500e+02
2.735780272686088033e+00 6.857362670898437500e+02
2.739215025068619358e+00 6.696632080078125000e+02
2.742649777451150683e+00 6.631204223632812500e+02
2.746084529833681565e+00 6.683441162109375000e+02
2.749519282216212890e+00 6.693674316406250000e+02
2.752954034598743771e+00 6.846359863281250000e+02
2.756388786981275096e+00 7.237261352539062500e+02
2.759823539363805978e+00 8.063336181640625000e+02
2.763258291746337303e+00 9.192554321289062500e+02
2.766693044128868628e+00 1.020691101074218750e+03
2.770127796511399954e+00 1.112792236328125000e+03
2.773562548893930835e+00 1.141040771484375000e+03
2.776997301276462160e+00 1.100333251953125000e+03
2.780432053658993485e+00 1.011878662109375000e+03
2.783866806041524811e+00 8.778269042968750000e+02
2.787301558424055692e+00 7.881579589843750000e+02
2.790736310806587017e+00 7.111708984375000000e+02
2.794171063189118343e+00 6.858551635742187500e+02
2.797605815571649224e+00 6.671539916992187500e+02
2.801040567954180549e+00 6.597536010742187500e+02
2.804475320336711874e+00 6.435074462890625000e+02
2.807910072719243200e+00 6.334419555664062500e+02
2.811344825101774081e+00 6.279038085937500000e+02
2.814779577484305406e+00 6.216516723632812500e+02
2.818214329866836731e+00 6.301857299804687500e+02
2.821649082249367613e+00 6.546251831054687500e+02
2.825083834631898938e+00 6.716890869140625000e+02
2.828518587014429819e+00 6.830330810546875000e+02
2.831953339396961145e+00 7.014286499023437500e+02
2.835388091779492026e+00 7.313539428710937500e+02
2.838822844162023351e+00 7.595119628906250000e+02
2.842257596544554676e+00 7.809244384765625000e+02
2.845692348927086002e+00 7.836796875000000000e+02
2.849127101309616883e+00 7.639854736328125000e+02
2.852561853692148208e+00 7.296245727539062500e+02
2.855996606074679534e+00 6.868043212890625000e+02
2.859431358457210415e+00 6.634975585937500000e+02
2.862866110839741740e+00 6.534500122070312500e+02
2.866300863222273065e+00 6.409819335937500000e+02
2.869735615604804391e+00 6.284324951171875000e+02
2.873170367987335272e+00 6.286651000976562500e+02
2.876605120369866597e+00 6.161222534179687500e+02
2.880039872752397923e+00 6.057558593750000000e+02
2.883474625134929248e+00 6.155194702148437500e+02
2.886909377517460129e+00 6.184229736328125000e+02
2.890344129899991454e+00 6.164134521484375000e+02
2.893778882282522780e+00 6.205085449218750000e+02
2.897213634665053661e+00 6.164163208007812500e+02
2.900648387047584986e+00 6.067194213867187500e+02
2.904083139430115867e+00 6.000260620117187500e+02
2.907517891812647193e+00 6.078265991210937500e+02
2.910952644195178074e+00 6.127234497070312500e+02
2.914387396577709399e+00 6.178531494140625000e+02
2.917822148960240725e+00 6.235985107421875000e+02
2.921256901342772050e+00 6.202034301757812500e+02
2.924691653725302931e+00 6.234108276367187500e+02
2.928126406107834256e+00 6.247064819335937500e+02
2.931561158490365582e+00 6.393217773437500000e+02
2.934995910872896463e+00 6.644751586914062500e+02
2.938430663255427788e+00 6.823551635742187500e+02
2.941865415637959114e+00 6.835455322265625000e+02
2.945300168020490439e+00 6.895932006835937500e+02
2.948734920403021320e+00 6.912451782226562500e+02
2.952169672785552645e+00 6.790534667968750000e+02
2.955604425168083971e+00 6.575007324218750000e+02
2.959039177550615296e+00 6.374254760742187500e+02
2.962473929933146177e+00 6.132231445312500000e+02
2.965908682315677503e+00 6.099354248046875000e+02
2.969343434698208828e+00 6.187141723632812500e+02
2.972778187080739709e+00 6.305977783203125000e+02
2.976212939463271034e+00 6.724357299804687500e+02
2.979647691845801916e+00 7.115958251953125000e+02
2.983082444228333241e+00 7.382595825195312500e+02
2.986517196610864122e+00 7.523169555664062500e+02
2.989951948993395447e+00 7.379290161132812500e+02
2.993386701375926773e+00 7.150651245117187500e+02
2.996821453758458098e+00 6.806572265625000000e+02
3.000256206140988979e+00 6.484498901367187500e+02
3.003690958523520305e+00 6.237381591796875000e+02
3.007125710906051630e+00 6.103358154296875000e+02
3.010560463288582511e+00 6.009789428710937500e+02
3.013995215671113836e+00 5.913184204101562500e+02
3.017429968053645162e+00 5.827742919921875000e+02
3.020864720436176487e+00 5.809893798828125000e+02
3.024299472818707368e+00 5.882712402343750000e+02
3.027734225201238694e+00 5.956392211914062500e+02
3.031168977583770019e+00 5.939572753906250000e+02
3.034603729966301344e+00 5.907529907226562500e+02
3.038038482348832225e+00 5.955550537109375000e+02
3.041473234731363551e+00 6.137847900390625000e+02
3.044907987113894876e+00 6.309888305664062500e+02
3.048342739496425757e+00 6.401079711914062500e+02
3.051777491878957083e+00 6.438449096679687500e+02
3.055212244261487964e+00 6.504407348632812500e+02
3.058646996644019289e+00 6.431359863281250000e+02
3.062081749026550170e+00 6.262242431640625000e+02
3.065516501409081496e+00 6.329026489257812500e+02
3.068951253791612821e+00 6.521296997070312500e+02
3.072386006174144146e+00 6.591584472656250000e+02
3.075820758556675028e+00 6.696825561523437500e+02
3.079255510939206353e+00 6.805863647460937500e+02
3.082690263321737678e+00 6.954423828125000000e+02
3.086125015704268559e+00 7.049563598632812500e+02
3.089559768086799885e+00 6.942886962890625000e+02
3.092994520469331210e+00 6.724010009765625000e+02
3.096429272851862535e+00 6.429020385742187500e+02
3.099864025234393416e+00 6.087806396484375000e+02
3.103298777616924742e+00 5.974738769531250000e+02
3.106733529999456067e+00 5.892372436523437500e+02
3.110168282381987392e+00 5.812955932617187500e+02
3.113603034764518274e+00 5.665876464843750000e+02
3.117037787147049599e+00 5.624378662109375000e+02
3.120472539529580924e+00 5.639795532226562500e+02
3.123907291912111805e+00 5.659322509765625000e+02
3.127342044294643131e+00 5.622373046875000000e+02
3.130776796677174012e+00 5.620407714843750000e+02
3.134211549059705337e+00 5.680317993164062500e+02
3.137646301442236219e+00 5.718111572265625000e+02
3.141081053824767544e+00 5.684209594726562500e+02
3.144515806207298869e+00 5.676771850585937500e+02
3.147950558589830194e+00 5.606029052734375000e+02
3.151385310972361076e+00 5.556315307617187500e+02
3.154820063354892401e+00 5.612872924804687500e+02
3.158254815737423726e+00 5.641110229492187500e+02
3.161689568119954608e+00 5.611770019531250000e+02
3.165124320502485933e+00 5.583331909179687500e+02
3.168559072885017258e+00 5.451746215820312500e+02
3.171993825267548583e+00 5.435477905273437500e+02
3.175428577650079465e+00 5.537218627929687500e+02
3.178863330032610790e+00 5.594243774414062500e+02
3.182298082415142115e+00 5.499318847656250000e+02
3.185732834797673441e+00 5.464537353515625000e+02
3.189167587180204322e+00 5.501749877929687500e+02
3.192602339562735647e+00 5.442416992187500000e+02
3.196037091945266972e+00 5.464552612304687500e+02
3.199471844327797854e+00 5.486660156250000000e+02
3.202906596710329179e+00 5.516577758789062500e+02
3.206341349092860060e+00 5.531392822265625000e+02
3.209776101475391386e+00 5.470610961914062500e+02
3.213210853857922267e+00 5.452286376953125000e+02
3.216645606240453592e+00 5.519554443359375000e+02
3.220080358622984917e+00 5.625957031250000000e+02
3.223515111005516243e+00 5.588658447265625000e+02
3.226949863388047124e+00 5.459136962890625000e+02
3.230384615770578449e+00 5.480230712890625000e+02
3.233819368153109775e+00 5.472992553710937500e+02
3.237254120535640656e+00 5.471958618164062500e+02
3.240688872918171981e+00 5.542514038085937500e+02
3.244123625300703306e+00 5.581124267578125000e+02
3.247558377683234632e+00 5.612657470703125000e+02
3.250993130065765513e+00 5.642007446289062500e+02
3.254427882448296838e+00 5.700758056640625000e+02
3.257862634830828164e+00 5.932637939453125000e+02
3.261297387213359489e+00 6.164358520507812500e+02
3.264732139595890370e+00 6.308724365234375000e+02
3.268166891978421695e+00 6.431347045898437500e+02
3.271601644360953021e+00 6.500095825195312500e+02
3.275036396743483902e+00 6.437530517578125000e+02
3.278471149126015227e+00 6.235341796875000000e+02
3.281905901508546108e+00 5.959001464843750000e+02
3.285340653891077434e+00 5.622374267578125000e+02
3.288775406273608315e+00 5.455762939453125000e+02
3.292210158656139640e+00 5.443333740234375000e+02
3.295644911038670966e+00 5.483597412109375000e+02
3.299079663421202291e+00 5.487936401367187500e+02
3.302514415803733172e+00 5.476490478515625000e+02
3.305949168186264497e+00 5.476344604492187500e+02
3.309383920568795823e+00 5.513212280273437500e+02
3.312818672951326704e+00 5.526296386718750000e+02
3.316253425333858029e+00 5.526238403320312500e+02
3.319688177716389355e+00 5.508032836914062500e+02
3.323122930098920680e+00 5.516687011718750000e+02
3.326557682481451561e+00 5.537916870117187500e+02
3.329992434863982886e+00 5.544302368164062500e+02
3.333427187246514212e+00 5.459403686523437500e+02
3.336861939629045093e+00 5.384412841796875000e+02
3.340296692011576418e+00 5.376251831054687500e+02
3.343731444394107744e+00 5.456249389648437500e+02
3.347166196776639069e+00 5.547792968750000000e+02
3.350600949159169950e+00 5.613500976562500000e+02
3.354035701541701275e+00 5.648218383789062500e+02
3.357470453924232601e+00 5.755264892578125000e+02
3.360905206306763482e+00 5.792873535156250000e+02
3.364339958689294363e+00 5.826884765625000000e+02
3.367774711071825688e+00 5.797224121093750000e+02
3.371209463454357014e+00 5.752179565429687500e+02
3.374644215836887895e+00 5.761837158203125000e+02
3.378078968219419220e+00 5.676593017578125000e+02
3.381513720601950546e+00 5.560987548828125000e+02
3.384948472984481871e+00 5.475971679687500000e+02
3.388383225367012752e+00 5.410083007812500000e+02
3.391817977749544077e+00 5.302125244140625000e+02
3.395252730132075403e+00 5.270831298828125000e+02
3.398687482514606728e+00 5.256417236328125000e+02
3.402122234897137609e+00 5.258822631835937500e+02
3.405556987279668935e+00 5.230825805664062500e+02
3.408991739662200260e+00 5.221458129882812500e+02
3.412426492044731141e+00 5.378248291015625000e+02
3.415861244427262466e+00 5.519110717773437500e+02
3.419295996809793792e+00 5.568760986328125000e+02
3.422730749192325117e+00 5.625585937500000000e+02
3.426165501574855998e+00 5.692863769531250000e+02
3.429600253957387324e+00 5.608284301757812500e+02
3.433035006339918649e+00 5.547275390625000000e+02
3.436469758722449530e+00 5.631049194335937500e+02
3.439904511104980411e+00 5.618137817382812500e+02
3.443339263487511737e+00 5.498697509765625000e+02
3.446774015870043062e+00 5.463028564453125000e+02
3.450208768252573943e+00 5.449209594726562500e+02
3.453643520635105268e+00 5.516985473632812500e+02
3.457078273017636594e+00 5.516405029296875000e+02
3.460513025400167919e+00 5.557346801757812500e+02
3.463947777782698800e+00 5.586367797851562500e+02
3.467382530165230126e+00 5.590808715820312500e+02
3.470817282547761451e+00 5.478422851562500000e+02
3.474252034930292776e+00 5.469414672851562500e+02
3.477686787312823657e+00 5.523200683593750000e+02
3.481121539695354983e+00 5.496551513671875000e+02
3.484556292077886308e+00 5.347886962890625000e+02
3.487991044460417189e+00 5.292648925781250000e+02
3.491425796842948515e+00 5.215897216796875000e+02
3.494860549225479840e+00 5.237613525390625000e+02
3.498295301608011165e+00 5.210664672851562500e+02
3.501730053990542046e+00 5.199110107421875000e+02
3.505164806373073372e+00 5.141249389648437500e+02
3.508599558755604697e+00 5.221719360351562500e+02
3.512034311138135578e+00 5.245888061523437500e+02
3.515469063520666460e+00 5.149520263671875000e+02
3.518903815903197785e+00 5.184196777343750000e+02
3.522338568285729110e+00 5.230722045898437500e+02
3.525773320668259991e+00 5.243358764648437500e+02
3.529208073050791317e+00 5.240501098632812500e+02
3.532642825433322642e+00 5.206506958007812500e+02
3.536077577815853967e+00 5.251493530273437500e+02
3.539512330198384849e+00 5.233936157226562500e+02
3.542947082580916174e+00 5.238504028320312500e+02
3.546381834963447499e+00 5.226992797851562500e+02
3.549816587345978824e+00 5.122802124023437500e+02
3.553251339728509706e+00 5.130268554687500000e+02
3.556686092111041031e+00 5.249779663085937500e+02
3.560120844493572356e+00 5.342105712890625000e+02
3.563555596876103237e+00 5.353600463867187500e+02
3.566990349258634563e+00 5.327701416015625000e+02
3.570425101641165888e+00 5.258758544921875000e+02
3.573859854023697213e+00 5.263387451171875000e+02
3.577294606406228095e+00 5.239465942382812500e+02
3.580729358788759420e+00 5.217174682617187500e+02
3.584164111171290301e+00 5.191472778320312500e+02
3.587598863553821626e+00 5.104539184570312500e+02
3.591033615936352508e+00 5.074281921386718750e+02
3.594468368318883833e+00 5.162736206054687500e+02
3.597903120701415158e+00 5.166643066406250000e+02
3.601337873083946484e+00 5.131168823242187500e+02
3.604772625466477809e+00 5.082441101074218750e+02
3.608207377849008246e+00 5.032583618164062500e+02
3.611642130231539571e+00 5.071697082519531250e+02
3.615076882614070897e+00 5.118576965332031250e+02
3.618511634996602222e+00 5.172047729492187500e+02
3.621946387379133547e+00 5.160948486328125000e+02
3.625381139761664873e+00 5.136304931640625000e+02
3.628815892144196198e+00 5.126452636718750000e+02
3.632250644526726635e+00 5.071947326660156250e+02
3.635685396909257960e+00 5.013811645507812500e+02
3.639120149291789286e+00 5.066242065429687500e+02
3.642554901674320611e+00 5.105818786621093750e+02
3.645989654056851936e+00 5.161448974609375000e+02
3.649424406439383262e+00 5.007375183105468750e+02
3.652859158821914587e+00 4.909304809570312500e+02
3.656293911204445912e+00 4.961229248046875000e+02
3.659728663586976349e+00 4.974006042480468750e+02
3.663163415969507675e+00 4.916120300292968750e+02
3.666598168352038556e+00 4.994747619628906250e+02
3.670032920734569881e+00 5.051668701171875000e+02
3.673467673117101207e+00 4.918818664550781250e+02
3.676902425499632532e+00 4.878836669921875000e+02
3.680337177882163857e+00 4.938950805664062500e+02
3.683771930264694294e+00 4.996576538085937500e+02
3.687206682647225620e+00 5.022760620117187500e+02
3.690641435029756945e+00 5.028542785644531250e+02
3.694076187412288270e+00 5.065428771972656250e+02
3.697510939794819596e+00 5.060297851562500000e+02
3.700945692177350921e+00 5.005502624511718750e+02
3.704380444559882246e+00 4.921588439941406250e+02
3.707815196942412683e+00 4.960343627929687500e+02
3.711249949324944009e+00 4.988727722167968750e+02
3.714684701707475334e+00 5.032748718261718750e+02
3.718119454090006659e+00 5.039933776855468750e+02
3.721554206472537984e+00 5.018120422363281250e+02
3.724988958855069310e+00 4.961851501464843750e+02
3.728423711237600635e+00 5.050230102539062500e+02
3.731858463620131960e+00 5.120780639648437500e+02
3.735293216002662398e+00 5.139873657226562500e+02
3.738727968385193723e+00 5.098514709472656250e+02
3.742162720767725048e+00 5.044318237304687500e+02
3.745597473150255929e+00 4.968548583984375000e+02
3.749032225532787255e+00 4.937449340820312500e+02
3.752466977915318580e+00 4.908433532714843750e+02
3.755901730297849905e+00 4.944949340820312500e+02
3.759336482680380342e+00 4.992331848144531250e+02
3.762771235062911668e+00 5.014810485839843750e+02
3.766205987445442993e+00 5.121813354492187500e+02
3.769640739827974318e+00 5.257109375000000000e+02
3.773075492210505644e+00 5.427168579101562500e+02
3.776510244593036969e+00 5.575601196289062500e+02
3.779944996975568294e+00 5.611475219726562500e+02
3.783379749358098731e+00 5.566211547851562500e+02
3.786814501740630057e+00 5.431289062500000000e+02
3.790249254123161382e+00 5.271773071289062500e+02
3.793684006505692707e+00 5.135750732421875000e+02
3.797118758888224033e+00 5.044117431640625000e+02
3.800553511270755358e+00 4.928508911132812500e+02
3.803988263653286683e+00 4.905619506835937500e+02
3.807423016035818009e+00 4.938102416992187500e+02
3.810857768418348446e+00 4.990810852050781250e+02
3.814292520800879771e+00 4.960545654296875000e+02
3.817727273183411096e+00 4.896771545410156250e+02
3.821162025565941978e+00 4.872205200195312500e+02
3.824596777948473303e+00 4.887032470703125000e+02
3.828031530331004628e+00 4.863968811035156250e+02
3.831466282713535954e+00 4.900615844726562500e+02
3.834901035096066391e+00 4.983738403320312500e+02
3.838335787478597716e+00 5.028206787109375000e+02
3.841770539861129041e+00 5.224351806640625000e+02
3.845205292243660367e+00 5.516035156250000000e+02
3.848640044626191692e+00 5.675808105468750000e+02
3.852074797008723017e+00 5.706276855468750000e+02
3.855509549391254343e+00 5.645280151367187500e+02
3.858944301773784780e+00 5.560233764648437500e+02
3.862379054156316105e+00 5.497189331054687500e+02
3.865813806538847430e+00 5.397026977539062500e+02
3.869248558921378756e+00 5.395985717773437500e+02
3.872683311303910081e+00 5.436445922851562500e+02
3.876118063686441406e+00 5.328131713867187500e+02
3.879552816068972732e+00 5.149735107421875000e+02
3.882987568451504057e+00 5.019116821289062500e+02
3.886422320834034494e+00 4.880245056152343750e+02
3.889857073216565819e+00 4.888025207519531250e+02
3.893291825599097145e+00 4.855811157226562500e+02
3.896726577981628026e+00 4.832047119140625000e+02
3.900161330364159351e+00 4.813871154785156250e+02
3.903596082746690676e+00 4.757605590820312500e+02
3.907030835129222002e+00 4.726109924316406250e+02
3.910465587511752439e+00 4.685882263183593750e+02
3.913900339894283764e+00 4.642898559570312500e+02
3.917335092276815089e+00 4.721288146972656250e+02
3.920769844659346415e+00 4.730402526855468750e+02
3.924204597041877740e+00 4.723922424316406250e+02
3.927639349424409065e+00 4.703653564453125000e+02
3.931074101806940391e+00 4.640828247070312500e+02
3.934508854189470828e+00 4.635013427734375000e+02
3.937943606572002153e+00 4.621545715332031250e+02
3.941378358954533478e+00 4.582311706542968750e+02
3.944813111337064804e+00 4.569651184082031250e+02
3.948247863719596129e+00 4.635374755859375000e+02
3.951682616102127454e+00 4.630054626464843750e+02
3.955117368484658780e+00 4.621875000000000000e+02
3.958552120867189217e+00 4.723368835449218750e+02
3.961986873249720542e+00 4.793510437011718750e+02
3.965421625632251867e+00 4.765202636718750000e+02
3.968856378014783193e+00 4.722970581054687500e+02
3.972291130397314074e+00 4.663299865722656250e+02
3.975725882779845399e+00 4.631917419433593750e+02
3.979160635162376725e+00 4.648645324707031250e+02
3.982595387544908050e+00 4.699090270996093750e+02
3.986030139927438487e+00 4.706552429199218750e+02
3.989464892309969812e+00 4.692252807617187500e+02
3.992899644692501138e+00 4.778421325683593750e+02
3.996334397075032463e+00 4.857561340332031250e+02
3.999769149457563788e+00 5.055981445312500000e+02
4.003203901840095114e+00 5.359365844726562500e+02
4.006638654222625995e+00 5.906473388671875000e+02
4.010073406605156876e+00 6.291915893554687500e+02
4.013508158987687757e+00 6.655009155273437500e+02
4.016942911370219527e+00 6.859036865234375000e+02
4.020377663752750408e+00 6.815856933593750000e+02
4.023812416135282177e+00 6.570571899414062500e+02
4.027247168517813058e+00 6.098950805664062500e+02
4.030681920900344828e+00 5.667619018554687500e+02
4.034116673282874821e+00 5.340066528320312500e+02
4.037551425665406590e+00 5.072022705078125000e+02
4.040986178047937472e+00 4.974887695312500000e+02
4.044420930430469241e+00 4.858996887207031250e+02
4.047855682813000122e+00 4.743068237304687500e+02
4.051290435195531892e+00 4.705835571289062500e+02
4.054725187578062773e+00 4.720704956054687500e+02
4.058159939960594542e+00 4.727871398925781250e+02
4.061594692343124535e+00 4.682888183593750000e+02
4.065029444725656305e+00 4.664323120117187500e+02
4.068464197108187186e+00 4.613063354492187500e+02
4.071898949490718955e+00 4.529035339355468750e+02
4.075333701873249836e+00 4.481714172363281250e+02
4.078768454255781606e+00 4.545267639160156250e+02
4.082203206638312487e+00 4.580064392089843750e+02
4.085637959020843368e+00 4.603850402832031250e+02
4.089072711403374250e+00 4.606697998046875000e+02
4.092507463785905131e+00 4.621735534667968750e+02
4.095942216168436900e+00 4.609202270507812500e+02
4.099376968550967781e+00 4.582970275878906250e+02
4.102811720933499551e+00 4.591931457519531250e+02
4.106246473316030432e+00 4.545572509765625000e+02
4.109681225698561313e+00 4.476906433105468750e+02
4.113115978081092194e+00 4.505218505859375000e+02
4.116550730463623964e+00 4.514343872070312500e+02
4.119985482846154845e+00 4.594710693359375000e+02
4.123420235228686614e+00 4.561187744140625000e+02
4.126854987611217496e+00 4.521428833007812500e+02
4.130289739993749265e+00 4.547592773437500000e+02
4.133724492376280146e+00 4.583625488281250000e+02
4.137159244758811028e+00 4.569228210449218750e+02
4.140593997141341909e+00 4.568811035156250000e+02
4.144028749523873678e+00 4.642622375488281250e+02
4.147463501906404559e+00 4.590673522949218750e+02
4.150898254288936329e+00 4.494224243164062500e+02
4.154333006671467210e+00 4.486723327636718750e+02
4.157767759053998091e+00 4.505618896484375000e+02
4.161202511436528972e+00 4.514367675781250000e+02
4.164637263819060742e+00 4.593098144531250000e+02
4.168072016201591623e+00 4.616406250000000000e+02
4.171506768584122504e+00 4.649812011718750000e+02
4.174941520966654274e+00 4.752367858886718750e+02
4.178376273349185155e+00 4.959569702148437500e+02
4.181811025731716924e+00 5.146054687500000000e+02
4.185245778114246917e+00 5.380878906250000000e+02
4.188680530496778687e+00 5.475200195312500000e+02
4.192115282879309568e+00 5.403891601562500000e+02
4.195550035261841337e+00 5.253461303710937500e+02
4.198984787644372219e+00 5.134637451171875000e+02
4.202419540026903988e+00 5.038030395507812500e+02
4.205854292409434869e+00 4.904643249511718750e+02
4.209289044791966639e+00 4.907355957031250000e+02
4.212723797174496632e+00 5.042397766113281250e+02
4.216158549557028401e+00 5.288815917968750000e+02
4.219593301939559282e+00 5.488825073242187500e+02
4.223028054322091052e+00 5.600846557617187500e+02
4.226462806704621933e+00 5.559513549804687500e+02
4.229897559087153702e+00 5.426522827148437500e+02
4.233332311469684583e+00 5.196472778320312500e+02
4.236767063852215465e+00 5.001662902832031250e+02
4.240201816234746346e+00 4.816995849609375000e+02
4.243636568617277227e+00 4.595596008300781250e+02
4.247071320999808997e+00 4.542932128906250000e+02
4.250506073382339878e+00 4.550401611328125000e+02
4.253940825764871647e+00 4.566035461425781250e+02
4.257375578147402528e+00 4.544544677734375000e+02
4.260810330529933410e+00 4.516896057128906250e+02
4.264245082912464291e+00 4.461248779296875000e+02
4.267679835294996060e+00 4.476973876953125000e+02
4.271114587677526941e+00 4.528589172363281250e+02
4.274549340060058711e+00 4.482810974121093750e+02
4.277984092442589592e+00 4.461504211425781250e+02
4.281418844825121361e+00 4.492976989746093750e+02
4.284853597207652243e+00 4.630717163085937500e+02
4.288288349590183124e+00 4.774838562011718750e+02
4.291723101972714005e+00 4.941566772460937500e+02
4.295157854355245775e+00 5.293429565429687500e+02
4.298592606737776656e+00 5.580035400390625000e+02
4.302027359120308425e+00 5.707623901367187500e+02
4.305462111502839306e+00 5.760640869140625000e+02
4.308896863885370188e+00 5.668959960937500000e+02
4.312331616267901069e+00 5.392946166992187500e+02
4.315766368650432838e+00 5.007819519042968750e+02
4.319201121032963719e+00 4.726831970214843750e+02
4.322635873415494601e+00 4.532432861328125000e+02
4.326070625798026370e+00 4.518981933593750000e+02
4.329505378180557251e+00 4.481733703613281250e+02
4.332940130563089021e+00 4.452400817871093750e+02
4.336374882945619014e+00 4.450752868652343750e+02
4.339809635328150783e+00 4.461099853515625000e+02
4.343244387710681664e+00 4.398518371582031250e+02
4.346679140093213434e+00 4.422077941894531250e+02
4.350113892475744315e+00 4.418617248535156250e+02
4.353548644858276084e+00 4.422267761230468750e+02
4.356983397240806966e+00 4.422724914550781250e+02
4.360418149623338735e+00 4.439087829589843750e+02
4.363852902005868728e+00 4.430358886718750000e+02
4.367287654388400497e+00 4.405491638183593750e+02
4.370722406770931379e+00 4.377585449218750000e+02
4.374157159153463148e+00 4.321746520996093750e+02
4.377591911535994029e+00 4.398731384277343750e+02
4.381026663918525799e+00 4.473793945312500000e+02
4.384461416301056680e+00 4.470217285156250000e+02
4.387896168683587561e+00 4.374113159179687500e+02
4.391330921066118442e+00 4.308251647949218750e+02
4.394765673448649324e+00 4.335039672851562500e+02
4.398200425831181093e+00 4.346148681640625000e+02
4.401635178213711974e+00 4.438309326171875000e+02
4.405069930596243744e+00 4.595422058105468750e+02
4.408504682978774625e+00 4.761126403808593750e+02
4.411939435361305506e+00 4.879894714355468750e+02
4.415374187743836387e+00 4.971972351074218750e+02
4.418808940126368157e+00 4.958086853027343750e+02
4.422243692508899038e+00 4.982880249023437500e+02
4.425678444891430807e+00 4.886686401367187500e+02
4.429113197273961688e+00 4.686517639160156250e+02
4.432547949656493458e+00 4.577637023925781250e+02
4.435982702039023451e+00 4.447689208984375000e+02
4.439417454421555220e+00 4.372622985839843750e+02
4.442852206804086101e+00 4.297650146484375000e+02
4.446286959186617871e+00 4.244544677734375000e+02
4.449721711569148752e+00 4.263400878906250000e+02
4.453156463951680522e+00 4.304963378906250000e+02
4.456591216334211403e+00 4.290506896972656250e+02
4.460025968716742284e+00 4.188519287109375000e+02
4.463460721099273165e+00 4.189257507324218750e+02
4.466895473481804935e+00 4.223394775390625000e+02
4.470330225864335816e+00 4.240498352050781250e+02
4.473764978246866697e+00 4.225404357910156250e+02
4.477199730629398466e+00 4.234630432128906250e+02
4.480634483011929348e+00 4.251467285156250000e+02
4.484069235394461117e+00 4.205136108398437500e+02
4.487503987776991110e+00 4.210888977050781250e+02
4.490938740159522879e+00 4.174353332519531250e+02
4.494373492542053761e+00 4.149307250976562500e+02
4.497808244924585530e+00 4.185899658203125000e+02
4.501242997307116411e+00 4.290762939453125000e+02
4.504677749689648181e+00 4.298946838378906250e+02
4.508112502072179062e+00 4.288732299804687500e+02
4.511547254454709943e+00 4.256037597656250000e+02
4.514982006837240824e+00 4.226771545410156250e+02
4.518416759219772594e+00 4.246813964843750000e+02
4.521851511602303475e+00 4.297938232421875000e+02
4.525286263984835244e+00 4.310964050292968750e+02
4.528721016367366126e+00 4.257953796386718750e+02
4.532155768749897895e+00 4.178176269531250000e+02
4.535590521132428776e+00 4.185793151855468750e+02
4.539025273514959657e+00 4.159884338378906250e+02
4.542460025897490539e+00 4.179531555175781250e+02
4.545894778280021420e+00 4.160981445312500000e+02
4.549329530662553189e+00 4.218115234375000000e+02
4.552764283045084071e+00 4.270182495117187500e+02
4.556199035427615840e+00 4.207928466796875000e+02
4.559633787810146721e+00 4.210399475097656250e+02
4.563068540192677602e+00 4.188459472656250000e+02
4.566503292575208484e+00 4.104749755859375000e+02
4.569938044957740253e+00 4.118706970214843750e+02
4.573372797340271134e+00 4.146754455566406250e+02
4.576807549722802904e+00 4.196946105957031250e+02
4.580242302105333785e+00 4.220268554687500000e+02
4.583677054487865554e+00 4.209255065917968750e+02
4.587111806870395547e+00 4.173770751953125000e+02
4.590546559252927317e+00 4.190942687988281250e+02
4.593981311635458198e+00 4.228910522460937500e+02
4.597416064017989967e+00 4.296903991699218750e+02
4.600850816400520849e+00 4.335022277832031250e+02
4.604285568783052618e+00 4.248535461425781250e+02
4.607720321165583499e+00 4.218851623535156250e+02
4.611155073548115269e+00 4.216073303222656250e+02
4.614589825930645262e+00 4.172279968261718750e+02
4.618024578313177031e+00 4.123354187011718750e+02
4.621459330695707912e+00 4.109341735839843750e+02
4.624894083078238793e+00 4.178235473632812500e+02
4.628328835460770563e+00 4.258719482421875000e+02
4.631763587843301444e+00 4.266970825195312500e+02
4.635198340225833213e+00 4.359521484375000000e+02
4.638633092608363206e+00 4.566196899414062500e+02
4.642067844990894976e+00 4.782387084960937500e+02
4.645502597373425857e+00 5.034297790527343750e+02
4.648937349755957626e+00 5.326945190429687500e+02
4.652372102138488508e+00 5.506131591796875000e+02
4.655806854521020277e+00 5.670300292968750000e+02
4.659241606903551158e+00 5.803218383789062500e+02
4.662676359286082040e+00 5.820212402343750000e+02
4.666111111668612921e+00 5.736630859375000000e+02
4.669545864051144690e+00 5.688613891601562500e+02
4.672980616433675571e+00 5.700138549804687500e+02
4.676415368816207341e+00 5.626058959960937500e+02
4.679850121198738222e+00 5.458375854492187500e+02
4.683284873581269991e+00 5.266424560546875000e+02
4.686719625963800873e+00 5.001379394531250000e+02
4.690154378346331754e+00 4.771880493164062500e+02
4.693589130728862635e+00 4.568861083984375000e+02
4.697023883111393516e+00 4.410953369140625000e+02
4.700458635493925286e+00 4.314003601074218750e+02
4.703893387876456167e+00 4.258103027343750000e+02
4.707328140258987936e+00 4.205200195312500000e+02
4.710762892641518818e+00 4.202012329101562500e+02
4.714197645024049699e+00 4.240993652343750000e+02
4.717632397406580580e+00 4.263721008300781250e+02
4.721067149789112349e+00 4.194315490722656250e+02
4.724501902171643231e+00 4.177362670898437500e+02
4.727936654554175000e+00 4.151557312011718750e+02
4.731371406936705881e+00 4.137778320312500000e+02
4.734806159319237651e+00 4.137909545898437500e+02
4.738240911701767644e+00 4.143872375488281250e+02
4.741675664084299413e+00 4.168074951171875000e+02
4.745110416466830294e+00 4.268422241210937500e+02
4.748545168849362064e+00 4.273116760253906250e+02
4.751979921231892945e+00 4.167624816894531250e+02
4.755414673614424714e+00 4.117643737792968750e+02
4.758849425996955596e+00 4.096835632324218750e+02
4.762284178379487365e+00 4.126323242187500000e+02
4.765718930762017358e+00 4.097762451171875000e+02
4.769153683144549127e+00 4.109944152832031250e+02
4.772588435527080009e+00 4.220021972656250000e+02
4.776023187909610890e+00 4.222721862792968750e+02
4.779457940292142659e+00 4.123086242675781250e+02
4.782892692674673540e+00 4.092216186523437500e+02
4.786327445057205310e+00 4.181213684082031250e+02
4.789762197439735303e+00 4.188345947265625000e+02
4.793196949822267072e+00 4.201333312988281250e+02
4.796631702204797953e+00 4.241302185058593750e+02
4.800066454587329723e+00 4.276392211914062500e+02
4.803501206969860604e+00 4.337295837402343750e+02
4.806935959352392373e+00 4.430009460449218750e+02
4.810370711734923255e+00 4.465661315917968750e+02
4.813805464117454136e+00 4.500356445312500000e+02
4.817240216499985017e+00 4.476335449218750000e+02
4.820674968882516787e+00 4.419909973144531250e+02
4.824109721265047668e+00 4.312448730468750000e+02
4.827544473647579437e+00 4.223709716796875000e+02
4.830979226030110318e+00 4.261115112304687500e+02
4.834413978412642088e+00 4.258755798339843750e+02
4.837848730795172969e+00 4.203239135742187500e+02
4.841283483177703850e+00 4.244224853515625000e+02
4.844718235560234731e+00 4.275712280273437500e+02
4.848152987942766501e+00 4.190435791015625000e+02
4.851587740325297382e+00 4.186891479492187500e+02
4.855022492707828263e+00 4.157207946777343750e+02
4.858457245090360033e+00 4.103249816894531250e+02
4.861891997472890914e+00 4.148099365234375000e+02
4.865326749855421795e+00 4.272165832519531250e+02
4.868761502237952676e+00 4.484372863769531250e+02
4.872196254620484446e+00 4.820766906738281250e+02
4.875631007003015327e+00 5.005566406250000000e+02
4.879065759385547096e+00 5.056058044433593750e+02
4.882500511768077978e+00 5.058643798828125000e+02
4.885935264150609747e+00 4.915319213867187500e+02
4.889370016533139740e+00 4.737195434570312500e+02
4.892804768915671509e+00 4.517805786132812500e+02
4.896239521298202391e+00 4.411375427246093750e+02
4.899674273680734160e+00 4.321403198242187500e+02
4.903109026063265041e+00 4.248371582031250000e+02
4.906543778445796811e+00 4.267468566894531250e+02
4.909978530828327692e+00 4.291330261230468750e+02
4.913413283210858573e+00 4.257005310058593750e+02
4.916848035593389454e+00 4.266500244140625000e+02
4.920282787975921224e+00 4.203040161132812500e+02
4.923717540358452105e+00 4.189422912597656250e+02
4.927152292740982986e+00 4.174545898437500000e+02
4.930587045123514756e+00 4.237050781250000000e+02
4.934021797506045637e+00 4.334829406738281250e+02
4.937456549888577406e+00 4.323668823242187500e+02
4.940891302271107399e+00 4.271592712402343750e+02
4.944326054653639169e+00 4.221816406250000000e+02
4.947760807036170050e+00 4.192127685546875000e+02
4.951195559418701819e+00 4.183860473632812500e+02
4.954630311801232700e+00 4.210700683593750000e+02
4.958065064183764470e+00 4.325395507812500000e+02
4.961499816566295351e+00 4.367412109375000000e+02
4.964934568948826232e+00 4.417047424316406250e+02
4.968369321331357114e+00 4.461178283691406250e+02
4.971804073713888883e+00 4.492027587890625000e+02
4.975238826096419764e+00 4.370046386718750000e+02
4.978673578478951534e+00 4.233285522460937500e+02
4.982108330861482415e+00 4.218471069335937500e+02
4.985543083244014184e+00 4.160867919921875000e+02
4.988977835626544177e+00 4.070003356933593750e+02
4.992412588009075947e+00 4.062929687500000000e+02
4.995847340391606828e+00 4.024533386230468750e+02
4.999282092774138597e+00 4.068568115234375000e+02
5.002716845156669478e+00 4.107265319824218750e+02
5.006151597539200360e+00 4.129143371582031250e+02
5.009586349921732129e+00 4.172311706542968750e+02
5.013021102304263010e+00 4.190477905273437500e+02
5.016455854686793892e+00 4.160373535156250000e+02
5.019890607069324773e+00 4.175139160156250000e+02
5.023325359451856542e+00 4.262314147949218750e+02
5.026760111834387423e+00 4.320863952636718750e+02
5.030194864216919193e+00 4.333753967285156250e+02
5.033629616599450074e+00 4.382785949707031250e+02
5.037064368981981843e+00 4.429705200195312500e+02
5.040499121364511836e+00 4.421195373535156250e+02
5.043933873747043606e+00 4.393971862792968750e+02
5.047368626129574487e+00 4.345889282226562500e+02
5.050803378512106256e+00 4.242403869628906250e+02
5.054238130894637138e+00 4.203771667480468750e+02
5.057672883277168907e+00 4.175729675292968750e+02
5.061107635659699788e+00 4.126808166503906250e+02
5.064542388042230669e+00 4.106426086425781250e+02
5.067977140424761551e+00 4.098055114746093750e+02
5.071411892807293320e+00 4.043465270996093750e+02
5.074846645189824201e+00 4.032743835449218750e+02
5.078281397572355083e+00 4.042226257324218750e+02
5.081716149954886852e+00 4.041258850097656250e+02
5.085150902337417733e+00 4.046821289062500000e+02
5.088585654719949503e+00 4.053829956054687500e+02
5.092020407102479496e+00 4.084805603027343750e+02
5.095455159485011265e+00 4.080861511230468750e+02
5.098889911867542146e+00 4.116399536132812500e+02
5.102324664250073916e+00 4.169485168457031250e+02
5.105759416632604797e+00 4.185094604492187500e+02
5.109194169015136566e+00 4.144112548828125000e+02
5.112628921397667447e+00 4.036188354492187500e+02
5.116063673780198329e+00 4.006886291503906250e+02
5.119498426162729210e+00 4.036987304687500000e+02
5.122933178545260979e+00 4.033272399902343750e+02
5.126367930927791861e+00 3.967345581054687500e+02
5.129802683310323630e+00 3.951820983886718750e+02
5.133237435692854511e+00 3.958046264648437500e+02
5.136672188075386281e+00 3.966617431640625000e+02
5.140106940457916274e+00 3.946788635253906250e+02
5.143541692840448043e+00 3.979203796386718750e+02
5.146976445222978924e+00 4.030174865722656250e+02
5.150411197605510694e+00 4.013244628906250000e+02
5.153845949988041575e+00 4.009346008300781250e+02
5.157280702370572456e+00 4.063937988281250000e+02
5.160715454753104225e+00 4.111354980468750000e+02
5.164150207135635107e+00 4.154709167480468750e+02
5.167584959518165988e+00 4.192720642089843750e+02
5.171019711900696869e+00 4.232554931640625000e+02
5.174454464283228639e+00 4.259172973632812500e+02
5.177889216665759520e+00 4.194478759765625000e+02
5.181323969048291289e+00 4.127932434082031250e+02
5.184758721430822170e+00 4.055774841308593750e+02
5.188193473813353940e+00 3.969917602539062500e+02
5.191628226195883933e+00 3.969932250976562500e+02
5.195062978578415702e+00 3.987872009277343750e+02
5.198497730960946583e+00 4.050097656250000000e+02
5.201932483343478353e+00 4.127992553710937500e+02
5.205367235726009234e+00 4.218706665039062500e+02
5.208801988108541003e+00 4.310552673339843750e+02
5.212236740491071885e+00 4.410164794921875000e+02
5.215671492873602766e+00 4.503337402343750000e+02
5.219106245256133647e+00 4.538690490722656250e+02
5.222540997638665417e+00 4.596119689941406250e+02
5.225975750021196298e+00 4.536667785644531250e+02
5.229410502403727179e+00 4.416727294921875000e+02
5.232845254786258948e+00 4.254211425781250000e+02
5.236280007168789830e+00 4.171809692382812500e+02
5.239714759551321599e+00 4.074429931640625000e+02
5.243149511933851592e+00 3.995579833984375000e+02
5.246584264316383361e+00 3.911741638183593750e+02
5.250019016698914243e+00 3.848348693847656250e+02
5.253453769081446012e+00 3.886842041015625000e+02
5.256888521463976893e+00 3.962021484375000000e+02
5.260323273846508663e+00 3.991398620605468750e+02
5.263758026229039544e+00 3.960797119140625000e+02
5.267192778611570425e+00 3.926813659667968750e+02
5.270627530994101306e+00 3.963782958984375000e+02
5.274062283376633076e+00 3.998330383300781250e+02
5.277497035759163957e+00 3.971951293945312500e+02
5.280931788141695726e+00 3.933107604980468750e+02
5.284366540524226608e+00 3.976417236328125000e+02
5.287801292906758377e+00 4.061995239257812500e+02
5.291236045289288370e+00 4.175899963378906250e+02
5.294670797671820139e+00 4.188402709960937500e+02
5.298105550054351021e+00 4.094848022460937500e+02
5.301540302436882790e+00 3.950697021484375000e+02
5.304975054819413671e+00 3.882245483398437500e+02
5.308409807201944552e+00 3.911150207519531250e+02
5.311844559584476322e+00 3.957428894042968750e+02
5.315279311967006315e+00 4.088420410156250000e+02
5.318714064349538084e+00 4.092456970214843750e+02
5.322148816732068966e+00 4.021469726562500000e+02
5.325583569114600735e+00 4.013431396484375000e+02
5.329018321497131616e+00 4.078445129394531250e+02
5.332453073879663386e+00 4.150376586914062500e+02
5.335887826262194267e+00 4.187478027343750000e+02
5.339322578644726036e+00 4.194339904785156250e+02
5.342757331027256029e+00 4.227565307617187500e+02
5.346192083409787799e+00 4.354441528320312500e+02
5.349626835792318680e+00 4.516582336425781250e+02
5.353061588174850449e+00 4.555872802734375000e+02
5.356496340557381330e+00 4.568244323730468750e+02
5.359931092939913100e+00 4.557966003417968750e+02
5.363365845322443981e+00 4.470349426269531250e+02
5.366800597704974862e+00 4.317551879882812500e+02
5.370235350087505743e+00 4.173244018554687500e+02
5.373670102470037513e+00 4.075855712890625000e+02
5.377104854852568394e+00 3.971936035156250000e+02
5.380539607235100164e+00 3.875859985351562500e+02
5.383974359617631045e+00 3.822415161132812500e+02
5.387409112000161926e+00 3.837994384765625000e+02
5.390843864382692807e+00 3.840046081542968750e+02
5.394278616765223688e+00 3.851780395507812500e+02
5.397713369147755458e+00 3.825419616699218750e+02
5.401148121530286339e+00 3.795078125000000000e+02
5.404582873912818108e+00 3.768411560058593750e+02
5.408017626295348990e+00 3.811353759765625000e+02
5.411452378677880759e+00 3.842470397949218750e+02
5.414887131060411640e+00 3.828533935546875000e+02
5.418321883442942521e+00 3.800637207031250000e+02
5.421756635825473403e+00 3.860805358886718750e+02
5.425191388208005172e+00 3.981610717773437500e+02
5.428626140590536053e+00 4.026551208496093750e+02
5.432060892973067823e+00 3.990235595703125000e+02
5.435495645355598704e+00 3.935296630859375000e+02
5.438930397738130473e+00 3.932496643066406250e+02
5.442365150120660466e+00 3.923691406250000000e+02
5.445799902503192236e+00 3.922658996582031250e+02
5.449234654885723117e+00 3.952234191894531250e+02
5.452669407268254886e+00 3.947071533203125000e+02
5.456104159650785768e+00 3.893423156738281250e+02
5.459538912033316649e+00 3.859689331054687500e+02
5.462973664415848418e+00 3.849037170410156250e+02
5.466408416798379299e+00 3.873801269531250000e+02
5.469843169180910181e+00 3.953004455566406250e+02
5.473277921563441062e+00 4.053878479003906250e+02
5.476712673945972831e+00 4.154274902343750000e+02
5.480147426328503713e+00 4.192940368652343750e+02
5.483582178711035482e+00 4.304129333496093750e+02
5.487016931093566363e+00 4.386711425781250000e+02
5.490451683476098133e+00 4.355035400390625000e+02
5.493886435858628126e+00 4.315302124023437500e+02
5.497321188241159895e+00 4.210332336425781250e+02
5.500755940623690776e+00 4.125306091308593750e+02
5.504190693006222546e+00 4.109613952636718750e+02
5.507625445388753427e+00 4.022905578613281250e+02
5.511060197771285196e+00 3.934299316406250000e+02
5.514494950153816077e+00 3.919599304199218750e+02
5.517929702536346959e+00 3.943486328125000000e+02
5.521364454918877840e+00 4.024071044921875000e+02
5.524799207301409609e+00 4.079193420410156250e+02
5.528233959683940490e+00 4.097969055175781250e+02
5.531668712066472260e+00 4.045037231445312500e+02
5.535103464449003141e+00 4.057276000976562500e+02
5.538538216831534022e+00 4.046120605468750000e+02
5.541972969214064904e+00 4.001371459960937500e+02
5.545407721596595785e+00 3.937971191406250000e+02
5.548842473979127554e+00 3.903927917480468750e+02
5.552277226361658435e+00 3.905216369628906250e+02
5.555711978744190205e+00 3.884708862304687500e+02
5.559146731126721086e+00 3.928270263671875000e+02
5.562581483509252855e+00 3.982222900390625000e+02
5.566016235891783737e+00 3.990213317871093750e+02
5.569450988274314618e+00 4.050873107910156250e+02
5.572885740656845499e+00 4.047874755859375000e+02
5.576320493039377268e+00 3.938697814941406250e+02
5.579755245421908150e+00 3.853794555664062500e+02
5.583189997804439919e+00 3.882936706542968750e+02
5.586624750186970800e+00 3.926204528808593750e+02
5.590059502569502570e+00 3.976195983886718750e+02
5.593494254952032563e+00 3.993077392578125000e+02
5.596929007334564332e+00 3.896884460449218750e+02
5.600363759717095213e+00 3.825025939941406250e+02
5.603798512099626983e+00 3.784300231933593750e+02
5.607233264482157864e+00 3.856973266601562500e+02
5.610668016864688745e+00 3.860344543457031250e+02
5.614102769247220515e+00 3.850900878906250000e+02
5.617537521629751396e+00 3.908236694335937500e+02
5.620972274012282277e+00 3.947088928222656250e+02
5.624407026394813158e+00 3.891218261718750000e+02
5.627841778777344928e+00 3.813682556152343750e+02
5.631276531159875809e+00 3.756241455078125000e+02
5.634711283542407578e+00 3.722839355468750000e+02
5.638146035924938460e+00 3.763973999023437500e+02
5.641580788307470229e+00 3.814344177246093750e+02
5.645015540690000222e+00 3.833651428222656250e+02
5.648450293072531991e+00 3.851086120605468750e+02
5.651885045455062873e+00 3.914259338378906250e+02
5.655319797837594642e+00 3.910686645507812500e+02
5.658754550220125523e+00 3.892314147949218750e+02
5.662189302602657293e+00 3.870049743652343750e+02
5.665624054985188174e+00 3.948225708007812500e+02
5.669058807367719055e+00 4.046842956542968750e+02
5.672493559750249936e+00 4.039114990234375000e+02
5.675928312132781706e+00 4.048411254882812500e+02
5.679363064515312587e+00 4.094560546875000000e+02
5.682797816897844356e+00 4.131083679199218750e+02
5.686232569280375237e+00 4.158163452148437500e+02
5.689667321662906119e+00 4.210059814453125000e+02
5.693102074045437000e+00 4.339992675781250000e+02
5.696536826427967881e+00 4.566913146972656250e+02
5.699971578810499651e+00 4.798083190917968750e+02
5.703406331193030532e+00 5.193213500976562500e+02
5.706841083575562301e+00 5.952803955078125000e+02
5.710275835958093182e+00 7.339165649414062500e+02
5.713710588340624952e+00 8.915458984375000000e+02
5.717145340723154945e+00 1.050541870117187500e+03
5.720580093105686714e+00 1.181119628906250000e+03
5.724014845488217595e+00 1.228369995117187500e+03
5.727449597870749365e+00 1.188106567382812500e+03
5.730884350253280246e+00 1.075753662109375000e+03
5.734319102635812015e+00 9.185797729492187500e+02
5.737753855018342897e+00 7.705487060546875000e+02
5.741188607400874666e+00 6.241019287109375000e+02
5.744623359783404659e+00 5.285820312500000000e+02
5.748058112165936429e+00 4.573490295410156250e+02
5.751492864548467310e+00 4.298822631835937500e+02
5.754927616930999079e+00 4.102115478515625000e+02
5.758362369313529960e+00 3.994426879882812500e+02
5.761797121696060842e+00 3.911051635742187500e+02
5.765231874078592611e+00 3.874197998046875000e+02
5.768666626461123492e+00 3.868927307128906250e+02
5.772101378843654373e+00 3.828902587890625000e+02
5.775536131226185255e+00 3.818973999023437500e+02
5.778970883608717024e+00 3.802218933105468750e+02
5.782405635991247905e+00 3.792415771484375000e+02
5.785840388373779675e+00 3.732468566894531250e+02
5.789275140756310556e+00 3.700527038574218750e+02
5.792709893138841437e+00 3.720592651367187500e+02
5.796144645521372318e+00 3.735055236816406250e+02
5.799579397903904088e+00 3.720194702148437500e+02
5.803014150286434969e+00 3.724556579589843750e+02
5.806448902668966738e+00 3.631893005371093750e+02
5.809883655051497620e+00 3.637939758300781250e+02
5.813318407434029389e+00 3.773216857910156250e+02
5.816753159816560270e+00 3.834211730957031250e+02
5.820187912199091151e+00 3.778399353027343750e+02
5.823622664581622033e+00 3.793412780761718750e+02
5.827057416964153802e+00 3.770724487304687500e+02
5.830492169346684683e+00 3.726862792968750000e+02
5.833926921729216453e+00 3.760210266113281250e+02
5.837361674111747334e+00 3.784505310058593750e+02
5.840796426494278215e+00 3.759111633300781250e+02
5.844231178876809096e+00 3.727103271484375000e+02
5.847665931259339978e+00 3.675664367675781250e+02
5.851100683641871747e+00 3.672524719238281250e+02
5.854535436024402628e+00 3.803965454101562500e+02
5.857970188406934398e+00 3.784244079589843750e+02
5.861404940789465279e+00 3.675461120605468750e+02
5.864839693171997048e+00 3.661828918457031250e+02
5.868274445554527041e+00 3.699976806640625000e+02
5.871709197937058811e+00 3.721053771972656250e+02
5.875143950319589692e+00 3.776414184570312500e+02
5.878578702702121461e+00 3.816708374023437500e+02
5.882013455084652342e+00 3.765620117187500000e+02
5.885448207467184112e+00 3.680013122558593750e+02
5.888882959849714993e+00 3.707846679687500000e+02
5.892317712232246762e+00 3.768290710449218750e+02
5.895752464614776756e+00 3.771398010253906250e+02
5.899187216997308525e+00 3.763916015625000000e+02
5.902621969379839406e+00 3.704264831542968750e+02
5.906056721762371176e+00 3.657238159179687500e+02
5.909491474144902057e+00 3.670094604492187500e+02
5.912926226527432938e+00 3.664041442871093750e+02
5.916360978909964707e+00 3.643944091796875000e+02
5.919795731292495589e+00 3.674004516601562500e+02
5.923230483675026470e+00 3.697799682617187500e+02
5.926665236057557351e+00 3.668786315917968750e+02
5.930099988440089120e+00 3.681793212890625000e+02
5.933534740822620002e+00 3.744314880371093750e+02
5.936969493205151771e+00 3.774859008789062500e+02
5.940404245587682652e+00 3.820143737792968750e+02
5.943838997970213534e+00 3.814626159667968750e+02
5.947273750352744415e+00 3.698656005859375000e+02
5.950708502735276184e+00 3.688861083984375000e+02
5.954143255117807065e+00 3.795679321289062500e+02
5.957578007500338835e+00 3.795120239257812500e+02
5.961012759882869716e+00 3.826098327636718750e+02
5.964447512265401485e+00 3.877898864746093750e+02
5.967882264647932367e+00 3.922723388671875000e+02
5.971317017030463248e+00 3.955280456542968750e+02
5.974751769412994129e+00 3.967218322753906250e+02
5.978186521795525898e+00 3.917194519042968750e+02
5.981621274178056780e+00 3.914767456054687500e+02
5.985056026560588549e+00 3.868526916503906250e+02
5.988490778943119430e+00 3.817869567871093750e+02
5.991925531325650311e+00 3.747669677734375000e+02
5.995360283708181193e+00 3.651781311035156250e+02
5.998795036090712074e+00 3.756614990234375000e+02
6.002229788473243843e+00 3.901512451171875000e+02
6.005664540855774725e+00 3.869342346191406250e+02
6.009099293238306494e+00 3.818812561035156250e+02
6.012534045620837375e+00 3.831066284179687500e+02
6.015968798003369145e+00 3.794262695312500000e+02
6.019403550385899138e+00 3.864327697753906250e+02
6.022838302768430907e+00 3.960692749023437500e+02
6.026273055150961788e+00 3.972890014648437500e+02
6.029707807533493558e+00 3.856722717285156250e+02
6.033142559916024439e+00 3.801147460937500000e+02
6.036577312298556208e+00 3.821909179687500000e+02
6.040012064681087089e+00 3.841932373046875000e+02
6.043446817063618859e+00 3.824384155273437500e+02
6.046881569446148852e+00 3.860773010253906250e+02
6.050316321828680621e+00 3.853073730468750000e+02
6.053751074211211503e+00 3.861166992187500000e+02
6.057185826593743272e+00 3.925026245117187500e+02
6.060620578976274153e+00 4.032162475585937500e+02
6.064055331358805923e+00 4.076052856445312500e+02
6.067490083741336804e+00 4.116459655761718750e+02
6.070924836123867685e+00 4.157626037597656250e+02
6.074359588506398566e+00 4.058327026367187500e+02
6.077794340888929447e+00 3.921959838867187500e+02
6.081229093271461217e+00 3.882052917480468750e+02
6.084663845653992098e+00 3.908753662109375000e+02
6.088098598036523867e+00 3.834742431640625000e+02
6.091533350419054749e+00 3.746303405761718750e+02
6.094968102801585630e+00 3.670776672363281250e+02
6.098402855184116511e+00 3.645828857421875000e+02
6.101837607566648281e+00 3.714127807617187500e+02
6.105272359949179162e+00 3.748865661621093750e+02
6.108707112331710931e+00 3.757928466796875000e+02
6.112141864714241812e+00 3.775910339355468750e+02
6.115576617096773582e+00 3.813831481933593750e+02
6.119011369479304463e+00 3.800727233886718750e+02
6.122446121861835344e+00 3.749791564941406250e+02
6.125880874244366225e+00 3.677537231445312500e+02
6.129315626626897995e+00 3.647560424804687500e+02
6.132750379009428876e+00 3.687373962402343750e+02
6.136185131391960645e+00 3.749662170410156250e+02
6.139619883774491527e+00 3.750830993652343750e+02
6.143054636157022408e+00 3.776177673339843750e+02
6.146489388539553289e+00 3.809046020507812500e+02
6.149924140922085058e+00 3.812355346679687500e+02
6.153358893304615940e+00 3.755625305175781250e+02
6.156793645687146821e+00 3.764983520507812500e+02
6.160228398069678590e+00 3.752344970703125000e+02
6.163663150452209472e+00 3.714090270996093750e+02
6.167097902834741241e+00 3.714286804199218750e+02
6.170532655217271234e+00 3.662113647460937500e+02
6.173967407599803003e+00 3.652134094238281250e+02
6.177402159982333885e+00 3.700626831054687500e+02
6.180836912364865654e+00 3.735540466308593750e+02
6.184271664747396535e+00 3.724829101562500000e+02
6.187706417129928305e+00 3.697859191894531250e+02
6.191141169512459186e+00 3.618969421386718750e+02
6.194575921894990067e+00 3.587252502441406250e+02
6.198010674277520948e+00 3.614915466308593750e+02
6.201445426660052718e+00 3.546581420898437500e+02
6.204880179042583599e+00 3.520367126464843750e+02
6.208314931425115368e+00 3.565778198242187500e+02
6.211749683807646250e+00 3.569019470214843750e+02
6.215184436190178019e+00 3.615305786132812500e+02
6.218619188572708900e+00 3.629182128906250000e+02
6.222053940955239781e+00 3.594685974121093750e+02
6.225488693337770663e+00 3.568254699707031250e+02
6.228923445720301544e+00 3.548486328125000000e+02
6.232358198102833313e+00 3.539434814453125000e+02
6.235792950485364194e+00 3.570922851562500000e+02
6.239227702867895964e+00 3.664190063476562500e+02
6.242662455250426845e+00 3.677313232421875000e+02
6.246097207632957726e+00 3.650889587402343750e+02
6.249531960015488607e+00 3.641853942871093750e+02
6.252966712398020377e+00 3.656819458007812500e+02
6.256401464780551258e+00 3.662939147949218750e+02
6.259836217163083028e+00 3.648340454101562500e+02
6.263270969545613909e+00 3.623717956542968750e+02
6.266705721928145678e+00 3.604161376953125000e+02
6.270140474310675671e+00 3.692278747558593750e+02
6.273575226693207441e+00 3.771940002441406250e+02
6.277009979075738322e+00 3.875744934082031250e+02
6.280444731458270091e+00 4.000987854003906250e+02
6.283879483840800972e+00 4.061775512695312500e+02
6.287314236223332742e+00 4.016774291992187500e+02
6.290748988605863623e+00 3.995392456054687500e+02
6.294183740988394504e+00 3.937411804199218750e+02
6.297618493370925385e+00 3.842099914550781250e+02
6.301053245753457155e+00 3.735803833007812500e+02
6.304487998135988036e+00 3.699708251953125000e+02
6.307922750518518917e+00 3.610236511230468750e+02
6.311357502901050687e+00 3.558920898437500000e+02
6.314792255283581568e+00 3.557148132324218750e+02
6.318227007666113337e+00 3.587001342773437500e+02
6.321661760048643330e+00 3.609526977539062500e+02
6.325096512431175100e+00 3.633059082031250000e+02
6.328531264813705981e+00 3.680289916992187500e+02
6.331966017196237750e+00 3.775300903320312500e+02
6.335400769578768632e+00 3.794435729980468750e+02
6.338835521961300401e+00 3.859089355468750000e+02
6.342270274343831282e+00 3.871861572265625000e+02
6.345705026726362163e+00 3.873959655761718750e+02
6.349139779108893045e+00 3.858110961914062500e+02
6.352574531491424814e+00 3.826937255859375000e+02
6.356009283873955695e+00 3.771444091796875000e+02
6.359444036256487465e+00 3.684443664550781250e+02
6.362878788639018346e+00 3.633937988281250000e+02
6.366313541021550115e+00 3.569526672363281250e+02
6.369748293404080997e+00 3.575824890136718750e+02
6.373183045786611878e+00 3.576898803710937500e+02
6.376617798169142759e+00 3.537579650878906250e+02
6.380052550551673640e+00 3.597559814453125000e+02
6.383487302934205410e+00 3.641295471191406250e+02
6.386922055316736291e+00 3.621754760742187500e+02
6.390356807699268060e+00 3.571736755371093750e+02
6.393791560081798941e+00 3.528523559570312500e+02
6.397226312464329823e+00 3.579669799804687500e+02
6.400661064846860704e+00 3.652656250000000000e+02
6.404095817229392473e+00 3.611619567871093750e+02
6.407530569611923355e+00 3.578275146484375000e+02
6.410965321994455124e+00 3.641465148925781250e+02
6.414400074376986005e+00 3.676501464843750000e+02
6.417834826759517775e+00 3.689387512207031250e+02
6.421269579142047768e+00 3.689153137207031250e+02
6.424704331524579537e+00 3.751302185058593750e+02
6.428139083907110418e+00 3.766687316894531250e+02
6.431573836289642188e+00 3.779447937011718750e+02
6.435008588672173069e+00 3.786849060058593750e+02
6.438443341054704838e+00 3.809718017578125000e+02
6.441878093437235719e+00 3.787384643554687500e+02
6.445312845819766601e+00 3.734973449707031250e+02
6.448747598202297482e+00 3.714935607910156250e+02
6.452182350584829251e+00 3.670304565429687500e+02
6.455617102967360132e+00 3.611946716308593750e+02
6.459051855349891014e+00 3.622667236328125000e+02
6.462486607732422783e+00 3.597274475097656250e+02
6.465921360114953664e+00 3.551022033691406250e+02
6.469356112497485434e+00 3.523177490234375000e+02
6.472790864880015427e+00 3.571023559570312500e+02
6.476225617262547196e+00 3.571658020019531250e+02
6.479660369645078077e+00 3.518936157226562500e+02
6.483095122027609847e+00 3.541121215820312500e+02
6.486529874410140728e+00 3.532369079589843750e+02
6.489964626792672497e+00 3.485550231933593750e+02
6.493399379175203379e+00 3.478246459960937500e+02
6.496834131557734260e+00 3.452204895019531250e+02
6.500268883940265141e+00 3.431157226562500000e+02
6.503703636322796910e+00 3.484501647949218750e+02
6.507138388705327792e+00 3.567190856933593750e+02
6.510573141087859561e+00 3.575838623046875000e+02
6.514007893470390442e+00 3.551993713378906250e+02
6.517442645852922212e+00 3.563416748046875000e+02
6.520877398235453093e+00 3.610382080078125000e+02
6.524312150617983974e+00 3.609018554687500000e+02
6.527746903000514855e+00 3.575165710449218750e+02
6.531181655383045737e+00 3.566097412109375000e+02
6.534616407765577506e+00 3.572529602050781250e+02
6.538051160148108387e+00 3.622434997558593750e+02
6.541485912530640157e+00 3.639083557128906250e+02
6.544920664913171038e+00 3.580352172851562500e+02
6.548355417295701919e+00 3.544038391113281250e+02
6.551790169678232800e+00 3.550174560546875000e+02
6.555224922060764570e+00 3.523768615722656250e+02
6.558659674443295451e+00 3.486464538574218750e+02
6.562094426825827220e+00 3.510928955078125000e+02
6.565529179208358102e+00 3.499728698730468750e+02
6.568963931590889871e+00 3.450859680175781250e+02
6.572398683973419864e+00 3.463426208496093750e+02
6.575833436355951633e+00 3.494136657714843750e+02
6.579268188738482515e+00 3.478679199218750000e+02
6.582702941121014284e+00 3.481997070312500000e+02
6.586137693503545165e+00 3.501622314453125000e+02
6.589572445886076935e+00 3.568388366699218750e+02
6.593007198268607816e+00 3.627233886718750000e+02
6.596441950651138697e+00 3.573581237792968750e+02
6.599876703033669578e+00 3.574486694335937500e+02
6.603311455416201348e+00 3.593839111328125000e+02
6.606746207798732229e+00 3.553183593750000000e+02
6.610180960181263110e+00 3.529822998046875000e+02
6.613615712563794879e+00 3.521660156250000000e+02
6.617050464946325761e+00 3.483534545898437500e+02
6.620485217328857530e+00 3.460308837890625000e+02
6.623919969711387523e+00 3.459315490722656250e+02
6.627354722093919293e+00 3.504364013671875000e+02
6.630789474476450174e+00 3.536088256835937500e+02
6.634224226858981943e+00 3.514642639160156250e+02
6.637658979241512824e+00 3.498821411132812500e+02
6.641093731624044594e+00 3.475448303222656250e+02
6.644528484006575475e+00 3.504304504394531250e+02
6.647963236389106356e+00 3.518556213378906250e+02
6.651397988771637237e+00 3.537317810058593750e+02
6.654832741154169007e+00 3.549689941406250000e+02
6.658267493536699888e+00 3.525921325683593750e+02
6.661702245919231657e+00 3.410194396972656250e+02
6.665136998301762539e+00 3.451913452148437500e+02
6.668571750684294308e+00 3.520191650390625000e+02
6.672006503066824301e+00 3.495094604492187500e+02
6.675441255449356071e+00 3.518760681152343750e+02
6.678876007831886952e+00 3.544139404296875000e+02
6.682310760214417833e+00 3.548016052246093750e+02
6.685745512596949602e+00 3.547836914062500000e+02
6.689180264979480484e+00 3.567341613769531250e+02
6.692615017362012253e+00 3.623685913085937500e+02
6.696049769744543134e+00 3.673768310546875000e+02
6.699484522127074015e+00 3.636415405273437500e+02
6.702919274509604897e+00 3.581908569335937500e+02
6.706354026892136666e+00 3.510724182128906250e+02
6.709788779274667547e+00 3.480148010253906250e+02
6.713223531657199317e+00 3.468195190429687500e+02
6.716658284039730198e+00 3.492786865234375000e+02
6.720093036422261967e+00 3.462203369140625000e+02
6.723527788804791960e+00 3.409263916015625000e+02
6.726962541187323730e+00 3.313804016113281250e+02
6.730397293569854611e+00 3.307771911621093750e+02
6.733832045952386380e+00 3.366501770019531250e+02
6.737266798334917262e+00 3.397376098632812500e+02
6.740701550717449031e+00 3.357421569824218750e+02
6.744136303099979912e+00 3.330912780761718750e+02
6.747571055482510793e+00 3.385776062011718750e+02
6.751005807865041675e+00 3.422821044921875000e+02
6.754440560247573444e+00 3.411592102050781250e+02
6.757875312630104325e+00 3.381124877929687500e+02
6.761310065012635206e+00 3.392754516601562500e+02
6.764744817395166976e+00 3.436273193359375000e+02
6.768179569777697857e+00 3.468369445800781250e+02
6.771614322160229626e+00 3.477993774414062500e+02
6.775049074542759620e+00 3.485859985351562500e+02
6.778483826925291389e+00 3.561254882812500000e+02
6.781918579307822270e+00 3.564490966796875000e+02
6.785353331690354040e+00 3.486532897949218750e+02
6.788788084072884921e+00 3.428642272949218750e+02
6.792222836455416690e+00 3.420715942382812500e+02
6.795657588837947571e+00 3.499313659667968750e+02
6.799092341220478453e+00 3.559852600097656250e+02
6.802527093603009334e+00 3.610102539062500000e+02
6.805961845985541103e+00 3.672417297363281250e+02
6.809396598368071984e+00 3.718256225585937500e+02
6.812831350750603754e+00 3.695081481933593750e+02
6.816266103133134635e+00 3.636911926269531250e+02
6.819700855515666404e+00 3.592082519531250000e+02
6.823135607898196398e+00 3.584624633789062500e+02
6.826570360280728167e+00 3.492524414062500000e+02
6.830005112663259048e+00 3.427548522949218750e+02
6.833439865045790818e+00 3.431798400878906250e+02
6.836874617428321699e+00 3.414945983886718750e+02
6.840309369810852580e+00 3.419046936035156250e+02
6.843744122193384349e+00 3.430095825195312500e+02
6.847178874575915231e+00 3.436522827148437500e+02
6.850613626958446112e+00 3.495167846679687500e+02
6.854048379340976993e+00 3.549410095214843750e+02
6.857483131723508762e+00 3.510574340820312500e+02
6.860917884106039644e+00 3.495126037597656250e+02
6.864352636488571413e+00 3.521080932617187500e+02
6.867787388871102294e+00 3.512182312011718750e+02
6.871222141253634064e+00 3.487031555175781250e+02
6.874656893636164057e+00 3.512813720703125000e+02
6.878091646018695826e+00 3.536728210449218750e+02
6.881526398401226707e+00 3.490029907226562500e+02
6.884961150783758477e+00 3.454152526855468750e+02
6.888395903166289358e+00 3.448026428222656250e+02
6.891830655548821127e+00 3.461422119140625000e+02
6.895265407931352009e+00 3.399221496582031250e+02
6.898700160313882890e+00 3.348674621582031250e+02
6.902134912696413771e+00 3.366316528320312500e+02
6.905569665078945540e+00 3.402738342285156250e+02
6.909004417461476422e+00 3.422565307617187500e+02
6.912439169844007303e+00 3.449123535156250000e+02
6.915873922226539072e+00 3.430793457031250000e+02
6.919308674609069953e+00 3.425964355468750000e+02
6.922743426991601723e+00 3.427912292480468750e+02
6.926178179374131716e+00 3.399365844726562500e+02
6.929612931756663485e+00 3.427726135253906250e+02
6.933047684139194367e+00 3.401320190429687500e+02
6.936482436521726136e+00 3.345903625488281250e+02
6.939917188904257017e+00 3.367065734863281250e+02
6.943351941286788787e+00 3.384856262207031250e+02
6.946786693669319668e+00 3.441336669921875000e+02
6.950221446051850549e+00 3.514212646484375000e+02
6.953656198434381430e+00 3.500378723144531250e+02
6.957090950816913200e+00 3.467969665527343750e+02
6.960525703199444081e+00 3.452607421875000000e+02
6.963960455581975850e+00 3.430393371582031250e+02
6.967395207964506731e+00 3.479498291015625000e+02
6.970829960347038501e+00 3.469473266601562500e+02
6.974264712729568494e+00 3.413475341796875000e+02
6.977699465112100263e+00 3.374621887207031250e+02
6.981134217494631145e+00 3.448076782226562500e+02
6.984568969877162914e+00 3.531609802246093750e+02
6.988003722259693795e+00 3.510861206054687500e+02
6.991438474642224676e+00 3.534328918457031250e+02
6.994873227024756446e+00 3.500096740722656250e+02
6.998307979407287327e+00 3.441162109375000000e+02
7.001742731789818208e+00 3.425129699707031250e+02
7.005177484172349089e+00 3.423726806640625000e+02
7.008612236554880859e+00 3.403155212402343750e+02
7.012046988937411740e+00 3.461377258300781250e+02
7.015481741319943509e+00 3.481476440429687500e+02
7.018916493702474391e+00 3.428135375976562500e+02
7.022351246085006160e+00 3.451066284179687500e+02
7.025785998467536153e+00 3.532514038085937500e+02
7.029220750850067922e+00 3.548008422851562500e+02
7.032655503232598804e+00 3.511238403320312500e+02
7.036090255615130573e+00 3.420075073242187500e+02
7.039525007997661454e+00 3.425408020019531250e+02
7.042959760380193224e+00 3.485888977050781250e+02
7.046394512762724105e+00 3.485350036621093750e+02
7.049829265145254986e+00 3.385404663085937500e+02
7.053264017527785867e+00 3.308333740234375000e+02
7.056698769910317637e+00 3.320788879394531250e+02
7.060133522292848518e+00 3.348688049316406250e+02
7.063568274675379399e+00 3.329541625976562500e+02
7.067003027057911169e+00 3.295013122558593750e+02
7.070437779440442050e+00 3.280303955078125000e+02
7.073872531822972931e+00 3.353565979003906250e+02
7.077307284205503812e+00 3.415643615722656250e+02
7.080742036588035582e+00 3.445488281250000000e+02
7.084176788970566463e+00 3.498169250488281250e+02
7.087611541353098232e+00 3.536133117675781250e+02
7.091046293735629114e+00 3.570952758789062500e+02
7.094481046118160883e+00 3.548098449707031250e+02
7.097915798500691764e+00 3.551673583984375000e+02
7.101350550883222645e+00 3.600239257812500000e+02
7.104785303265753527e+00 3.610033264160156250e+02
7.108220055648285296e+00 3.585456848144531250e+02
7.111654808030816177e+00 3.517791748046875000e+02
7.115089560413347947e+00 3.464813537597656250e+02
7.118524312795878828e+00 3.447703552246093750e+02
7.121959065178410597e+00 3.446960449218750000e+02
7.125393817560940590e+00 3.378712768554687500e+02
7.128828569943472360e+00 3.359747619628906250e+02
7.132263322326003241e+00 3.350203552246093750e+02
7.135698074708535010e+00 3.335761413574218750e+02
7.139132827091065892e+00 3.313560180664062500e+02
7.142567579473596773e+00 3.309223632812500000e+02
7.146002331856128542e+00 3.308863525390625000e+02
7.149437084238658535e+00 3.302403564453125000e+02
7.152871836621190305e+00 3.314460144042968750e+02
7.156306589003721186e+00 3.318051757812500000e+02
7.159741341386252955e+00 3.360330505371093750e+02
7.163176093768782948e+00 3.370083618164062500e+02
7.166610846151314718e+00 3.336752319335937500e+02
7.170045598533845599e+00 3.287754516601562500e+02
7.173480350916377368e+00 3.307505493164062500e+02
7.176915103298908249e+00 3.329673461914062500e+02
7.180349855681440019e+00 3.328566284179687500e+02
7.183784608063970900e+00 3.320379638671875000e+02
7.187219360446502670e+00 3.290502624511718750e+02
7.190654112829033551e+00 3.222463378906250000e+02
7.194088865211565320e+00 3.143902282714843750e+02
7.197523617594096201e+00 3.131193237304687500e+02
7.200958369976627971e+00 3.141350402832031250e+02
7.204393122359158852e+00 3.151269531250000000e+02
7.207827874741689733e+00 3.203962097167968750e+02
7.211262627124221503e+00 3.241314697265625000e+02
7.214697379506751496e+00 3.254009094238281250e+02
7.218132131889282377e+00 3.212110900878906250e+02
7.221566884271814146e+00 3.236798400878906250e+02
7.225001636654345027e+00 3.251298522949218750e+02
7.228436389036875909e+00 3.212386474609375000e+02
7.231871141419407678e+00 3.211983337402343750e+02
7.235305893801938559e+00 3.207179565429687500e+02
7.238740646184470329e+00 3.126849365234375000e+02
7.242175398567001210e+00 3.089446411132812500e+02
7.245610150949532979e+00 3.107552490234375000e+02
7.249044903332063861e+00 3.120333557128906250e+02
7.252479655714595630e+00 3.135422363281250000e+02
7.255914408097126511e+00 3.158012390136718750e+02
7.259349160479658281e+00 3.141487426757812500e+02
7.262783912862187385e+00 3.117478027343750000e+02
7.266218665244719155e+00 3.088273010253906250e+02
7.269653417627250036e+00 3.071675109863281250e+02
7.273088170009781805e+00 3.083695678710937500e+02
7.276522922392312687e+00 3.065590515136718750e+02
7.279957674774844456e+00 3.052257995605468750e+02
7.283392427157375337e+00 3.030797729492187500e+02
7.286827179539907107e+00 2.989840698242187500e+02
7.290261931922437988e+00 2.953651123046875000e+02
7.293696684304968869e+00 2.903461608886718750e+02
7.297131436687500639e+00 2.842146911621093750e+02
7.300566189070031520e+00 2.786879577636718750e+02
7.304000941452563289e+00 2.704541625976562500e+02
7.307435693835094170e+00 2.693890686035156250e+02
7.310870446217625940e+00 2.691281738281250000e+02
7.314305198600155045e+00 2.688499755859375000e+02
7.317739950982686814e+00 2.604583129882812500e+02
7.321174703365217695e+00 2.265023193359375000e+02
7.324609455747749465e+00 2.047640686035156250e+02
7.328044208130280346e+00 2.105971527099609375e+02
7.331478960512812115e+00 2.157823944091796875e+02
7.334913712895342996e+00 2.225310516357421875e+02
7.338348465277874766e+00 2.269262695312500000e+02
7.341783217660405647e+00 2.293893432617187500e+02
7.345217970042937417e+00 2.252496032714843750e+02
7.348652722425468298e+00 2.254561309814453125e+02
7.352087474808000067e+00 2.280527191162109375e+02
7.355522227190530948e+00 2.327617645263671875e+02
7.358956979573061830e+00 2.270148315429687500e+02
7.362391731955593599e+00 2.282989501953125000e+02
7.365826484338123592e+00 2.326161804199218750e+02
7.369261236720654473e+00 2.270743408203125000e+02
7.372695989103186243e+00 2.234421539306640625e+02
7.376130741485717124e+00 2.174483184814453125e+02
7.379565493868248005e+00 2.137493896484375000e+02
7.383000246250779774e+00 2.086831665039062500e+02
7.386434998633310656e+00 2.061156005859375000e+02
7.389869751015842425e+00 1.960139312744140625e+02
7.393304503398373306e+00 1.893809661865234375e+02
7.396739255780905076e+00 1.858526611328125000e+02
7.400174008163435957e+00 1.826419067382812500e+02
7.403608760545967726e+00 1.797132110595703125e+02
7.407043512928498608e+00 1.842410278320312500e+02
7.410478265311030377e+00 1.817051696777343750e+02
7.413913017693559482e+00 1.758369598388671875e+02
7.417347770076091251e+00 1.497762145996093750e+02
7.420782522458622132e+00 1.229068069458007812e+02
7.424217274841153902e+00 1.001830673217773438e+02
7.427652027223684783e+00 6.848379516601562500e+01
7.431086779606216552e+00 1.570337867736816406e+01
7.434521531988747434e+00 0.000000000000000000e+00
7.437956284371279203e+00 0.000000000000000000e+00
