# # sector 35: chi = 174.97 deg (range [170, 180))
# # columns: 2theta(deg)  intensity
1.052751605245807909e+00 1.248276611328125000e+03
1.056186357628339012e+00 1.257782104492187500e+03
1.059621110010870337e+00 1.269113159179687500e+03
1.063055862393401441e+00 1.268051147460937500e+03
1.066490614775932544e+00 1.278573120117187500e+03
1.069925367158463869e+00 1.271777221679687500e+03
1.073360119540994972e+00 1.251213378906250000e+03
1.076794871923526298e+00 1.255991577148437500e+03
1.080229624306057401e+00 1.267654296875000000e+03
1.083664376688588726e+00 1.279249633789062500e+03
1.087099129071119830e+00 1.282953002929687500e+03
1.090533881453650933e+00 1.278776855468750000e+03
1.093968633836182036e+00 1.273644897460937500e+03
1.097403386218713361e+00 1.274772827148437500e+03
1.100838138601244465e+00 1.274707641601562500e+03
1.104272890983775568e+00 1.253884399414062500e+03
1.107707643366306893e+00 1.250122558593750000e+03
1.111142395748837997e+00 1.266047241210937500e+03
1.114577148131369322e+00 1.282961059570312500e+03
1.118011900513900425e+00 1.283742675781250000e+03
1.121446652896431750e+00 1.288490478515625000e+03
1.124881405278962854e+00 1.291512329101562500e+03
1.128316157661493957e+00 1.289745361328125000e+03
1.131750910044025060e+00 1.296027709960937500e+03
1.135185662426556386e+00 1.293608520507812500e+03
1.138620414809087489e+00 1.294952026367187500e+03
1.142055167191618592e+00 1.302527832031250000e+03
1.145489919574149917e+00 1.306894775390625000e+03
1.148924671956681021e+00 1.305672119140625000e+03
1.152359424339212346e+00 1.314423583984375000e+03
1.155794176721743449e+00 1.314587524414062500e+03
1.159228929104274775e+00 1.311010986328125000e+03
1.162663681486805878e+00 1.324733886718750000e+03
1.166098433869336981e+00 1.341702758789062500e+03
1.169533186251868084e+00 1.337178100585937500e+03
1.172967938634399410e+00 1.325961181640625000e+03
1.176402691016930513e+00 1.328591308593750000e+03
1.179837443399461616e+00 1.318402954101562500e+03
1.183272195781992941e+00 1.317807128906250000e+03
1.186706948164524045e+00 1.324687866210937500e+03
1.190141700547055370e+00 1.326992797851562500e+03
1.193576452929586473e+00 1.336963256835937500e+03
1.197011205312117799e+00 1.346939575195312500e+03
1.200445957694648902e+00 1.321202514648437500e+03
1.203880710077180005e+00 1.312891235351562500e+03
1.207315462459711108e+00 1.309054931640625000e+03
1.210750214842242434e+00 1.316104614257812500e+03
1.214184967224773537e+00 1.327666625976562500e+03
1.217619719607304640e+00 1.330006225585937500e+03
1.221054471989835966e+00 1.306417724609375000e+03
1.224489224372367069e+00 1.308396728515625000e+03
1.227923976754898394e+00 1.327809326171875000e+03
1.231358729137429497e+00 1.331676513671875000e+03
1.234793481519960823e+00 1.334936279296875000e+03
1.238228233902491926e+00 1.333520874023437500e+03
1.241662986285023029e+00 1.339453369140625000e+03
1.245097738667554133e+00 1.353119262695312500e+03
1.248532491050085236e+00 1.369154785156250000e+03
1.251967243432616561e+00 1.374852661132812500e+03
1.255401995815147664e+00 1.370395263671875000e+03
1.258836748197678990e+00 1.377051879882812500e+03
1.262271500580210093e+00 1.396380859375000000e+03
1.265706252962741418e+00 1.410043090820312500e+03
1.269141005345272522e+00 1.417969848632812500e+03
1.272575757727803847e+00 1.417591674804687500e+03
1.276010510110334950e+00 1.417665039062500000e+03
1.279445262492866053e+00 1.395757446289062500e+03
1.282880014875397157e+00 1.401930419921875000e+03
1.286314767257928260e+00 1.393856445312500000e+03
1.289749519640459585e+00 1.392732543945312500e+03
1.293184272022990688e+00 1.409316406250000000e+03
1.296619024405522014e+00 1.419644409179687500e+03
1.300053776788053117e+00 1.418795410156250000e+03
1.303488529170584442e+00 1.409606567382812500e+03
1.306923281553115546e+00 1.408392211914062500e+03
1.310358033935646871e+00 1.414510986328125000e+03
1.313792786318177974e+00 1.420698852539062500e+03
1.317227538700709077e+00 1.417972290039062500e+03
1.320662291083240181e+00 1.419669921875000000e+03
1.324097043465771284e+00 1.426636718750000000e+03
1.327531795848302609e+00 1.437503784179687500e+03
1.330966548230833713e+00 1.456965698242187500e+03
1.334401300613365038e+00 1.471007934570312500e+03
1.337836052995896141e+00 1.486797607421875000e+03
1.341270805378427466e+00 1.493264526367187500e+03
1.344705557760958570e+00 1.497596069335937500e+03
1.348140310143489895e+00 1.514709594726562500e+03
1.351575062526020998e+00 1.535360595703125000e+03
1.355009814908552102e+00 1.550673706054687500e+03
1.358444567291083205e+00 1.554455078125000000e+03
1.361879319673614308e+00 1.553291381835937500e+03
1.365314072056145633e+00 1.557134521484375000e+03
1.368748824438676737e+00 1.549065063476562500e+03
1.372183576821208062e+00 1.518311279296875000e+03
1.375618329203739165e+00 1.486324096679687500e+03
1.379053081586270491e+00 1.449508666992187500e+03
1.382487833968801594e+00 1.439819702148437500e+03
1.385922586351332919e+00 1.460899047851562500e+03
1.389357338733864022e+00 1.462532104492187500e+03
1.392792091116395126e+00 1.454396606445312500e+03
1.396226843498926229e+00 1.445806884765625000e+03
1.399661595881457332e+00 1.459036132812500000e+03
1.403096348263988657e+00 1.461223876953125000e+03
1.406531100646519761e+00 1.465108398437500000e+03
1.409965853029051086e+00 1.472282714843750000e+03
1.413400605411582189e+00 1.479701293945312500e+03
1.416835357794113515e+00 1.475578735351562500e+03
1.420270110176644618e+00 1.471036010742187500e+03
1.423704862559175943e+00 1.460046386718750000e+03
1.427139614941707046e+00 1.466947509765625000e+03
1.430574367324238150e+00 1.492565429687500000e+03
1.434009119706769253e+00 1.499310180664062500e+03
1.437443872089300356e+00 1.499411010742187500e+03
1.440878624471831682e+00 1.484207153320312500e+03
1.444313376854362785e+00 1.474952880859375000e+03
1.447748129236894110e+00 1.481959838867187500e+03
1.451182881619425213e+00 1.489425048828125000e+03
1.454617634001956539e+00 1.483934448242187500e+03
1.458052386384487642e+00 1.488059326171875000e+03
1.461487138767018967e+00 1.490111083984375000e+03
1.464921891149550071e+00 1.492719116210937500e+03
1.468356643532081174e+00 1.489204467773437500e+03
1.471791395914612277e+00 1.496840942382812500e+03
1.475226148297143380e+00 1.512662841796875000e+03
1.478660900679674706e+00 1.518382690429687500e+03
1.482095653062205809e+00 1.514902832031250000e+03
1.485530405444737134e+00 1.519360839843750000e+03
1.488965157827268238e+00 1.514136474609375000e+03
1.492399910209799563e+00 1.515337768554687500e+03
1.495834662592330666e+00 1.532185058593750000e+03
1.499269414974861991e+00 1.530429809570312500e+03
1.502704167357393095e+00 1.512635131835937500e+03
1.506138919739924198e+00 1.512417602539062500e+03
1.509573672122455301e+00 1.522488891601562500e+03
1.513008424504986404e+00 1.518493286132812500e+03
1.516443176887517730e+00 1.519187377929687500e+03
1.519877929270048833e+00 1.526325317382812500e+03
1.523312681652580158e+00 1.528644897460937500e+03
1.526747434035111262e+00 1.523968261718750000e+03
1.530182186417642587e+00 1.507309570312500000e+03
1.533616938800173690e+00 1.510882568359375000e+03
1.537051691182705015e+00 1.510468505859375000e+03
1.540486443565236119e+00 1.503017089843750000e+03
1.543921195947767222e+00 1.514158447265625000e+03
1.547355948330298325e+00 1.525931884765625000e+03
1.550790700712829429e+00 1.531907836914062500e+03
1.554225453095360754e+00 1.544862426757812500e+03
1.557660205477891857e+00 1.567614746093750000e+03
1.561094957860423182e+00 1.567822509765625000e+03
1.564529710242954286e+00 1.563597778320312500e+03
1.567964462625485611e+00 1.584029418945312500e+03
1.571399215008016714e+00 1.593274169921875000e+03
1.574833967390548040e+00 1.582868530273437500e+03
1.578268719773079143e+00 1.571413818359375000e+03
1.581703472155610246e+00 1.577509643554687500e+03
1.585138224538141349e+00 1.568266723632812500e+03
1.588572976920672453e+00 1.558175781250000000e+03
1.592007729303203778e+00 1.573829589843750000e+03
1.595442481685734881e+00 1.583404052734375000e+03
1.598877234068266207e+00 1.577588378906250000e+03
1.602311986450797310e+00 1.579895507812500000e+03
1.605746738833328635e+00 1.589141723632812500e+03
1.609181491215859738e+00 1.594068603515625000e+03
1.612616243598391064e+00 1.590775634765625000e+03
1.616050995980922167e+00 1.618052734375000000e+03
1.619485748363453270e+00 1.628477050781250000e+03
1.622920500745984373e+00 1.638474487304687500e+03
1.626355253128515477e+00 1.668227294921875000e+03
1.629790005511046802e+00 1.726569580078125000e+03
1.633224757893577905e+00 1.769515502929687500e+03
1.636659510276109231e+00 1.820835327148437500e+03
1.640094262658640334e+00 1.841006713867187500e+03
1.643529015041171659e+00 1.845775878906250000e+03
1.646963767423702762e+00 1.831179809570312500e+03
1.650398519806234088e+00 1.796871093750000000e+03
1.653833272188765191e+00 1.744213867187500000e+03
1.657268024571296294e+00 1.704935546875000000e+03
1.660702776953827398e+00 1.670312255859375000e+03
1.664137529336358501e+00 1.644900878906250000e+03
1.667572281718889826e+00 1.619231445312500000e+03
1.671007034101420929e+00 1.600694824218750000e+03
1.674441786483952255e+00 1.600698730468750000e+03
1.677876538866483358e+00 1.601862182617187500e+03
1.681311291249014683e+00 1.605614624023437500e+03
1.684746043631545787e+00 1.606554077148437500e+03
1.688180796014076890e+00 1.605734741210937500e+03
1.691615548396608215e+00 1.614730346679687500e+03
1.695050300779139318e+00 1.612402954101562500e+03
1.698485053161670422e+00 1.596330810546875000e+03
1.701919805544201525e+00 1.587313964843750000e+03
1.705354557926732850e+00 1.584264648437500000e+03
1.708789310309263954e+00 1.583776367187500000e+03
1.712224062691795279e+00 1.594402832031250000e+03
1.715658815074326382e+00 1.611547485351562500e+03
1.719093567456857707e+00 1.606374145507812500e+03
1.722528319839388811e+00 1.597920532226562500e+03
1.725963072221919914e+00 1.587531250000000000e+03
1.729397824604451239e+00 1.584452392578125000e+03
1.732832576986982343e+00 1.583380004882812500e+03
1.736267329369513446e+00 1.587615112304687500e+03
1.739702081752044549e+00 1.594256103515625000e+03
1.743136834134575874e+00 1.589674438476562500e+03
1.746571586517106978e+00 1.570924560546875000e+03
1.750006338899638303e+00 1.579536010742187500e+03
1.753441091282169406e+00 1.590315063476562500e+03
1.756875843664700731e+00 1.605478149414062500e+03
1.760310596047231835e+00 1.610449340820312500e+03
1.763745348429762938e+00 1.599508789062500000e+03
1.767180100812294263e+00 1.588248901367187500e+03
1.770614853194825367e+00 1.598588989257812500e+03
1.774049605577356470e+00 1.603327758789062500e+03
1.777484357959887573e+00 1.609246459960937500e+03
1.780919110342418898e+00 1.626130249023437500e+03
1.784353862724950002e+00 1.629602539062500000e+03
1.787788615107481327e+00 1.621910888671875000e+03
1.791223367490012208e+00 1.605315551757812500e+03
1.794658119872543534e+00 1.586221557617187500e+03
1.798092872255074859e+00 1.581561645507812500e+03
1.801527624637606184e+00 1.572233032226562500e+03
1.804962377020137065e+00 1.556258300781250000e+03
1.808397129402668391e+00 1.538163085937500000e+03
1.811831881785199494e+00 1.517452148437500000e+03
1.815266634167730819e+00 1.504896240234375000e+03
1.818701386550261700e+00 1.491745727539062500e+03
1.822136138932793026e+00 1.481934814453125000e+03
1.825570891315324351e+00 1.470105102539062500e+03
1.829005643697855676e+00 1.458544555664062500e+03
1.832440396080386558e+00 1.447645874023437500e+03
1.835875148462917883e+00 1.448606079101562500e+03
1.839309900845449208e+00 1.445989257812500000e+03
1.842744653227980089e+00 1.447592407226562500e+03
1.846179405610511415e+00 1.439295898437500000e+03
1.849614157993042740e+00 1.434907348632812500e+03
1.853048910375573843e+00 1.417484497070312500e+03
1.856483662758104725e+00 1.405953369140625000e+03
1.859918415140636050e+00 1.401096923828125000e+03
1.863353167523167375e+00 1.403024658203125000e+03
1.866787919905698701e+00 1.393786865234375000e+03
1.870222672288229582e+00 1.388395385742187500e+03
1.873657424670760907e+00 1.390898315429687500e+03
1.877092177053292232e+00 1.386840087890625000e+03
1.880526929435823114e+00 1.369064331054687500e+03
1.883961681818354439e+00 1.374723876953125000e+03
1.887396434200885764e+00 1.396421752929687500e+03
1.890831186583416867e+00 1.403111450195312500e+03
1.894265938965947749e+00 1.389197998046875000e+03
1.897700691348479074e+00 1.378005981445312500e+03
1.901135443731010399e+00 1.369871337890625000e+03
1.904570196113541725e+00 1.363549926757812500e+03
1.908004948496072606e+00 1.357791259765625000e+03
1.911439700878603931e+00 1.354255615234375000e+03
1.914874453261135256e+00 1.344884155273437500e+03
1.918309205643666138e+00 1.328984252929687500e+03
1.921743958026197463e+00 1.322591796875000000e+03
1.925178710408728788e+00 1.316064331054687500e+03
1.928613462791259892e+00 1.310177612304687500e+03
1.932048215173790773e+00 1.298088745117187500e+03
1.935482967556322098e+00 1.292020385742187500e+03
1.938917719938853423e+00 1.292987060546875000e+03
1.942352472321384749e+00 1.302820678710937500e+03
1.945787224703915630e+00 1.302303100585937500e+03
1.949221977086446955e+00 1.283559448242187500e+03
1.952656729468978281e+00 1.261813720703125000e+03
1.956091481851509162e+00 1.256287841796875000e+03
1.959526234234040487e+00 1.254086181640625000e+03
1.962960986616571812e+00 1.249418090820312500e+03
1.966395738999102916e+00 1.248183105468750000e+03
1.969830491381633797e+00 1.256441650390625000e+03
1.973265243764165122e+00 1.254893310546875000e+03
1.976699996146696447e+00 1.255701904296875000e+03
1.980134748529227329e+00 1.255672607421875000e+03
1.983569500911758654e+00 1.253939575195312500e+03
1.987004253294289979e+00 1.250365722656250000e+03
1.990439005676821305e+00 1.263291625976562500e+03
1.993873758059352186e+00 1.296050048828125000e+03
1.997308510441883511e+00 1.355208740234375000e+03
2.000743262824414614e+00 1.407148193359375000e+03
2.004178015206945940e+00 1.467318603515625000e+03
2.007612767589476821e+00 1.506932861328125000e+03
2.011047519972008146e+00 1.542288574218750000e+03
2.014482272354539472e+00 1.531794799804687500e+03
2.017917024737070353e+00 1.501423706054687500e+03
2.021351777119601678e+00 1.467627685546875000e+03
2.024786529502133003e+00 1.424053222656250000e+03
2.028221281884664329e+00 1.380197387695312500e+03
2.031656034267195210e+00 1.304734741210937500e+03
2.035090786649726535e+00 1.254885620117187500e+03
2.038525539032257861e+00 1.207406738281250000e+03
2.041960291414789186e+00 1.187698486328125000e+03
2.045395043797320067e+00 1.187132568359375000e+03
2.048829796179851392e+00 1.179917358398437500e+03
2.052264548562382718e+00 1.159947265625000000e+03
2.055699300944913599e+00 1.155933105468750000e+03
2.059134053327444924e+00 1.147971435546875000e+03
2.062568805709975805e+00 1.144592407226562500e+03
2.066003558092507131e+00 1.146390869140625000e+03
2.069438310475038012e+00 1.143495239257812500e+03
2.072873062857569337e+00 1.142417114257812500e+03
2.076307815240100663e+00 1.136598388671875000e+03
2.079742567622631988e+00 1.137586791992187500e+03
2.083177320005162869e+00 1.143456909179687500e+03
2.086612072387694194e+00 1.126692382812500000e+03
2.090046824770225520e+00 1.111045898437500000e+03
2.093481577152756401e+00 1.102289184570312500e+03
2.096916329535287726e+00 1.111919311523437500e+03
2.100351081917819052e+00 1.107506347656250000e+03
2.103785834300350377e+00 1.087718261718750000e+03
2.107220586682881258e+00 1.089645629882812500e+03
2.110655339065412583e+00 1.099462646484375000e+03
2.114090091447943909e+00 1.095712646484375000e+03
2.117524843830475234e+00 1.083741577148437500e+03
2.120959596213006115e+00 1.075595336914062500e+03
2.124394348595537441e+00 1.054853271484375000e+03
2.127829100978068766e+00 1.042471801757812500e+03
2.131263853360599647e+00 1.052863769531250000e+03
2.134698605743130972e+00 1.056179199218750000e+03
2.138133358125661854e+00 1.049207031250000000e+03
2.141568110508193179e+00 1.044586791992187500e+03
2.145002862890724060e+00 1.051231079101562500e+03
2.148437615273255386e+00 1.057299682617187500e+03
2.151872367655786711e+00 1.060827514648437500e+03
2.155307120038318036e+00 1.055940429687500000e+03
2.158741872420848917e+00 1.053855834960937500e+03
2.162176624803380243e+00 1.046362792968750000e+03
2.165611377185911568e+00 1.040711425781250000e+03
2.169046129568442449e+00 1.031249389648437500e+03
2.172480881950973775e+00 1.023746459960937500e+03
2.175915634333505100e+00 1.012076110839843750e+03
2.179350386716036425e+00 1.014020629882812500e+03
2.182785139098567306e+00 1.011546997070312500e+03
2.186219891481098632e+00 1.009398620605468750e+03
2.189654643863629957e+00 1.010433898925781250e+03
2.193089396246161282e+00 9.986320800781250000e+02
2.196524148628692163e+00 9.846290283203125000e+02
2.199958901011223489e+00 9.942421875000000000e+02
2.203393653393754814e+00 1.006344482421875000e+03
2.206828405776285695e+00 9.987056884765625000e+02
2.210263158158817021e+00 9.936501464843750000e+02
2.213697910541347902e+00 9.856440429687500000e+02
2.217132662923879227e+00 9.787429809570312500e+02
2.220567415306410108e+00 9.765197143554687500e+02
2.224002167688941434e+00 9.785460815429687500e+02
2.227436920071472759e+00 9.741560668945312500e+02
2.230871672454004084e+00 9.720102539062500000e+02
2.234306424836534966e+00 9.727644042968750000e+02
2.237741177219066291e+00 9.681299438476562500e+02
2.241175929601597616e+00 9.661546020507812500e+02
2.244610681984128497e+00 9.692344970703125000e+02
2.248045434366659823e+00 9.612161865234375000e+02
2.251480186749191148e+00 9.449556884765625000e+02
2.254914939131722473e+00 9.380036010742187500e+02
2.258349691514253355e+00 9.419615478515625000e+02
2.261784443896784680e+00 9.485480957031250000e+02
2.265219196279316005e+00 9.535700683593750000e+02
2.268653948661847330e+00 9.503790893554687500e+02
2.272088701044378212e+00 9.501535644531250000e+02
2.275523453426909537e+00 9.440809326171875000e+02
2.278958205809440862e+00 9.414285278320312500e+02
2.282392958191971744e+00 9.353030395507812500e+02
2.285827710574503069e+00 9.280558471679687500e+02
2.289262462957033950e+00 9.303709106445312500e+02
2.292697215339565275e+00 9.345706176757812500e+02
2.296131967722096157e+00 9.389424438476562500e+02
2.299566720104627482e+00 9.402286376953125000e+02
2.303001472487158807e+00 9.348496704101562500e+02
2.306436224869690133e+00 9.403129272460937500e+02
2.309870977252221014e+00 9.616848144531250000e+02
2.313305729634752339e+00 9.989081420898437500e+02
2.316740482017283664e+00 1.031459838867187500e+03
2.320175234399814546e+00 1.079668945312500000e+03
2.323609986782345871e+00 1.121454101562500000e+03
2.327044739164877196e+00 1.160661132812500000e+03
2.330479491547408522e+00 1.172853271484375000e+03
2.333914243929939403e+00 1.181426757812500000e+03
2.337348996312470728e+00 1.161571777343750000e+03
2.340783748695002053e+00 1.120749267578125000e+03
2.344218501077533379e+00 1.089057128906250000e+03
2.347653253460064260e+00 1.037899047851562500e+03
2.351088005842595585e+00 9.932384643554687500e+02
2.354522758225126911e+00 9.395867919921875000e+02
2.357957510607657792e+00 9.088698120117187500e+02
2.361392262990189117e+00 8.936231689453125000e+02
2.364827015372720442e+00 8.914577636718750000e+02
2.368261767755251324e+00 8.890643310546875000e+02
2.371696520137782205e+00 8.909121093750000000e+02
2.375131272520313530e+00 8.894321899414062500e+02
2.378566024902844855e+00 8.915634765625000000e+02
2.382000777285376181e+00 8.877150878906250000e+02
2.385435529667907062e+00 8.771813354492187500e+02
2.388870282050438387e+00 8.695339965820312500e+02
2.392305034432969713e+00 8.673175659179687500e+02
2.395739786815500594e+00 8.571342163085937500e+02
2.399174539198031919e+00 8.487736816406250000e+02
2.402609291580563244e+00 8.526305541992187500e+02
2.406044043963094570e+00 8.530329589843750000e+02
2.409478796345625451e+00 8.591968994140625000e+02
2.412913548728156776e+00 8.683681030273437500e+02
2.416348301110688102e+00 8.596301879882812500e+02
2.419783053493219427e+00 8.505620727539062500e+02
2.423217805875750308e+00 8.515715942382812500e+02
2.426652558258281633e+00 8.594607543945312500e+02
2.430087310640812959e+00 8.643363647460937500e+02
2.433522063023343840e+00 8.627966308593750000e+02
2.436956815405875165e+00 8.545865478515625000e+02
2.440391567788406491e+00 8.510820922851562500e+02
2.443826320170937372e+00 8.473789062500000000e+02
2.447261072553468253e+00 8.493831787109375000e+02
2.450695824935999578e+00 8.485356445312500000e+02
2.454130577318530904e+00 8.479638061523437500e+02
2.457565329701061785e+00 8.448591918945312500e+02
2.461000082083593110e+00 8.386818847656250000e+02
2.464434834466124435e+00 8.360219116210937500e+02
2.467869586848655761e+00 8.412083129882812500e+02
2.471304339231186642e+00 8.463265380859375000e+02
2.474739091613717967e+00 8.409669189453125000e+02
2.478173843996249293e+00 8.300950317382812500e+02
2.481608596378780618e+00 8.182312622070312500e+02
2.485043348761311499e+00 8.095799560546875000e+02
2.488478101143842824e+00 8.152432250976562500e+02
2.491912853526374150e+00 8.233226318359375000e+02
2.495347605908905031e+00 8.324706420898437500e+02
2.498782358291436356e+00 8.448682861328125000e+02
2.502217110673967682e+00 8.501712646484375000e+02
2.505651863056499007e+00 8.453925781250000000e+02
2.509086615439029888e+00 8.574478149414062500e+02
2.512521367821561213e+00 8.791146850585937500e+02
2.515956120204092539e+00 9.022812500000000000e+02
2.519390872586623420e+00 9.204607543945312500e+02
2.522825624969154301e+00 9.157093505859375000e+02
2.526260377351685626e+00 9.040052490234375000e+02
2.529695129734216952e+00 8.910416870117187500e+02
2.533129882116747833e+00 8.844465332031250000e+02
2.536564634499279158e+00 8.729420776367187500e+02
2.539999386881810484e+00 8.466325683593750000e+02
2.543434139264341809e+00 8.269598388671875000e+02
2.546868891646872690e+00 8.149715576171875000e+02
2.550303644029404015e+00 8.033233642578125000e+02
2.553738396411935341e+00 7.917921752929687500e+02
2.557173148794466666e+00 7.899044799804687500e+02
2.560607901176997547e+00 7.892693481445312500e+02
2.564042653559528873e+00 7.805739746093750000e+02
2.567477405942060198e+00 7.838171997070312500e+02
2.570912158324591079e+00 7.798689575195312500e+02
2.574346910707122404e+00 7.729078369140625000e+02
2.577781663089653730e+00 7.667458496093750000e+02
2.581216415472185055e+00 7.692065429687500000e+02
2.584651167854715936e+00 7.676661376953125000e+02
2.588085920237247262e+00 7.744216918945312500e+02
2.591520672619778587e+00 7.742115478515625000e+02
2.594955425002309468e+00 7.712169189453125000e+02
2.598390177384840349e+00 7.757369384765625000e+02
2.601824929767371675e+00 7.759605712890625000e+02
2.605259682149903000e+00 7.674142456054687500e+02
2.608694434532433881e+00 7.655159301757812500e+02
2.612129186914965207e+00 7.615955200195312500e+02
2.615563939297496532e+00 7.585803833007812500e+02
2.618998691680027857e+00 7.650774536132812500e+02
2.622433444062558738e+00 7.613585205078125000e+02
2.625868196445090064e+00 7.561672363281250000e+02
2.629302948827621389e+00 7.517880859375000000e+02
2.632737701210152714e+00 7.555121459960937500e+02
2.636172453592683596e+00 7.497184448242187500e+02
2.639607205975214921e+00 7.382125244140625000e+02
2.643041958357746246e+00 7.375496215820312500e+02
2.646476710740277127e+00 7.446516113281250000e+02
2.649911463122808453e+00 7.464462280273437500e+02
2.653346215505339778e+00 7.468769531250000000e+02
2.656780967887871103e+00 7.450855712890625000e+02
2.660215720270401984e+00 7.411469116210937500e+02
2.663650472652933310e+00 7.355339355468750000e+02
2.667085225035464635e+00 7.368120117187500000e+02
2.670519977417995516e+00 7.473381347656250000e+02
2.673954729800526398e+00 7.425708007812500000e+02
2.677389482183057723e+00 7.367764892578125000e+02
2.680824234565589048e+00 7.370725708007812500e+02
2.684258986948119929e+00 7.442684936523437500e+02
2.687693739330651255e+00 7.395067138671875000e+02
2.691128491713182580e+00 7.244890136718750000e+02
2.694563244095713905e+00 7.259654541015625000e+02
2.697997996478244787e+00 7.360110473632812500e+02
2.701432748860776112e+00 7.425952148437500000e+02
2.704867501243307437e+00 7.523314819335937500e+02
2.708302253625838762e+00 7.557820434570312500e+02
2.711737006008369644e+00 7.496406860351562500e+02
2.715171758390900969e+00 7.498675537109375000e+02
2.718606510773432294e+00 7.515379028320312500e+02
2.722041263155963176e+00 7.444592285156250000e+02
2.725476015538494501e+00 7.407721557617187500e+02
2.728910767921025826e+00 7.414183959960937500e+02
2.732345520303557151e+00 7.410272216796875000e+02
2.735780272686088033e+00 7.466664428710937500e+02
2.739215025068619358e+00 7.557637939453125000e+02
2.742649777451150683e+00 7.629196166992187500e+02
2.746084529833681565e+00 7.625028686523437500e+02
2.749519282216212890e+00 7.693344726562500000e+02
2.752954034598743771e+00 7.806347656250000000e+02
2.756388786981275096e+00 7.996116943359375000e+02
2.759823539363805978e+00 8.289688720703125000e+02
2.763258291746337303e+00 9.066367187500000000e+02
2.766693044128868628e+00 9.843067016601562500e+02
2.770127796511399954e+00 1.062972656250000000e+03
2.773562548893930835e+00 1.101847900390625000e+03
2.776997301276462160e+00 1.121153808593750000e+03
2.780432053658993485e+00 1.124671752929687500e+03
2.783866806041524811e+00 1.107855957031250000e+03
2.787301558424055692e+00 1.087073974609375000e+03
2.790736310806587017e+00 1.046317749023437500e+03
2.794171063189118343e+00 1.049522705078125000e+03
2.797605815571649224e+00 1.049781372070312500e+03
2.801040567954180549e+00 1.190750366210937500e+03
2.804475320336711874e+00 1.334995849609375000e+03
2.807910072719243200e+00 2.213772705078125000e+03
2.811344825101774081e+00 2.821018554687500000e+03
2.814779577484305406e+00 4.081817871093750000e+03
2.818214329866836731e+00 3.916182128906250000e+03
2.821649082249367613e+00 3.664021240234375000e+03
2.825083834631898938e+00 2.240960693359375000e+03
2.828518587014429819e+00 1.875370849609375000e+03
2.831953339396961145e+00 1.092427368164062500e+03
2.835388091779492026e+00 1.032641601562500000e+03
2.838822844162023351e+00 9.233686523437500000e+02
2.842257596544554676e+00 9.214202880859375000e+02
2.845692348927086002e+00 9.006381225585937500e+02
2.849127101309616883e+00 8.839545288085937500e+02
2.852561853692148208e+00 8.717167968750000000e+02
2.855996606074679534e+00 8.581654663085937500e+02
2.859431358457210415e+00 8.373892822265625000e+02
2.862866110839741740e+00 8.091317138671875000e+02
2.866300863222273065e+00 7.955447387695312500e+02
2.869735615604804391e+00 7.773276367187500000e+02
2.873170367987335272e+00 7.554840698242187500e+02
2.876605120369866597e+00 7.434728393554687500e+02
2.880039872752397923e+00 7.401739501953125000e+02
2.883474625134929248e+00 7.225197143554687500e+02
2.886909377517460129e+00 7.107250366210937500e+02
2.890344129899991454e+00 7.075923461914062500e+02
2.893778882282522780e+00 7.030698242187500000e+02
2.897213634665053661e+00 6.990074462890625000e+02
2.900648387047584986e+00 6.972193603515625000e+02
2.904083139430115867e+00 6.871235351562500000e+02
2.907517891812647193e+00 6.801007690429687500e+02
2.910952644195178074e+00 6.824841308593750000e+02
2.914387396577709399e+00 6.853562622070312500e+02
2.917822148960240725e+00 6.848788452148437500e+02
2.921256901342772050e+00 6.831992187500000000e+02
2.924691653725302931e+00 6.863741455078125000e+02
2.928126406107834256e+00 6.894608154296875000e+02
2.931561158490365582e+00 6.947005004882812500e+02
2.934995910872896463e+00 7.072217407226562500e+02
2.938430663255427788e+00 7.212073974609375000e+02
2.941865415637959114e+00 7.381912841796875000e+02
2.945300168020490439e+00 7.494681396484375000e+02
2.948734920403021320e+00 7.578081665039062500e+02
2.952169672785552645e+00 7.589803466796875000e+02
2.955604425168083971e+00 7.583186645507812500e+02
2.959039177550615296e+00 7.440377807617187500e+02
2.962473929933146177e+00 7.354354248046875000e+02
2.965908682315677503e+00 7.407468872070312500e+02
2.969343434698208828e+00 7.588122558593750000e+02
2.972778187080739709e+00 7.829553833007812500e+02
2.976212939463271034e+00 8.450368041992187500e+02
2.979647691845801916e+00 9.135945434570312500e+02
2.983082444228333241e+00 9.772105102539062500e+02
2.986517196610864122e+00 1.030022216796875000e+03
2.989951948993395447e+00 1.068431274414062500e+03
2.993386701375926773e+00 1.073646606445312500e+03
2.996821453758458098e+00 1.042316772460937500e+03
3.000256206140988979e+00 9.963179321289062500e+02
3.003690958523520305e+00 9.596297607421875000e+02
3.007125710906051630e+00 9.008816528320312500e+02
3.010560463288582511e+00 8.517208862304687500e+02
3.013995215671113836e+00 7.928166503906250000e+02
3.017429968053645162e+00 7.452177124023437500e+02
3.020864720436176487e+00 6.948591308593750000e+02
3.024299472818707368e+00 6.767007446289062500e+02
3.027734225201238694e+00 6.570888061523437500e+02
3.031168977583770019e+00 6.569459228515625000e+02
3.034603729966301344e+00 6.624619140625000000e+02
3.038038482348832225e+00 6.615410156250000000e+02
3.041473234731363551e+00 6.543066406250000000e+02
3.044907987113894876e+00 6.596821289062500000e+02
3.048342739496425757e+00 6.655829467773437500e+02
3.051777491878957083e+00 6.692253417968750000e+02
3.055212244261487964e+00 6.755609741210937500e+02
3.058646996644019289e+00 6.792042236328125000e+02
3.062081749026550170e+00 6.823774414062500000e+02
3.065516501409081496e+00 6.906657714843750000e+02
3.068951253791612821e+00 7.027373657226562500e+02
3.072386006174144146e+00 7.112008666992187500e+02
3.075820758556675028e+00 7.180766601562500000e+02
3.079255510939206353e+00 7.346723632812500000e+02
3.082690263321737678e+00 7.395978393554687500e+02
3.086125015704268559e+00 7.388793334960937500e+02
3.089559768086799885e+00 7.400203247070312500e+02
3.092994520469331210e+00 7.315652465820312500e+02
3.096429272851862535e+00 7.250123901367187500e+02
3.099864025234393416e+00 7.190466918945312500e+02
3.103298777616924742e+00 6.973709716796875000e+02
3.106733529999456067e+00 6.676645507812500000e+02
3.110168282381987392e+00 6.644868164062500000e+02
3.113603034764518274e+00 6.561536865234375000e+02
3.117037787147049599e+00 6.440692749023437500e+02
3.120472539529580924e+00 6.283939819335937500e+02
3.123907291912111805e+00 6.270864868164062500e+02
3.127342044294643131e+00 6.235004272460937500e+02
3.130776796677174012e+00 6.254741821289062500e+02
3.134211549059705337e+00 6.206785888671875000e+02
3.137646301442236219e+00 6.123646240234375000e+02
3.141081053824767544e+00 6.121239013671875000e+02
3.144515806207298869e+00 6.117874755859375000e+02
3.147950558589830194e+00 6.063504638671875000e+02
3.151385310972361076e+00 6.008875122070312500e+02
3.154820063354892401e+00 6.031635131835937500e+02
3.158254815737423726e+00 6.107062988281250000e+02
3.161689568119954608e+00 6.156252441406250000e+02
3.165124320502485933e+00 6.118838500976562500e+02
3.168559072885017258e+00 6.054224853515625000e+02
3.171993825267548583e+00 6.015622558593750000e+02
3.175428577650079465e+00 5.980518798828125000e+02
3.178863330032610790e+00 6.085266723632812500e+02
3.182298082415142115e+00 6.064916381835937500e+02
3.185732834797673441e+00 6.055015258789062500e+02
3.189167587180204322e+00 6.004649047851562500e+02
3.192602339562735647e+00 5.955176391601562500e+02
3.196037091945266972e+00 5.929428710937500000e+02
3.199471844327797854e+00 6.047578125000000000e+02
3.202906596710329179e+00 6.078920288085937500e+02
3.206341349092860060e+00 5.959555664062500000e+02
3.209776101475391386e+00 5.870001831054687500e+02
3.213210853857922267e+00 5.909759521484375000e+02
3.216645606240453592e+00 6.005652465820312500e+02
3.220080358622984917e+00 6.003692626953125000e+02
3.223515111005516243e+00 5.854980468750000000e+02
3.226949863388047124e+00 5.798372192382812500e+02
3.230384615770578449e+00 5.874317626953125000e+02
3.233819368153109775e+00 6.026480102539062500e+02
3.237254120535640656e+00 6.085945434570312500e+02
3.240688872918171981e+00 6.093156738281250000e+02
3.244123625300703306e+00 6.082078857421875000e+02
3.247558377683234632e+00 6.094262084960937500e+02
3.250993130065765513e+00 6.149888305664062500e+02
3.254427882448296838e+00 6.187472534179687500e+02
3.257862634830828164e+00 6.151678466796875000e+02
3.261297387213359489e+00 6.180949096679687500e+02
3.264732139595890370e+00 6.321582031250000000e+02
3.268166891978421695e+00 6.494518432617187500e+02
3.271601644360953021e+00 6.560421752929687500e+02
3.275036396743483902e+00 6.669725952148437500e+02
3.278471149126015227e+00 6.691412963867187500e+02
3.281905901508546108e+00 6.592510986328125000e+02
3.285340653891077434e+00 6.395520629882812500e+02
3.288775406273608315e+00 6.304618530273437500e+02
3.292210158656139640e+00 6.227828369140625000e+02
3.295644911038670966e+00 6.176590576171875000e+02
3.299079663421202291e+00 6.130157470703125000e+02
3.302514415803733172e+00 6.042423706054687500e+02
3.305949168186264497e+00 5.991585083007812500e+02
3.309383920568795823e+00 5.906801757812500000e+02
3.312818672951326704e+00 5.883192138671875000e+02
3.316253425333858029e+00 5.908860473632812500e+02
3.319688177716389355e+00 5.923897094726562500e+02
3.323122930098920680e+00 5.873109741210937500e+02
3.326557682481451561e+00 5.816235351562500000e+02
3.329992434863982886e+00 5.773224487304687500e+02
3.333427187246514212e+00 5.821785888671875000e+02
3.336861939629045093e+00 5.923453369140625000e+02
3.340296692011576418e+00 6.002243652343750000e+02
3.343731444394107744e+00 6.000807495117187500e+02
3.347166196776639069e+00 5.979980468750000000e+02
3.350600949159169950e+00 5.953392944335937500e+02
3.354035701541701275e+00 5.873818969726562500e+02
3.357470453924232601e+00 5.900244140625000000e+02
3.360905206306763482e+00 5.963737792968750000e+02
3.364339958689294363e+00 6.041173706054687500e+02
3.367774711071825688e+00 6.076027832031250000e+02
3.371209463454357014e+00 6.151527709960937500e+02
3.374644215836887895e+00 6.156273193359375000e+02
3.378078968219419220e+00 6.193314819335937500e+02
3.381513720601950546e+00 6.211502685546875000e+02
3.384948472984481871e+00 6.100152587890625000e+02
3.388383225367012752e+00 6.035981445312500000e+02
3.391817977749544077e+00 6.029421997070312500e+02
3.395252730132075403e+00 5.988841552734375000e+02
3.398687482514606728e+00 5.990803222656250000e+02
3.402122234897137609e+00 5.941000366210937500e+02
3.405556987279668935e+00 5.873755493164062500e+02
3.408991739662200260e+00 5.938736572265625000e+02
3.412426492044731141e+00 6.018529663085937500e+02
3.415861244427262466e+00 6.041154174804687500e+02
3.419295996809793792e+00 6.117097778320312500e+02
3.422730749192325117e+00 6.258944702148437500e+02
3.426165501574855998e+00 6.508023681640625000e+02
3.429600253957387324e+00 6.913973388671875000e+02
3.433035006339918649e+00 7.680268554687500000e+02
3.436469758722449530e+00 8.961820678710937500e+02
3.439904511104980411e+00 1.048556884765625000e+03
3.443339263487511737e+00 1.215410522460937500e+03
3.446774015870043062e+00 1.369060668945312500e+03
3.450208768252573943e+00 1.481698730468750000e+03
3.453643520635105268e+00 1.522063354492187500e+03
3.457078273017636594e+00 1.485134399414062500e+03
3.460513025400167919e+00 1.419752197265625000e+03
3.463947777782698800e+00 1.310412231445312500e+03
3.467382530165230126e+00 1.201473876953125000e+03
3.470817282547761451e+00 1.079564697265625000e+03
3.474252034930292776e+00 9.690741577148437500e+02
3.477686787312823657e+00 8.682092285156250000e+02
3.481121539695354983e+00 7.663195800781250000e+02
3.484556292077886308e+00 6.911741943359375000e+02
3.487991044460417189e+00 6.462071533203125000e+02
3.491425796842948515e+00 6.266122436523437500e+02
3.494860549225479840e+00 6.127200927734375000e+02
3.498295301608011165e+00 5.988635253906250000e+02
3.501730053990542046e+00 5.877312011718750000e+02
3.505164806373073372e+00 5.796986083984375000e+02
3.508599558755604697e+00 5.744509277343750000e+02
3.512034311138135578e+00 5.790049438476562500e+02
3.515469063520666460e+00 5.781030273437500000e+02
3.518903815903197785e+00 5.795494384765625000e+02
3.522338568285729110e+00 5.774250488281250000e+02
3.525773320668259991e+00 5.656890258789062500e+02
3.529208073050791317e+00 5.711124877929687500e+02
3.532642825433322642e+00 5.818315429687500000e+02
3.536077577815853967e+00 5.829352416992187500e+02
3.539512330198384849e+00 5.798287963867187500e+02
3.542947082580916174e+00 5.736282958984375000e+02
3.546381834963447499e+00 5.665504150390625000e+02
3.549816587345978824e+00 5.670592651367187500e+02
3.553251339728509706e+00 5.689312133789062500e+02
3.556686092111041031e+00 5.641690673828125000e+02
3.560120844493572356e+00 5.606228027343750000e+02
3.563555596876103237e+00 5.622714233398437500e+02
3.566990349258634563e+00 5.611501464843750000e+02
3.570425101641165888e+00 5.662762451171875000e+02
3.573859854023697213e+00 5.648762817382812500e+02
3.577294606406228095e+00 5.583920288085937500e+02
3.580729358788759420e+00 5.600458374023437500e+02
3.584164111171290301e+00 5.700538330078125000e+02
3.587598863553821626e+00 5.732739868164062500e+02
3.591033615936352508e+00 5.692612915039062500e+02
3.594468368318883833e+00 5.725465698242187500e+02
3.597903120701415158e+00 5.680089111328125000e+02
3.601337873083946484e+00 5.597543945312500000e+02
3.604772625466477809e+00 5.584564819335937500e+02
3.608207377849008246e+00 5.505975952148437500e+02
3.611642130231539571e+00 5.429850463867187500e+02
3.615076882614070897e+00 5.425024414062500000e+02
3.618511634996602222e+00 5.404074096679687500e+02
3.621946387379133547e+00 5.399024658203125000e+02
3.625381139761664873e+00 5.388519287109375000e+02
3.628815892144196198e+00 5.442493896484375000e+02
3.632250644526726635e+00 5.484935913085937500e+02
3.635685396909257960e+00 5.518112182617187500e+02
3.639120149291789286e+00 5.448517456054687500e+02
3.642554901674320611e+00 5.431459960937500000e+02
3.645989654056851936e+00 5.436504516601562500e+02
3.649424406439383262e+00 5.412935791015625000e+02
3.652859158821914587e+00 5.371778564453125000e+02
3.656293911204445912e+00 5.391796264648437500e+02
3.659728663586976349e+00 5.398978271484375000e+02
3.663163415969507675e+00 5.315892944335937500e+02
3.666598168352038556e+00 5.215015869140625000e+02
3.670032920734569881e+00 5.270863037109375000e+02
3.673467673117101207e+00 5.335960083007812500e+02
3.676902425499632532e+00 5.362286376953125000e+02
3.680337177882163857e+00 5.331483764648437500e+02
3.683771930264694294e+00 5.361728515625000000e+02
3.687206682647225620e+00 5.388270874023437500e+02
3.690641435029756945e+00 5.409244384765625000e+02
3.694076187412288270e+00 5.327498168945312500e+02
3.697510939794819596e+00 5.288518676757812500e+02
3.700945692177350921e+00 5.256223144531250000e+02
3.704380444559882246e+00 5.248641357421875000e+02
3.707815196942412683e+00 5.228466796875000000e+02
3.711249949324944009e+00 5.229338378906250000e+02
3.714684701707475334e+00 5.125551147460937500e+02
3.718119454090006659e+00 5.078893432617187500e+02
3.721554206472537984e+00 5.084043273925781250e+02
3.724988958855069310e+00 5.159625854492187500e+02
3.728423711237600635e+00 5.235669555664062500e+02
3.731858463620131960e+00 5.269935913085937500e+02
3.735293216002662398e+00 5.244625244140625000e+02
3.738727968385193723e+00 5.277611083984375000e+02
3.742162720767725048e+00 5.201875610351562500e+02
3.745597473150255929e+00 5.096990966796875000e+02
3.749032225532787255e+00 5.101734008789062500e+02
3.752466977915318580e+00 5.067528991699218750e+02
3.755901730297849905e+00 5.054973754882812500e+02
3.759336482680380342e+00 5.059147644042968750e+02
3.762771235062911668e+00 5.062648315429687500e+02
3.766205987445442993e+00 5.154501953125000000e+02
3.769640739827974318e+00 5.306623535156250000e+02
3.773075492210505644e+00 5.420098876953125000e+02
3.776510244593036969e+00 5.470767822265625000e+02
3.779944996975568294e+00 5.542268066406250000e+02
3.783379749358098731e+00 5.593312377929687500e+02
3.786814501740630057e+00 5.695590820312500000e+02
3.790249254123161382e+00 5.669084472656250000e+02
3.793684006505692707e+00 5.611007080078125000e+02
3.797118758888224033e+00 5.593333740234375000e+02
3.800553511270755358e+00 5.480390625000000000e+02
3.803988263653286683e+00 5.351490478515625000e+02
3.807423016035818009e+00 5.184818115234375000e+02
3.810857768418348446e+00 5.211909179687500000e+02
3.814292520800879771e+00 5.202775268554687500e+02
3.817727273183411096e+00 5.142044067382812500e+02
3.821162025565941978e+00 5.112648620605468750e+02
3.824596777948473303e+00 5.093265075683593750e+02
3.828031530331004628e+00 5.114670410156250000e+02
3.831466282713535954e+00 5.155868530273437500e+02
3.834901035096066391e+00 5.173908691406250000e+02
3.838335787478597716e+00 5.195304565429687500e+02
3.841770539861129041e+00 5.373198852539062500e+02
3.845205292243660367e+00 5.462138671875000000e+02
3.848640044626191692e+00 5.546793823242187500e+02
3.852074797008723017e+00 5.668738403320312500e+02
3.855509549391254343e+00 5.644472656250000000e+02
3.858944301773784780e+00 5.649085693359375000e+02
3.862379054156316105e+00 5.637744140625000000e+02
3.865813806538847430e+00 5.675526733398437500e+02
3.869248558921378756e+00 5.696076660156250000e+02
3.872683311303910081e+00 5.670547485351562500e+02
3.876118063686441406e+00 5.644407348632812500e+02
3.879552816068972732e+00 5.592460937500000000e+02
3.882987568451504057e+00 5.473167114257812500e+02
3.886422320834034494e+00 5.398901367187500000e+02
3.889857073216565819e+00 5.358809814453125000e+02
3.893291825599097145e+00 5.186882934570312500e+02
3.896726577981628026e+00 5.089144287109375000e+02
3.900161330364159351e+00 4.987718505859375000e+02
3.903596082746690676e+00 4.962481079101562500e+02
3.907030835129222002e+00 5.087659301757812500e+02
3.910465587511752439e+00 5.211080932617187500e+02
3.913900339894283764e+00 5.105633239746093750e+02
3.917335092276815089e+00 4.955762939453125000e+02
3.920769844659346415e+00 4.912262878417968750e+02
3.924204597041877740e+00 4.885745239257812500e+02
3.927639349424409065e+00 4.874669189453125000e+02
3.931074101806940391e+00 4.899635925292968750e+02
3.934508854189470828e+00 4.839047241210937500e+02
3.937943606572002153e+00 4.779654846191406250e+02
3.941378358954533478e+00 4.801471862792968750e+02
3.944813111337064804e+00 4.932705993652343750e+02
3.948247863719596129e+00 5.010011291503906250e+02
3.951682616102127454e+00 4.982512207031250000e+02
3.955117368484658780e+00 4.936805419921875000e+02
3.958552120867189217e+00 4.845300598144531250e+02
3.961986873249720542e+00 4.815137023925781250e+02
3.965421625632251867e+00 4.872735595703125000e+02
3.968856378014783193e+00 4.935750427246093750e+02
3.972291130397314074e+00 4.880622863769531250e+02
3.975725882779845399e+00 4.819620361328125000e+02
3.979160635162376725e+00 4.841405029296875000e+02
3.982595387544908050e+00 4.854475097656250000e+02
3.986030139927438487e+00 4.833042297363281250e+02
3.989464892309969812e+00 4.841566467285156250e+02
3.992899644692501138e+00 4.800146484375000000e+02
3.996334397075032463e+00 4.811596069335937500e+02
3.999769149457563788e+00 5.060458984375000000e+02
4.003203901840095114e+00 5.285252685546875000e+02
4.006638654222625995e+00 5.519458618164062500e+02
4.010073406605156876e+00 5.844968261718750000e+02
4.013508158987687757e+00 6.161502075195312500e+02
4.016942911370219527e+00 6.315991210937500000e+02
4.020377663752750408e+00 6.461966552734375000e+02
4.023812416135282177e+00 6.631817626953125000e+02
4.027247168517813058e+00 6.550393676757812500e+02
4.030681920900344828e+00 6.370617675781250000e+02
4.034116673282874821e+00 6.248277587890625000e+02
4.037551425665406590e+00 5.969487304687500000e+02
4.040986178047937472e+00 5.697637939453125000e+02
4.044420930430469241e+00 5.532362670898437500e+02
4.047855682813000122e+00 5.327655029296875000e+02
4.051290435195531892e+00 5.116714477539062500e+02
4.054725187578062773e+00 4.983023986816406250e+02
4.058159939960594542e+00 4.855322265625000000e+02
4.061594692343124535e+00 4.828193054199218750e+02
4.065029444725656305e+00 4.877731628417968750e+02
4.068464197108187186e+00 4.869794006347656250e+02
4.071898949490718955e+00 4.770950927734375000e+02
4.075333701873249836e+00 4.739819335937500000e+02
4.078768454255781606e+00 4.741544799804687500e+02
4.082203206638312487e+00 4.705010986328125000e+02
4.085637959020843368e+00 4.744887695312500000e+02
4.089072711403374250e+00 4.837861328125000000e+02
4.092507463785905131e+00 4.824960327148437500e+02
4.095942216168436900e+00 4.752137451171875000e+02
4.099376968550967781e+00 4.734155273437500000e+02
4.102811720933499551e+00 4.729430847167968750e+02
4.106246473316030432e+00 4.672556152343750000e+02
4.109681225698561313e+00 4.577425537109375000e+02
4.113115978081092194e+00 4.603069458007812500e+02
4.116550730463623964e+00 4.647729187011718750e+02
4.119985482846154845e+00 4.711403503417968750e+02
4.123420235228686614e+00 4.767155761718750000e+02
4.126854987611217496e+00 4.748557434082031250e+02
4.130289739993749265e+00 4.753667297363281250e+02
4.133724492376280146e+00 4.761965332031250000e+02
4.137159244758811028e+00 4.760421142578125000e+02
4.140593997141341909e+00 4.712348327636718750e+02
4.144028749523873678e+00 4.673431396484375000e+02
4.147463501906404559e+00 4.724332885742187500e+02
4.150898254288936329e+00 4.762971801757812500e+02
4.154333006671467210e+00 4.735255737304687500e+02
4.157767759053998091e+00 4.722996520996093750e+02
4.161202511436528972e+00 4.760271911621093750e+02
4.164637263819060742e+00 4.868137512207031250e+02
4.168072016201591623e+00 4.907858886718750000e+02
4.171506768584122504e+00 4.872155761718750000e+02
4.174941520966654274e+00 4.895743103027343750e+02
4.178376273349185155e+00 5.066736145019531250e+02
4.181811025731716924e+00 5.124910888671875000e+02
4.185245778114246917e+00 5.201748657226562500e+02
4.188680530496778687e+00 5.246748657226562500e+02
4.192115282879309568e+00 5.234960937500000000e+02
4.195550035261841337e+00 5.250326538085937500e+02
4.198984787644372219e+00 5.359498901367187500e+02
4.202419540026903988e+00 5.408720092773437500e+02
4.205854292409434869e+00 5.436744995117187500e+02
4.209289044791966639e+00 5.443029174804687500e+02
4.212723797174496632e+00 5.397576904296875000e+02
4.216158549557028401e+00 5.442626953125000000e+02
4.219593301939559282e+00 5.484756469726562500e+02
4.223028054322091052e+00 5.475770874023437500e+02
4.226462806704621933e+00 5.501098632812500000e+02
4.229897559087153702e+00 5.481061401367187500e+02
4.233332311469684583e+00 5.435485229492187500e+02
4.236767063852215465e+00 5.444466552734375000e+02
4.240201816234746346e+00 5.377960205078125000e+02
4.243636568617277227e+00 5.204426879882812500e+02
4.247071320999808997e+00 5.094011535644531250e+02
4.250506073382339878e+00 5.011247863769531250e+02
4.253940825764871647e+00 4.933700256347656250e+02
4.257375578147402528e+00 4.807341918945312500e+02
4.260810330529933410e+00 4.698785400390625000e+02
4.264245082912464291e+00 4.623362426757812500e+02
4.267679835294996060e+00 4.648880004882812500e+02
4.271114587677526941e+00 4.611322021484375000e+02
4.274549340060058711e+00 4.620969238281250000e+02
4.277984092442589592e+00 4.713323364257812500e+02
4.281418844825121361e+00 4.733419189453125000e+02
4.284853597207652243e+00 4.713446044921875000e+02
4.288288349590183124e+00 4.828276977539062500e+02
4.291723101972714005e+00 4.990890808105468750e+02
4.295157854355245775e+00 5.115207519531250000e+02
4.298592606737776656e+00 5.257059326171875000e+02
4.302027359120308425e+00 5.429651489257812500e+02
4.305462111502839306e+00 5.495900268554687500e+02
4.308896863885370188e+00 5.556806640625000000e+02
4.312331616267901069e+00 5.489150390625000000e+02
4.315766368650432838e+00 5.382045898437500000e+02
4.319201121032963719e+00 5.297614746093750000e+02
4.322635873415494601e+00 5.184912109375000000e+02
4.326070625798026370e+00 5.107514038085937500e+02
4.329505378180557251e+00 4.949242858886718750e+02
4.332940130563089021e+00 4.803227539062500000e+02
4.336374882945619014e+00 4.658107604980468750e+02
4.339809635328150783e+00 4.629459533691406250e+02
4.343244387710681664e+00 4.632841491699218750e+02
4.346679140093213434e+00 4.608560485839843750e+02
4.350113892475744315e+00 4.587498474121093750e+02
4.353548644858276084e+00 4.586956787109375000e+02
4.356983397240806966e+00 4.518326721191406250e+02
4.360418149623338735e+00 4.511577453613281250e+02
4.363852902005868728e+00 4.535127258300781250e+02
4.367287654388400497e+00 4.568129272460937500e+02
4.370722406770931379e+00 4.602646484375000000e+02
4.374157159153463148e+00 4.649398803710937500e+02
4.377591911535994029e+00 4.529479980468750000e+02
4.381026663918525799e+00 4.451617431640625000e+02
4.384461416301056680e+00 4.474129638671875000e+02
4.387896168683587561e+00 4.517721557617187500e+02
4.391330921066118442e+00 4.489708557128906250e+02
4.394765673448649324e+00 4.514677734375000000e+02
4.398200425831181093e+00 4.497820739746093750e+02
4.401635178213711974e+00 4.506633911132812500e+02
4.405069930596243744e+00 4.590680236816406250e+02
4.408504682978774625e+00 4.669985656738281250e+02
4.411939435361305506e+00 4.737096252441406250e+02
4.415374187743836387e+00 4.835756835937500000e+02
4.418808940126368157e+00 4.919010925292968750e+02
4.422243692508899038e+00 4.960423889160156250e+02
4.425678444891430807e+00 4.934076538085937500e+02
4.429113197273961688e+00 4.867800292968750000e+02
4.432547949656493458e+00 4.871010742187500000e+02
4.435982702039023451e+00 4.764770507812500000e+02
4.439417454421555220e+00 4.604727172851562500e+02
4.442852206804086101e+00 4.514756469726562500e+02
4.446286959186617871e+00 4.460111389160156250e+02
4.449721711569148752e+00 4.467294921875000000e+02
4.453156463951680522e+00 4.390152282714843750e+02
4.456591216334211403e+00 4.394160156250000000e+02
4.460025968716742284e+00 4.448280334472656250e+02
4.463460721099273165e+00 4.452661132812500000e+02
4.466895473481804935e+00 4.409912414550781250e+02
4.470330225864335816e+00 4.375294494628906250e+02
4.473764978246866697e+00 4.369902343750000000e+02
4.477199730629398466e+00 4.426127624511718750e+02
4.480634483011929348e+00 4.394173583984375000e+02
4.484069235394461117e+00 4.234566650390625000e+02
4.487503987776991110e+00 4.223812255859375000e+02
4.490938740159522879e+00 4.277726135253906250e+02
4.494373492542053761e+00 4.251640014648437500e+02
4.497808244924585530e+00 4.273212890625000000e+02
4.501242997307116411e+00 4.420807189941406250e+02
4.504677749689648181e+00 4.464106445312500000e+02
4.508112502072179062e+00 4.421588439941406250e+02
4.511547254454709943e+00 4.391784973144531250e+02
4.514982006837240824e+00 4.349449157714843750e+02
4.518416759219772594e+00 4.265098876953125000e+02
4.521851511602303475e+00 4.252796936035156250e+02
4.525286263984835244e+00 4.271845092773437500e+02
4.528721016367366126e+00 4.381293334960937500e+02
4.532155768749897895e+00 4.405309448242187500e+02
4.535590521132428776e+00 4.405717163085937500e+02
4.539025273514959657e+00 4.356545715332031250e+02
4.542460025897490539e+00 4.254197998046875000e+02
4.545894778280021420e+00 4.180718078613281250e+02
4.549329530662553189e+00 4.242515258789062500e+02
4.552764283045084071e+00 4.286220092773437500e+02
4.556199035427615840e+00 4.254635620117187500e+02
4.559633787810146721e+00 4.242871398925781250e+02
4.563068540192677602e+00 4.289521179199218750e+02
4.566503292575208484e+00 4.277637634277343750e+02
4.569938044957740253e+00 4.296157226562500000e+02
4.573372797340271134e+00 4.296738586425781250e+02
4.576807549722802904e+00 4.259354858398437500e+02
4.580242302105333785e+00 4.284615478515625000e+02
4.583677054487865554e+00 4.336716918945312500e+02
4.587111806870395547e+00 4.406673583984375000e+02
4.590546559252927317e+00 4.421331176757812500e+02
4.593981311635458198e+00 4.420112609863281250e+02
4.597416064017989967e+00 4.403460388183593750e+02
4.600850816400520849e+00 4.391713867187500000e+02
4.604285568783052618e+00 4.408652038574218750e+02
4.607720321165583499e+00 4.416334838867187500e+02
4.611155073548115269e+00 4.359400634765625000e+02
4.614589825930645262e+00 4.292303771972656250e+02
4.618024578313177031e+00 4.252311096191406250e+02
4.621459330695707912e+00 4.300101928710937500e+02
4.624894083078238793e+00 4.400666503906250000e+02
4.628328835460770563e+00 4.484445495605468750e+02
4.631763587843301444e+00 4.525076293945312500e+02
4.635198340225833213e+00 4.583480529785156250e+02
4.638633092608363206e+00 4.691269531250000000e+02
4.642067844990894976e+00 4.809309082031250000e+02
4.645502597373425857e+00 4.949203186035156250e+02
4.648937349755957626e+00 5.078995056152343750e+02
4.652372102138488508e+00 5.208087768554687500e+02
4.655806854521020277e+00 5.350036621093750000e+02
4.659241606903551158e+00 5.459982299804687500e+02
4.662676359286082040e+00 5.601655883789062500e+02
4.666111111668612921e+00 5.720673217773437500e+02
4.669545864051144690e+00 5.725559692382812500e+02
4.672980616433675571e+00 5.713679199218750000e+02
4.676415368816207341e+00 5.724228515625000000e+02
4.679850121198738222e+00 5.651915893554687500e+02
4.683284873581269991e+00 5.509032592773437500e+02
4.686719625963800873e+00 5.279847412109375000e+02
4.690154378346331754e+00 5.126209716796875000e+02
4.693589130728862635e+00 5.013381042480468750e+02
4.697023883111393516e+00 4.991762390136718750e+02
4.700458635493925286e+00 4.859669494628906250e+02
4.703893387876456167e+00 4.690167541503906250e+02
4.707328140258987936e+00 4.532719421386718750e+02
4.710762892641518818e+00 4.399904479980468750e+02
4.714197645024049699e+00 4.311044311523437500e+02
4.717632397406580580e+00 4.290210266113281250e+02
4.721067149789112349e+00 4.299049682617187500e+02
4.724501902171643231e+00 4.350427856445312500e+02
4.727936654554175000e+00 4.291130065917968750e+02
4.731371406936705881e+00 4.260563659667968750e+02
4.734806159319237651e+00 4.242441101074218750e+02
4.738240911701767644e+00 4.236741027832031250e+02
4.741675664084299413e+00 4.323718872070312500e+02
4.745110416466830294e+00 4.360357055664062500e+02
4.748545168849362064e+00 4.303132324218750000e+02
4.751979921231892945e+00 4.342144775390625000e+02
4.755414673614424714e+00 4.396377258300781250e+02
4.758849425996955596e+00 4.306368408203125000e+02
4.762284178379487365e+00 4.197642517089843750e+02
4.765718930762017358e+00 4.206440429687500000e+02
4.769153683144549127e+00 4.231759033203125000e+02
4.772588435527080009e+00 4.215120849609375000e+02
4.776023187909610890e+00 4.223808593750000000e+02
4.779457940292142659e+00 4.200644226074218750e+02
4.782892692674673540e+00 4.235145568847656250e+02
4.786327445057205310e+00 4.303269348144531250e+02
4.789762197439735303e+00 4.275458374023437500e+02
4.793196949822267072e+00 4.300708007812500000e+02
4.796631702204797953e+00 4.297232666015625000e+02
4.800066454587329723e+00 4.249873657226562500e+02
4.803501206969860604e+00 4.279820556640625000e+02
4.806935959352392373e+00 4.321469421386718750e+02
4.810370711734923255e+00 4.354660949707031250e+02
4.813805464117454136e+00 4.330576477050781250e+02
4.817240216499985017e+00 4.259051208496093750e+02
4.820674968882516787e+00 4.167279968261718750e+02
4.824109721265047668e+00 4.087846984863281250e+02
4.827544473647579437e+00 4.138263244628906250e+02
4.830979226030110318e+00 4.268710632324218750e+02
4.834413978412642088e+00 4.363166198730468750e+02
4.837848730795172969e+00 4.341838989257812500e+02
4.841283483177703850e+00 4.299208374023437500e+02
4.844718235560234731e+00 4.319393310546875000e+02
4.848152987942766501e+00 4.354644165039062500e+02
4.851587740325297382e+00 4.286685485839843750e+02
4.855022492707828263e+00 4.214592590332031250e+02
4.858457245090360033e+00 4.184360351562500000e+02
4.861891997472890914e+00 4.188404541015625000e+02
4.865326749855421795e+00 4.167974243164062500e+02
4.868761502237952676e+00 4.236796875000000000e+02
4.872196254620484446e+00 4.259148559570312500e+02
4.875631007003015327e+00 4.242524719238281250e+02
4.879065759385547096e+00 4.215910034179687500e+02
4.882500511768077978e+00 4.183913574218750000e+02
4.885935264150609747e+00 4.216575317382812500e+02
4.889370016533139740e+00 4.273915100097656250e+02
4.892804768915671509e+00 4.268692321777343750e+02
4.896239521298202391e+00 4.221563415527343750e+02
4.899674273680734160e+00 4.191365966796875000e+02
4.903109026063265041e+00 4.171873168945312500e+02
4.906543778445796811e+00 4.155703430175781250e+02
4.909978530828327692e+00 4.205945129394531250e+02
4.913413283210858573e+00 4.245086669921875000e+02
4.916848035593389454e+00 4.261301574707031250e+02
4.920282787975921224e+00 4.236907653808593750e+02
4.923717540358452105e+00 4.226629333496093750e+02
4.927152292740982986e+00 4.291089172363281250e+02
4.930587045123514756e+00 4.325681457519531250e+02
4.934021797506045637e+00 4.343070373535156250e+02
4.937456549888577406e+00 4.361819763183593750e+02
4.940891302271107399e+00 4.329365234375000000e+02
4.944326054653639169e+00 4.292741699218750000e+02
4.947760807036170050e+00 4.237789306640625000e+02
4.951195559418701819e+00 4.225099487304687500e+02
4.954630311801232700e+00 4.234046325683593750e+02
4.958065064183764470e+00 4.280226745605468750e+02
4.961499816566295351e+00 4.323615417480468750e+02
4.964934568948826232e+00 4.354179992675781250e+02
4.968369321331357114e+00 4.384492187500000000e+02
4.971804073713888883e+00 4.425905761718750000e+02
4.975238826096419764e+00 4.386208190917968750e+02
4.978673578478951534e+00 4.350799560546875000e+02
4.982108330861482415e+00 4.255337829589843750e+02
4.985543083244014184e+00 4.263255310058593750e+02
4.988977835626544177e+00 4.338900146484375000e+02
4.992412588009075947e+00 4.276964416503906250e+02
4.995847340391606828e+00 4.206487121582031250e+02
4.999282092774138597e+00 4.190102233886718750e+02
5.002716845156669478e+00 4.183403625488281250e+02
5.006151597539200360e+00 4.164824523925781250e+02
5.009586349921732129e+00 4.087528076171875000e+02
5.013021102304263010e+00 4.121308898925781250e+02
5.016455854686793892e+00 4.173349914550781250e+02
5.019890607069324773e+00 4.156724548339843750e+02
5.023325359451856542e+00 4.120498046875000000e+02
5.026760111834387423e+00 4.180611572265625000e+02
5.030194864216919193e+00 4.300771789550781250e+02
5.033629616599450074e+00 4.374582824707031250e+02
5.037064368981981843e+00 4.428964233398437500e+02
5.040499121364511836e+00 4.506466674804687500e+02
5.043933873747043606e+00 4.487049865722656250e+02
5.047368626129574487e+00 4.486490173339843750e+02
5.050803378512106256e+00 4.459101257324218750e+02
5.054238130894637138e+00 4.425640563964843750e+02
5.057672883277168907e+00 4.393401489257812500e+02
5.061107635659699788e+00 4.341499023437500000e+02
5.064542388042230669e+00 4.292901306152343750e+02
5.067977140424761551e+00 4.236378479003906250e+02
5.071411892807293320e+00 4.170016174316406250e+02
5.074846645189824201e+00 4.095772705078125000e+02
5.078281397572355083e+00 4.077665710449218750e+02
5.081716149954886852e+00 4.124940490722656250e+02
5.085150902337417733e+00 4.176541137695312500e+02
5.088585654719949503e+00 4.183140869140625000e+02
5.092020407102479496e+00 4.170704650878906250e+02
5.095455159485011265e+00 4.147184753417968750e+02
5.098889911867542146e+00 4.164613037109375000e+02
5.102324664250073916e+00 4.146844787597656250e+02
5.105759416632604797e+00 4.115252380371093750e+02
5.109194169015136566e+00 4.102279968261718750e+02
5.112628921397667447e+00 4.088172912597656250e+02
5.116063673780198329e+00 4.051173400878906250e+02
5.119498426162729210e+00 4.051694030761718750e+02
5.122933178545260979e+00 4.011142578125000000e+02
5.126367930927791861e+00 3.993955993652343750e+02
5.129802683310323630e+00 4.027759704589843750e+02
5.133237435692854511e+00 4.010076599121093750e+02
5.136672188075386281e+00 4.002358093261718750e+02
5.140106940457916274e+00 4.029920959472656250e+02
5.143541692840448043e+00 4.050324401855468750e+02
5.146976445222978924e+00 4.041997375488281250e+02
5.150411197605510694e+00 4.046892700195312500e+02
5.153845949988041575e+00 4.060980529785156250e+02
5.157280702370572456e+00 4.048328857421875000e+02
5.160715454753104225e+00 4.063338623046875000e+02
5.164150207135635107e+00 4.095879211425781250e+02
5.167584959518165988e+00 4.150127563476562500e+02
5.171019711900696869e+00 4.172522277832031250e+02
5.174454464283228639e+00 4.091990966796875000e+02
5.177889216665759520e+00 4.088199462890625000e+02
5.181323969048291289e+00 4.125757141113281250e+02
5.184758721430822170e+00 4.218220825195312500e+02
5.188193473813353940e+00 4.190663452148437500e+02
5.191628226195883933e+00 4.040818481445312500e+02
5.195062978578415702e+00 4.002712097167968750e+02
5.198497730960946583e+00 4.105182800292968750e+02
5.201932483343478353e+00 4.207232360839843750e+02
5.205367235726009234e+00 4.243719482421875000e+02
5.208801988108541003e+00 4.248090820312500000e+02
5.212236740491071885e+00 4.354141540527343750e+02
5.215671492873602766e+00 4.458390197753906250e+02
5.219106245256133647e+00 4.504818115234375000e+02
5.222540997638665417e+00 4.497843017578125000e+02
5.225975750021196298e+00 4.470618896484375000e+02
5.229410502403727179e+00 4.472852783203125000e+02
5.232845254786258948e+00 4.467705688476562500e+02
5.236280007168789830e+00 4.373382263183593750e+02
5.239714759551321599e+00 4.307047424316406250e+02
5.243149511933851592e+00 4.254072570800781250e+02
5.246584264316383361e+00 4.222966613769531250e+02
5.250019016698914243e+00 4.206063842773437500e+02
5.253453769081446012e+00 4.136123962402343750e+02
5.256888521463976893e+00 3.991272888183593750e+02
5.260323273846508663e+00 4.006161499023437500e+02
5.263758026229039544e+00 3.980953979492187500e+02
5.267192778611570425e+00 3.878795471191406250e+02
5.270627530994101306e+00 3.931528320312500000e+02
5.274062283376633076e+00 4.017510070800781250e+02
5.277497035759163957e+00 4.049871826171875000e+02
5.280931788141695726e+00 4.071846008300781250e+02
5.284366540524226608e+00 4.071352233886718750e+02
5.287801292906758377e+00 4.112962036132812500e+02
5.291236045289288370e+00 4.201095581054687500e+02
5.294670797671820139e+00 4.265562438964843750e+02
5.298105550054351021e+00 4.199395141601562500e+02
5.301540302436882790e+00 4.152979431152343750e+02
5.304975054819413671e+00 4.104426269531250000e+02
5.308409807201944552e+00 4.067490844726562500e+02
5.311844559584476322e+00 4.107913513183593750e+02
5.315279311967006315e+00 4.139865112304687500e+02
5.318714064349538084e+00 4.153974609375000000e+02
5.322148816732068966e+00 4.175917053222656250e+02
5.325583569114600735e+00 4.120397338867187500e+02
5.329018321497131616e+00 4.038254394531250000e+02
5.332453073879663386e+00 4.041865234375000000e+02
5.335887826262194267e+00 4.110247192382812500e+02
5.339322578644726036e+00 4.129240112304687500e+02
5.342757331027256029e+00 4.234257202148437500e+02
5.346192083409787799e+00 4.387066040039062500e+02
5.349626835792318680e+00 4.535021057128906250e+02
5.353061588174850449e+00 4.559069519042968750e+02
5.356496340557381330e+00 4.540037536621093750e+02
5.359931092939913100e+00 4.506584777832031250e+02
5.363365845322443981e+00 4.431546020507812500e+02
5.366800597704974862e+00 4.401436157226562500e+02
5.370235350087505743e+00 4.404872741699218750e+02
5.373670102470037513e+00 4.327460021972656250e+02
5.377104854852568394e+00 4.237958679199218750e+02
5.380539607235100164e+00 4.210052490234375000e+02
5.383974359617631045e+00 4.185100097656250000e+02
5.387409112000161926e+00 4.138876953125000000e+02
5.390843864382692807e+00 4.041100769042968750e+02
5.394278616765223688e+00 3.972007141113281250e+02
5.397713369147755458e+00 3.979067382812500000e+02
5.401148121530286339e+00 3.961084289550781250e+02
5.404582873912818108e+00 3.887330017089843750e+02
5.408017626295348990e+00 3.899653320312500000e+02
5.411452378677880759e+00 3.948221435546875000e+02
5.414887131060411640e+00 3.984499206542968750e+02
5.418321883442942521e+00 3.971898193359375000e+02
5.421756635825473403e+00 3.950515441894531250e+02
5.425191388208005172e+00 3.958099975585937500e+02
5.428626140590536053e+00 3.986176147460937500e+02
5.432060892973067823e+00 4.048092956542968750e+02
5.435495645355598704e+00 4.087189941406250000e+02
5.438930397738130473e+00 4.067093505859375000e+02
5.442365150120660466e+00 4.087587890625000000e+02
5.445799902503192236e+00 4.072074279785156250e+02
5.449234654885723117e+00 4.002443847656250000e+02
5.452669407268254886e+00 4.029771423339843750e+02
5.456104159650785768e+00 4.064591064453125000e+02
5.459538912033316649e+00 4.041540527343750000e+02
5.462973664415848418e+00 4.004587707519531250e+02
5.466408416798379299e+00 4.031142883300781250e+02
5.469843169180910181e+00 4.089597778320312500e+02
5.473277921563441062e+00 4.126369018554687500e+02
5.476712673945972831e+00 4.190583496093750000e+02
5.480147426328503713e+00 4.290533752441406250e+02
5.483582178711035482e+00 4.342897338867187500e+02
5.487016931093566363e+00 4.339056701660156250e+02
5.490451683476098133e+00 4.364127502441406250e+02
5.493886435858628126e+00 4.425116882324218750e+02
5.497321188241159895e+00 4.405546264648437500e+02
5.500755940623690776e+00 4.336557922363281250e+02
5.504190693006222546e+00 4.368492736816406250e+02
5.507625445388753427e+00 4.345787963867187500e+02
5.511060197771285196e+00 4.238988342285156250e+02
5.514494950153816077e+00 4.127243041992187500e+02
5.517929702536346959e+00 4.163373107910156250e+02
5.521364454918877840e+00 4.225740966796875000e+02
5.524799207301409609e+00 4.234389038085937500e+02
5.528233959683940490e+00 4.188974914550781250e+02
5.531668712066472260e+00 4.119869689941406250e+02
5.535103464449003141e+00 4.082756347656250000e+02
5.538538216831534022e+00 4.091910400390625000e+02
5.541972969214064904e+00 4.110768127441406250e+02
5.545407721596595785e+00 4.076343078613281250e+02
5.548842473979127554e+00 4.018680114746093750e+02
5.552277226361658435e+00 4.015866699218750000e+02
5.555711978744190205e+00 4.035494995117187500e+02
5.559146731126721086e+00 4.039442443847656250e+02
5.562581483509252855e+00 4.034147949218750000e+02
5.566016235891783737e+00 4.099564208984375000e+02
5.569450988274314618e+00 4.143940734863281250e+02
5.572885740656845499e+00 4.099807434082031250e+02
5.576320493039377268e+00 4.004124450683593750e+02
5.579755245421908150e+00 4.026143188476562500e+02
5.583189997804439919e+00 4.097929077148437500e+02
5.586624750186970800e+00 4.111398620605468750e+02
5.590059502569502570e+00 4.123511962890625000e+02
5.593494254952032563e+00 4.131193542480468750e+02
5.596929007334564332e+00 4.138982238769531250e+02
5.600363759717095213e+00 4.159584960937500000e+02
5.603798512099626983e+00 4.175661926269531250e+02
5.607233264482157864e+00 4.209159851074218750e+02
5.610668016864688745e+00 4.158225402832031250e+02
5.614102769247220515e+00 4.199796447753906250e+02
5.617537521629751396e+00 4.374456176757812500e+02
5.620972274012282277e+00 4.552122802734375000e+02
5.624407026394813158e+00 4.541126708984375000e+02
5.627841778777344928e+00 4.533138732910156250e+02
5.631276531159875809e+00 4.498668823242187500e+02
5.634711283542407578e+00 4.379495849609375000e+02
5.638146035924938460e+00 4.289888305664062500e+02
5.641580788307470229e+00 4.164458923339843750e+02
5.645015540690000222e+00 4.143940734863281250e+02
5.648450293072531991e+00 4.141380004882812500e+02
5.651885045455062873e+00 4.073948974609375000e+02
5.655319797837594642e+00 4.025119628906250000e+02
5.658754550220125523e+00 4.042401123046875000e+02
5.662189302602657293e+00 4.085522766113281250e+02
5.665624054985188174e+00 4.026168212890625000e+02
5.669058807367719055e+00 4.047065124511718750e+02
5.672493559750249936e+00 4.056199645996093750e+02
5.675928312132781706e+00 4.069674987792968750e+02
5.679363064515312587e+00 4.123605346679687500e+02
5.682797816897844356e+00 4.146032409667968750e+02
5.686232569280375237e+00 4.183194580078125000e+02
5.689667321662906119e+00 4.189137268066406250e+02
5.693102074045437000e+00 4.187987365722656250e+02
5.696536826427967881e+00 4.287622985839843750e+02
5.699971578810499651e+00 4.383220214843750000e+02
5.703406331193030532e+00 4.434863281250000000e+02
5.706841083575562301e+00 4.510287170410156250e+02
5.710275835958093182e+00 4.640142211914062500e+02
5.713710588340624952e+00 4.715799560546875000e+02
5.717145340723154945e+00 4.738387451171875000e+02
5.720580093105686714e+00 4.811779174804687500e+02
5.724014845488217595e+00 4.771690673828125000e+02
5.727449597870749365e+00 4.682888488769531250e+02
5.730884350253280246e+00 4.605008544921875000e+02
5.734319102635812015e+00 4.550841979980468750e+02
5.737753855018342897e+00 4.526069335937500000e+02
5.741188607400874666e+00 4.483447875976562500e+02
5.744623359783404659e+00 4.368455810546875000e+02
5.748058112165936429e+00 4.249387207031250000e+02
5.751492864548467310e+00 4.153060302734375000e+02
5.754927616930999079e+00 4.128382568359375000e+02
5.758362369313529960e+00 4.078645935058593750e+02
5.761797121696060842e+00 4.047421264648437500e+02
5.765231874078592611e+00 3.991272583007812500e+02
5.768666626461123492e+00 3.948774108886718750e+02
5.772101378843654373e+00 3.963771667480468750e+02
5.775536131226185255e+00 3.955944213867187500e+02
5.778970883608717024e+00 3.893364257812500000e+02
5.782405635991247905e+00 3.835363769531250000e+02
5.785840388373779675e+00 3.838072204589843750e+02
5.789275140756310556e+00 3.897091369628906250e+02
5.792709893138841437e+00 3.930376586914062500e+02
5.796144645521372318e+00 3.941295166015625000e+02
5.799579397903904088e+00 3.941705322265625000e+02
5.803014150286434969e+00 3.957620239257812500e+02
5.806448902668966738e+00 3.949341125488281250e+02
5.809883655051497620e+00 3.922953796386718750e+02
5.813318407434029389e+00 3.876446533203125000e+02
5.816753159816560270e+00 3.901108093261718750e+02
5.820187912199091151e+00 3.945933227539062500e+02
5.823622664581622033e+00 3.945439147949218750e+02
5.827057416964153802e+00 3.982898559570312500e+02
5.830492169346684683e+00 3.971094970703125000e+02
5.833926921729216453e+00 3.933156127929687500e+02
5.837361674111747334e+00 3.907820129394531250e+02
5.840796426494278215e+00 3.828276977539062500e+02
5.844231178876809096e+00 3.761515197753906250e+02
5.847665931259339978e+00 3.787702026367187500e+02
5.851100683641871747e+00 3.804573669433593750e+02
5.854535436024402628e+00 3.871257629394531250e+02
5.857970188406934398e+00 3.925478820800781250e+02
5.861404940789465279e+00 3.862711791992187500e+02
5.864839693171997048e+00 3.781117248535156250e+02
5.868274445554527041e+00 3.779042968750000000e+02
5.871709197937058811e+00 3.774954833984375000e+02
5.875143950319589692e+00 3.805806884765625000e+02
5.878578702702121461e+00 3.858540039062500000e+02
5.882013455084652342e+00 3.900292053222656250e+02
5.885448207467184112e+00 3.825122680664062500e+02
5.888882959849714993e+00 3.813450927734375000e+02
5.892317712232246762e+00 3.846077575683593750e+02
5.895752464614776756e+00 3.826773071289062500e+02
5.899187216997308525e+00 3.818359680175781250e+02
5.902621969379839406e+00 3.806506042480468750e+02
5.906056721762371176e+00 3.820205383300781250e+02
5.909491474144902057e+00 3.827940063476562500e+02
5.912926226527432938e+00 3.788257751464843750e+02
5.916360978909964707e+00 3.782438049316406250e+02
5.919795731292495589e+00 3.793471069335937500e+02
5.923230483675026470e+00 3.787457275390625000e+02
5.926665236057557351e+00 3.809727783203125000e+02
5.930099988440089120e+00 3.808282165527343750e+02
5.933534740822620002e+00 3.803190307617187500e+02
5.936969493205151771e+00 3.799424438476562500e+02
5.940404245587682652e+00 3.820861206054687500e+02
5.943838997970213534e+00 3.846151733398437500e+02
5.947273750352744415e+00 3.881417236328125000e+02
5.950708502735276184e+00 3.869613342285156250e+02
5.954143255117807065e+00 3.852143859863281250e+02
5.957578007500338835e+00 3.880453186035156250e+02
5.961012759882869716e+00 3.950795288085937500e+02
5.964447512265401485e+00 3.941520996093750000e+02
5.967882264647932367e+00 3.934197692871093750e+02
5.971317017030463248e+00 4.035709228515625000e+02
5.974751769412994129e+00 4.100634460449218750e+02
5.978186521795525898e+00 4.124355468750000000e+02
5.981621274178056780e+00 4.165918273925781250e+02
5.985056026560588549e+00 4.161462402343750000e+02
5.988490778943119430e+00 4.130991821289062500e+02
5.991925531325650311e+00 4.142014160156250000e+02
5.995360283708181193e+00 4.107404785156250000e+02
5.998795036090712074e+00 4.091071472167968750e+02
6.002229788473243843e+00 4.022585449218750000e+02
6.005664540855774725e+00 3.940928039550781250e+02
6.009099293238306494e+00 3.917808532714843750e+02
6.012534045620837375e+00 3.968555908203125000e+02
6.015968798003369145e+00 4.026018981933593750e+02
6.019403550385899138e+00 4.019271545410156250e+02
6.022838302768430907e+00 3.995869750976562500e+02
6.026273055150961788e+00 3.925952453613281250e+02
6.029707807533493558e+00 3.885102233886718750e+02
6.033142559916024439e+00 3.865788269042968750e+02
6.036577312298556208e+00 3.847867736816406250e+02
6.040012064681087089e+00 3.869644165039062500e+02
6.043446817063618859e+00 3.916634521484375000e+02
6.046881569446148852e+00 3.967509460449218750e+02
6.050316321828680621e+00 3.929158630371093750e+02
6.053751074211211503e+00 3.902474670410156250e+02
6.057185826593743272e+00 3.935087280273437500e+02
6.060620578976274153e+00 4.030815734863281250e+02
6.064055331358805923e+00 4.074318237304687500e+02
6.067490083741336804e+00 4.087955017089843750e+02
6.070924836123867685e+00 4.104680480957031250e+02
6.074359588506398566e+00 4.080457458496093750e+02
6.077794340888929447e+00 4.096091613769531250e+02
6.081229093271461217e+00 4.100500183105468750e+02
6.084663845653992098e+00 4.053903198242187500e+02
6.088098598036523867e+00 3.981495361328125000e+02
6.091533350419054749e+00 3.972158813476562500e+02
6.094968102801585630e+00 3.988084716796875000e+02
6.098402855184116511e+00 3.924398803710937500e+02
6.101837607566648281e+00 3.896224975585937500e+02
6.105272359949179162e+00 3.888057861328125000e+02
6.108707112331710931e+00 3.862410583496093750e+02
6.112141864714241812e+00 3.843822631835937500e+02
6.115576617096773582e+00 3.822563781738281250e+02
6.119011369479304463e+00 3.846222839355468750e+02
6.122446121861835344e+00 3.802785949707031250e+02
6.125880874244366225e+00 3.747641906738281250e+02
6.129315626626897995e+00 3.739870910644531250e+02
6.132750379009428876e+00 3.777750549316406250e+02
6.136185131391960645e+00 3.828191833496093750e+02
6.139619883774491527e+00 3.852583312988281250e+02
6.143054636157022408e+00 3.871119079589843750e+02
6.146489388539553289e+00 3.897120666503906250e+02
6.149924140922085058e+00 3.828236083984375000e+02
6.153358893304615940e+00 3.782661437988281250e+02
6.156793645687146821e+00 3.782761840820312500e+02
6.160228398069678590e+00 3.775284118652343750e+02
6.163663150452209472e+00 3.804031677246093750e+02
6.167097902834741241e+00 3.797103271484375000e+02
6.170532655217271234e+00 3.810953674316406250e+02
6.173967407599803003e+00 3.823710632324218750e+02
6.177402159982333885e+00 3.817087097167968750e+02
6.180836912364865654e+00 3.744255065917968750e+02
6.184271664747396535e+00 3.721785278320312500e+02
6.187706417129928305e+00 3.723037414550781250e+02
6.191141169512459186e+00 3.665069885253906250e+02
6.194575921894990067e+00 3.621019592285156250e+02
6.198010674277520948e+00 3.613878479003906250e+02
6.201445426660052718e+00 3.628620300292968750e+02
6.204880179042583599e+00 3.610946960449218750e+02
6.208314931425115368e+00 3.652005615234375000e+02
6.211749683807646250e+00 3.679663391113281250e+02
6.215184436190178019e+00 3.613981628417968750e+02
6.218619188572708900e+00 3.558533630371093750e+02
6.222053940955239781e+00 3.561567077636718750e+02
6.225488693337770663e+00 3.630755310058593750e+02
6.228923445720301544e+00 3.685050964355468750e+02
6.232358198102833313e+00 3.655931396484375000e+02
6.235792950485364194e+00 3.621002197265625000e+02
6.239227702867895964e+00 3.660891418457031250e+02
6.242662455250426845e+00 3.676785278320312500e+02
6.246097207632957726e+00 3.661411743164062500e+02
6.249531960015488607e+00 3.684466247558593750e+02
6.252966712398020377e+00 3.653662414550781250e+02
6.256401464780551258e+00 3.664736022949218750e+02
6.259836217163083028e+00 3.710865478515625000e+02
6.263270969545613909e+00 3.730164489746093750e+02
6.266705721928145678e+00 3.731845092773437500e+02
6.270140474310675671e+00 3.731217956542968750e+02
6.273575226693207441e+00 3.730139465332031250e+02
6.277009979075738322e+00 3.765173645019531250e+02
6.280444731458270091e+00 3.818849487304687500e+02
6.283879483840800972e+00 3.828045654296875000e+02
6.287314236223332742e+00 3.848652954101562500e+02
6.290748988605863623e+00 3.869997863769531250e+02
6.294183740988394504e+00 3.864078063964843750e+02
6.297618493370925385e+00 3.877139587402343750e+02
6.301053245753457155e+00 3.855414733886718750e+02
6.304487998135988036e+00 3.800793457031250000e+02
6.307922750518518917e+00 3.779422302246093750e+02
6.311357502901050687e+00 3.729926452636718750e+02
6.314792255283581568e+00 3.720386657714843750e+02
6.318227007666113337e+00 3.687310485839843750e+02
6.321661760048643330e+00 3.742026062011718750e+02
6.325096512431175100e+00 3.759834899902343750e+02
6.328531264813705981e+00 3.741044616699218750e+02
6.331966017196237750e+00 3.756948852539062500e+02
6.335400769578768632e+00 3.835501708984375000e+02
6.338835521961300401e+00 3.890529174804687500e+02
6.342270274343831282e+00 3.890170898437500000e+02
6.345705026726362163e+00 3.809575195312500000e+02
6.349139779108893045e+00 3.752673645019531250e+02
6.352574531491424814e+00 3.699856567382812500e+02
6.356009283873955695e+00 3.686311035156250000e+02
6.359444036256487465e+00 3.716925354003906250e+02
6.362878788639018346e+00 3.714146728515625000e+02
6.366313541021550115e+00 3.668223571777343750e+02
6.369748293404080997e+00 3.631767272949218750e+02
6.373183045786611878e+00 3.598630676269531250e+02
6.376617798169142759e+00 3.588989257812500000e+02
6.380052550551673640e+00 3.574819030761718750e+02
6.383487302934205410e+00 3.572134704589843750e+02
6.386922055316736291e+00 3.438451232910156250e+02
6.390356807699268060e+00 2.014856414794921875e+02
6.393791560081798941e+00 2.016273345947265625e+02
6.397226312464329823e+00 3.536575317382812500e+02
6.400661064846860704e+00 3.552040405273437500e+02
6.404095817229392473e+00 3.515176086425781250e+02
6.407530569611923355e+00 3.536233215332031250e+02
6.410965321994455124e+00 3.574308471679687500e+02
6.414400074376986005e+00 3.614218444824218750e+02
6.417834826759517775e+00 3.572069396972656250e+02
6.421269579142047768e+00 3.559895019531250000e+02
6.424704331524579537e+00 3.561972351074218750e+02
6.428139083907110418e+00 3.598763427734375000e+02
6.431573836289642188e+00 3.670265808105468750e+02
6.435008588672173069e+00 3.737634277343750000e+02
6.438443341054704838e+00 3.773039550781250000e+02
6.441878093437235719e+00 3.770648498535156250e+02
6.445312845819766601e+00 3.780697631835937500e+02
6.448747598202297482e+00 3.795033569335937500e+02
6.452182350584829251e+00 3.709843139648437500e+02
6.455617102967360132e+00 3.677280883789062500e+02
6.459051855349891014e+00 3.667613525390625000e+02
6.462486607732422783e+00 3.673803405761718750e+02
6.465921360114953664e+00 3.627647705078125000e+02
6.469356112497485434e+00 3.548091735839843750e+02
6.472790864880015427e+00 3.523629760742187500e+02
6.476225617262547196e+00 3.505932617187500000e+02
6.479660369645078077e+00 3.531821594238281250e+02
6.483095122027609847e+00 3.526831665039062500e+02
6.486529874410140728e+00 3.528345642089843750e+02
6.489964626792672497e+00 3.515105895996093750e+02
6.493399379175203379e+00 3.513402099609375000e+02
6.496834131557734260e+00 3.529445190429687500e+02
6.500268883940265141e+00 3.575335388183593750e+02
6.503703636322796910e+00 3.615946350097656250e+02
6.507138388705327792e+00 3.585850219726562500e+02
6.510573141087859561e+00 3.530024414062500000e+02
6.514007893470390442e+00 3.538280944824218750e+02
6.517442645852922212e+00 3.609847717285156250e+02
6.520877398235453093e+00 3.585091247558593750e+02
6.524312150617983974e+00 3.549990539550781250e+02
6.527746903000514855e+00 3.511764221191406250e+02
6.531181655383045737e+00 3.512015075683593750e+02
6.534616407765577506e+00 3.575729064941406250e+02
6.538051160148108387e+00 3.583323974609375000e+02
6.541485912530640157e+00 3.536371765136718750e+02
6.544920664913171038e+00 3.533607482910156250e+02
6.548355417295701919e+00 3.528909912109375000e+02
6.551790169678232800e+00 3.515987548828125000e+02
6.555224922060764570e+00 3.564483642578125000e+02
6.558659674443295451e+00 3.601245117187500000e+02
6.562094426825827220e+00 3.482626647949218750e+02
6.565529179208358102e+00 3.421547546386718750e+02
6.568963931590889871e+00 3.453717956542968750e+02
6.572398683973419864e+00 3.470482788085937500e+02
6.575833436355951633e+00 3.467145690917968750e+02
6.579268188738482515e+00 3.496659851074218750e+02
6.582702941121014284e+00 3.552611389160156250e+02
6.586137693503545165e+00 3.583259887695312500e+02
6.589572445886076935e+00 3.604472045898437500e+02
6.593007198268607816e+00 3.616860351562500000e+02
6.596441950651138697e+00 3.606029357910156250e+02
6.599876703033669578e+00 3.614667358398437500e+02
6.603311455416201348e+00 3.601392517089843750e+02
6.606746207798732229e+00 3.566263122558593750e+02
6.610180960181263110e+00 3.540612182617187500e+02
6.613615712563794879e+00 3.536464843750000000e+02
6.617050464946325761e+00 3.542233581542968750e+02
6.620485217328857530e+00 3.515403442382812500e+02
6.623919969711387523e+00 3.474309082031250000e+02
6.627354722093919293e+00 3.463210754394531250e+02
6.630789474476450174e+00 3.416474304199218750e+02
6.634224226858981943e+00 3.415087890625000000e+02
6.637658979241512824e+00 3.419197387695312500e+02
6.641093731624044594e+00 3.506892089843750000e+02
6.644528484006575475e+00 3.503474731445312500e+02
6.647963236389106356e+00 3.483765258789062500e+02
6.651397988771637237e+00 3.525650939941406250e+02
6.654832741154169007e+00 3.505207214355468750e+02
6.658267493536699888e+00 3.416911010742187500e+02
6.661702245919231657e+00 3.398534545898437500e+02
6.665136998301762539e+00 3.436564636230468750e+02
6.668571750684294308e+00 3.495131225585937500e+02
6.672006503066824301e+00 3.585000305175781250e+02
6.675441255449356071e+00 3.584552001953125000e+02
6.678876007831886952e+00 3.565936584472656250e+02
6.682310760214417833e+00 3.545650329589843750e+02
6.685745512596949602e+00 3.524437866210937500e+02
6.689180264979480484e+00 3.523015441894531250e+02
6.692615017362012253e+00 3.532338867187500000e+02
6.696049769744543134e+00 3.580438537597656250e+02
6.699484522127074015e+00 3.603145141601562500e+02
6.702919274509604897e+00 3.587324218750000000e+02
6.706354026892136666e+00 3.599657592773437500e+02
6.709788779274667547e+00 3.576580810546875000e+02
6.713223531657199317e+00 3.604490661621093750e+02
6.716658284039730198e+00 3.609955139160156250e+02
6.720093036422261967e+00 3.593718261718750000e+02
6.723527788804791960e+00 3.592302246093750000e+02
6.726962541187323730e+00 3.636894531250000000e+02
6.730397293569854611e+00 3.556481933593750000e+02
6.733832045952386380e+00 3.555698242187500000e+02
6.737266798334917262e+00 3.492193603515625000e+02
6.740701550717449031e+00 3.387240295410156250e+02
6.744136303099979912e+00 3.399694213867187500e+02
6.747571055482510793e+00 3.455545349121093750e+02
6.751005807865041675e+00 3.493125000000000000e+02
6.754440560247573444e+00 3.436894836425781250e+02
6.757875312630104325e+00 3.416277770996093750e+02
6.761310065012635206e+00 3.458871459960937500e+02
6.764744817395166976e+00 3.493526611328125000e+02
6.768179569777697857e+00 3.500923156738281250e+02
6.771614322160229626e+00 3.489183654785156250e+02
6.775049074542759620e+00 3.479947204589843750e+02
6.778483826925291389e+00 3.448888549804687500e+02
6.781918579307822270e+00 3.436847839355468750e+02
6.785353331690354040e+00 3.411127624511718750e+02
6.788788084072884921e+00 3.418201904296875000e+02
6.792222836455416690e+00 3.393780212402343750e+02
6.795657588837947571e+00 3.404916687011718750e+02
6.799092341220478453e+00 3.438307189941406250e+02
6.802527093603009334e+00 3.496699523925781250e+02
6.805961845985541103e+00 3.541920471191406250e+02
6.809396598368071984e+00 3.537451477050781250e+02
6.812831350750603754e+00 3.499042968750000000e+02
6.816266103133134635e+00 3.474859313964843750e+02
6.819700855515666404e+00 3.432761230468750000e+02
6.823135607898196398e+00 3.455639953613281250e+02
6.826570360280728167e+00 3.476029052734375000e+02
6.830005112663259048e+00 3.494365539550781250e+02
6.833439865045790818e+00 3.457621459960937500e+02
6.836874617428321699e+00 3.487352600097656250e+02
6.840309369810852580e+00 3.471536560058593750e+02
6.843744122193384349e+00 3.423143920898437500e+02
6.847178874575915231e+00 3.409413452148437500e+02
6.850613626958446112e+00 3.457458496093750000e+02
6.854048379340976993e+00 3.461769104003906250e+02
6.857483131723508762e+00 3.447568969726562500e+02
6.860917884106039644e+00 3.447245178222656250e+02
6.864352636488571413e+00 3.432805175781250000e+02
6.867787388871102294e+00 3.378230895996093750e+02
6.871222141253634064e+00 3.395512084960937500e+02
6.874656893636164057e+00 3.471930541992187500e+02
6.878091646018695826e+00 3.513405761718750000e+02
6.881526398401226707e+00 3.545291748046875000e+02
6.884961150783758477e+00 3.543260498046875000e+02
6.888395903166289358e+00 3.560241699218750000e+02
6.891830655548821127e+00 3.677373962402343750e+02
6.895265407931352009e+00 3.841354675292968750e+02
6.898700160313882890e+00 3.918994750976562500e+02
6.902134912696413771e+00 3.950910339355468750e+02
6.905569665078945540e+00 4.013321838378906250e+02
6.909004417461476422e+00 4.027425231933593750e+02
6.912439169844007303e+00 4.002860412597656250e+02
6.915873922226539072e+00 3.971865234375000000e+02
6.919308674609069953e+00 3.954263610839843750e+02
6.922743426991601723e+00 3.882336730957031250e+02
6.926178179374131716e+00 3.762608337402343750e+02
6.929612931756663485e+00 3.708899536132812500e+02
6.933047684139194367e+00 3.717709960937500000e+02
6.936482436521726136e+00 3.701389160156250000e+02
6.939917188904257017e+00 3.652419128417968750e+02
6.943351941286788787e+00 3.592358093261718750e+02
6.946786693669319668e+00 3.560145263671875000e+02
6.950221446051850549e+00 3.518711853027343750e+02
6.953656198434381430e+00 3.533279418945312500e+02
6.957090950816913200e+00 3.485153808593750000e+02
6.960525703199444081e+00 3.428964538574218750e+02
6.963960455581975850e+00 3.414399719238281250e+02
6.967395207964506731e+00 3.461343994140625000e+02
6.970829960347038501e+00 3.479740295410156250e+02
6.974264712729568494e+00 3.453139038085937500e+02
6.977699465112100263e+00 3.437214050292968750e+02
6.981134217494631145e+00 3.502233886718750000e+02
6.984568969877162914e+00 3.520529479980468750e+02
6.988003722259693795e+00 3.434472045898437500e+02
6.991438474642224676e+00 3.432263793945312500e+02
6.994873227024756446e+00 3.485647888183593750e+02
6.998307979407287327e+00 3.479943237304687500e+02
7.001742731789818208e+00 3.483154907226562500e+02
7.005177484172349089e+00 3.488865661621093750e+02
7.008612236554880859e+00 3.444874877929687500e+02
7.012046988937411740e+00 3.437176513671875000e+02
7.015481741319943509e+00 3.430086669921875000e+02
7.018916493702474391e+00 3.430230407714843750e+02
7.022351246085006160e+00 3.460581359863281250e+02
7.025785998467536153e+00 3.426340942382812500e+02
7.029220750850067922e+00 3.337696838378906250e+02
7.032655503232598804e+00 3.332495727539062500e+02
7.036090255615130573e+00 3.362739257812500000e+02
7.039525007997661454e+00 3.413936462402343750e+02
7.042959760380193224e+00 3.429407348632812500e+02
7.046394512762724105e+00 3.420890808105468750e+02
7.049829265145254986e+00 3.399939270019531250e+02
7.053264017527785867e+00 3.338288574218750000e+02
7.056698769910317637e+00 3.309642028808593750e+02
7.060133522292848518e+00 3.329453735351562500e+02
7.063568274675379399e+00 3.335125427246093750e+02
7.067003027057911169e+00 3.353576965332031250e+02
7.070437779440442050e+00 3.404548339843750000e+02
7.073872531822972931e+00 3.473434448242187500e+02
7.077307284205503812e+00 3.501140441894531250e+02
7.080742036588035582e+00 3.486309814453125000e+02
7.084176788970566463e+00 3.412082519531250000e+02
7.087611541353098232e+00 3.425793151855468750e+02
7.091046293735629114e+00 3.462111206054687500e+02
7.094481046118160883e+00 3.507092895507812500e+02
7.097915798500691764e+00 3.532873840332031250e+02
7.101350550883222645e+00 3.502201843261718750e+02
7.104785303265753527e+00 3.459178771972656250e+02
7.108220055648285296e+00 3.478713073730468750e+02
7.111654808030816177e+00 3.515319824218750000e+02
7.115089560413347947e+00 3.453627319335937500e+02
7.118524312795878828e+00 3.368604736328125000e+02
7.121959065178410597e+00 3.359589538574218750e+02
7.125393817560940590e+00 3.365410156250000000e+02
7.128828569943472360e+00 3.322453308105468750e+02
7.132263322326003241e+00 3.321318664550781250e+02
7.135698074708535010e+00 3.370728149414062500e+02
7.139132827091065892e+00 3.353770141601562500e+02
7.142567579473596773e+00 3.291085510253906250e+02
7.146002331856128542e+00 3.257239990234375000e+02
7.149437084238658535e+00 3.246789855957031250e+02
7.152871836621190305e+00 3.279612426757812500e+02
7.156306589003721186e+00 3.348163757324218750e+02
7.159741341386252955e+00 3.431622314453125000e+02
7.163176093768782948e+00 3.403738708496093750e+02
7.166610846151314718e+00 3.327581176757812500e+02
7.170045598533845599e+00 3.273768920898437500e+02
7.173480350916377368e+00 3.267498779296875000e+02
7.176915103298908249e+00 3.301109313964843750e+02
7.180349855681440019e+00 3.319846801757812500e+02
7.183784608063970900e+00 3.319995727539062500e+02
7.187219360446502670e+00 3.320088806152343750e+02
7.190654112829033551e+00 3.281626281738281250e+02
7.194088865211565320e+00 3.235355529785156250e+02
7.197523617594096201e+00 3.206135864257812500e+02
7.200958369976627971e+00 3.209655151367187500e+02
7.204393122359158852e+00 3.238075561523437500e+02
7.207827874741689733e+00 3.201323852539062500e+02
7.211262627124221503e+00 3.154180297851562500e+02
7.214697379506751496e+00 3.158770141601562500e+02
7.218132131889282377e+00 3.199624328613281250e+02
7.221566884271814146e+00 3.247453613281250000e+02
7.225001636654345027e+00 3.186347351074218750e+02
7.228436389036875909e+00 3.112773437500000000e+02
7.231871141419407678e+00 3.147028503417968750e+02
7.235305893801938559e+00 3.170023498535156250e+02
7.238740646184470329e+00 3.177615356445312500e+02
7.242175398567001210e+00 3.165671081542968750e+02
7.245610150949532979e+00 3.143522949218750000e+02
7.249044903332063861e+00 3.119547424316406250e+02
7.252479655714595630e+00 3.103691406250000000e+02
7.255914408097126511e+00 3.083393859863281250e+02
7.259349160479658281e+00 3.042306213378906250e+02
7.262783912862187385e+00 3.010651550292968750e+02
7.266218665244719155e+00 2.975757446289062500e+02
7.269653417627250036e+00 2.920274963378906250e+02
7.273088170009781805e+00 2.829010925292968750e+02
7.276522922392312687e+00 2.739140625000000000e+02
7.279957674774844456e+00 2.687403564453125000e+02
7.283392427157375337e+00 2.707958679199218750e+02
7.286827179539907107e+00 2.688878479003906250e+02
7.290261931922437988e+00 2.602552185058593750e+02
7.293696684304968869e+00 2.481479492187500000e+02
7.297131436687500639e+00 2.392836151123046875e+02
7.300566189070031520e+00 2.370260162353515625e+02
7.304000941452563289e+00 2.387833099365234375e+02
7.307435693835094170e+00 2.474758148193359375e+02
7.310870446217625940e+00 2.452518463134765625e+02
7.314305198600155045e+00 2.369833068847656250e+02
7.317739950982686814e+00 2.342919616699218750e+02
7.321174703365217695e+00 2.425333251953125000e+02
7.324609455747749465e+00 2.472106933593750000e+02
7.328044208130280346e+00 2.431227569580078125e+02
7.331478960512812115e+00 2.405709991455078125e+02
7.334913712895342996e+00 2.320858459472656250e+02
7.338348465277874766e+00 2.219111480712890625e+02
7.341783217660405647e+00 2.183155822753906250e+02
7.345217970042937417e+00 2.276089630126953125e+02
7.348652722425468298e+00 2.271115875244140625e+02
7.352087474808000067e+00 2.129294281005859375e+02
7.355522227190530948e+00 2.097663269042968750e+02
7.358956979573061830e+00 2.010601654052734375e+02
7.362391731955593599e+00 1.873725280761718750e+02
7.365826484338123592e+00 1.883300933837890625e+02
7.369261236720654473e+00 1.967399291992187500e+02
7.372695989103186243e+00 1.860508422851562500e+02
7.376130741485717124e+00 1.736250152587890625e+02
7.379565493868248005e+00 1.769445495605468750e+02
7.383000246250779774e+00 1.698082885742187500e+02
7.386434998633310656e+00 1.656337127685546875e+02
7.389869751015842425e+00 1.651492004394531250e+02
7.393304503398373306e+00 1.622646179199218750e+02
7.396739255780905076e+00 1.501331634521484375e+02
7.400174008163435957e+00 1.491101074218750000e+02
7.403608760545967726e+00 1.463672943115234375e+02
7.407043512928498608e+00 1.583371429443359375e+02
7.410478265311030377e+00 1.665520782470703125e+02
7.413913017693559482e+00 1.770715637207031250e+02
7.417347770076091251e+00 1.578853912353515625e+02
7.420782522458622132e+00 0.000000000000000000e+00
7.424217274841153902e+00 0.000000000000000000e+00
7.427652027223684783e+00 0.000000000000000000e+00
7.431086779606216552e+00 0.000000000000000000e+00
7.434521531988747434e+00 0.000000000000000000e+00
7.437956284371279203e+00 0.000000000000000000e+00
