# # sector 14: chi = -35.01 deg (range [-40, -30))
# # columns: 2theta(deg)  intensity
1.052751605245807909e+00 1.222614746093750000e+03
1.056186357628339012e+00 1.221514282226562500e+03
1.059621110010870337e+00 1.228342773437500000e+03
1.063055862393401441e+00 1.224747558593750000e+03
1.066490614775932544e+00 1.223843139648437500e+03
1.069925367158463869e+00 1.214120239257812500e+03
1.073360119540994972e+00 1.220996337890625000e+03
1.076794871923526298e+00 1.232803588867187500e+03
1.080229624306057401e+00 1.241494018554687500e+03
1.083664376688588726e+00 1.247677612304687500e+03
1.087099129071119830e+00 1.246210449218750000e+03
1.090533881453650933e+00 1.243819580078125000e+03
1.093968633836182036e+00 1.230854858398437500e+03
1.097403386218713361e+00 1.231234619140625000e+03
1.100838138601244465e+00 1.233288940429687500e+03
1.104272890983775568e+00 1.246233398437500000e+03
1.107707643366306893e+00 1.240591552734375000e+03
1.111142395748837997e+00 1.243001220703125000e+03
1.114577148131369322e+00 1.247911865234375000e+03
1.118011900513900425e+00 1.272908691406250000e+03
1.121446652896431750e+00 1.289478393554687500e+03
1.124881405278962854e+00 1.285692504882812500e+03
1.128316157661493957e+00 1.270475830078125000e+03
1.131750910044025060e+00 1.251280029296875000e+03
1.135185662426556386e+00 1.256753662109375000e+03
1.138620414809087489e+00 1.268172485351562500e+03
1.142055167191618592e+00 1.283220581054687500e+03
1.145489919574149917e+00 1.283094848632812500e+03
1.148924671956681021e+00 1.275711181640625000e+03
1.152359424339212346e+00 1.264330444335937500e+03
1.155794176721743449e+00 1.274641967773437500e+03
1.159228929104274775e+00 1.281869506835937500e+03
1.162663681486805878e+00 1.293511596679687500e+03
1.166098433869336981e+00 1.290744750976562500e+03
1.169533186251868084e+00 1.296178710937500000e+03
1.172967938634399410e+00 1.300352294921875000e+03
1.176402691016930513e+00 1.306431396484375000e+03
1.179837443399461616e+00 1.312813232421875000e+03
1.183272195781992941e+00 1.317042968750000000e+03
1.186706948164524045e+00 1.325053710937500000e+03
1.190141700547055370e+00 1.331838256835937500e+03
1.193576452929586473e+00 1.340898925781250000e+03
1.197011205312117799e+00 1.343878417968750000e+03
1.200445957694648902e+00 1.326709106445312500e+03
1.203880710077180005e+00 1.316276367187500000e+03
1.207315462459711108e+00 1.316242919921875000e+03
1.210750214842242434e+00 1.345213623046875000e+03
1.214184967224773537e+00 1.351545166015625000e+03
1.217619719607304640e+00 1.365432250976562500e+03
1.221054471989835966e+00 1.364538574218750000e+03
1.224489224372367069e+00 1.365478149414062500e+03
1.227923976754898394e+00 1.347442382812500000e+03
1.231358729137429497e+00 1.341139648437500000e+03
1.234793481519960823e+00 1.340323486328125000e+03
1.238228233902491926e+00 1.334583618164062500e+03
1.241662986285023029e+00 1.326684570312500000e+03
1.245097738667554133e+00 1.324888793945312500e+03
1.248532491050085236e+00 1.324727905273437500e+03
1.251967243432616561e+00 1.335885253906250000e+03
1.255401995815147664e+00 1.344096923828125000e+03
1.258836748197678990e+00 1.352472900390625000e+03
1.262271500580210093e+00 1.354823852539062500e+03
1.265706252962741418e+00 1.360721801757812500e+03
1.269141005345272522e+00 1.372684936523437500e+03
1.272575757727803847e+00 1.364214599609375000e+03
1.276010510110334950e+00 1.358283813476562500e+03
1.279445262492866053e+00 1.352989135742187500e+03
1.282880014875397157e+00 1.374430297851562500e+03
1.286314767257928260e+00 1.391414672851562500e+03
1.289749519640459585e+00 1.395438842773437500e+03
1.293184272022990688e+00 1.391458862304687500e+03
1.296619024405522014e+00 1.388336547851562500e+03
1.300053776788053117e+00 1.395643798828125000e+03
1.303488529170584442e+00 1.402378417968750000e+03
1.306923281553115546e+00 1.399299560546875000e+03
1.310358033935646871e+00 1.395996948242187500e+03
1.313792786318177974e+00 1.386837768554687500e+03
1.317227538700709077e+00 1.382332275390625000e+03
1.320662291083240181e+00 1.379850463867187500e+03
1.324097043465771284e+00 1.387100952148437500e+03
1.327531795848302609e+00 1.416068237304687500e+03
1.330966548230833713e+00 1.445109008789062500e+03
1.334401300613365038e+00 1.475669433593750000e+03
1.337836052995896141e+00 1.497132568359375000e+03
1.341270805378427466e+00 1.515744384765625000e+03
1.344705557760958570e+00 1.540929199218750000e+03
1.348140310143489895e+00 1.557570312500000000e+03
1.351575062526020998e+00 1.569275512695312500e+03
1.355009814908552102e+00 1.548094604492187500e+03
1.358444567291083205e+00 1.514008666992187500e+03
1.361879319673614308e+00 1.471671142578125000e+03
1.365314072056145633e+00 1.446164428710937500e+03
1.368748824438676737e+00 1.427737548828125000e+03
1.372183576821208062e+00 1.421369873046875000e+03
1.375618329203739165e+00 1.421044555664062500e+03
1.379053081586270491e+00 1.425890747070312500e+03
1.382487833968801594e+00 1.430571411132812500e+03
1.385922586351332919e+00 1.433075317382812500e+03
1.389357338733864022e+00 1.437392944335937500e+03
1.392792091116395126e+00 1.429247924804687500e+03
1.396226843498926229e+00 1.432843139648437500e+03
1.399661595881457332e+00 1.438170288085937500e+03
1.403096348263988657e+00 1.451278808593750000e+03
1.406531100646519761e+00 1.457757934570312500e+03
1.409965853029051086e+00 1.456200927734375000e+03
1.413400605411582189e+00 1.451874511718750000e+03
1.416835357794113515e+00 1.452320556640625000e+03
1.420270110176644618e+00 1.458880859375000000e+03
1.423704862559175943e+00 1.454256347656250000e+03
1.427139614941707046e+00 1.438227539062500000e+03
1.430574367324238150e+00 1.425465698242187500e+03
1.434009119706769253e+00 1.428602905273437500e+03
1.437443872089300356e+00 1.438089477539062500e+03
1.440878624471831682e+00 1.447241577148437500e+03
1.444313376854362785e+00 1.461009033203125000e+03
1.447748129236894110e+00 1.471854736328125000e+03
1.451182881619425213e+00 1.474409057617187500e+03
1.454617634001956539e+00 1.474625976562500000e+03
1.458052386384487642e+00 1.475900146484375000e+03
1.461487138767018967e+00 1.478828247070312500e+03
1.464921891149550071e+00 1.475011596679687500e+03
1.468356643532081174e+00 1.471631225585937500e+03
1.471791395914612277e+00 1.474350585937500000e+03
1.475226148297143380e+00 1.472741943359375000e+03
1.478660900679674706e+00 1.476594726562500000e+03
1.482095653062205809e+00 1.469652832031250000e+03
1.485530405444737134e+00 1.464347656250000000e+03
1.488965157827268238e+00 1.466216796875000000e+03
1.492399910209799563e+00 1.476183105468750000e+03
1.495834662592330666e+00 1.498049194335937500e+03
1.499269414974861991e+00 1.504149902343750000e+03
1.502704167357393095e+00 1.504477294921875000e+03
1.506138919739924198e+00 1.501570190429687500e+03
1.509573672122455301e+00 1.495806640625000000e+03
1.513008424504986404e+00 1.490503906250000000e+03
1.516443176887517730e+00 1.490223144531250000e+03
1.519877929270048833e+00 1.504314941406250000e+03
1.523312681652580158e+00 1.511991088867187500e+03
1.526747434035111262e+00 1.509588745117187500e+03
1.530182186417642587e+00 1.515361816406250000e+03
1.533616938800173690e+00 1.521641113281250000e+03
1.537051691182705015e+00 1.513514526367187500e+03
1.540486443565236119e+00 1.502244873046875000e+03
1.543921195947767222e+00 1.499529052734375000e+03
1.547355948330298325e+00 1.499717529296875000e+03
1.550790700712829429e+00 1.500903442382812500e+03
1.554225453095360754e+00 1.507997192382812500e+03
1.557660205477891857e+00 1.521986328125000000e+03
1.561094957860423182e+00 1.521705322265625000e+03
1.564529710242954286e+00 1.514677734375000000e+03
1.567964462625485611e+00 1.517108764648437500e+03
1.571399215008016714e+00 1.534402832031250000e+03
1.574833967390548040e+00 1.547198486328125000e+03
1.578268719773079143e+00 1.552775268554687500e+03
1.581703472155610246e+00 1.547857421875000000e+03
1.585138224538141349e+00 1.544800415039062500e+03
1.588572976920672453e+00 1.540218383789062500e+03
1.592007729303203778e+00 1.551864868164062500e+03
1.595442481685734881e+00 1.556693969726562500e+03
1.598877234068266207e+00 1.568661499023437500e+03
1.602311986450797310e+00 1.571643066406250000e+03
1.605746738833328635e+00 1.575552612304687500e+03
1.609181491215859738e+00 1.576760009765625000e+03
1.612616243598391064e+00 1.592301757812500000e+03
1.616050995980922167e+00 1.629126708984375000e+03
1.619485748363453270e+00 1.676942016601562500e+03
1.622920500745984373e+00 1.735536254882812500e+03
1.626355253128515477e+00 1.784529174804687500e+03
1.629790005511046802e+00 1.817393066406250000e+03
1.633224757893577905e+00 1.821708251953125000e+03
1.636659510276109231e+00 1.794994262695312500e+03
1.640094262658640334e+00 1.739380249023437500e+03
1.643529015041171659e+00 1.673079833984375000e+03
1.646963767423702762e+00 1.623441040039062500e+03
1.650398519806234088e+00 1.599015502929687500e+03
1.653833272188765191e+00 1.592624755859375000e+03
1.657268024571296294e+00 1.580492675781250000e+03
1.660702776953827398e+00 1.570262573242187500e+03
1.664137529336358501e+00 1.566471069335937500e+03
1.667572281718889826e+00 1.576657592773437500e+03
1.671007034101420929e+00 1.576717163085937500e+03
1.674441786483952255e+00 1.571842163085937500e+03
1.677876538866483358e+00 1.563008544921875000e+03
1.681311291249014683e+00 1.561275634765625000e+03
1.684746043631545787e+00 1.560134765625000000e+03
1.688180796014076890e+00 1.564220703125000000e+03
1.691615548396608215e+00 1.563640502929687500e+03
1.695050300779139318e+00 1.556057861328125000e+03
1.698485053161670422e+00 1.553966430664062500e+03
1.701919805544201525e+00 1.561026611328125000e+03
1.705354557926732850e+00 1.569635131835937500e+03
1.708789310309263954e+00 1.563260131835937500e+03
1.712224062691795279e+00 1.555925537109375000e+03
1.715658815074326382e+00 1.550825683593750000e+03
1.719093567456857707e+00 1.554138793945312500e+03
1.722528319839388811e+00 1.551440185546875000e+03
1.725963072221919914e+00 1.538040893554687500e+03
1.729397824604451239e+00 1.534226196289062500e+03
1.732832576986982343e+00 1.536496826171875000e+03
1.736267329369513446e+00 1.543010009765625000e+03
1.739702081752044549e+00 1.544355346679687500e+03
1.743136834134575874e+00 1.543348266601562500e+03
1.746571586517106978e+00 1.544770874023437500e+03
1.750006338899638303e+00 1.540719482421875000e+03
1.753441091282169406e+00 1.542238037109375000e+03
1.756875843664700731e+00 1.545440063476562500e+03
1.760310596047231835e+00 1.552403198242187500e+03
1.763745348429762938e+00 1.554740844726562500e+03
1.767180100812294263e+00 1.562186401367187500e+03
1.770614853194825367e+00 1.570679077148437500e+03
1.774049605577356470e+00 1.579633911132812500e+03
1.777484357959887573e+00 1.581043579101562500e+03
1.780919110342418898e+00 1.575915039062500000e+03
1.784353862724950002e+00 1.557577514648437500e+03
1.787788615107481327e+00 1.539978759765625000e+03
1.791223367490012208e+00 1.520422607421875000e+03
1.794658119872543534e+00 1.504969360351562500e+03
1.798092872255074859e+00 1.495953125000000000e+03
1.801527624637606184e+00 1.488831665039062500e+03
1.804962377020137065e+00 1.488128417968750000e+03
1.808397129402668391e+00 1.477101318359375000e+03
1.811831881785199494e+00 1.466053833007812500e+03
1.815266634167730819e+00 1.451267456054687500e+03
1.818701386550261700e+00 1.445975708007812500e+03
1.822136138932793026e+00 1.444383056640625000e+03
1.825570891315324351e+00 1.445550292968750000e+03
1.829005643697855676e+00 1.441128173828125000e+03
1.832440396080386558e+00 1.438954467773437500e+03
1.835875148462917883e+00 1.438514282226562500e+03
1.839309900845449208e+00 1.438693237304687500e+03
1.842744653227980089e+00 1.433762695312500000e+03
1.846179405610511415e+00 1.428352416992187500e+03
1.849614157993042740e+00 1.424699462890625000e+03
1.853048910375573843e+00 1.427812744140625000e+03
1.856483662758104725e+00 1.425453002929687500e+03
1.859918415140636050e+00 1.421249511718750000e+03
1.863353167523167375e+00 1.417729248046875000e+03
1.866787919905698701e+00 1.420551635742187500e+03
1.870222672288229582e+00 1.412964233398437500e+03
1.873657424670760907e+00 1.396060668945312500e+03
1.877092177053292232e+00 1.388000854492187500e+03
1.880526929435823114e+00 1.385281250000000000e+03
1.883961681818354439e+00 1.389804565429687500e+03
1.887396434200885764e+00 1.380713256835937500e+03
1.890831186583416867e+00 1.377781494140625000e+03
1.894265938965947749e+00 1.372195678710937500e+03
1.897700691348479074e+00 1.361640136718750000e+03
1.901135443731010399e+00 1.353572631835937500e+03
1.904570196113541725e+00 1.344890136718750000e+03
1.908004948496072606e+00 1.338121582031250000e+03
1.911439700878603931e+00 1.328365356445312500e+03
1.914874453261135256e+00 1.320230102539062500e+03
1.918309205643666138e+00 1.317089599609375000e+03
1.921743958026197463e+00 1.313917602539062500e+03
1.925178710408728788e+00 1.309282714843750000e+03
1.928613462791259892e+00 1.300892944335937500e+03
1.932048215173790773e+00 1.298313720703125000e+03
1.935482967556322098e+00 1.296407226562500000e+03
1.938917719938853423e+00 1.287277709960937500e+03
1.942352472321384749e+00 1.273640380859375000e+03
1.945787224703915630e+00 1.256598022460937500e+03
1.949221977086446955e+00 1.256489257812500000e+03
1.952656729468978281e+00 1.251952392578125000e+03
1.956091481851509162e+00 1.248247314453125000e+03
1.959526234234040487e+00 1.245564697265625000e+03
1.962960986616571812e+00 1.251122314453125000e+03
1.966395738999102916e+00 1.263682739257812500e+03
1.969830491381633797e+00 1.256149047851562500e+03
1.973265243764165122e+00 1.248071899414062500e+03
1.976699996146696447e+00 1.236644531250000000e+03
1.980134748529227329e+00 1.244661499023437500e+03
1.983569500911758654e+00 1.269611694335937500e+03
1.987004253294289979e+00 1.311069458007812500e+03
1.990439005676821305e+00 1.378015502929687500e+03
1.993873758059352186e+00 1.458153686523437500e+03
1.997308510441883511e+00 1.539820190429687500e+03
2.000743262824414614e+00 1.595799072265625000e+03
2.004178015206945940e+00 1.603950439453125000e+03
2.007612767589476821e+00 1.564468139648437500e+03
2.011047519972008146e+00 1.480953369140625000e+03
2.014482272354539472e+00 1.391570678710937500e+03
2.017917024737070353e+00 1.307803466796875000e+03
2.021351777119601678e+00 1.252182128906250000e+03
2.024786529502133003e+00 1.216777099609375000e+03
2.028221281884664329e+00 1.194642089843750000e+03
2.031656034267195210e+00 1.177151733398437500e+03
2.035090786649726535e+00 1.165912963867187500e+03
2.038525539032257861e+00 1.163820800781250000e+03
2.041960291414789186e+00 1.164050537109375000e+03
2.045395043797320067e+00 1.148796142578125000e+03
2.048829796179851392e+00 1.143443359375000000e+03
2.052264548562382718e+00 1.136316040039062500e+03
2.055699300944913599e+00 1.140657958984375000e+03
2.059134053327444924e+00 1.134162719726562500e+03
2.062568805709975805e+00 1.136489135742187500e+03
2.066003558092507131e+00 1.137955688476562500e+03
2.069438310475038012e+00 1.137318847656250000e+03
2.072873062857569337e+00 1.139065917968750000e+03
2.076307815240100663e+00 1.134742553710937500e+03
2.079742567622631988e+00 1.134403930664062500e+03
2.083177320005162869e+00 1.120830932617187500e+03
2.086612072387694194e+00 1.111837524414062500e+03
2.090046824770225520e+00 1.099910400390625000e+03
2.093481577152756401e+00 1.090150024414062500e+03
2.096916329535287726e+00 1.086041625976562500e+03
2.100351081917819052e+00 1.083165771484375000e+03
2.103785834300350377e+00 1.089438842773437500e+03
2.107220586682881258e+00 1.082457519531250000e+03
2.110655339065412583e+00 1.077618041992187500e+03
2.114090091447943909e+00 1.065147216796875000e+03
2.117524843830475234e+00 1.062673095703125000e+03
2.120959596213006115e+00 1.062100585937500000e+03
2.124394348595537441e+00 1.057986694335937500e+03
2.127829100978068766e+00 1.045851806640625000e+03
2.131263853360599647e+00 1.035210693359375000e+03
2.134698605743130972e+00 1.031563720703125000e+03
2.138133358125661854e+00 1.033148071289062500e+03
2.141568110508193179e+00 1.034709594726562500e+03
2.145002862890724060e+00 1.035925170898437500e+03
2.148437615273255386e+00 1.035789184570312500e+03
2.151872367655786711e+00 1.034202148437500000e+03
2.155307120038318036e+00 1.032525634765625000e+03
2.158741872420848917e+00 1.029477294921875000e+03
2.162176624803380243e+00 1.030383056640625000e+03
2.165611377185911568e+00 1.031543457031250000e+03
2.169046129568442449e+00 1.032214721679687500e+03
2.172480881950973775e+00 1.023862548828125000e+03
2.175915634333505100e+00 1.012125854492187500e+03
2.179350386716036425e+00 1.005593505859375000e+03
2.182785139098567306e+00 1.001647460937500000e+03
2.186219891481098632e+00 1.002552062988281250e+03
2.189654643863629957e+00 1.008377502441406250e+03
2.193089396246161282e+00 1.005377868652343750e+03
2.196524148628692163e+00 1.002784484863281250e+03
2.199958901011223489e+00 9.949522705078125000e+02
2.203393653393754814e+00 9.951161499023437500e+02
2.206828405776285695e+00 9.860791625976562500e+02
2.210263158158817021e+00 9.825597534179687500e+02
2.213697910541347902e+00 9.858972167968750000e+02
2.217132662923879227e+00 9.944124755859375000e+02
2.220567415306410108e+00 9.903845825195312500e+02
2.224002167688941434e+00 9.817406616210937500e+02
2.227436920071472759e+00 9.747318725585937500e+02
2.230871672454004084e+00 9.728471679687500000e+02
2.234306424836534966e+00 9.672637329101562500e+02
2.237741177219066291e+00 9.665532226562500000e+02
2.241175929601597616e+00 9.690707397460937500e+02
2.244610681984128497e+00 9.664139404296875000e+02
2.248045434366659823e+00 9.627875976562500000e+02
2.251480186749191148e+00 9.604107666015625000e+02
2.254914939131722473e+00 9.514194946289062500e+02
2.258349691514253355e+00 9.454644165039062500e+02
2.261784443896784680e+00 9.399542846679687500e+02
2.265219196279316005e+00 9.394685058593750000e+02
2.268653948661847330e+00 9.338373413085937500e+02
2.272088701044378212e+00 9.241837768554687500e+02
2.275523453426909537e+00 9.183133544921875000e+02
2.278958205809440862e+00 9.164111328125000000e+02
2.282392958191971744e+00 9.240424804687500000e+02
2.285827710574503069e+00 9.307153930664062500e+02
2.289262462957033950e+00 9.302122802734375000e+02
2.292697215339565275e+00 9.257702636718750000e+02
2.296131967722096157e+00 9.313312988281250000e+02
2.299566720104627482e+00 9.446619262695312500e+02
2.303001472487158807e+00 9.645918579101562500e+02
2.306436224869690133e+00 1.001945739746093750e+03
2.309870977252221014e+00 1.058201293945312500e+03
2.313305729634752339e+00 1.136208984375000000e+03
2.316740482017283664e+00 1.207402954101562500e+03
2.320175234399814546e+00 1.254086547851562500e+03
2.323609986782345871e+00 1.256502807617187500e+03
2.327044739164877196e+00 1.210184448242187500e+03
2.330479491547408522e+00 1.124185668945312500e+03
2.333914243929939403e+00 1.038654785156250000e+03
2.337348996312470728e+00 9.726923217773437500e+02
2.340783748695002053e+00 9.397903442382812500e+02
2.344218501077533379e+00 9.131876831054687500e+02
2.347653253460064260e+00 9.017785644531250000e+02
2.351088005842595585e+00 8.962626342773437500e+02
2.354522758225126911e+00 8.905282592773437500e+02
2.357957510607657792e+00 8.940062255859375000e+02
2.361392262990189117e+00 8.923460693359375000e+02
2.364827015372720442e+00 8.930803833007812500e+02
2.368261767755251324e+00 8.872772827148437500e+02
2.371696520137782205e+00 8.896907348632812500e+02
2.375131272520313530e+00 8.836937255859375000e+02
2.378566024902844855e+00 8.747905883789062500e+02
2.382000777285376181e+00 8.679859619140625000e+02
2.385435529667907062e+00 8.714075927734375000e+02
2.388870282050438387e+00 8.643167724609375000e+02
2.392305034432969713e+00 8.545947265625000000e+02
2.395739786815500594e+00 8.536118774414062500e+02
2.399174539198031919e+00 8.531034545898437500e+02
2.402609291580563244e+00 8.516015625000000000e+02
2.406044043963094570e+00 8.468335571289062500e+02
2.409478796345625451e+00 8.469685668945312500e+02
2.412913548728156776e+00 8.468591308593750000e+02
2.416348301110688102e+00 8.395087280273437500e+02
2.419783053493219427e+00 8.389145507812500000e+02
2.423217805875750308e+00 8.387562866210937500e+02
2.426652558258281633e+00 8.368317260742187500e+02
2.430087310640812959e+00 8.314779663085937500e+02
2.433522063023343840e+00 8.216195678710937500e+02
2.436956815405875165e+00 8.247364501953125000e+02
2.440391567788406491e+00 8.272294311523437500e+02
2.443826320170937372e+00 8.310397338867187500e+02
2.447261072553468253e+00 8.316739501953125000e+02
2.450695824935999578e+00 8.297230224609375000e+02
2.454130577318530904e+00 8.325999755859375000e+02
2.457565329701061785e+00 8.204367675781250000e+02
2.461000082083593110e+00 8.149232177734375000e+02
2.464434834466124435e+00 8.096381225585937500e+02
2.467869586848655761e+00 8.167766723632812500e+02
2.471304339231186642e+00 8.159937133789062500e+02
2.474739091613717967e+00 8.130684814453125000e+02
2.478173843996249293e+00 8.112887573242187500e+02
2.481608596378780618e+00 8.124631958007812500e+02
2.485043348761311499e+00 8.160523071289062500e+02
2.488478101143842824e+00 8.179526367187500000e+02
2.491912853526374150e+00 8.244319458007812500e+02
2.495347605908905031e+00 8.283463134765625000e+02
2.498782358291436356e+00 8.502600708007812500e+02
2.502217110673967682e+00 8.819931640625000000e+02
2.505651863056499007e+00 9.250767822265625000e+02
2.509086615439029888e+00 9.503566284179687500e+02
2.512521367821561213e+00 9.582184448242187500e+02
2.515956120204092539e+00 9.454047241210937500e+02
2.519390872586623420e+00 9.185053710937500000e+02
2.522825624969154301e+00 8.823153076171875000e+02
2.526260377351685626e+00 8.463361816406250000e+02
2.529695129734216952e+00 8.220945434570312500e+02
2.533129882116747833e+00 8.101558837890625000e+02
2.536564634499279158e+00 7.989526977539062500e+02
2.539999386881810484e+00 7.922225341796875000e+02
2.543434139264341809e+00 7.858204345703125000e+02
2.546868891646872690e+00 7.852752075195312500e+02
2.550303644029404015e+00 7.877519531250000000e+02
2.553738396411935341e+00 7.934343872070312500e+02
2.557173148794466666e+00 7.903837890625000000e+02
2.560607901176997547e+00 7.776368408203125000e+02
2.564042653559528873e+00 7.719374389648437500e+02
2.567477405942060198e+00 7.756625976562500000e+02
2.570912158324591079e+00 7.835242919921875000e+02
2.574346910707122404e+00 7.822473754882812500e+02
2.577781663089653730e+00 7.802478637695312500e+02
2.581216415472185055e+00 7.766514892578125000e+02
2.584651167854715936e+00 7.751552734375000000e+02
2.588085920237247262e+00 7.737935791015625000e+02
2.591520672619778587e+00 7.729791870117187500e+02
2.594955425002309468e+00 7.683836059570312500e+02
2.598390177384840349e+00 7.675401611328125000e+02
2.601824929767371675e+00 7.656535644531250000e+02
2.605259682149903000e+00 7.742949218750000000e+02
2.608694434532433881e+00 7.773831176757812500e+02
2.612129186914965207e+00 7.791027221679687500e+02
2.615563939297496532e+00 7.699735717773437500e+02
2.618998691680027857e+00 7.571766967773437500e+02
2.622433444062558738e+00 7.455623168945312500e+02
2.625868196445090064e+00 7.387918701171875000e+02
2.629302948827621389e+00 7.397381591796875000e+02
2.632737701210152714e+00 7.452005615234375000e+02
2.636172453592683596e+00 7.502608642578125000e+02
2.639607205975214921e+00 7.527990722656250000e+02
2.643041958357746246e+00 7.525648803710937500e+02
2.646476710740277127e+00 7.477474365234375000e+02
2.649911463122808453e+00 7.419992675781250000e+02
2.653346215505339778e+00 7.442796630859375000e+02
2.656780967887871103e+00 7.459805908203125000e+02
2.660215720270401984e+00 7.464929199218750000e+02
2.663650472652933310e+00 7.445604248046875000e+02
2.667085225035464635e+00 7.485133056640625000e+02
2.670519977417995516e+00 7.494667968750000000e+02
2.673954729800526398e+00 7.508934936523437500e+02
2.677389482183057723e+00 7.510033569335937500e+02
2.680824234565589048e+00 7.538845825195312500e+02
2.684258986948119929e+00 7.533003540039062500e+02
2.687693739330651255e+00 7.563659057617187500e+02
2.691128491713182580e+00 7.567092895507812500e+02
2.694563244095713905e+00 7.529583129882812500e+02
2.697997996478244787e+00 7.476491699218750000e+02
2.701432748860776112e+00 7.445164794921875000e+02
2.704867501243307437e+00 7.464377441406250000e+02
2.708302253625838762e+00 7.551739501953125000e+02
2.711737006008369644e+00 7.616866455078125000e+02
2.715171758390900969e+00 7.671994018554687500e+02
2.718606510773432294e+00 7.623452148437500000e+02
2.722041263155963176e+00 7.614863281250000000e+02
2.725476015538494501e+00 7.633166503906250000e+02
2.728910767921025826e+00 7.709664306640625000e+02
2.732345520303557151e+00 7.784926757812500000e+02
2.735780272686088033e+00 7.879657592773437500e+02
2.739215025068619358e+00 7.958225097656250000e+02
2.742649777451150683e+00 8.113505859375000000e+02
2.746084529833681565e+00 8.230365600585937500e+02
2.749519282216212890e+00 8.506160278320312500e+02
2.752954034598743771e+00 8.995554809570312500e+02
2.756388786981275096e+00 9.983079223632812500e+02
2.759823539363805978e+00 1.119191528320312500e+03
2.763258291746337303e+00 1.247276855468750000e+03
2.766693044128868628e+00 1.327941772460937500e+03
2.770127796511399954e+00 1.343584716796875000e+03
2.773562548893930835e+00 1.295074096679687500e+03
2.776997301276462160e+00 1.209433349609375000e+03
2.780432053658993485e+00 1.127348510742187500e+03
2.783866806041524811e+00 1.072946411132812500e+03
2.787301558424055692e+00 1.095211303710937500e+03
2.790736310806587017e+00 1.241372070312500000e+03
2.794171063189118343e+00 1.593011108398437500e+03
2.797605815571649224e+00 2.344895751953125000e+03
2.801040567954180549e+00 4.564882324218750000e+03
2.804475320336711874e+00 6.496549804687500000e+03
2.807910072719243200e+00 8.376255859375000000e+03
2.811344825101774081e+00 9.193916015625000000e+03
2.814779577484305406e+00 9.928803710937500000e+03
2.818214329866836731e+00 9.338261718750000000e+03
2.821649082249367613e+00 6.623498535156250000e+03
2.825083834631898938e+00 3.776371093750000000e+03
2.828518587014429819e+00 2.131563476562500000e+03
2.831953339396961145e+00 1.540463867187500000e+03
2.835388091779492026e+00 1.288310424804687500e+03
2.838822844162023351e+00 1.169419433593750000e+03
2.842257596544554676e+00 1.096490356445312500e+03
2.845692348927086002e+00 1.023874694824218750e+03
2.849127101309616883e+00 9.553224487304687500e+02
2.852561853692148208e+00 9.006290893554687500e+02
2.855996606074679534e+00 8.597594604492187500e+02
2.859431358457210415e+00 8.332048339843750000e+02
2.862866110839741740e+00 8.136672973632812500e+02
2.866300863222273065e+00 8.057885742187500000e+02
2.869735615604804391e+00 7.876698608398437500e+02
2.873170367987335272e+00 7.709656982421875000e+02
2.876605120369866597e+00 7.574089965820312500e+02
2.880039872752397923e+00 7.517905883789062500e+02
2.883474625134929248e+00 7.446627807617187500e+02
2.886909377517460129e+00 7.423565673828125000e+02
2.890344129899991454e+00 7.424371948242187500e+02
2.893778882282522780e+00 7.404663696289062500e+02
2.897213634665053661e+00 7.366418457031250000e+02
2.900648387047584986e+00 7.309498291015625000e+02
2.904083139430115867e+00 7.272662963867187500e+02
2.907517891812647193e+00 7.227302856445312500e+02
2.910952644195178074e+00 7.192526245117187500e+02
2.914387396577709399e+00 7.168030395507812500e+02
2.917822148960240725e+00 7.139610595703125000e+02
2.921256901342772050e+00 7.193911743164062500e+02
2.924691653725302931e+00 7.209091796875000000e+02
2.928126406107834256e+00 7.305676269531250000e+02
2.931561158490365582e+00 7.489227905273437500e+02
2.934995910872896463e+00 7.815277709960937500e+02
2.938430663255427788e+00 8.050934448242187500e+02
2.941865415637959114e+00 8.094406738281250000e+02
2.945300168020490439e+00 7.891838378906250000e+02
2.948734920403021320e+00 7.608218994140625000e+02
2.952169672785552645e+00 7.269313964843750000e+02
2.955604425168083971e+00 7.095747070312500000e+02
2.959039177550615296e+00 6.965054321289062500e+02
2.962473929933146177e+00 6.965812377929687500e+02
2.965908682315677503e+00 7.034907836914062500e+02
2.969343434698208828e+00 7.264573364257812500e+02
2.972778187080739709e+00 7.535244750976562500e+02
2.976212939463271034e+00 7.815845336914062500e+02
2.979647691845801916e+00 8.075155029296875000e+02
2.983082444228333241e+00 8.217722778320312500e+02
2.986517196610864122e+00 8.169524536132812500e+02
2.989951948993395447e+00 7.841546020507812500e+02
2.993386701375926773e+00 7.499678955078125000e+02
2.996821453758458098e+00 7.135290527343750000e+02
3.000256206140988979e+00 6.925990600585937500e+02
3.003690958523520305e+00 6.779747924804687500e+02
3.007125710906051630e+00 6.737214355468750000e+02
3.010560463288582511e+00 6.680128173828125000e+02
3.013995215671113836e+00 6.594999389648437500e+02
3.017429968053645162e+00 6.582144165039062500e+02
3.020864720436176487e+00 6.566057739257812500e+02
3.024299472818707368e+00 6.599524536132812500e+02
3.027734225201238694e+00 6.576679687500000000e+02
3.031168977583770019e+00 6.715917358398437500e+02
3.034603729966301344e+00 6.769170532226562500e+02
3.038038482348832225e+00 6.821635131835937500e+02
3.041473234731363551e+00 6.821426391601562500e+02
3.044907987113894876e+00 6.910456542968750000e+02
3.048342739496425757e+00 7.025726318359375000e+02
3.051777491878957083e+00 7.048380126953125000e+02
3.055212244261487964e+00 7.080308837890625000e+02
3.058646996644019289e+00 7.067645874023437500e+02
3.062081749026550170e+00 7.128651123046875000e+02
3.065516501409081496e+00 7.166057128906250000e+02
3.068951253791612821e+00 7.232168579101562500e+02
3.072386006174144146e+00 7.320461425781250000e+02
3.075820758556675028e+00 7.389134521484375000e+02
3.079255510939206353e+00 7.437688598632812500e+02
3.082690263321737678e+00 7.390078735351562500e+02
3.086125015704268559e+00 7.345343017578125000e+02
3.089559768086799885e+00 7.134556884765625000e+02
3.092994520469331210e+00 6.931433105468750000e+02
3.096429272851862535e+00 6.757223510742187500e+02
3.099864025234393416e+00 6.636343383789062500e+02
3.103298777616924742e+00 6.489927368164062500e+02
3.106733529999456067e+00 6.363638916015625000e+02
3.110168282381987392e+00 6.290086059570312500e+02
3.113603034764518274e+00 6.280360717773437500e+02
3.117037787147049599e+00 6.289068603515625000e+02
3.120472539529580924e+00 6.285683593750000000e+02
3.123907291912111805e+00 6.221629638671875000e+02
3.127342044294643131e+00 6.184361572265625000e+02
3.130776796677174012e+00 6.127310180664062500e+02
3.134211549059705337e+00 6.119086914062500000e+02
3.137646301442236219e+00 6.122464599609375000e+02
3.141081053824767544e+00 6.117564697265625000e+02
3.144515806207298869e+00 6.117332763671875000e+02
3.147950558589830194e+00 6.119264526367187500e+02
3.151385310972361076e+00 6.143999023437500000e+02
3.154820063354892401e+00 6.110263671875000000e+02
3.158254815737423726e+00 6.094752197265625000e+02
3.161689568119954608e+00 6.113909912109375000e+02
3.165124320502485933e+00 6.140330810546875000e+02
3.168559072885017258e+00 6.148532714843750000e+02
3.171993825267548583e+00 6.151558227539062500e+02
3.175428577650079465e+00 6.162924804687500000e+02
3.178863330032610790e+00 6.154899291992187500e+02
3.182298082415142115e+00 6.143167114257812500e+02
3.185732834797673441e+00 6.099722290039062500e+02
3.189167587180204322e+00 6.036900024414062500e+02
3.192602339562735647e+00 5.945001831054687500e+02
3.196037091945266972e+00 5.958698730468750000e+02
3.199471844327797854e+00 5.994492797851562500e+02
3.202906596710329179e+00 6.080067749023437500e+02
3.206341349092860060e+00 6.096278076171875000e+02
3.209776101475391386e+00 6.105419921875000000e+02
3.213210853857922267e+00 6.120573730468750000e+02
3.216645606240453592e+00 6.110900268554687500e+02
3.220080358622984917e+00 6.078503417968750000e+02
3.223515111005516243e+00 6.000367431640625000e+02
3.226949863388047124e+00 5.967402343750000000e+02
3.230384615770578449e+00 5.978778686523437500e+02
3.233819368153109775e+00 5.996725463867187500e+02
3.237254120535640656e+00 6.053850708007812500e+02
3.240688872918171981e+00 6.107819213867187500e+02
3.244123625300703306e+00 6.153305664062500000e+02
3.247558377683234632e+00 6.195442504882812500e+02
3.250993130065765513e+00 6.283992919921875000e+02
3.254427882448296838e+00 6.463666992187500000e+02
3.257862634830828164e+00 6.635191040039062500e+02
3.261297387213359489e+00 6.913644409179687500e+02
3.264732139595890370e+00 7.062744750976562500e+02
3.268166891978421695e+00 7.081884155273437500e+02
3.271601644360953021e+00 6.837519531250000000e+02
3.275036396743483902e+00 6.576805419921875000e+02
3.278471149126015227e+00 6.365037231445312500e+02
3.281905901508546108e+00 6.181116943359375000e+02
3.285340653891077434e+00 6.059029541015625000e+02
3.288775406273608315e+00 5.974057006835937500e+02
3.292210158656139640e+00 5.975754394531250000e+02
3.295644911038670966e+00 5.922653808593750000e+02
3.299079663421202291e+00 5.879623413085937500e+02
3.302514415803733172e+00 5.831549682617187500e+02
3.305949168186264497e+00 5.863264770507812500e+02
3.309383920568795823e+00 5.849034423828125000e+02
3.312818672951326704e+00 5.860640869140625000e+02
3.316253425333858029e+00 5.821514282226562500e+02
3.319688177716389355e+00 5.796511230468750000e+02
3.323122930098920680e+00 5.796542358398437500e+02
3.326557682481451561e+00 5.818832397460937500e+02
3.329992434863982886e+00 5.818358154296875000e+02
3.333427187246514212e+00 5.819934082031250000e+02
3.336861939629045093e+00 5.792380981445312500e+02
3.340296692011576418e+00 5.808148803710937500e+02
3.343731444394107744e+00 5.851539306640625000e+02
3.347166196776639069e+00 5.967661743164062500e+02
3.350600949159169950e+00 6.129740600585937500e+02
3.354035701541701275e+00 6.197435302734375000e+02
3.357470453924232601e+00 6.209465332031250000e+02
3.360905206306763482e+00 6.131037597656250000e+02
3.364339958689294363e+00 6.035723266601562500e+02
3.367774711071825688e+00 5.917693481445312500e+02
3.371209463454357014e+00 5.836778564453125000e+02
3.374644215836887895e+00 5.790765380859375000e+02
3.378078968219419220e+00 5.781896362304687500e+02
3.381513720601950546e+00 5.797901000976562500e+02
3.384948472984481871e+00 5.823707275390625000e+02
3.388383225367012752e+00 5.796392211914062500e+02
3.391817977749544077e+00 5.716635131835937500e+02
3.395252730132075403e+00 5.592490234375000000e+02
3.398687482514606728e+00 5.572792358398437500e+02
3.402122234897137609e+00 5.632156982421875000e+02
3.405556987279668935e+00 5.718797607421875000e+02
3.408991739662200260e+00 5.737199096679687500e+02
3.412426492044731141e+00 5.817877197265625000e+02
3.415861244427262466e+00 5.919367675781250000e+02
3.419295996809793792e+00 6.050542602539062500e+02
3.422730749192325117e+00 6.141190185546875000e+02
3.426165501574855998e+00 6.185615844726562500e+02
3.429600253957387324e+00 6.103811035156250000e+02
3.433035006339918649e+00 5.971232910156250000e+02
3.436469758722449530e+00 5.869177246093750000e+02
3.439904511104980411e+00 5.810038452148437500e+02
3.443339263487511737e+00 5.763171386718750000e+02
3.446774015870043062e+00 5.778736572265625000e+02
3.450208768252573943e+00 5.820778808593750000e+02
3.453643520635105268e+00 5.820873413085937500e+02
3.457078273017636594e+00 5.829497070312500000e+02
3.460513025400167919e+00 5.815147705078125000e+02
3.463947777782698800e+00 5.863856201171875000e+02
3.467382530165230126e+00 5.857185058593750000e+02
3.470817282547761451e+00 5.894158325195312500e+02
3.474252034930292776e+00 5.837973022460937500e+02
3.477686787312823657e+00 5.779073486328125000e+02
3.481121539695354983e+00 5.660520629882812500e+02
3.484556292077886308e+00 5.606065063476562500e+02
3.487991044460417189e+00 5.559143676757812500e+02
3.491425796842948515e+00 5.545223999023437500e+02
3.494860549225479840e+00 5.539676513671875000e+02
3.498295301608011165e+00 5.543721313476562500e+02
3.501730053990542046e+00 5.514451293945312500e+02
3.505164806373073372e+00 5.468604736328125000e+02
3.508599558755604697e+00 5.453468627929687500e+02
3.512034311138135578e+00 5.455211791992187500e+02
3.515469063520666460e+00 5.477031860351562500e+02
3.518903815903197785e+00 5.507354736328125000e+02
3.522338568285729110e+00 5.536960449218750000e+02
3.525773320668259991e+00 5.550889282226562500e+02
3.529208073050791317e+00 5.502078247070312500e+02
3.532642825433322642e+00 5.471683349609375000e+02
3.536077577815853967e+00 5.479252319335937500e+02
3.539512330198384849e+00 5.491219482421875000e+02
3.542947082580916174e+00 5.539204101562500000e+02
3.546381834963447499e+00 5.564481811523437500e+02
3.549816587345978824e+00 5.589259643554687500e+02
3.553251339728509706e+00 5.649394531250000000e+02
3.556686092111041031e+00 5.696542358398437500e+02
3.560120844493572356e+00 5.744299316406250000e+02
3.563555596876103237e+00 5.717407226562500000e+02
3.566990349258634563e+00 5.671712036132812500e+02
3.570425101641165888e+00 5.618751220703125000e+02
3.573859854023697213e+00 5.557775268554687500e+02
3.577294606406228095e+00 5.557440185546875000e+02
3.580729358788759420e+00 5.550481567382812500e+02
3.584164111171290301e+00 5.534368896484375000e+02
3.587598863553821626e+00 5.488119506835937500e+02
3.591033615936352508e+00 5.447422485351562500e+02
3.594468368318883833e+00 5.387212524414062500e+02
3.597903120701415158e+00 5.354208374023437500e+02
3.601337873083946484e+00 5.347667846679687500e+02
3.604772625466477809e+00 5.369080200195312500e+02
3.608207377849008246e+00 5.362098999023437500e+02
3.611642130231539571e+00 5.370669555664062500e+02
3.615076882614070897e+00 5.369417724609375000e+02
3.618511634996602222e+00 5.371616210937500000e+02
3.621946387379133547e+00 5.351514892578125000e+02
3.625381139761664873e+00 5.321821899414062500e+02
3.628815892144196198e+00 5.341274414062500000e+02
3.632250644526726635e+00 5.310640869140625000e+02
3.635685396909257960e+00 5.326599731445312500e+02
3.639120149291789286e+00 5.320836791992187500e+02
3.642554901674320611e+00 5.328295288085937500e+02
3.645989654056851936e+00 5.336243286132812500e+02
3.649424406439383262e+00 5.287838745117187500e+02
3.652859158821914587e+00 5.290039672851562500e+02
3.656293911204445912e+00 5.297875976562500000e+02
3.659728663586976349e+00 5.275220947265625000e+02
3.663163415969507675e+00 5.236419677734375000e+02
3.666598168352038556e+00 5.234838867187500000e+02
3.670032920734569881e+00 5.244119262695312500e+02
3.673467673117101207e+00 5.275236206054687500e+02
3.676902425499632532e+00 5.252928466796875000e+02
3.680337177882163857e+00 5.272722167968750000e+02
3.683771930264694294e+00 5.223794555664062500e+02
3.687206682647225620e+00 5.254629516601562500e+02
3.690641435029756945e+00 5.274531250000000000e+02
3.694076187412288270e+00 5.281964721679687500e+02
3.697510939794819596e+00 5.242871093750000000e+02
3.700945692177350921e+00 5.226338500976562500e+02
3.704380444559882246e+00 5.239913330078125000e+02
3.707815196942412683e+00 5.220761108398437500e+02
3.711249949324944009e+00 5.170153198242187500e+02
3.714684701707475334e+00 5.149946899414062500e+02
3.718119454090006659e+00 5.118419799804687500e+02
3.721554206472537984e+00 5.131416625976562500e+02
3.724988958855069310e+00 5.113120422363281250e+02
3.728423711237600635e+00 5.147218627929687500e+02
3.731858463620131960e+00 5.131645507812500000e+02
3.735293216002662398e+00 5.124389038085937500e+02
3.738727968385193723e+00 5.142760009765625000e+02
3.742162720767725048e+00 5.112462463378906250e+02
3.745597473150255929e+00 5.123220825195312500e+02
3.749032225532787255e+00 5.156658935546875000e+02
3.752466977915318580e+00 5.193174438476562500e+02
3.755901730297849905e+00 5.211069946289062500e+02
3.759336482680380342e+00 5.285935668945312500e+02
3.762771235062911668e+00 5.432769165039062500e+02
3.766205987445442993e+00 5.604437255859375000e+02
3.769640739827974318e+00 5.711157226562500000e+02
3.773075492210505644e+00 5.835292358398437500e+02
3.776510244593036969e+00 5.907492675781250000e+02
3.779944996975568294e+00 5.866625976562500000e+02
3.783379749358098731e+00 5.719665527343750000e+02
3.786814501740630057e+00 5.495979614257812500e+02
3.790249254123161382e+00 5.356525268554687500e+02
3.793684006505692707e+00 5.206744995117187500e+02
3.797118758888224033e+00 5.138142089843750000e+02
3.800553511270755358e+00 5.085025634765625000e+02
3.803988263653286683e+00 5.067064208984375000e+02
3.807423016035818009e+00 5.036272277832031250e+02
3.810857768418348446e+00 5.046761779785156250e+02
3.814292520800879771e+00 5.049790649414062500e+02
3.817727273183411096e+00 5.066218872070312500e+02
3.821162025565941978e+00 5.096870422363281250e+02
3.824596777948473303e+00 5.205349121093750000e+02
3.828031530331004628e+00 5.269130859375000000e+02
3.831466282713535954e+00 5.309139404296875000e+02
3.834901035096066391e+00 5.367495727539062500e+02
3.838335787478597716e+00 5.492563476562500000e+02
3.841770539861129041e+00 5.622940063476562500e+02
3.845205292243660367e+00 5.795690917968750000e+02
3.848640044626191692e+00 5.916805419921875000e+02
3.852074797008723017e+00 5.932198486328125000e+02
3.855509549391254343e+00 5.800283813476562500e+02
3.858944301773784780e+00 5.673690185546875000e+02
3.862379054156316105e+00 5.593062133789062500e+02
3.865813806538847430e+00 5.568386840820312500e+02
3.869248558921378756e+00 5.526686401367187500e+02
3.872683311303910081e+00 5.475627441406250000e+02
3.876118063686441406e+00 5.423178710937500000e+02
3.879552816068972732e+00 5.393191528320312500e+02
3.882987568451504057e+00 5.331598510742187500e+02
3.886422320834034494e+00 5.210710449218750000e+02
3.889857073216565819e+00 5.080163574218750000e+02
3.893291825599097145e+00 4.977336120605468750e+02
3.896726577981628026e+00 4.936420898437500000e+02
3.900161330364159351e+00 4.917163085937500000e+02
3.903596082746690676e+00 4.931566467285156250e+02
3.907030835129222002e+00 4.972757263183593750e+02
3.910465587511752439e+00 4.965522766113281250e+02
3.913900339894283764e+00 4.881921081542968750e+02
3.917335092276815089e+00 4.841109313964843750e+02
3.920769844659346415e+00 4.810461120605468750e+02
3.924204597041877740e+00 4.872916870117187500e+02
3.927639349424409065e+00 4.855355224609375000e+02
3.931074101806940391e+00 4.891999511718750000e+02
3.934508854189470828e+00 4.911119689941406250e+02
3.937943606572002153e+00 4.928374938964843750e+02
3.941378358954533478e+00 4.948204650878906250e+02
3.944813111337064804e+00 4.881815795898437500e+02
3.948247863719596129e+00 4.859041137695312500e+02
3.951682616102127454e+00 4.845180664062500000e+02
3.955117368484658780e+00 4.856098937988281250e+02
3.958552120867189217e+00 4.862643737792968750e+02
3.961986873249720542e+00 4.866919250488281250e+02
3.965421625632251867e+00 4.896618957519531250e+02
3.968856378014783193e+00 4.833815917968750000e+02
3.972291130397314074e+00 4.809326477050781250e+02
3.975725882779845399e+00 4.804172668457031250e+02
3.979160635162376725e+00 4.834317321777343750e+02
3.982595387544908050e+00 4.855200500488281250e+02
3.986030139927438487e+00 4.899889221191406250e+02
3.989464892309969812e+00 4.984439392089843750e+02
3.992899644692501138e+00 5.139406127929687500e+02
3.996334397075032463e+00 5.374462890625000000e+02
3.999769149457563788e+00 5.752097778320312500e+02
4.003203901840095114e+00 6.214285888671875000e+02
4.006638654222625995e+00 6.696854248046875000e+02
4.010073406605156876e+00 7.082395629882812500e+02
4.013508158987687757e+00 7.093554077148437500e+02
4.016942911370219527e+00 6.923260498046875000e+02
4.020377663752750408e+00 6.593777465820312500e+02
4.023812416135282177e+00 6.302904052734375000e+02
4.027247168517813058e+00 5.924326782226562500e+02
4.030681920900344828e+00 5.586389160156250000e+02
4.034116673282874821e+00 5.282684936523437500e+02
4.037551425665406590e+00 5.099850463867187500e+02
4.040986178047937472e+00 4.990245056152343750e+02
4.044420930430469241e+00 4.953499450683593750e+02
4.047855682813000122e+00 4.912278747558593750e+02
4.051290435195531892e+00 4.926312866210937500e+02
4.054725187578062773e+00 4.953703613281250000e+02
4.058159939960594542e+00 4.927510681152343750e+02
4.061594692343124535e+00 4.865258483886718750e+02
4.065029444725656305e+00 4.796301269531250000e+02
4.068464197108187186e+00 4.783105773925781250e+02
4.071898949490718955e+00 4.778682861328125000e+02
4.075333701873249836e+00 4.783222351074218750e+02
4.078768454255781606e+00 4.805554809570312500e+02
4.082203206638312487e+00 4.838594360351562500e+02
4.085637959020843368e+00 4.873192749023437500e+02
4.089072711403374250e+00 4.902984313964843750e+02
4.092507463785905131e+00 4.867482910156250000e+02
4.095942216168436900e+00 4.778134155273437500e+02
4.099376968550967781e+00 4.709635925292968750e+02
4.102811720933499551e+00 4.703390502929687500e+02
4.106246473316030432e+00 4.776757507324218750e+02
4.109681225698561313e+00 4.799462280273437500e+02
4.113115978081092194e+00 4.778321533203125000e+02
4.116550730463623964e+00 4.754812316894531250e+02
4.119985482846154845e+00 4.754310913085937500e+02
4.123420235228686614e+00 4.747789916992187500e+02
4.126854987611217496e+00 4.713320617675781250e+02
4.130289739993749265e+00 4.700837707519531250e+02
4.133724492376280146e+00 4.695805053710937500e+02
4.137159244758811028e+00 4.705892944335937500e+02
4.140593997141341909e+00 4.673565979003906250e+02
4.144028749523873678e+00 4.673656005859375000e+02
4.147463501906404559e+00 4.696353454589843750e+02
4.150898254288936329e+00 4.759707336425781250e+02
4.154333006671467210e+00 4.788057250976562500e+02
4.157767759053998091e+00 4.774533996582031250e+02
4.161202511436528972e+00 4.742688598632812500e+02
4.164637263819060742e+00 4.703196716308593750e+02
4.168072016201591623e+00 4.756364746093750000e+02
4.171506768584122504e+00 4.891430969238281250e+02
4.174941520966654274e+00 5.147034912109375000e+02
4.178376273349185155e+00 5.427841186523437500e+02
4.181811025731716924e+00 5.688005981445312500e+02
4.185245778114246917e+00 5.864779663085937500e+02
4.188680530496778687e+00 5.843896484375000000e+02
4.192115282879309568e+00 5.687954101562500000e+02
4.195550035261841337e+00 5.434424438476562500e+02
4.198984787644372219e+00 5.260545043945312500e+02
4.202419540026903988e+00 5.181088256835937500e+02
4.205854292409434869e+00 5.268612670898437500e+02
4.209289044791966639e+00 5.483872070312500000e+02
4.212723797174496632e+00 5.728989868164062500e+02
4.216158549557028401e+00 5.946724243164062500e+02
4.219593301939559282e+00 5.950932006835937500e+02
4.223028054322091052e+00 5.856677856445312500e+02
4.226462806704621933e+00 5.589155883789062500e+02
4.229897559087153702e+00 5.238613891601562500e+02
4.233332311469684583e+00 4.920391235351562500e+02
4.236767063852215465e+00 4.774047851562500000e+02
4.240201816234746346e+00 4.773261108398437500e+02
4.243636568617277227e+00 4.764528198242187500e+02
4.247071320999808997e+00 4.735619506835937500e+02
4.250506073382339878e+00 4.677647705078125000e+02
4.253940825764871647e+00 4.654650573730468750e+02
4.257375578147402528e+00 4.591696166992187500e+02
4.260810330529933410e+00 4.553049926757812500e+02
4.264245082912464291e+00 4.546861267089843750e+02
4.267679835294996060e+00 4.622400207519531250e+02
4.271114587677526941e+00 4.664960021972656250e+02
4.274549340060058711e+00 4.668552856445312500e+02
4.277984092442589592e+00 4.701393432617187500e+02
4.281418844825121361e+00 4.792539062500000000e+02
4.284853597207652243e+00 4.984711608886718750e+02
4.288288349590183124e+00 5.277493286132812500e+02
4.291723101972714005e+00 5.614481811523437500e+02
4.295157854355245775e+00 5.932236938476562500e+02
4.298592606737776656e+00 6.071958007812500000e+02
4.302027359120308425e+00 6.080090942382812500e+02
4.305462111502839306e+00 5.827509765625000000e+02
4.308896863885370188e+00 5.522915039062500000e+02
4.312331616267901069e+00 5.197421875000000000e+02
4.315766368650432838e+00 4.949107666015625000e+02
4.319201121032963719e+00 4.740994873046875000e+02
4.322635873415494601e+00 4.599389648437500000e+02
4.326070625798026370e+00 4.583529357910156250e+02
4.329505378180557251e+00 4.588233642578125000e+02
4.332940130563089021e+00 4.597320556640625000e+02
4.336374882945619014e+00 4.556347045898437500e+02
4.339809635328150783e+00 4.575474243164062500e+02
4.343244387710681664e+00 4.607736511230468750e+02
4.346679140093213434e+00 4.657621459960937500e+02
4.350113892475744315e+00 4.646238708496093750e+02
4.353548644858276084e+00 4.688149719238281250e+02
4.356983397240806966e+00 4.697147521972656250e+02
4.360418149623338735e+00 4.751053161621093750e+02
4.363852902005868728e+00 4.724622802734375000e+02
4.367287654388400497e+00 4.717167968750000000e+02
4.370722406770931379e+00 4.632566528320312500e+02
4.374157159153463148e+00 4.572471923828125000e+02
4.377591911535994029e+00 4.548034667968750000e+02
4.381026663918525799e+00 4.571510620117187500e+02
4.384461416301056680e+00 4.556181945800781250e+02
4.387896168683587561e+00 4.600762329101562500e+02
4.391330921066118442e+00 4.607286376953125000e+02
4.394765673448649324e+00 4.647698059082031250e+02
4.398200425831181093e+00 4.672150573730468750e+02
4.401635178213711974e+00 4.805821228027343750e+02
4.405069930596243744e+00 4.974311523437500000e+02
4.408504682978774625e+00 5.119644775390625000e+02
4.411939435361305506e+00 5.230231323242187500e+02
4.415374187743836387e+00 5.249527587890625000e+02
4.418808940126368157e+00 5.141546020507812500e+02
4.422243692508899038e+00 4.987550659179687500e+02
4.425678444891430807e+00 4.804720153808593750e+02
4.429113197273961688e+00 4.671105651855468750e+02
4.432547949656493458e+00 4.555664367675781250e+02
4.435982702039023451e+00 4.454060668945312500e+02
4.439417454421555220e+00 4.399324951171875000e+02
4.442852206804086101e+00 4.382986145019531250e+02
4.446286959186617871e+00 4.338552246093750000e+02
4.449721711569148752e+00 4.313753051757812500e+02
4.453156463951680522e+00 4.310337524414062500e+02
4.456591216334211403e+00 4.404343872070312500e+02
4.460025968716742284e+00 4.466720275878906250e+02
4.463460721099273165e+00 4.456495056152343750e+02
4.466895473481804935e+00 4.450101623535156250e+02
4.470330225864335816e+00 4.429441223144531250e+02
4.473764978246866697e+00 4.436650695800781250e+02
4.477199730629398466e+00 4.409457092285156250e+02
4.480634483011929348e+00 4.402330627441406250e+02
4.484069235394461117e+00 4.419027709960937500e+02
4.487503987776991110e+00 4.400588378906250000e+02
4.490938740159522879e+00 4.341127624511718750e+02
4.494373492542053761e+00 4.326240539550781250e+02
4.497808244924585530e+00 4.299970703125000000e+02
4.501242997307116411e+00 4.311825256347656250e+02
4.504677749689648181e+00 4.284268798828125000e+02
4.508112502072179062e+00 4.291857604980468750e+02
4.511547254454709943e+00 4.328183898925781250e+02
4.514982006837240824e+00 4.379407653808593750e+02
4.518416759219772594e+00 4.437694396972656250e+02
4.521851511602303475e+00 4.410840148925781250e+02
4.525286263984835244e+00 4.416312866210937500e+02
4.528721016367366126e+00 4.411690979003906250e+02
4.532155768749897895e+00 4.403408508300781250e+02
4.535590521132428776e+00 4.324908142089843750e+02
4.539025273514959657e+00 4.282461547851562500e+02
4.542460025897490539e+00 4.273451538085937500e+02
4.545894778280021420e+00 4.275265502929687500e+02
4.549329530662553189e+00 4.287090148925781250e+02
4.552764283045084071e+00 4.322690429687500000e+02
4.556199035427615840e+00 4.315085449218750000e+02
4.559633787810146721e+00 4.324204711914062500e+02
4.563068540192677602e+00 4.328511657714843750e+02
4.566503292575208484e+00 4.329871826171875000e+02
4.569938044957740253e+00 4.323097839355468750e+02
4.573372797340271134e+00 4.321371765136718750e+02
4.576807549722802904e+00 4.350827331542968750e+02
4.580242302105333785e+00 4.331387634277343750e+02
4.583677054487865554e+00 4.274313049316406250e+02
4.587111806870395547e+00 4.234946899414062500e+02
4.590546559252927317e+00 4.259896850585937500e+02
4.593981311635458198e+00 4.358522644042968750e+02
4.597416064017989967e+00 4.387878723144531250e+02
4.600850816400520849e+00 4.332086486816406250e+02
4.604285568783052618e+00 4.258945617675781250e+02
4.607720321165583499e+00 4.248866577148437500e+02
4.611155073548115269e+00 4.284839172363281250e+02
4.614589825930645262e+00 4.287890930175781250e+02
4.618024578313177031e+00 4.274894104003906250e+02
4.621459330695707912e+00 4.239633483886718750e+02
4.624894083078238793e+00 4.268572387695312500e+02
4.628328835460770563e+00 4.410982055664062500e+02
4.631763587843301444e+00 4.579128112792968750e+02
4.635198340225833213e+00 4.779163513183593750e+02
4.638633092608363206e+00 4.995678100585937500e+02
4.642067844990894976e+00 5.281408691406250000e+02
4.645502597373425857e+00 5.517028808593750000e+02
4.648937349755957626e+00 5.735085449218750000e+02
4.652372102138488508e+00 5.834363403320312500e+02
4.655806854521020277e+00 5.878521728515625000e+02
4.659241606903551158e+00 5.818618164062500000e+02
4.662676359286082040e+00 5.744283447265625000e+02
4.666111111668612921e+00 5.717225952148437500e+02
4.669545864051144690e+00 5.714257812500000000e+02
4.672980616433675571e+00 5.683871459960937500e+02
4.676415368816207341e+00 5.512886352539062500e+02
4.679850121198738222e+00 5.271234130859375000e+02
4.683284873581269991e+00 4.991382141113281250e+02
4.686719625963800873e+00 4.784143981933593750e+02
4.690154378346331754e+00 4.593678283691406250e+02
4.693589130728862635e+00 4.501236877441406250e+02
4.697023883111393516e+00 4.401559753417968750e+02
4.700458635493925286e+00 4.359649963378906250e+02
4.703893387876456167e+00 4.283120422363281250e+02
4.707328140258987936e+00 4.261105651855468750e+02
4.710762892641518818e+00 4.220747070312500000e+02
4.714197645024049699e+00 4.253436584472656250e+02
4.717632397406580580e+00 4.251843261718750000e+02
4.721067149789112349e+00 4.268150329589843750e+02
4.724501902171643231e+00 4.267778320312500000e+02
4.727936654554175000e+00 4.285154113769531250e+02
4.731371406936705881e+00 4.275432739257812500e+02
4.734806159319237651e+00 4.255587463378906250e+02
4.738240911701767644e+00 4.248782653808593750e+02
4.741675664084299413e+00 4.264643859863281250e+02
4.745110416466830294e+00 4.225897521972656250e+02
4.748545168849362064e+00 4.168815307617187500e+02
4.751979921231892945e+00 4.188144836425781250e+02
4.755414673614424714e+00 4.239763793945312500e+02
4.758849425996955596e+00 4.292104797363281250e+02
4.762284178379487365e+00 4.231838378906250000e+02
4.765718930762017358e+00 4.162138366699218750e+02
4.769153683144549127e+00 4.102454223632812500e+02
4.772588435527080009e+00 4.139586486816406250e+02
4.776023187909610890e+00 4.187804870605468750e+02
4.779457940292142659e+00 4.203824462890625000e+02
4.782892692674673540e+00 4.163097839355468750e+02
4.786327445057205310e+00 4.163479003906250000e+02
4.789762197439735303e+00 4.251230163574218750e+02
4.793196949822267072e+00 4.313704833984375000e+02
4.796631702204797953e+00 4.297230834960937500e+02
4.800066454587329723e+00 4.295778808593750000e+02
4.803501206969860604e+00 4.369811706542968750e+02
4.806935959352392373e+00 4.449624328613281250e+02
4.810370711734923255e+00 4.448808288574218750e+02
4.813805464117454136e+00 4.445271911621093750e+02
4.817240216499985017e+00 4.384020690917968750e+02
4.820674968882516787e+00 4.360412597656250000e+02
4.824109721265047668e+00 4.257396850585937500e+02
4.827544473647579437e+00 4.241697387695312500e+02
4.830979226030110318e+00 4.250086669921875000e+02
4.834413978412642088e+00 4.286552124023437500e+02
4.837848730795172969e+00 4.284565429687500000e+02
4.841283483177703850e+00 4.255745544433593750e+02
4.844718235560234731e+00 4.280856933593750000e+02
4.848152987942766501e+00 4.322309875488281250e+02
4.851587740325297382e+00 4.310350341796875000e+02
4.855022492707828263e+00 4.336241455078125000e+02
4.858457245090360033e+00 4.456478576660156250e+02
4.861891997472890914e+00 4.736557617187500000e+02
4.865326749855421795e+00 5.059833679199218750e+02
4.868761502237952676e+00 5.408484497070312500e+02
4.872196254620484446e+00 5.752595825195312500e+02
4.875631007003015327e+00 5.973333129882812500e+02
4.879065759385547096e+00 5.923934936523437500e+02
4.882500511768077978e+00 5.552415161132812500e+02
4.885935264150609747e+00 5.094319152832031250e+02
4.889370016533139740e+00 4.708479003906250000e+02
4.892804768915671509e+00 4.470253906250000000e+02
4.896239521298202391e+00 4.315358581542968750e+02
4.899674273680734160e+00 4.226886901855468750e+02
4.903109026063265041e+00 4.185266723632812500e+02
4.906543778445796811e+00 4.184659729003906250e+02
4.909978530828327692e+00 4.234625244140625000e+02
4.913413283210858573e+00 4.316787414550781250e+02
4.916848035593389454e+00 4.291334228515625000e+02
4.920282787975921224e+00 4.309976196289062500e+02
4.923717540358452105e+00 4.292971801757812500e+02
4.927152292740982986e+00 4.381239318847656250e+02
4.930587045123514756e+00 4.334325866699218750e+02
4.934021797506045637e+00 4.342955017089843750e+02
4.937456549888577406e+00 4.293363647460937500e+02
4.940891302271107399e+00 4.257422485351562500e+02
4.944326054653639169e+00 4.211248474121093750e+02
4.947760807036170050e+00 4.195477905273437500e+02
4.951195559418701819e+00 4.274817199707031250e+02
4.954630311801232700e+00 4.360580444335937500e+02
4.958065064183764470e+00 4.473670959472656250e+02
4.961499816566295351e+00 4.564214477539062500e+02
4.964934568948826232e+00 4.579264221191406250e+02
4.968369321331357114e+00 4.533057250976562500e+02
4.971804073713888883e+00 4.458388366699218750e+02
4.975238826096419764e+00 4.425490112304687500e+02
4.978673578478951534e+00 4.316829528808593750e+02
4.982108330861482415e+00 4.258811340332031250e+02
4.985543083244014184e+00 4.191707763671875000e+02
4.988977835626544177e+00 4.208130187988281250e+02
4.992412588009075947e+00 4.176509094238281250e+02
4.995847340391606828e+00 4.147827148437500000e+02
4.999282092774138597e+00 4.117257995605468750e+02
5.002716845156669478e+00 4.119901733398437500e+02
5.006151597539200360e+00 4.160330505371093750e+02
5.009586349921732129e+00 4.178062438964843750e+02
5.013021102304263010e+00 4.194212036132812500e+02
5.016455854686793892e+00 4.187762145996093750e+02
5.019890607069324773e+00 4.230766296386718750e+02
5.023325359451856542e+00 4.297037353515625000e+02
5.026760111834387423e+00 4.357314758300781250e+02
5.030194864216919193e+00 4.421201782226562500e+02
5.033629616599450074e+00 4.507535095214843750e+02
5.037064368981981843e+00 4.533341369628906250e+02
5.040499121364511836e+00 4.556360168457031250e+02
5.043933873747043606e+00 4.492963562011718750e+02
5.047368626129574487e+00 4.476524963378906250e+02
5.050803378512106256e+00 4.347109069824218750e+02
5.054238130894637138e+00 4.244655456542968750e+02
5.057672883277168907e+00 4.158290405273437500e+02
5.061107635659699788e+00 4.162561645507812500e+02
5.064542388042230669e+00 4.190137939453125000e+02
5.067977140424761551e+00 4.231543273925781250e+02
5.071411892807293320e+00 4.253180236816406250e+02
5.074846645189824201e+00 4.260636901855468750e+02
5.078281397572355083e+00 4.236246032714843750e+02
5.081716149954886852e+00 4.222425537109375000e+02
5.085150902337417733e+00 4.169421691894531250e+02
5.088585654719949503e+00 4.135616149902343750e+02
5.092020407102479496e+00 4.149266662597656250e+02
5.095455159485011265e+00 4.192164306640625000e+02
5.098889911867542146e+00 4.172997741699218750e+02
5.102324664250073916e+00 4.126486511230468750e+02
5.105759416632604797e+00 4.071876220703125000e+02
5.109194169015136566e+00 4.033851318359375000e+02
5.112628921397667447e+00 4.018255004882812500e+02
5.116063673780198329e+00 4.041257324218750000e+02
5.119498426162729210e+00 4.029965515136718750e+02
5.122933178545260979e+00 4.048525085449218750e+02
5.126367930927791861e+00 4.008697509765625000e+02
5.129802683310323630e+00 4.015327758789062500e+02
5.133237435692854511e+00 4.010885620117187500e+02
5.136672188075386281e+00 4.013075866699218750e+02
5.140106940457916274e+00 3.994471130371093750e+02
5.143541692840448043e+00 3.983427734375000000e+02
5.146976445222978924e+00 3.996855468750000000e+02
5.150411197605510694e+00 4.026770324707031250e+02
5.153845949988041575e+00 4.083057556152343750e+02
5.157280702370572456e+00 4.160742492675781250e+02
5.160715454753104225e+00 4.181122436523437500e+02
5.164150207135635107e+00 4.153235168457031250e+02
5.167584959518165988e+00 4.177130126953125000e+02
5.171019711900696869e+00 4.188626098632812500e+02
5.174454464283228639e+00 4.160444335937500000e+02
5.177889216665759520e+00 4.102844238281250000e+02
5.181323969048291289e+00 4.050541992187500000e+02
5.184758721430822170e+00 4.029420166015625000e+02
5.188193473813353940e+00 4.019678344726562500e+02
5.191628226195883933e+00 4.026360778808593750e+02
5.195062978578415702e+00 4.050805053710937500e+02
5.198497730960946583e+00 4.108909301757812500e+02
5.201932483343478353e+00 4.252516479492187500e+02
5.205367235726009234e+00 4.472238769531250000e+02
5.208801988108541003e+00 4.678121643066406250e+02
5.212236740491071885e+00 4.801329040527343750e+02
5.215671492873602766e+00 4.786257934570312500e+02
5.219106245256133647e+00 4.689270324707031250e+02
5.222540997638665417e+00 4.540412902832031250e+02
5.225975750021196298e+00 4.418509826660156250e+02
5.229410502403727179e+00 4.285398559570312500e+02
5.232845254786258948e+00 4.155946960449218750e+02
5.236280007168789830e+00 4.050419311523437500e+02
5.239714759551321599e+00 3.995531005859375000e+02
5.243149511933851592e+00 4.023502197265625000e+02
5.246584264316383361e+00 4.045642395019531250e+02
5.250019016698914243e+00 4.090639648437500000e+02
5.253453769081446012e+00 4.073725280761718750e+02
5.256888521463976893e+00 4.033074340820312500e+02
5.260323273846508663e+00 3.982738952636718750e+02
5.263758026229039544e+00 4.010280761718750000e+02
5.267192778611570425e+00 4.027088012695312500e+02
5.270627530994101306e+00 4.101520690917968750e+02
5.274062283376633076e+00 4.120119018554687500e+02
5.277497035759163957e+00 4.214761962890625000e+02
5.280931788141695726e+00 4.255486450195312500e+02
5.284366540524226608e+00 4.327380981445312500e+02
5.287801292906758377e+00 4.292752380371093750e+02
5.291236045289288370e+00 4.242885742187500000e+02
5.294670797671820139e+00 4.192465820312500000e+02
5.298105550054351021e+00 4.143155212402343750e+02
5.301540302436882790e+00 4.106524047851562500e+02
5.304975054819413671e+00 4.056675415039062500e+02
5.308409807201944552e+00 4.023085937500000000e+02
5.311844559584476322e+00 4.012980651855468750e+02
5.315279311967006315e+00 3.992307128906250000e+02
5.318714064349538084e+00 4.012743530273437500e+02
5.322148816732068966e+00 4.095734863281250000e+02
5.325583569114600735e+00 4.173644104003906250e+02
5.329018321497131616e+00 4.226921386718750000e+02
5.332453073879663386e+00 4.200430908203125000e+02
5.335887826262194267e+00 4.220076293945312500e+02
5.339322578644726036e+00 4.290468139648437500e+02
5.342757331027256029e+00 4.430876159667968750e+02
5.346192083409787799e+00 4.623144836425781250e+02
5.349626835792318680e+00 4.805206298828125000e+02
5.353061588174850449e+00 4.825343933105468750e+02
5.356496340557381330e+00 4.678956298828125000e+02
5.359931092939913100e+00 4.485451049804687500e+02
5.363365845322443981e+00 4.336674804687500000e+02
5.366800597704974862e+00 4.233212280273437500e+02
5.370235350087505743e+00 4.138339233398437500e+02
5.373670102470037513e+00 4.095000915527343750e+02
5.377104854852568394e+00 4.075973510742187500e+02
5.380539607235100164e+00 4.066560058593750000e+02
5.383974359617631045e+00 4.026072387695312500e+02
5.387409112000161926e+00 4.012110900878906250e+02
5.390843864382692807e+00 3.956889648437500000e+02
5.394278616765223688e+00 3.931260375976562500e+02
5.397713369147755458e+00 3.921606140136718750e+02
5.401148121530286339e+00 3.946515502929687500e+02
5.404582873912818108e+00 3.991696777343750000e+02
5.408017626295348990e+00 4.004483032226562500e+02
5.411452378677880759e+00 4.025877380371093750e+02
5.414887131060411640e+00 4.043864746093750000e+02
5.418321883442942521e+00 4.057565917968750000e+02
5.421756635825473403e+00 4.105146789550781250e+02
5.425191388208005172e+00 4.152571105957031250e+02
5.428626140590536053e+00 4.249973754882812500e+02
5.432060892973067823e+00 4.233692321777343750e+02
5.435495645355598704e+00 4.201337890625000000e+02
5.438930397738130473e+00 4.116152954101562500e+02
5.442365150120660466e+00 4.079798583984375000e+02
5.445799902503192236e+00 4.068587951660156250e+02
5.449234654885723117e+00 4.057171936035156250e+02
5.452669407268254886e+00 4.064718322753906250e+02
5.456104159650785768e+00 4.073284606933593750e+02
5.459538912033316649e+00 4.097167663574218750e+02
5.462973664415848418e+00 4.110075378417968750e+02
5.466408416798379299e+00 4.135083312988281250e+02
5.469843169180910181e+00 4.213884277343750000e+02
5.473277921563441062e+00 4.323549499511718750e+02
5.476712673945972831e+00 4.422182922363281250e+02
5.480147426328503713e+00 4.516835632324218750e+02
5.483582178711035482e+00 4.553351440429687500e+02
5.487016931093566363e+00 4.526016845703125000e+02
5.490451683476098133e+00 4.406059265136718750e+02
5.493886435858628126e+00 4.321499023437500000e+02
5.497321188241159895e+00 4.197065124511718750e+02
5.500755940623690776e+00 4.164355468750000000e+02
5.504190693006222546e+00 4.141114501953125000e+02
5.507625445388753427e+00 4.139399108886718750e+02
5.511060197771285196e+00 4.161321411132812500e+02
5.514494950153816077e+00 4.217389526367187500e+02
5.517929702536346959e+00 4.289350585937500000e+02
5.521364454918877840e+00 4.274002380371093750e+02
5.524799207301409609e+00 4.242049560546875000e+02
5.528233959683940490e+00 4.206591796875000000e+02
5.531668712066472260e+00 4.213355712890625000e+02
5.535103464449003141e+00 4.220022277832031250e+02
5.538538216831534022e+00 4.213630065917968750e+02
5.541972969214064904e+00 4.200400695800781250e+02
5.545407721596595785e+00 4.196610412597656250e+02
5.548842473979127554e+00 4.246279296875000000e+02
5.552277226361658435e+00 4.251530151367187500e+02
5.555711978744190205e+00 4.246076354980468750e+02
5.559146731126721086e+00 4.304034729003906250e+02
5.562581483509252855e+00 4.372835083007812500e+02
5.566016235891783737e+00 4.394003295898437500e+02
5.569450988274314618e+00 4.322008666992187500e+02
5.572885740656845499e+00 4.303142089843750000e+02
5.576320493039377268e+00 4.291598510742187500e+02
5.579755245421908150e+00 4.308663330078125000e+02
5.583189997804439919e+00 4.317343444824218750e+02
5.586624750186970800e+00 4.282931213378906250e+02
5.590059502569502570e+00 4.262778930664062500e+02
5.593494254952032563e+00 4.276326904296875000e+02
5.596929007334564332e+00 4.335807189941406250e+02
5.600363759717095213e+00 4.383505859375000000e+02
5.603798512099626983e+00 4.404314575195312500e+02
5.607233264482157864e+00 4.434023742675781250e+02
5.610668016864688745e+00 4.456846008300781250e+02
5.614102769247220515e+00 4.610324707031250000e+02
5.617537521629751396e+00 4.985586853027343750e+02
5.620972274012282277e+00 5.817335205078125000e+02
5.624407026394813158e+00 6.711000366210937500e+02
5.627841778777344928e+00 7.112623901367187500e+02
5.631276531159875809e+00 6.766718750000000000e+02
5.634711283542407578e+00 6.042014770507812500e+02
5.638146035924938460e+00 5.462365722656250000e+02
5.641580788307470229e+00 5.038580017089843750e+02
5.645015540690000222e+00 4.736251525878906250e+02
5.648450293072531991e+00 4.540167236328125000e+02
5.651885045455062873e+00 4.448291931152343750e+02
5.655319797837594642e+00 4.395558776855468750e+02
5.658754550220125523e+00 4.410939636230468750e+02
5.662189302602657293e+00 4.397192382812500000e+02
5.665624054985188174e+00 4.399515380859375000e+02
5.669058807367719055e+00 4.381262817382812500e+02
5.672493559750249936e+00 4.418969116210937500e+02
5.675928312132781706e+00 4.483094177246093750e+02
5.679363064515312587e+00 4.599581298828125000e+02
5.682797816897844356e+00 4.712260131835937500e+02
5.686232569280375237e+00 4.847989196777343750e+02
5.689667321662906119e+00 5.002406921386718750e+02
5.693102074045437000e+00 5.217179565429687500e+02
5.696536826427967881e+00 5.557149047851562500e+02
5.699971578810499651e+00 6.267880249023437500e+02
5.703406331193030532e+00 7.724933471679687500e+02
5.706841083575562301e+00 1.024047119140625000e+03
5.710275835958093182e+00 1.385961791992187500e+03
5.713710588340624952e+00 1.781941406250000000e+03
5.717145340723154945e+00 2.077911132812500000e+03
5.720580093105686714e+00 2.152623291015625000e+03
5.724014845488217595e+00 1.974460083007812500e+03
5.727449597870749365e+00 1.616319824218750000e+03
5.730884350253280246e+00 1.220882080078125000e+03
5.734319102635812015e+00 8.898553466796875000e+02
5.737753855018342897e+00 6.724661865234375000e+02
5.741188607400874666e+00 5.509576416015625000e+02
5.744623359783404659e+00 4.937558898925781250e+02
5.748058112165936429e+00 4.659335632324218750e+02
5.751492864548467310e+00 4.475541992187500000e+02
5.754927616930999079e+00 4.386324157714843750e+02
5.758362369313529960e+00 4.310356445312500000e+02
5.761797121696060842e+00 4.266564636230468750e+02
5.765231874078592611e+00 4.203636169433593750e+02
5.768666626461123492e+00 4.099180297851562500e+02
5.772101378843654373e+00 4.040548095703125000e+02
5.775536131226185255e+00 4.008597106933593750e+02
5.778970883608717024e+00 4.087054443359375000e+02
5.782405635991247905e+00 4.110390319824218750e+02
5.785840388373779675e+00 4.139374389648437500e+02
5.789275140756310556e+00 4.140189819335937500e+02
5.792709893138841437e+00 4.130231323242187500e+02
5.796144645521372318e+00 4.071185302734375000e+02
5.799579397903904088e+00 4.034353942871093750e+02
5.803014150286434969e+00 4.036365356445312500e+02
5.806448902668966738e+00 4.042206726074218750e+02
5.809883655051497620e+00 4.019444274902343750e+02
5.813318407434029389e+00 3.991270141601562500e+02
5.816753159816560270e+00 3.980938415527343750e+02
5.820187912199091151e+00 3.958731384277343750e+02
5.823622664581622033e+00 3.964895019531250000e+02
5.827057416964153802e+00 4.003212585449218750e+02
5.830492169346684683e+00 4.032837524414062500e+02
5.833926921729216453e+00 4.050889587402343750e+02
5.837361674111747334e+00 4.022425537109375000e+02
5.840796426494278215e+00 3.997971191406250000e+02
5.844231178876809096e+00 3.927370300292968750e+02
5.847665931259339978e+00 3.908602600097656250e+02
5.851100683641871747e+00 3.889129638671875000e+02
5.854535436024402628e+00 3.840962219238281250e+02
5.857970188406934398e+00 3.800335083007812500e+02
5.861404940789465279e+00 3.836517333984375000e+02
5.864839693171997048e+00 3.910514831542968750e+02
5.868274445554527041e+00 3.997616882324218750e+02
5.871709197937058811e+00 3.975683898925781250e+02
5.875143950319589692e+00 3.959340820312500000e+02
5.878578702702121461e+00 3.904607238769531250e+02
5.882013455084652342e+00 3.887042236328125000e+02
5.885448207467184112e+00 3.867332763671875000e+02
5.888882959849714993e+00 3.823014221191406250e+02
5.892317712232246762e+00 3.842245788574218750e+02
5.895752464614776756e+00 3.860781250000000000e+02
5.899187216997308525e+00 3.872791137695312500e+02
5.902621969379839406e+00 3.852622680664062500e+02
5.906056721762371176e+00 3.855781860351562500e+02
5.909491474144902057e+00 3.878975524902343750e+02
5.912926226527432938e+00 3.872630310058593750e+02
5.916360978909964707e+00 3.854045104980468750e+02
5.919795731292495589e+00 3.846465454101562500e+02
5.923230483675026470e+00 3.828192138671875000e+02
5.926665236057557351e+00 3.817333068847656250e+02
5.930099988440089120e+00 3.809130554199218750e+02
5.933534740822620002e+00 3.811244201660156250e+02
5.936969493205151771e+00 3.894083557128906250e+02
5.940404245587682652e+00 3.947046203613281250e+02
5.943838997970213534e+00 3.978557128906250000e+02
5.947273750352744415e+00 3.916937561035156250e+02
5.950708502735276184e+00 3.902132873535156250e+02
5.954143255117807065e+00 3.915123596191406250e+02
5.957578007500338835e+00 3.987798767089843750e+02
5.961012759882869716e+00 4.047352294921875000e+02
5.964447512265401485e+00 4.031262512207031250e+02
5.967882264647932367e+00 3.952835998535156250e+02
5.971317017030463248e+00 3.955688171386718750e+02
5.974751769412994129e+00 3.999351501464843750e+02
5.978186521795525898e+00 4.053948974609375000e+02
5.981621274178056780e+00 3.996234741210937500e+02
5.985056026560588549e+00 3.935147399902343750e+02
5.988490778943119430e+00 3.862106018066406250e+02
5.991925531325650311e+00 3.870372924804687500e+02
5.995360283708181193e+00 3.875074768066406250e+02
5.998795036090712074e+00 3.896001281738281250e+02
6.002229788473243843e+00 3.889247131347656250e+02
6.005664540855774725e+00 3.900587158203125000e+02
6.009099293238306494e+00 3.921484680175781250e+02
6.012534045620837375e+00 3.948086242675781250e+02
6.015968798003369145e+00 3.959533691406250000e+02
6.019403550385899138e+00 3.991588439941406250e+02
6.022838302768430907e+00 4.034329833984375000e+02
6.026273055150961788e+00 4.012963867187500000e+02
6.029707807533493558e+00 3.980746459960937500e+02
6.033142559916024439e+00 3.932015991210937500e+02
6.036577312298556208e+00 3.960232238769531250e+02
6.040012064681087089e+00 3.993106384277343750e+02
6.043446817063618859e+00 4.004680786132812500e+02
6.046881569446148852e+00 3.993882141113281250e+02
6.050316321828680621e+00 3.942659606933593750e+02
6.053751074211211503e+00 3.950243835449218750e+02
6.057185826593743272e+00 3.969420166015625000e+02
6.060620578976274153e+00 3.991325683593750000e+02
6.064055331358805923e+00 4.058399353027343750e+02
6.067490083741336804e+00 4.086832580566406250e+02
6.070924836123867685e+00 4.118945922851562500e+02
6.074359588506398566e+00 4.079102478027343750e+02
6.077794340888929447e+00 4.009890136718750000e+02
6.081229093271461217e+00 3.946858825683593750e+02
6.084663845653992098e+00 3.904454956054687500e+02
6.088098598036523867e+00 3.845170288085937500e+02
6.091533350419054749e+00 3.798090515136718750e+02
6.094968102801585630e+00 3.838979797363281250e+02
6.098402855184116511e+00 3.901684570312500000e+02
6.101837607566648281e+00 3.893360595703125000e+02
6.105272359949179162e+00 3.863818664550781250e+02
6.108707112331710931e+00 3.872671508789062500e+02
6.112141864714241812e+00 3.888929443359375000e+02
6.115576617096773582e+00 3.863597106933593750e+02
6.119011369479304463e+00 3.837700195312500000e+02
6.122446121861835344e+00 3.822229309082031250e+02
6.125880874244366225e+00 3.779909057617187500e+02
6.129315626626897995e+00 3.732720642089843750e+02
6.132750379009428876e+00 3.703927307128906250e+02
6.136185131391960645e+00 3.701972656250000000e+02
6.139619883774491527e+00 3.757617187500000000e+02
6.143054636157022408e+00 3.840919494628906250e+02
6.146489388539553289e+00 3.895173034667968750e+02
6.149924140922085058e+00 3.886614685058593750e+02
6.153358893304615940e+00 3.870859680175781250e+02
6.156793645687146821e+00 3.857066040039062500e+02
6.160228398069678590e+00 3.825291442871093750e+02
6.163663150452209472e+00 3.793796691894531250e+02
6.167097902834741241e+00 3.784567565917968750e+02
6.170532655217271234e+00 3.794290161132812500e+02
6.173967407599803003e+00 3.781588745117187500e+02
6.177402159982333885e+00 3.743837890625000000e+02
6.180836912364865654e+00 3.716138610839843750e+02
6.184271664747396535e+00 3.718315429687500000e+02
6.187706417129928305e+00 3.704088134765625000e+02
6.191141169512459186e+00 3.696539611816406250e+02
6.194575921894990067e+00 3.634091186523437500e+02
6.198010674277520948e+00 3.617795715332031250e+02
6.201445426660052718e+00 3.567054748535156250e+02
6.204880179042583599e+00 3.575692443847656250e+02
6.208314931425115368e+00 3.597983093261718750e+02
6.211749683807646250e+00 3.662055053710937500e+02
6.215184436190178019e+00 3.736201782226562500e+02
6.218619188572708900e+00 3.736495361328125000e+02
6.222053940955239781e+00 3.700879821777343750e+02
6.225488693337770663e+00 3.664087829589843750e+02
6.228923445720301544e+00 3.633910827636718750e+02
6.232358198102833313e+00 3.654035644531250000e+02
6.235792950485364194e+00 3.655267639160156250e+02
6.239227702867895964e+00 3.650555419921875000e+02
6.242662455250426845e+00 3.617199707031250000e+02
6.246097207632957726e+00 3.570678405761718750e+02
6.249531960015488607e+00 3.567905273437500000e+02
6.252966712398020377e+00 3.565379638671875000e+02
6.256401464780551258e+00 3.606423645019531250e+02
6.259836217163083028e+00 3.614266357421875000e+02
6.263270969545613909e+00 3.636396789550781250e+02
6.266705721928145678e+00 3.718588256835937500e+02
6.270140474310675671e+00 3.864223632812500000e+02
6.273575226693207441e+00 3.960993652343750000e+02
6.277009979075738322e+00 3.998310241699218750e+02
6.280444731458270091e+00 3.976097717285156250e+02
6.283879483840800972e+00 3.946277770996093750e+02
6.287314236223332742e+00 3.909480590820312500e+02
6.290748988605863623e+00 3.894499206542968750e+02
6.294183740988394504e+00 3.873144836425781250e+02
6.297618493370925385e+00 3.803886413574218750e+02
6.301053245753457155e+00 3.718087768554687500e+02
6.304487998135988036e+00 3.621013488769531250e+02
6.307922750518518917e+00 3.543326416015625000e+02
6.311357502901050687e+00 3.544866027832031250e+02
6.314792255283581568e+00 3.590848693847656250e+02
6.318227007666113337e+00 3.642205200195312500e+02
6.321661760048643330e+00 3.632026672363281250e+02
6.325096512431175100e+00 3.612199707031250000e+02
6.328531264813705981e+00 3.668820800781250000e+02
6.331966017196237750e+00 3.756930541992187500e+02
6.335400769578768632e+00 3.879406433105468750e+02
6.338835521961300401e+00 3.919720153808593750e+02
6.342270274343831282e+00 3.906457824707031250e+02
6.345705026726362163e+00 3.819334106445312500e+02
6.349139779108893045e+00 3.736906127929687500e+02
6.352574531491424814e+00 3.661441345214843750e+02
6.356009283873955695e+00 3.599579467773437500e+02
6.359444036256487465e+00 3.567438964843750000e+02
6.362878788639018346e+00 3.577105102539062500e+02
6.366313541021550115e+00 3.601575622558593750e+02
6.369748293404080997e+00 3.591803588867187500e+02
6.373183045786611878e+00 3.589042358398437500e+02
6.376617798169142759e+00 3.549143371582031250e+02
6.380052550551673640e+00 3.508875427246093750e+02
6.383487302934205410e+00 3.515085144042968750e+02
6.386922055316736291e+00 3.563806457519531250e+02
6.390356807699268060e+00 3.587457580566406250e+02
6.393791560081798941e+00 3.601513977050781250e+02
6.397226312464329823e+00 3.554772033691406250e+02
6.400661064846860704e+00 3.540451354980468750e+02
6.404095817229392473e+00 3.608044738769531250e+02
6.407530569611923355e+00 3.708034057617187500e+02
6.410965321994455124e+00 3.764867248535156250e+02
6.414400074376986005e+00 3.735755920410156250e+02
6.417834826759517775e+00 3.745437927246093750e+02
6.421269579142047768e+00 3.802160644531250000e+02
6.424704331524579537e+00 3.878037109375000000e+02
6.428139083907110418e+00 3.923920288085937500e+02
6.431573836289642188e+00 3.932315368652343750e+02
6.435008588672173069e+00 3.865471801757812500e+02
6.438443341054704838e+00 3.776676635742187500e+02
6.441878093437235719e+00 3.671502685546875000e+02
6.445312845819766601e+00 3.583331909179687500e+02
6.448747598202297482e+00 3.516733703613281250e+02
6.452182350584829251e+00 3.501951904296875000e+02
6.455617102967360132e+00 3.519695434570312500e+02
6.459051855349891014e+00 3.572955627441406250e+02
6.462486607732422783e+00 3.586296997070312500e+02
6.465921360114953664e+00 3.545419006347656250e+02
6.469356112497485434e+00 3.523806762695312500e+02
6.472790864880015427e+00 3.529291381835937500e+02
6.476225617262547196e+00 3.550577392578125000e+02
6.479660369645078077e+00 3.537235717773437500e+02
6.483095122027609847e+00 3.538191833496093750e+02
6.486529874410140728e+00 3.527485351562500000e+02
6.489964626792672497e+00 3.510115356445312500e+02
6.493399379175203379e+00 3.517802429199218750e+02
6.496834131557734260e+00 3.549514160156250000e+02
6.500268883940265141e+00 3.554851379394531250e+02
6.503703636322796910e+00 3.581410217285156250e+02
6.507138388705327792e+00 3.629426879882812500e+02
6.510573141087859561e+00 3.719248962402343750e+02
6.514007893470390442e+00 3.710068969726562500e+02
6.517442645852922212e+00 3.678193664550781250e+02
6.520877398235453093e+00 3.620914306640625000e+02
6.524312150617983974e+00 3.583124694824218750e+02
6.527746903000514855e+00 3.579633178710937500e+02
6.531181655383045737e+00 3.542271118164062500e+02
6.534616407765577506e+00 3.559969177246093750e+02
6.538051160148108387e+00 3.590965270996093750e+02
6.541485912530640157e+00 3.655647888183593750e+02
6.544920664913171038e+00 3.639067993164062500e+02
6.548355417295701919e+00 3.563041687011718750e+02
6.551790169678232800e+00 3.498141174316406250e+02
6.555224922060764570e+00 3.520491027832031250e+02
6.558659674443295451e+00 3.560426635742187500e+02
6.562094426825827220e+00 3.586575317382812500e+02
6.565529179208358102e+00 3.572334594726562500e+02
6.568963931590889871e+00 3.561170959472656250e+02
6.572398683973419864e+00 3.541982421875000000e+02
6.575833436355951633e+00 3.539079895019531250e+02
6.579268188738482515e+00 3.530362854003906250e+02
6.582702941121014284e+00 3.558871765136718750e+02
6.586137693503545165e+00 3.573942565917968750e+02
6.589572445886076935e+00 3.624510803222656250e+02
6.593007198268607816e+00 3.650442810058593750e+02
6.596441950651138697e+00 3.658352661132812500e+02
6.599876703033669578e+00 3.600197753906250000e+02
6.603311455416201348e+00 3.602107543945312500e+02
6.606746207798732229e+00 3.601835021972656250e+02
6.610180960181263110e+00 3.618902282714843750e+02
6.613615712563794879e+00 3.580358276367187500e+02
6.617050464946325761e+00 3.563008422851562500e+02
6.620485217328857530e+00 3.532566223144531250e+02
6.623919969711387523e+00 3.511733093261718750e+02
6.627354722093919293e+00 3.495794982910156250e+02
6.630789474476450174e+00 3.449157409667968750e+02
6.634224226858981943e+00 3.414235839843750000e+02
6.637658979241512824e+00 3.364418334960937500e+02
6.641093731624044594e+00 3.372440185546875000e+02
6.644528484006575475e+00 3.371670532226562500e+02
6.647963236389106356e+00 3.433940429687500000e+02
6.651397988771637237e+00 3.437831115722656250e+02
6.654832741154169007e+00 3.455663757324218750e+02
6.658267493536699888e+00 3.475727539062500000e+02
6.661702245919231657e+00 3.511236267089843750e+02
6.665136998301762539e+00 3.530917358398437500e+02
6.668571750684294308e+00 3.555200805664062500e+02
6.672006503066824301e+00 3.554492187500000000e+02
6.675441255449356071e+00 3.565499877929687500e+02
6.678876007831886952e+00 3.592051391601562500e+02
6.682310760214417833e+00 3.699137573242187500e+02
6.685745512596949602e+00 3.750651855468750000e+02
6.689180264979480484e+00 3.794715270996093750e+02
6.692615017362012253e+00 3.723126525878906250e+02
6.696049769744543134e+00 3.664479675292968750e+02
6.699484522127074015e+00 3.589222717285156250e+02
6.702919274509604897e+00 3.567159423828125000e+02
6.706354026892136666e+00 3.553151855468750000e+02
6.709788779274667547e+00 3.532178649902343750e+02
6.713223531657199317e+00 3.531541442871093750e+02
6.716658284039730198e+00 3.520696105957031250e+02
6.720093036422261967e+00 3.505426330566406250e+02
6.723527788804791960e+00 3.450081481933593750e+02
6.726962541187323730e+00 3.411740722656250000e+02
6.730397293569854611e+00 3.383731079101562500e+02
6.733832045952386380e+00 3.397541198730468750e+02
6.737266798334917262e+00 3.387575683593750000e+02
6.740701550717449031e+00 3.421787414550781250e+02
6.744136303099979912e+00 3.458495178222656250e+02
6.747571055482510793e+00 3.501705322265625000e+02
6.751005807865041675e+00 3.512225952148437500e+02
6.754440560247573444e+00 3.535331726074218750e+02
6.757875312630104325e+00 3.559970092773437500e+02
6.761310065012635206e+00 3.587644042968750000e+02
6.764744817395166976e+00 3.546153869628906250e+02
6.768179569777697857e+00 3.536342773437500000e+02
6.771614322160229626e+00 3.494687500000000000e+02
6.775049074542759620e+00 3.494776306152343750e+02
6.778483826925291389e+00 3.439056396484375000e+02
6.781918579307822270e+00 3.442780761718750000e+02
6.785353331690354040e+00 3.439180603027343750e+02
6.788788084072884921e+00 3.476507263183593750e+02
6.792222836455416690e+00 3.536134948730468750e+02
6.795657588837947571e+00 3.606248168945312500e+02
6.799092341220478453e+00 3.623618774414062500e+02
6.802527093603009334e+00 3.676674804687500000e+02
6.805961845985541103e+00 3.714936218261718750e+02
6.809396598368071984e+00 3.741770629882812500e+02
6.812831350750603754e+00 3.705668334960937500e+02
6.816266103133134635e+00 3.642425842285156250e+02
6.819700855515666404e+00 3.530257263183593750e+02
6.823135607898196398e+00 3.456456604003906250e+02
6.826570360280728167e+00 3.470760803222656250e+02
6.830005112663259048e+00 3.493546752929687500e+02
6.833439865045790818e+00 3.508281555175781250e+02
6.836874617428321699e+00 3.496999816894531250e+02
6.840309369810852580e+00 3.529370727539062500e+02
6.843744122193384349e+00 3.524330444335937500e+02
6.847178874575915231e+00 3.542607116699218750e+02
6.850613626958446112e+00 3.532222595214843750e+02
6.854048379340976993e+00 3.566883850097656250e+02
6.857483131723508762e+00 3.578753356933593750e+02
6.860917884106039644e+00 3.593092346191406250e+02
6.864352636488571413e+00 3.571880798339843750e+02
6.867787388871102294e+00 3.538101501464843750e+02
6.871222141253634064e+00 3.533098144531250000e+02
6.874656893636164057e+00 3.558516540527343750e+02
6.878091646018695826e+00 3.558595886230468750e+02
6.881526398401226707e+00 3.517787170410156250e+02
6.884961150783758477e+00 3.472650756835937500e+02
6.888395903166289358e+00 3.415462341308593750e+02
6.891830655548821127e+00 3.363641357421875000e+02
6.895265407931352009e+00 3.359759521484375000e+02
6.898700160313882890e+00 3.408789672851562500e+02
6.902134912696413771e+00 3.465572814941406250e+02
6.905569665078945540e+00 3.462901306152343750e+02
6.909004417461476422e+00 3.436506347656250000e+02
6.912439169844007303e+00 3.402989501953125000e+02
6.915873922226539072e+00 3.370923461914062500e+02
6.919308674609069953e+00 3.364460144042968750e+02
6.922743426991601723e+00 3.354260253906250000e+02
6.926178179374131716e+00 3.365595092773437500e+02
6.929612931756663485e+00 3.379642028808593750e+02
6.933047684139194367e+00 3.402964172363281250e+02
6.936482436521726136e+00 3.420229797363281250e+02
6.939917188904257017e+00 3.452619934082031250e+02
6.943351941286788787e+00 3.518565063476562500e+02
6.946786693669319668e+00 3.598070678710937500e+02
6.950221446051850549e+00 3.680853881835937500e+02
6.953656198434381430e+00 3.710871887207031250e+02
6.957090950816913200e+00 3.665269470214843750e+02
6.960525703199444081e+00 3.583422241210937500e+02
6.963960455581975850e+00 3.501265258789062500e+02
6.967395207964506731e+00 3.492997741699218750e+02
6.970829960347038501e+00 3.505567932128906250e+02
6.974264712729568494e+00 3.541841430664062500e+02
6.977699465112100263e+00 3.532920837402343750e+02
6.981134217494631145e+00 3.500949401855468750e+02
6.984568969877162914e+00 3.466569213867187500e+02
6.988003722259693795e+00 3.469594116210937500e+02
6.991438474642224676e+00 3.483059692382812500e+02
6.994873227024756446e+00 3.446215515136718750e+02
6.998307979407287327e+00 3.415593566894531250e+02
7.001742731789818208e+00 3.428260192871093750e+02
7.005177484172349089e+00 3.445552062988281250e+02
7.008612236554880859e+00 3.417553710937500000e+02
7.012046988937411740e+00 3.403374023437500000e+02
7.015481741319943509e+00 3.460384521484375000e+02
7.018916493702474391e+00 3.520242919921875000e+02
7.022351246085006160e+00 3.536135864257812500e+02
7.025785998467536153e+00 3.482845153808593750e+02
7.029220750850067922e+00 3.458677673339843750e+02
7.032655503232598804e+00 3.415996398925781250e+02
7.036090255615130573e+00 3.396424255371093750e+02
7.039525007997661454e+00 3.363528137207031250e+02
7.042959760380193224e+00 3.323129577636718750e+02
7.046394512762724105e+00 3.301273498535156250e+02
7.049829265145254986e+00 3.310848083496093750e+02
7.053264017527785867e+00 3.334509277343750000e+02
7.056698769910317637e+00 3.350327758789062500e+02
7.060133522292848518e+00 3.363727722167968750e+02
7.063568274675379399e+00 3.385469360351562500e+02
7.067003027057911169e+00 3.377930297851562500e+02
7.070437779440442050e+00 3.414027404785156250e+02
7.073872531822972931e+00 3.427083129882812500e+02
7.077307284205503812e+00 3.492122497558593750e+02
7.080742036588035582e+00 3.508668823242187500e+02
7.084176788970566463e+00 3.546763610839843750e+02
7.087611541353098232e+00 3.584738159179687500e+02
7.091046293735629114e+00 3.645070190429687500e+02
7.094481046118160883e+00 3.695944824218750000e+02
7.097915798500691764e+00 3.672637939453125000e+02
7.101350550883222645e+00 3.614489440917968750e+02
7.104785303265753527e+00 3.538647766113281250e+02
7.108220055648285296e+00 3.479812622070312500e+02
7.111654808030816177e+00 3.455877380371093750e+02
7.115089560413347947e+00 3.416143188476562500e+02
7.118524312795878828e+00 3.364080810546875000e+02
7.121959065178410597e+00 3.304860839843750000e+02
7.125393817560940590e+00 3.268907165527343750e+02
7.128828569943472360e+00 3.286336975097656250e+02
7.132263322326003241e+00 3.248429565429687500e+02
7.135698074708535010e+00 3.248487548828125000e+02
7.139132827091065892e+00 3.228847351074218750e+02
7.142567579473596773e+00 3.275211181640625000e+02
7.146002331856128542e+00 3.320528564453125000e+02
7.149437084238658535e+00 3.401615600585937500e+02
7.152871836621190305e+00 3.448364257812500000e+02
7.156306589003721186e+00 3.418497619628906250e+02
7.159741341386252955e+00 3.403007202148437500e+02
7.163176093768782948e+00 3.414985961914062500e+02
7.166610846151314718e+00 3.445479431152343750e+02
7.170045598533845599e+00 3.416978454589843750e+02
7.173480350916377368e+00 3.420722656250000000e+02
7.176915103298908249e+00 3.424065246582031250e+02
7.180349855681440019e+00 3.402060852050781250e+02
7.183784608063970900e+00 3.344645080566406250e+02
7.187219360446502670e+00 3.312512207031250000e+02
7.190654112829033551e+00 3.327872009277343750e+02
7.194088865211565320e+00 3.313478698730468750e+02
7.197523617594096201e+00 3.316180419921875000e+02
7.200958369976627971e+00 3.227232360839843750e+02
7.204393122359158852e+00 3.201715393066406250e+02
7.207827874741689733e+00 3.188968505859375000e+02
7.211262627124221503e+00 3.238029174804687500e+02
7.214697379506751496e+00 3.209281616210937500e+02
7.218132131889282377e+00 3.199468078613281250e+02
7.221566884271814146e+00 3.177557373046875000e+02
7.225001636654345027e+00 3.161986999511718750e+02
7.228436389036875909e+00 3.175531616210937500e+02
7.231871141419407678e+00 3.211344909667968750e+02
7.235305893801938559e+00 3.245444030761718750e+02
7.238740646184470329e+00 3.262871704101562500e+02
7.242175398567001210e+00 3.269634399414062500e+02
7.245610150949532979e+00 3.249587097167968750e+02
7.249044903332063861e+00 3.183487854003906250e+02
7.252479655714595630e+00 3.146111755371093750e+02
7.255914408097126511e+00 3.178197021484375000e+02
7.259349160479658281e+00 3.223939514160156250e+02
7.262783912862187385e+00 3.226761779785156250e+02
7.266218665244719155e+00 3.260977172851562500e+02
7.269653417627250036e+00 3.302684631347656250e+02
7.273088170009781805e+00 3.352567749023437500e+02
7.276522922392312687e+00 3.327893371582031250e+02
7.279957674774844456e+00 3.338260192871093750e+02
7.283392427157375337e+00 3.372483215332031250e+02
7.286827179539907107e+00 3.400259704589843750e+02
7.290261931922437988e+00 3.358792114257812500e+02
7.293696684304968869e+00 3.321419372558593750e+02
7.297131436687500639e+00 3.316203918457031250e+02
7.300566189070031520e+00 3.334959106445312500e+02
7.304000941452563289e+00 3.315527648925781250e+02
7.307435693835094170e+00 3.286167602539062500e+02
7.310870446217625940e+00 3.260243835449218750e+02
7.314305198600155045e+00 3.219375305175781250e+02
7.317739950982686814e+00 3.229957275390625000e+02
7.321174703365217695e+00 3.213981933593750000e+02
7.324609455747749465e+00 3.230928039550781250e+02
7.328044208130280346e+00 3.207144165039062500e+02
7.331478960512812115e+00 3.226642761230468750e+02
7.334913712895342996e+00 3.203832397460937500e+02
7.338348465277874766e+00 3.236302795410156250e+02
7.341783217660405647e+00 3.238882141113281250e+02
7.345217970042937417e+00 3.240346374511718750e+02
7.348652722425468298e+00 3.201446228027343750e+02
7.352087474808000067e+00 3.192401733398437500e+02
7.355522227190530948e+00 3.243110961914062500e+02
7.358956979573061830e+00 3.314044189453125000e+02
7.362391731955593599e+00 3.375571899414062500e+02
7.365826484338123592e+00 3.397291870117187500e+02
7.369261236720654473e+00 3.374954528808593750e+02
7.372695989103186243e+00 3.322419128417968750e+02
7.376130741485717124e+00 3.285327758789062500e+02
7.379565493868248005e+00 3.247256774902343750e+02
7.383000246250779774e+00 3.233011169433593750e+02
7.386434998633310656e+00 3.227586975097656250e+02
7.389869751015842425e+00 3.264834899902343750e+02
7.393304503398373306e+00 3.296388549804687500e+02
7.396739255780905076e+00 3.311702575683593750e+02
7.400174008163435957e+00 3.287515258789062500e+02
7.403608760545967726e+00 3.253626708984375000e+02
7.407043512928498608e+00 3.213373107910156250e+02
7.410478265311030377e+00 3.222897644042968750e+02
7.413913017693559482e+00 3.238117980957031250e+02
7.417347770076091251e+00 3.281796569824218750e+02
7.420782522458622132e+00 3.236336364746093750e+02
7.424217274841153902e+00 3.218073425292968750e+02
7.427652027223684783e+00 3.196302795410156250e+02
7.431086779606216552e+00 3.214344177246093750e+02
7.434521531988747434e+00 3.175289001464843750e+02
7.437956284371279203e+00 3.169050292968750000e+02
