# # sector 28: chi = 104.98 deg (range [100, 110))
# # columns: 2theta(deg)  intensity
1.052751605245807909e+00 1.255946533203125000e+03
1.056186357628339012e+00 1.264629516601562500e+03
1.059621110010870337e+00 1.269715942382812500e+03
1.063055862393401441e+00 1.270252197265625000e+03
1.066490614775932544e+00 1.278540283203125000e+03
1.069925367158463869e+00 1.286464111328125000e+03
1.073360119540994972e+00 1.301288085937500000e+03
1.076794871923526298e+00 1.300326416015625000e+03
1.080229624306057401e+00 1.297023925781250000e+03
1.083664376688588726e+00 1.299095703125000000e+03
1.087099129071119830e+00 1.309317016601562500e+03
1.090533881453650933e+00 1.309613037109375000e+03
1.093968633836182036e+00 1.310854125976562500e+03
1.097403386218713361e+00 1.322754638671875000e+03
1.100838138601244465e+00 1.317053222656250000e+03
1.104272890983775568e+00 1.299721191406250000e+03
1.107707643366306893e+00 1.294084472656250000e+03
1.111142395748837997e+00 1.300371337890625000e+03
1.114577148131369322e+00 1.300507202148437500e+03
1.118011900513900425e+00 1.302164794921875000e+03
1.121446652896431750e+00 1.300403686523437500e+03
1.124881405278962854e+00 1.307302001953125000e+03
1.128316157661493957e+00 1.297463989257812500e+03
1.131750910044025060e+00 1.287298828125000000e+03
1.135185662426556386e+00 1.289307617187500000e+03
1.138620414809087489e+00 1.287563964843750000e+03
1.142055167191618592e+00 1.311062866210937500e+03
1.145489919574149917e+00 1.312600097656250000e+03
1.148924671956681021e+00 1.322812255859375000e+03
1.152359424339212346e+00 1.310042236328125000e+03
1.155794176721743449e+00 1.297439697265625000e+03
1.159228929104274775e+00 1.297819091796875000e+03
1.162663681486805878e+00 1.312840698242187500e+03
1.166098433869336981e+00 1.325497680664062500e+03
1.169533186251868084e+00 1.325727661132812500e+03
1.172967938634399410e+00 1.332893554687500000e+03
1.176402691016930513e+00 1.328852905273437500e+03
1.179837443399461616e+00 1.338323364257812500e+03
1.183272195781992941e+00 1.347608154296875000e+03
1.186706948164524045e+00 1.355419189453125000e+03
1.190141700547055370e+00 1.350377807617187500e+03
1.193576452929586473e+00 1.348129760742187500e+03
1.197011205312117799e+00 1.341997070312500000e+03
1.200445957694648902e+00 1.331765991210937500e+03
1.203880710077180005e+00 1.312970947265625000e+03
1.207315462459711108e+00 1.313356201171875000e+03
1.210750214842242434e+00 1.329753295898437500e+03
1.214184967224773537e+00 1.346218750000000000e+03
1.217619719607304640e+00 1.351075195312500000e+03
1.221054471989835966e+00 1.356113281250000000e+03
1.224489224372367069e+00 1.370571166992187500e+03
1.227923976754898394e+00 1.376794921875000000e+03
1.231358729137429497e+00 1.367312133789062500e+03
1.234793481519960823e+00 1.363432373046875000e+03
1.238228233902491926e+00 1.369008666992187500e+03
1.241662986285023029e+00 1.381764404296875000e+03
1.245097738667554133e+00 1.373533325195312500e+03
1.248532491050085236e+00 1.369353637695312500e+03
1.251967243432616561e+00 1.361565307617187500e+03
1.255401995815147664e+00 1.379379882812500000e+03
1.258836748197678990e+00 1.399602783203125000e+03
1.262271500580210093e+00 1.399749511718750000e+03
1.265706252962741418e+00 1.398474609375000000e+03
1.269141005345272522e+00 1.396769531250000000e+03
1.272575757727803847e+00 1.391494262695312500e+03
1.276010510110334950e+00 1.397176147460937500e+03
1.279445262492866053e+00 1.407941284179687500e+03
1.282880014875397157e+00 1.414216552734375000e+03
1.286314767257928260e+00 1.408152343750000000e+03
1.289749519640459585e+00 1.410515502929687500e+03
1.293184272022990688e+00 1.426998046875000000e+03
1.296619024405522014e+00 1.432384399414062500e+03
1.300053776788053117e+00 1.428418090820312500e+03
1.303488529170584442e+00 1.423085693359375000e+03
1.306923281553115546e+00 1.416755371093750000e+03
1.310358033935646871e+00 1.410595214843750000e+03
1.313792786318177974e+00 1.416571655273437500e+03
1.317227538700709077e+00 1.425431396484375000e+03
1.320662291083240181e+00 1.433724243164062500e+03
1.324097043465771284e+00 1.429288818359375000e+03
1.327531795848302609e+00 1.436573120117187500e+03
1.330966548230833713e+00 1.449577514648437500e+03
1.334401300613365038e+00 1.460069335937500000e+03
1.337836052995896141e+00 1.471812622070312500e+03
1.341270805378427466e+00 1.510682739257812500e+03
1.344705557760958570e+00 1.552543457031250000e+03
1.348140310143489895e+00 1.591207153320312500e+03
1.351575062526020998e+00 1.590700927734375000e+03
1.355009814908552102e+00 1.582406372070312500e+03
1.358444567291083205e+00 1.566116088867187500e+03
1.361879319673614308e+00 1.548474365234375000e+03
1.365314072056145633e+00 1.524575683593750000e+03
1.368748824438676737e+00 1.500805541992187500e+03
1.372183576821208062e+00 1.478280761718750000e+03
1.375618329203739165e+00 1.466113525390625000e+03
1.379053081586270491e+00 1.462490966796875000e+03
1.382487833968801594e+00 1.453651367187500000e+03
1.385922586351332919e+00 1.452403930664062500e+03
1.389357338733864022e+00 1.461948486328125000e+03
1.392792091116395126e+00 1.461152709960937500e+03
1.396226843498926229e+00 1.464617309570312500e+03
1.399661595881457332e+00 1.466703369140625000e+03
1.403096348263988657e+00 1.462902954101562500e+03
1.406531100646519761e+00 1.461719848632812500e+03
1.409965853029051086e+00 1.462883911132812500e+03
1.413400605411582189e+00 1.457725952148437500e+03
1.416835357794113515e+00 1.460189453125000000e+03
1.420270110176644618e+00 1.474661621093750000e+03
1.423704862559175943e+00 1.485033447265625000e+03
1.427139614941707046e+00 1.479678955078125000e+03
1.430574367324238150e+00 1.473812988281250000e+03
1.434009119706769253e+00 1.476025024414062500e+03
1.437443872089300356e+00 1.476107177734375000e+03
1.440878624471831682e+00 1.475645629882812500e+03
1.444313376854362785e+00 1.486539672851562500e+03
1.447748129236894110e+00 1.483470581054687500e+03
1.451182881619425213e+00 1.477137451171875000e+03
1.454617634001956539e+00 1.474980102539062500e+03
1.458052386384487642e+00 1.487572875976562500e+03
1.461487138767018967e+00 1.496278442382812500e+03
1.464921891149550071e+00 1.498346069335937500e+03
1.468356643532081174e+00 1.483114501953125000e+03
1.471791395914612277e+00 1.475173828125000000e+03
1.475226148297143380e+00 1.484916259765625000e+03
1.478660900679674706e+00 1.493510864257812500e+03
1.482095653062205809e+00 1.499096557617187500e+03
1.485530405444737134e+00 1.500917358398437500e+03
1.488965157827268238e+00 1.499055541992187500e+03
1.492399910209799563e+00 1.481389404296875000e+03
1.495834662592330666e+00 1.475412475585937500e+03
1.499269414974861991e+00 1.476255249023437500e+03
1.502704167357393095e+00 1.481665161132812500e+03
1.506138919739924198e+00 1.474559936523437500e+03
1.509573672122455301e+00 1.483214721679687500e+03
1.513008424504986404e+00 1.485836303710937500e+03
1.516443176887517730e+00 1.500018310546875000e+03
1.519877929270048833e+00 1.492895385742187500e+03
1.523312681652580158e+00 1.501279907226562500e+03
1.526747434035111262e+00 1.499082031250000000e+03
1.530182186417642587e+00 1.501604614257812500e+03
1.533616938800173690e+00 1.502480957031250000e+03
1.537051691182705015e+00 1.505909912109375000e+03
1.540486443565236119e+00 1.501784912109375000e+03
1.543921195947767222e+00 1.500165527343750000e+03
1.547355948330298325e+00 1.506617553710937500e+03
1.550790700712829429e+00 1.524481445312500000e+03
1.554225453095360754e+00 1.533366699218750000e+03
1.557660205477891857e+00 1.521623779296875000e+03
1.561094957860423182e+00 1.511914428710937500e+03
1.564529710242954286e+00 1.519575073242187500e+03
1.567964462625485611e+00 1.527955688476562500e+03
1.571399215008016714e+00 1.534949462890625000e+03
1.574833967390548040e+00 1.529379394531250000e+03
1.578268719773079143e+00 1.526220336914062500e+03
1.581703472155610246e+00 1.515653076171875000e+03
1.585138224538141349e+00 1.523057128906250000e+03
1.588572976920672453e+00 1.539307617187500000e+03
1.592007729303203778e+00 1.553856689453125000e+03
1.595442481685734881e+00 1.549188354492187500e+03
1.598877234068266207e+00 1.545800415039062500e+03
1.602311986450797310e+00 1.537984985351562500e+03
1.605746738833328635e+00 1.538816040039062500e+03
1.609181491215859738e+00 1.558172241210937500e+03
1.612616243598391064e+00 1.564967529296875000e+03
1.616050995980922167e+00 1.566768798828125000e+03
1.619485748363453270e+00 1.586375976562500000e+03
1.622920500745984373e+00 1.635390625000000000e+03
1.626355253128515477e+00 1.705399902343750000e+03
1.629790005511046802e+00 1.794814453125000000e+03
1.633224757893577905e+00 1.862031372070312500e+03
1.636659510276109231e+00 1.875068603515625000e+03
1.640094262658640334e+00 1.850060424804687500e+03
1.643529015041171659e+00 1.791598754882812500e+03
1.646963767423702762e+00 1.707921997070312500e+03
1.650398519806234088e+00 1.632065307617187500e+03
1.653833272188765191e+00 1.583946289062500000e+03
1.657268024571296294e+00 1.557296020507812500e+03
1.660702776953827398e+00 1.539298950195312500e+03
1.664137529336358501e+00 1.553923828125000000e+03
1.667572281718889826e+00 1.573276489257812500e+03
1.671007034101420929e+00 1.578821899414062500e+03
1.674441786483952255e+00 1.555546630859375000e+03
1.677876538866483358e+00 1.531622680664062500e+03
1.681311291249014683e+00 1.530407348632812500e+03
1.684746043631545787e+00 1.535621704101562500e+03
1.688180796014076890e+00 1.540525268554687500e+03
1.691615548396608215e+00 1.536650268554687500e+03
1.695050300779139318e+00 1.526815673828125000e+03
1.698485053161670422e+00 1.529705566406250000e+03
1.701919805544201525e+00 1.541860717773437500e+03
1.705354557926732850e+00 1.538458374023437500e+03
1.708789310309263954e+00 1.524407958984375000e+03
1.712224062691795279e+00 1.495837646484375000e+03
1.715658815074326382e+00 1.488109619140625000e+03
1.719093567456857707e+00 1.496254882812500000e+03
1.722528319839388811e+00 1.514428344726562500e+03
1.725963072221919914e+00 1.531538085937500000e+03
1.729397824604451239e+00 1.541160400390625000e+03
1.732832576986982343e+00 1.536252441406250000e+03
1.736267329369513446e+00 1.531700927734375000e+03
1.739702081752044549e+00 1.531381958007812500e+03
1.743136834134575874e+00 1.522228271484375000e+03
1.746571586517106978e+00 1.516106567382812500e+03
1.750006338899638303e+00 1.506473266601562500e+03
1.753441091282169406e+00 1.510211181640625000e+03
1.756875843664700731e+00 1.510722900390625000e+03
1.760310596047231835e+00 1.510215698242187500e+03
1.763745348429762938e+00 1.505056640625000000e+03
1.767180100812294263e+00 1.504154052734375000e+03
1.770614853194825367e+00 1.510256347656250000e+03
1.774049605577356470e+00 1.518447875976562500e+03
1.777484357959887573e+00 1.530441772460937500e+03
1.780919110342418898e+00 1.537753906250000000e+03
1.784353862724950002e+00 1.542937866210937500e+03
1.787788615107481327e+00 1.538158935546875000e+03
1.791223367490012208e+00 1.526477539062500000e+03
1.794658119872543534e+00 1.497956420898437500e+03
1.798092872255074859e+00 1.487749755859375000e+03
1.801527624637606184e+00 1.468062133789062500e+03
1.804962377020137065e+00 1.461090087890625000e+03
1.808397129402668391e+00 1.452483886718750000e+03
1.811831881785199494e+00 1.444117553710937500e+03
1.815266634167730819e+00 1.440542968750000000e+03
1.818701386550261700e+00 1.432988769531250000e+03
1.822136138932793026e+00 1.411865966796875000e+03
1.825570891315324351e+00 1.386218017578125000e+03
1.829005643697855676e+00 1.373838867187500000e+03
1.832440396080386558e+00 1.375849121093750000e+03
1.835875148462917883e+00 1.384158325195312500e+03
1.839309900845449208e+00 1.396410888671875000e+03
1.842744653227980089e+00 1.395181518554687500e+03
1.846179405610511415e+00 1.386994628906250000e+03
1.849614157993042740e+00 1.378442626953125000e+03
1.853048910375573843e+00 1.374599609375000000e+03
1.856483662758104725e+00 1.371854736328125000e+03
1.859918415140636050e+00 1.346931884765625000e+03
1.863353167523167375e+00 1.343062500000000000e+03
1.866787919905698701e+00 1.340219238281250000e+03
1.870222672288229582e+00 1.345316040039062500e+03
1.873657424670760907e+00 1.343041992187500000e+03
1.877092177053292232e+00 1.349255615234375000e+03
1.880526929435823114e+00 1.351865478515625000e+03
1.883961681818354439e+00 1.353474975585937500e+03
1.887396434200885764e+00 1.351664550781250000e+03
1.890831186583416867e+00 1.346950073242187500e+03
1.894265938965947749e+00 1.331002075195312500e+03
1.897700691348479074e+00 1.311891357421875000e+03
1.901135443731010399e+00 1.286676757812500000e+03
1.904570196113541725e+00 1.276539184570312500e+03
1.908004948496072606e+00 1.275853271484375000e+03
1.911439700878603931e+00 1.267986816406250000e+03
1.914874453261135256e+00 1.263849731445312500e+03
1.918309205643666138e+00 1.268421508789062500e+03
1.921743958026197463e+00 1.274385253906250000e+03
1.925178710408728788e+00 1.270041870117187500e+03
1.928613462791259892e+00 1.261025024414062500e+03
1.932048215173790773e+00 1.251734130859375000e+03
1.935482967556322098e+00 1.238937011718750000e+03
1.938917719938853423e+00 1.233171630859375000e+03
1.942352472321384749e+00 1.237979614257812500e+03
1.945787224703915630e+00 1.241604248046875000e+03
1.949221977086446955e+00 1.230579711914062500e+03
1.952656729468978281e+00 1.217037963867187500e+03
1.956091481851509162e+00 1.210925415039062500e+03
1.959526234234040487e+00 1.218026123046875000e+03
1.962960986616571812e+00 1.224048828125000000e+03
1.966395738999102916e+00 1.227812988281250000e+03
1.969830491381633797e+00 1.226549316406250000e+03
1.973265243764165122e+00 1.216212768554687500e+03
1.976699996146696447e+00 1.201327270507812500e+03
1.980134748529227329e+00 1.193205688476562500e+03
1.983569500911758654e+00 1.190680786132812500e+03
1.987004253294289979e+00 1.201712280273437500e+03
1.990439005676821305e+00 1.247054077148437500e+03
1.993873758059352186e+00 1.301259155273437500e+03
1.997308510441883511e+00 1.382232421875000000e+03
2.000743262824414614e+00 1.460394531250000000e+03
2.004178015206945940e+00 1.547297241210937500e+03
2.007612767589476821e+00 1.577902343750000000e+03
2.011047519972008146e+00 1.559091674804687500e+03
2.014482272354539472e+00 1.488179077148437500e+03
2.017917024737070353e+00 1.407403564453125000e+03
2.021351777119601678e+00 1.319221313476562500e+03
2.024786529502133003e+00 1.244070312500000000e+03
2.028221281884664329e+00 1.194464355468750000e+03
2.031656034267195210e+00 1.175399414062500000e+03
2.035090786649726535e+00 1.157428833007812500e+03
2.038525539032257861e+00 1.146419433593750000e+03
2.041960291414789186e+00 1.133671386718750000e+03
2.045395043797320067e+00 1.119399414062500000e+03
2.048829796179851392e+00 1.110852416992187500e+03
2.052264548562382718e+00 1.101489379882812500e+03
2.055699300944913599e+00 1.098692382812500000e+03
2.059134053327444924e+00 1.096152709960937500e+03
2.062568805709975805e+00 1.095112304687500000e+03
2.066003558092507131e+00 1.095217285156250000e+03
2.069438310475038012e+00 1.088262939453125000e+03
2.072873062857569337e+00 1.093727905273437500e+03
2.076307815240100663e+00 1.093318603515625000e+03
2.079742567622631988e+00 1.090797485351562500e+03
2.083177320005162869e+00 1.079259033203125000e+03
2.086612072387694194e+00 1.077933715820312500e+03
2.090046824770225520e+00 1.080312377929687500e+03
2.093481577152756401e+00 1.070141601562500000e+03
2.096916329535287726e+00 1.063831542968750000e+03
2.100351081917819052e+00 1.057470703125000000e+03
2.103785834300350377e+00 1.060752319335937500e+03
2.107220586682881258e+00 1.070433593750000000e+03
2.110655339065412583e+00 1.075415039062500000e+03
2.114090091447943909e+00 1.069769287109375000e+03
2.117524843830475234e+00 1.050232788085937500e+03
2.120959596213006115e+00 1.039102416992187500e+03
2.124394348595537441e+00 1.026925659179687500e+03
2.127829100978068766e+00 1.031416015625000000e+03
2.131263853360599647e+00 1.027670532226562500e+03
2.134698605743130972e+00 1.027535888671875000e+03
2.138133358125661854e+00 1.023594238281250000e+03
2.141568110508193179e+00 1.025995239257812500e+03
2.145002862890724060e+00 1.021901489257812500e+03
2.148437615273255386e+00 1.017487304687500000e+03
2.151872367655786711e+00 1.006884277343750000e+03
2.155307120038318036e+00 1.000799011230468750e+03
2.158741872420848917e+00 1.000074157714843750e+03
2.162176624803380243e+00 9.954331665039062500e+02
2.165611377185911568e+00 9.852831420898437500e+02
2.169046129568442449e+00 9.743768920898437500e+02
2.172480881950973775e+00 9.735043334960937500e+02
2.175915634333505100e+00 9.787536621093750000e+02
2.179350386716036425e+00 9.786163330078125000e+02
2.182785139098567306e+00 9.717162475585937500e+02
2.186219891481098632e+00 9.739672851562500000e+02
2.189654643863629957e+00 9.800212402343750000e+02
2.193089396246161282e+00 9.858889770507812500e+02
2.196524148628692163e+00 9.832369995117187500e+02
2.199958901011223489e+00 9.791575317382812500e+02
2.203393653393754814e+00 9.677935180664062500e+02
2.206828405776285695e+00 9.585559692382812500e+02
2.210263158158817021e+00 9.505431518554687500e+02
2.213697910541347902e+00 9.479979858398437500e+02
2.217132662923879227e+00 9.401322631835937500e+02
2.220567415306410108e+00 9.368063964843750000e+02
2.224002167688941434e+00 9.371250000000000000e+02
2.227436920071472759e+00 9.378015136718750000e+02
2.230871672454004084e+00 9.340833129882812500e+02
2.234306424836534966e+00 9.315020141601562500e+02
2.237741177219066291e+00 9.322235717773437500e+02
2.241175929601597616e+00 9.347847900390625000e+02
2.244610681984128497e+00 9.398105468750000000e+02
2.248045434366659823e+00 9.393135375976562500e+02
2.251480186749191148e+00 9.300140380859375000e+02
2.254914939131722473e+00 9.274324951171875000e+02
2.258349691514253355e+00 9.181968994140625000e+02
2.261784443896784680e+00 9.169630126953125000e+02
2.265219196279316005e+00 9.129781494140625000e+02
2.268653948661847330e+00 9.258611450195312500e+02
2.272088701044378212e+00 9.260563354492187500e+02
2.275523453426909537e+00 9.213969726562500000e+02
2.278958205809440862e+00 9.027036743164062500e+02
2.282392958191971744e+00 8.942348632812500000e+02
2.285827710574503069e+00 8.953270874023437500e+02
2.289262462957033950e+00 8.968497314453125000e+02
2.292697215339565275e+00 8.907955322265625000e+02
2.296131967722096157e+00 8.904384155273437500e+02
2.299566720104627482e+00 8.958603515625000000e+02
2.303001472487158807e+00 8.992765502929687500e+02
2.306436224869690133e+00 9.079030151367187500e+02
2.309870977252221014e+00 9.445504150390625000e+02
2.313305729634752339e+00 1.007915466308593750e+03
2.316740482017283664e+00 1.084740722656250000e+03
2.320175234399814546e+00 1.158802124023437500e+03
2.323609986782345871e+00 1.210345581054687500e+03
2.327044739164877196e+00 1.227375610351562500e+03
2.330479491547408522e+00 1.212169311523437500e+03
2.333914243929939403e+00 1.157458618164062500e+03
2.337348996312470728e+00 1.071804687500000000e+03
2.340783748695002053e+00 9.981112670898437500e+02
2.344218501077533379e+00 9.364072265625000000e+02
2.347653253460064260e+00 8.993272705078125000e+02
2.351088005842595585e+00 8.832138061523437500e+02
2.354522758225126911e+00 8.725715942382812500e+02
2.357957510607657792e+00 8.696511230468750000e+02
2.361392262990189117e+00 8.845693969726562500e+02
2.364827015372720442e+00 8.939389648437500000e+02
2.368261767755251324e+00 8.816511840820312500e+02
2.371696520137782205e+00 8.674377441406250000e+02
2.375131272520313530e+00 8.587717895507812500e+02
2.378566024902844855e+00 8.537470092773437500e+02
2.382000777285376181e+00 8.521837158203125000e+02
2.385435529667907062e+00 8.526088256835937500e+02
2.388870282050438387e+00 8.613131713867187500e+02
2.392305034432969713e+00 8.571574096679687500e+02
2.395739786815500594e+00 8.474660034179687500e+02
2.399174539198031919e+00 8.457862548828125000e+02
2.402609291580563244e+00 8.419461669921875000e+02
2.406044043963094570e+00 8.371210937500000000e+02
2.409478796345625451e+00 8.361348876953125000e+02
2.412913548728156776e+00 8.428462524414062500e+02
2.416348301110688102e+00 8.399744873046875000e+02
2.419783053493219427e+00 8.351788330078125000e+02
2.423217805875750308e+00 8.278155517578125000e+02
2.426652558258281633e+00 8.168731079101562500e+02
2.430087310640812959e+00 8.138773803710937500e+02
2.433522063023343840e+00 8.192504882812500000e+02
2.436956815405875165e+00 8.235756225585937500e+02
2.440391567788406491e+00 8.198399658203125000e+02
2.443826320170937372e+00 8.168593750000000000e+02
2.447261072553468253e+00 8.112380981445312500e+02
2.450695824935999578e+00 8.099914550781250000e+02
2.454130577318530904e+00 8.085423583984375000e+02
2.457565329701061785e+00 8.033088378906250000e+02
2.461000082083593110e+00 7.997889404296875000e+02
2.464434834466124435e+00 8.037187500000000000e+02
2.467869586848655761e+00 8.121476440429687500e+02
2.471304339231186642e+00 8.142430419921875000e+02
2.474739091613717967e+00 8.143382568359375000e+02
2.478173843996249293e+00 8.057749023437500000e+02
2.481608596378780618e+00 8.010890502929687500e+02
2.485043348761311499e+00 8.013524780273437500e+02
2.488478101143842824e+00 8.066367797851562500e+02
2.491912853526374150e+00 8.132846069335937500e+02
2.495347605908905031e+00 8.145234375000000000e+02
2.498782358291436356e+00 8.247924194335937500e+02
2.502217110673967682e+00 8.338677368164062500e+02
2.505651863056499007e+00 8.526683349609375000e+02
2.509086615439029888e+00 8.818862915039062500e+02
2.512521367821561213e+00 9.186512451171875000e+02
2.515956120204092539e+00 9.401502075195312500e+02
2.519390872586623420e+00 9.334677124023437500e+02
2.522825624969154301e+00 9.173572387695312500e+02
2.526260377351685626e+00 8.814536743164062500e+02
2.529695129734216952e+00 8.374768676757812500e+02
2.533129882116747833e+00 7.988984375000000000e+02
2.536564634499279158e+00 7.780072021484375000e+02
2.539999386881810484e+00 7.685870971679687500e+02
2.543434139264341809e+00 7.668027343750000000e+02
2.546868891646872690e+00 7.631347656250000000e+02
2.550303644029404015e+00 7.635239257812500000e+02
2.553738396411935341e+00 7.637352905273437500e+02
2.557173148794466666e+00 7.706447143554687500e+02
2.560607901176997547e+00 7.659100341796875000e+02
2.564042653559528873e+00 7.651414794921875000e+02
2.567477405942060198e+00 7.672945556640625000e+02
2.570912158324591079e+00 7.615516967773437500e+02
2.574346910707122404e+00 7.541515502929687500e+02
2.577781663089653730e+00 7.497613525390625000e+02
2.581216415472185055e+00 7.508105468750000000e+02
2.584651167854715936e+00 7.498349609375000000e+02
2.588085920237247262e+00 7.505133666992187500e+02
2.591520672619778587e+00 7.431613159179687500e+02
2.594955425002309468e+00 7.379175415039062500e+02
2.598390177384840349e+00 7.355609741210937500e+02
2.601824929767371675e+00 7.366960449218750000e+02
2.605259682149903000e+00 7.269892578125000000e+02
2.608694434532433881e+00 7.227014770507812500e+02
2.612129186914965207e+00 7.246798095703125000e+02
2.615563939297496532e+00 7.318037719726562500e+02
2.618998691680027857e+00 7.305834350585937500e+02
2.622433444062558738e+00 7.309365234375000000e+02
2.625868196445090064e+00 7.285123901367187500e+02
2.629302948827621389e+00 7.336707763671875000e+02
2.632737701210152714e+00 7.331024169921875000e+02
2.636172453592683596e+00 7.245625000000000000e+02
2.639607205975214921e+00 7.202377319335937500e+02
2.643041958357746246e+00 7.163580322265625000e+02
2.646476710740277127e+00 7.152932739257812500e+02
2.649911463122808453e+00 7.079072875976562500e+02
2.653346215505339778e+00 7.076119384765625000e+02
2.656780967887871103e+00 7.014215698242187500e+02
2.660215720270401984e+00 6.973965454101562500e+02
2.663650472652933310e+00 6.940470581054687500e+02
2.667085225035464635e+00 6.911993408203125000e+02
2.670519977417995516e+00 6.955115356445312500e+02
2.673954729800526398e+00 7.014664306640625000e+02
2.677389482183057723e+00 7.085408325195312500e+02
2.680824234565589048e+00 7.153823242187500000e+02
2.684258986948119929e+00 7.203887329101562500e+02
2.687693739330651255e+00 7.215844726562500000e+02
2.691128491713182580e+00 7.142983398437500000e+02
2.694563244095713905e+00 7.008648071289062500e+02
2.697997996478244787e+00 6.969100341796875000e+02
2.701432748860776112e+00 7.020266113281250000e+02
2.704867501243307437e+00 6.999567260742187500e+02
2.708302253625838762e+00 6.988843383789062500e+02
2.711737006008369644e+00 6.959323730468750000e+02
2.715171758390900969e+00 6.974921264648437500e+02
2.718606510773432294e+00 6.872612304687500000e+02
2.722041263155963176e+00 6.862066040039062500e+02
2.725476015538494501e+00 6.852006225585937500e+02
2.728910767921025826e+00 6.789854125976562500e+02
2.732345520303557151e+00 6.788436889648437500e+02
2.735780272686088033e+00 6.818499145507812500e+02
2.739215025068619358e+00 6.847927856445312500e+02
2.742649777451150683e+00 6.851785888671875000e+02
2.746084529833681565e+00 6.903629760742187500e+02
2.749519282216212890e+00 7.048857421875000000e+02
2.752954034598743771e+00 7.291153564453125000e+02
2.756388786981275096e+00 7.640200805664062500e+02
2.759823539363805978e+00 8.347924194335937500e+02
2.763258291746337303e+00 9.170156860351562500e+02
2.766693044128868628e+00 1.005016235351562500e+03
2.770127796511399954e+00 1.086897094726562500e+03
2.773562548893930835e+00 1.138070678710937500e+03
2.776997301276462160e+00 1.132373046875000000e+03
2.780432053658993485e+00 1.059210815429687500e+03
2.783866806041524811e+00 9.551474609375000000e+02
2.787301558424055692e+00 8.547057495117187500e+02
2.790736310806587017e+00 7.772807006835937500e+02
2.794171063189118343e+00 7.280605468750000000e+02
2.797605815571649224e+00 6.953518676757812500e+02
2.801040567954180549e+00 6.833300781250000000e+02
2.804475320336711874e+00 6.807089843750000000e+02
2.807910072719243200e+00 6.852678222656250000e+02
2.811344825101774081e+00 6.871086425781250000e+02
2.814779577484305406e+00 7.019346923828125000e+02
2.818214329866836731e+00 7.657625732421875000e+02
2.821649082249367613e+00 7.912150878906250000e+02
2.825083834631898938e+00 7.986757812500000000e+02
2.828518587014429819e+00 7.716880493164062500e+02
2.831953339396961145e+00 7.602775878906250000e+02
2.835388091779492026e+00 7.602086791992187500e+02
2.838822844162023351e+00 7.844499511718750000e+02
2.842257596544554676e+00 8.080720214843750000e+02
2.845692348927086002e+00 8.093405151367187500e+02
2.849127101309616883e+00 7.896134033203125000e+02
2.852561853692148208e+00 7.524581909179687500e+02
2.855996606074679534e+00 7.165365600585937500e+02
2.859431358457210415e+00 6.919051513671875000e+02
2.862866110839741740e+00 6.791296997070312500e+02
2.866300863222273065e+00 6.700880126953125000e+02
2.869735615604804391e+00 6.564359130859375000e+02
2.873170367987335272e+00 6.527841796875000000e+02
2.876605120369866597e+00 6.545475463867187500e+02
2.880039872752397923e+00 6.493411254882812500e+02
2.883474625134929248e+00 6.547527465820312500e+02
2.886909377517460129e+00 6.646115112304687500e+02
2.890344129899991454e+00 6.665249023437500000e+02
2.893778882282522780e+00 6.648357543945312500e+02
2.897213634665053661e+00 6.654761962890625000e+02
2.900648387047584986e+00 6.649407958984375000e+02
2.904083139430115867e+00 6.608494262695312500e+02
2.907517891812647193e+00 6.518896484375000000e+02
2.910952644195178074e+00 6.397064208984375000e+02
2.914387396577709399e+00 6.306650390625000000e+02
2.917822148960240725e+00 6.306154785156250000e+02
2.921256901342772050e+00 6.355049438476562500e+02
2.924691653725302931e+00 6.436830444335937500e+02
2.928126406107834256e+00 6.548733520507812500e+02
2.931561158490365582e+00 6.663676147460937500e+02
2.934995910872896463e+00 6.790289916992187500e+02
2.938430663255427788e+00 6.919121093750000000e+02
2.941865415637959114e+00 7.118869628906250000e+02
2.945300168020490439e+00 7.213195190429687500e+02
2.948734920403021320e+00 7.228386840820312500e+02
2.952169672785552645e+00 7.115696411132812500e+02
2.955604425168083971e+00 6.971536254882812500e+02
2.959039177550615296e+00 6.792454833984375000e+02
2.962473929933146177e+00 6.686649780273437500e+02
2.965908682315677503e+00 6.575214843750000000e+02
2.969343434698208828e+00 6.650831298828125000e+02
2.972778187080739709e+00 7.000601196289062500e+02
2.976212939463271034e+00 7.486193237304687500e+02
2.979647691845801916e+00 8.134102783203125000e+02
2.983082444228333241e+00 8.768275756835937500e+02
2.986517196610864122e+00 9.165222167968750000e+02
2.989951948993395447e+00 9.107825927734375000e+02
2.993386701375926773e+00 8.647221679687500000e+02
2.996821453758458098e+00 7.996103515625000000e+02
3.000256206140988979e+00 7.391796875000000000e+02
3.003690958523520305e+00 7.008723144531250000e+02
3.007125710906051630e+00 6.674399414062500000e+02
3.010560463288582511e+00 6.480405883789062500e+02
3.013995215671113836e+00 6.424778442382812500e+02
3.017429968053645162e+00 6.404573974609375000e+02
3.020864720436176487e+00 6.317713623046875000e+02
3.024299472818707368e+00 6.227937011718750000e+02
3.027734225201238694e+00 6.175051269531250000e+02
3.031168977583770019e+00 6.159907836914062500e+02
3.034603729966301344e+00 6.215431518554687500e+02
3.038038482348832225e+00 6.281506958007812500e+02
3.041473234731363551e+00 6.359476928710937500e+02
3.044907987113894876e+00 6.508787231445312500e+02
3.048342739496425757e+00 6.617815551757812500e+02
3.051777491878957083e+00 6.645808105468750000e+02
3.055212244261487964e+00 6.671090087890625000e+02
3.058646996644019289e+00 6.699718627929687500e+02
3.062081749026550170e+00 6.735576782226562500e+02
3.065516501409081496e+00 6.756018676757812500e+02
3.068951253791612821e+00 6.819402465820312500e+02
3.072386006174144146e+00 6.906234741210937500e+02
3.075820758556675028e+00 7.037324829101562500e+02
3.079255510939206353e+00 7.234082641601562500e+02
3.082690263321737678e+00 7.237375488281250000e+02
3.086125015704268559e+00 7.158516235351562500e+02
3.089559768086799885e+00 7.026769409179687500e+02
3.092994520469331210e+00 6.846459350585937500e+02
3.096429272851862535e+00 6.666465454101562500e+02
3.099864025234393416e+00 6.482098999023437500e+02
3.103298777616924742e+00 6.263916015625000000e+02
3.106733529999456067e+00 6.116724243164062500e+02
3.110168282381987392e+00 6.061560668945312500e+02
3.113603034764518274e+00 6.001286010742187500e+02
3.117037787147049599e+00 5.898316650390625000e+02
3.120472539529580924e+00 5.831422119140625000e+02
3.123907291912111805e+00 5.905413818359375000e+02
3.127342044294643131e+00 5.929829711914062500e+02
3.130776796677174012e+00 5.891160888671875000e+02
3.134211549059705337e+00 5.846154174804687500e+02
3.137646301442236219e+00 5.970454101562500000e+02
3.141081053824767544e+00 6.059687500000000000e+02
3.144515806207298869e+00 6.025111083984375000e+02
3.147950558589830194e+00 5.942490234375000000e+02
3.151385310972361076e+00 5.851443481445312500e+02
3.154820063354892401e+00 5.775883178710937500e+02
3.158254815737423726e+00 5.750034790039062500e+02
3.161689568119954608e+00 5.768837280273437500e+02
3.165124320502485933e+00 5.802939453125000000e+02
3.168559072885017258e+00 5.802687377929687500e+02
3.171993825267548583e+00 5.730919799804687500e+02
3.175428577650079465e+00 5.705791625976562500e+02
3.178863330032610790e+00 5.667871704101562500e+02
3.182298082415142115e+00 5.591007690429687500e+02
3.185732834797673441e+00 5.624962158203125000e+02
3.189167587180204322e+00 5.742138061523437500e+02
3.192602339562735647e+00 5.812637939453125000e+02
3.196037091945266972e+00 5.759197998046875000e+02
3.199471844327797854e+00 5.786130981445312500e+02
3.202906596710329179e+00 5.780316162109375000e+02
3.206341349092860060e+00 5.786043701171875000e+02
3.209776101475391386e+00 5.777960205078125000e+02
3.213210853857922267e+00 5.725583496093750000e+02
3.216645606240453592e+00 5.665295410156250000e+02
3.220080358622984917e+00 5.617017822265625000e+02
3.223515111005516243e+00 5.643610839843750000e+02
3.226949863388047124e+00 5.665496215820312500e+02
3.230384615770578449e+00 5.643868408203125000e+02
3.233819368153109775e+00 5.670026245117187500e+02
3.237254120535640656e+00 5.693613891601562500e+02
3.240688872918171981e+00 5.696705322265625000e+02
3.244123625300703306e+00 5.654471435546875000e+02
3.247558377683234632e+00 5.689330444335937500e+02
3.250993130065765513e+00 5.759541625976562500e+02
3.254427882448296838e+00 5.876865234375000000e+02
3.257862634830828164e+00 6.028773803710937500e+02
3.261297387213359489e+00 6.168547973632812500e+02
3.264732139595890370e+00 6.350734863281250000e+02
3.268166891978421695e+00 6.469666137695312500e+02
3.271601644360953021e+00 6.607119140625000000e+02
3.275036396743483902e+00 6.598177490234375000e+02
3.278471149126015227e+00 6.405098266601562500e+02
3.281905901508546108e+00 6.184026489257812500e+02
3.285340653891077434e+00 5.989481811523437500e+02
3.288775406273608315e+00 5.865067138671875000e+02
3.292210158656139640e+00 5.769509887695312500e+02
3.295644911038670966e+00 5.724174804687500000e+02
3.299079663421202291e+00 5.690311279296875000e+02
3.302514415803733172e+00 5.701200561523437500e+02
3.305949168186264497e+00 5.683338623046875000e+02
3.309383920568795823e+00 5.676326904296875000e+02
3.312818672951326704e+00 5.631229248046875000e+02
3.316253425333858029e+00 5.593970336914062500e+02
3.319688177716389355e+00 5.539375610351562500e+02
3.323122930098920680e+00 5.575644531250000000e+02
3.326557682481451561e+00 5.610989379882812500e+02
3.329992434863982886e+00 5.683954467773437500e+02
3.333427187246514212e+00 5.707424926757812500e+02
3.336861939629045093e+00 5.694120483398437500e+02
3.340296692011576418e+00 5.692900390625000000e+02
3.343731444394107744e+00 5.704886474609375000e+02
3.347166196776639069e+00 5.709728393554687500e+02
3.350600949159169950e+00 5.672858886718750000e+02
3.354035701541701275e+00 5.664891357421875000e+02
3.357470453924232601e+00 5.682764282226562500e+02
3.360905206306763482e+00 5.764955444335937500e+02
3.364339958689294363e+00 5.843923339843750000e+02
3.367774711071825688e+00 5.967192993164062500e+02
3.371209463454357014e+00 5.982283325195312500e+02
3.374644215836887895e+00 5.936630249023437500e+02
3.378078968219419220e+00 5.848301391601562500e+02
3.381513720601950546e+00 5.865252685546875000e+02
3.384948472984481871e+00 5.826562500000000000e+02
3.388383225367012752e+00 5.734016113281250000e+02
3.391817977749544077e+00 5.699531860351562500e+02
3.395252730132075403e+00 5.695137939453125000e+02
3.398687482514606728e+00 5.617565307617187500e+02
3.402122234897137609e+00 5.579765014648437500e+02
3.405556987279668935e+00 5.581435546875000000e+02
3.408991739662200260e+00 5.654895019531250000e+02
3.412426492044731141e+00 5.686519165039062500e+02
3.415861244427262466e+00 5.778234252929687500e+02
3.419295996809793792e+00 5.872738037109375000e+02
3.422730749192325117e+00 5.963004150390625000e+02
3.426165501574855998e+00 5.969404296875000000e+02
3.429600253957387324e+00 6.015138549804687500e+02
3.433035006339918649e+00 5.992568969726562500e+02
3.436469758722449530e+00 5.877606811523437500e+02
3.439904511104980411e+00 5.732318115234375000e+02
3.443339263487511737e+00 5.762852783203125000e+02
3.446774015870043062e+00 5.788182373046875000e+02
3.450208768252573943e+00 5.679883422851562500e+02
3.453643520635105268e+00 5.576128540039062500e+02
3.457078273017636594e+00 5.556304321289062500e+02
3.460513025400167919e+00 5.633092041015625000e+02
3.463947777782698800e+00 5.670200805664062500e+02
3.467382530165230126e+00 5.733650512695312500e+02
3.470817282547761451e+00 5.749062500000000000e+02
3.474252034930292776e+00 5.681640625000000000e+02
3.477686787312823657e+00 5.566582031250000000e+02
3.481121539695354983e+00 5.585467529296875000e+02
3.484556292077886308e+00 5.590341186523437500e+02
3.487991044460417189e+00 5.554293823242187500e+02
3.491425796842948515e+00 5.467714233398437500e+02
3.494860549225479840e+00 5.465794067382812500e+02
3.498295301608011165e+00 5.405764770507812500e+02
3.501730053990542046e+00 5.295621337890625000e+02
3.505164806373073372e+00 5.172251586914062500e+02
3.508599558755604697e+00 5.200083007812500000e+02
3.512034311138135578e+00 5.277912597656250000e+02
3.515469063520666460e+00 5.344230957031250000e+02
3.518903815903197785e+00 5.333655395507812500e+02
3.522338568285729110e+00 5.346782226562500000e+02
3.525773320668259991e+00 5.319828491210937500e+02
3.529208073050791317e+00 5.323683471679687500e+02
3.532642825433322642e+00 5.298361206054687500e+02
3.536077577815853967e+00 5.236906127929687500e+02
3.539512330198384849e+00 5.222770385742187500e+02
3.542947082580916174e+00 5.173381958007812500e+02
3.546381834963447499e+00 5.211782226562500000e+02
3.549816587345978824e+00 5.275578613281250000e+02
3.553251339728509706e+00 5.279248657226562500e+02
3.556686092111041031e+00 5.288756713867187500e+02
3.560120844493572356e+00 5.257368774414062500e+02
3.563555596876103237e+00 5.315710449218750000e+02
3.566990349258634563e+00 5.381033935546875000e+02
3.570425101641165888e+00 5.459529418945312500e+02
3.573859854023697213e+00 5.503441772460937500e+02
3.577294606406228095e+00 5.485243530273437500e+02
3.580729358788759420e+00 5.375351562500000000e+02
3.584164111171290301e+00 5.349888305664062500e+02
3.587598863553821626e+00 5.320515747070312500e+02
3.591033615936352508e+00 5.262204589843750000e+02
3.594468368318883833e+00 5.205302124023437500e+02
3.597903120701415158e+00 5.149068603515625000e+02
3.601337873083946484e+00 5.191313476562500000e+02
3.604772625466477809e+00 5.231807250976562500e+02
3.608207377849008246e+00 5.241039428710937500e+02
3.611642130231539571e+00 5.218829956054687500e+02
3.615076882614070897e+00 5.256479492187500000e+02
3.618511634996602222e+00 5.263075561523437500e+02
3.621946387379133547e+00 5.241011962890625000e+02
3.625381139761664873e+00 5.295079345703125000e+02
3.628815892144196198e+00 5.301548461914062500e+02
3.632250644526726635e+00 5.232629394531250000e+02
3.635685396909257960e+00 5.215861206054687500e+02
3.639120149291789286e+00 5.238982543945312500e+02
3.642554901674320611e+00 5.297973632812500000e+02
3.645989654056851936e+00 5.273441772460937500e+02
3.649424406439383262e+00 5.240979614257812500e+02
3.652859158821914587e+00 5.195997924804687500e+02
3.656293911204445912e+00 5.171159667968750000e+02
3.659728663586976349e+00 5.204039306640625000e+02
3.663163415969507675e+00 5.146779174804687500e+02
3.666598168352038556e+00 5.148323364257812500e+02
3.670032920734569881e+00 5.176858520507812500e+02
3.673467673117101207e+00 5.210841064453125000e+02
3.676902425499632532e+00 5.205662231445312500e+02
3.680337177882163857e+00 5.225524291992187500e+02
3.683771930264694294e+00 5.279558105468750000e+02
3.687206682647225620e+00 5.293575439453125000e+02
3.690641435029756945e+00 5.277326660156250000e+02
3.694076187412288270e+00 5.264844970703125000e+02
3.697510939794819596e+00 5.296714477539062500e+02
3.700945692177350921e+00 5.279979248046875000e+02
3.704380444559882246e+00 5.175111083984375000e+02
3.707815196942412683e+00 5.146292114257812500e+02
3.711249949324944009e+00 5.254519653320312500e+02
3.714684701707475334e+00 5.324002685546875000e+02
3.718119454090006659e+00 5.304290771484375000e+02
3.721554206472537984e+00 5.230935668945312500e+02
3.724988958855069310e+00 5.238781127929687500e+02
3.728423711237600635e+00 5.233801269531250000e+02
3.731858463620131960e+00 5.248987426757812500e+02
3.735293216002662398e+00 5.363035888671875000e+02
3.738727968385193723e+00 5.348956298828125000e+02
3.742162720767725048e+00 5.240282592773437500e+02
3.745597473150255929e+00 5.122763061523437500e+02
3.749032225532787255e+00 5.119546203613281250e+02
3.752466977915318580e+00 5.094223937988281250e+02
3.755901730297849905e+00 5.110660400390625000e+02
3.759336482680380342e+00 5.075085449218750000e+02
3.762771235062911668e+00 5.087693786621093750e+02
3.766205987445442993e+00 5.203208618164062500e+02
3.769640739827974318e+00 5.342478637695312500e+02
3.773075492210505644e+00 5.566920166015625000e+02
3.776510244593036969e+00 5.701553344726562500e+02
3.779944996975568294e+00 5.782487792968750000e+02
3.783379749358098731e+00 5.772156372070312500e+02
3.786814501740630057e+00 5.696496582031250000e+02
3.790249254123161382e+00 5.566381225585937500e+02
3.793684006505692707e+00 5.449042358398437500e+02
3.797118758888224033e+00 5.313066406250000000e+02
3.800553511270755358e+00 5.195571289062500000e+02
3.803988263653286683e+00 5.103978576660156250e+02
3.807423016035818009e+00 5.014132690429687500e+02
3.810857768418348446e+00 4.964863586425781250e+02
3.814292520800879771e+00 4.957648010253906250e+02
3.817727273183411096e+00 5.018613891601562500e+02
3.821162025565941978e+00 5.086814880371093750e+02
3.824596777948473303e+00 5.119115600585937500e+02
3.828031530331004628e+00 5.137642211914062500e+02
3.831466282713535954e+00 5.215760498046875000e+02
3.834901035096066391e+00 5.229603881835937500e+02
3.838335787478597716e+00 5.203549804687500000e+02
3.841770539861129041e+00 5.253978271484375000e+02
3.845205292243660367e+00 5.451388549804687500e+02
3.848640044626191692e+00 5.711285400390625000e+02
3.852074797008723017e+00 5.840386962890625000e+02
3.855509549391254343e+00 5.867611694335937500e+02
3.858944301773784780e+00 5.778859252929687500e+02
3.862379054156316105e+00 5.684470214843750000e+02
3.865813806538847430e+00 5.642845458984375000e+02
3.869248558921378756e+00 5.586779174804687500e+02
3.872683311303910081e+00 5.492617797851562500e+02
3.876118063686441406e+00 5.415292358398437500e+02
3.879552816068972732e+00 5.415552978515625000e+02
3.882987568451504057e+00 5.355404052734375000e+02
3.886422320834034494e+00 5.207832031250000000e+02
3.889857073216565819e+00 5.113252563476562500e+02
3.893291825599097145e+00 5.149171752929687500e+02
3.896726577981628026e+00 5.110682067871093750e+02
3.900161330364159351e+00 5.049101867675781250e+02
3.903596082746690676e+00 5.072373657226562500e+02
3.907030835129222002e+00 5.076538696289062500e+02
3.910465587511752439e+00 5.041831054687500000e+02
3.913900339894283764e+00 5.016957092285156250e+02
3.917335092276815089e+00 4.973846740722656250e+02
3.920769844659346415e+00 4.958644714355468750e+02
3.924204597041877740e+00 4.965466613769531250e+02
3.927639349424409065e+00 4.950305175781250000e+02
3.931074101806940391e+00 4.907772216796875000e+02
3.934508854189470828e+00 4.833427429199218750e+02
3.937943606572002153e+00 4.788514099121093750e+02
3.941378358954533478e+00 4.832695922851562500e+02
3.944813111337064804e+00 4.835202636718750000e+02
3.948247863719596129e+00 4.796666870117187500e+02
3.951682616102127454e+00 4.770205078125000000e+02
3.955117368484658780e+00 4.771728820800781250e+02
3.958552120867189217e+00 4.726307067871093750e+02
3.961986873249720542e+00 4.679610595703125000e+02
3.965421625632251867e+00 4.730107116699218750e+02
3.968856378014783193e+00 4.793915100097656250e+02
3.972291130397314074e+00 4.792470703125000000e+02
3.975725882779845399e+00 4.824585266113281250e+02
3.979160635162376725e+00 4.792218017578125000e+02
3.982595387544908050e+00 4.812134399414062500e+02
3.986030139927438487e+00 4.803298034667968750e+02
3.989464892309969812e+00 4.887922668457031250e+02
3.992899644692501138e+00 4.988741455078125000e+02
3.996334397075032463e+00 5.103015441894531250e+02
3.999769149457563788e+00 5.263339843750000000e+02
4.003203901840095114e+00 5.544589233398437500e+02
4.006638654222625995e+00 5.951540527343750000e+02
4.010073406605156876e+00 6.372706298828125000e+02
4.013508158987687757e+00 6.753624877929687500e+02
4.016942911370219527e+00 6.947482910156250000e+02
4.020377663752750408e+00 6.990315551757812500e+02
4.023812416135282177e+00 6.900766601562500000e+02
4.027247168517813058e+00 6.661840820312500000e+02
4.030681920900344828e+00 6.262332763671875000e+02
4.034116673282874821e+00 5.774196166992187500e+02
4.037551425665406590e+00 5.435689697265625000e+02
4.040986178047937472e+00 5.146146850585937500e+02
4.044420930430469241e+00 4.969795837402343750e+02
4.047855682813000122e+00 4.873839111328125000e+02
4.051290435195531892e+00 4.867736511230468750e+02
4.054725187578062773e+00 4.796148681640625000e+02
4.058159939960594542e+00 4.783105773925781250e+02
4.061594692343124535e+00 4.820476379394531250e+02
4.065029444725656305e+00 4.813792419433593750e+02
4.068464197108187186e+00 4.786273193359375000e+02
4.071898949490718955e+00 4.808229980468750000e+02
4.075333701873249836e+00 4.838682556152343750e+02
4.078768454255781606e+00 4.811651306152343750e+02
4.082203206638312487e+00 4.775921630859375000e+02
4.085637959020843368e+00 4.785904846191406250e+02
4.089072711403374250e+00 4.794652709960937500e+02
4.092507463785905131e+00 4.801829528808593750e+02
4.095942216168436900e+00 4.818706970214843750e+02
4.099376968550967781e+00 4.793864135742187500e+02
4.102811720933499551e+00 4.772834472656250000e+02
4.106246473316030432e+00 4.705497131347656250e+02
4.109681225698561313e+00 4.641579895019531250e+02
4.113115978081092194e+00 4.630070800781250000e+02
4.116550730463623964e+00 4.685518493652343750e+02
4.119985482846154845e+00 4.704701538085937500e+02
4.123420235228686614e+00 4.681856994628906250e+02
4.126854987611217496e+00 4.691888122558593750e+02
4.130289739993749265e+00 4.661474914550781250e+02
4.133724492376280146e+00 4.696713867187500000e+02
4.137159244758811028e+00 4.691031494140625000e+02
4.140593997141341909e+00 4.680784912109375000e+02
4.144028749523873678e+00 4.635910034179687500e+02
4.147463501906404559e+00 4.672752380371093750e+02
4.150898254288936329e+00 4.675985107421875000e+02
4.154333006671467210e+00 4.702464904785156250e+02
4.157767759053998091e+00 4.727648010253906250e+02
4.161202511436528972e+00 4.724417724609375000e+02
4.164637263819060742e+00 4.705700683593750000e+02
4.168072016201591623e+00 4.758652648925781250e+02
4.171506768584122504e+00 4.866601562500000000e+02
4.174941520966654274e+00 4.945816955566406250e+02
4.178376273349185155e+00 5.124508056640625000e+02
4.181811025731716924e+00 5.254590454101562500e+02
4.185245778114246917e+00 5.499818725585937500e+02
4.188680530496778687e+00 5.630040893554687500e+02
4.192115282879309568e+00 5.640004272460937500e+02
4.195550035261841337e+00 5.519387207031250000e+02
4.198984787644372219e+00 5.363989257812500000e+02
4.202419540026903988e+00 5.232525634765625000e+02
4.205854292409434869e+00 5.153849487304687500e+02
4.209289044791966639e+00 5.170234375000000000e+02
4.212723797174496632e+00 5.217318115234375000e+02
4.216158549557028401e+00 5.375184936523437500e+02
4.219593301939559282e+00 5.505137329101562500e+02
4.223028054322091052e+00 5.614592895507812500e+02
4.226462806704621933e+00 5.597502441406250000e+02
4.229897559087153702e+00 5.526442260742187500e+02
4.233332311469684583e+00 5.410789184570312500e+02
4.236767063852215465e+00 5.236630859375000000e+02
4.240201816234746346e+00 5.063597717285156250e+02
4.243636568617277227e+00 4.914274902343750000e+02
4.247071320999808997e+00 4.803993225097656250e+02
4.250506073382339878e+00 4.738340148925781250e+02
4.253940825764871647e+00 4.753267211914062500e+02
4.257375578147402528e+00 4.799132385253906250e+02
4.260810330529933410e+00 4.729180297851562500e+02
4.264245082912464291e+00 4.712986755371093750e+02
4.267679835294996060e+00 4.742836914062500000e+02
4.271114587677526941e+00 4.798312072753906250e+02
4.274549340060058711e+00 4.763362121582031250e+02
4.277984092442589592e+00 4.739629821777343750e+02
4.281418844825121361e+00 4.769606933593750000e+02
4.284853597207652243e+00 4.845329589843750000e+02
4.288288349590183124e+00 4.947158203125000000e+02
4.291723101972714005e+00 5.072721862792968750e+02
4.295157854355245775e+00 5.288379516601562500e+02
4.298592606737776656e+00 5.553507690429687500e+02
4.302027359120308425e+00 5.775803222656250000e+02
4.305462111502839306e+00 5.842256469726562500e+02
4.308896863885370188e+00 5.777081298828125000e+02
4.312331616267901069e+00 5.567834472656250000e+02
4.315766368650432838e+00 5.338644409179687500e+02
4.319201121032963719e+00 5.132040405273437500e+02
4.322635873415494601e+00 4.961336059570312500e+02
4.326070625798026370e+00 4.800566711425781250e+02
4.329505378180557251e+00 4.661664428710937500e+02
4.332940130563089021e+00 4.628798522949218750e+02
4.336374882945619014e+00 4.622072753906250000e+02
4.339809635328150783e+00 4.644843750000000000e+02
4.343244387710681664e+00 4.588185424804687500e+02
4.346679140093213434e+00 4.543644409179687500e+02
4.350113892475744315e+00 4.560937194824218750e+02
4.353548644858276084e+00 4.623155517578125000e+02
4.356983397240806966e+00 4.640410156250000000e+02
4.360418149623338735e+00 4.622751770019531250e+02
4.363852902005868728e+00 4.623744506835937500e+02
4.367287654388400497e+00 4.649206848144531250e+02
4.370722406770931379e+00 4.603661193847656250e+02
4.374157159153463148e+00 4.576223144531250000e+02
4.377591911535994029e+00 4.566720581054687500e+02
4.381026663918525799e+00 4.611829223632812500e+02
4.384461416301056680e+00 4.567920227050781250e+02
4.387896168683587561e+00 4.554591979980468750e+02
4.391330921066118442e+00 4.551026306152343750e+02
4.394765673448649324e+00 4.552462768554687500e+02
4.398200425831181093e+00 4.570381469726562500e+02
4.401635178213711974e+00 4.662911682128906250e+02
4.405069930596243744e+00 4.811278991699218750e+02
4.408504682978774625e+00 4.957595214843750000e+02
4.411939435361305506e+00 5.090878295898437500e+02
4.415374187743836387e+00 5.172365722656250000e+02
4.418808940126368157e+00 5.190528564453125000e+02
4.422243692508899038e+00 5.129584350585937500e+02
4.425678444891430807e+00 5.042996520996093750e+02
4.429113197273961688e+00 4.910676574707031250e+02
4.432547949656493458e+00 4.768148803710937500e+02
4.435982702039023451e+00 4.610451965332031250e+02
4.439417454421555220e+00 4.528235473632812500e+02
4.442852206804086101e+00 4.497227783203125000e+02
4.446286959186617871e+00 4.458570556640625000e+02
4.449721711569148752e+00 4.468446655273437500e+02
4.453156463951680522e+00 4.501203918457031250e+02
4.456591216334211403e+00 4.470027160644531250e+02
4.460025968716742284e+00 4.436556091308593750e+02
4.463460721099273165e+00 4.465617675781250000e+02
4.466895473481804935e+00 4.449453125000000000e+02
4.470330225864335816e+00 4.462257385253906250e+02
4.473764978246866697e+00 4.532832336425781250e+02
4.477199730629398466e+00 4.517529296875000000e+02
4.480634483011929348e+00 4.383514099121093750e+02
4.484069235394461117e+00 4.335827636718750000e+02
4.487503987776991110e+00 4.380765686035156250e+02
4.490938740159522879e+00 4.401403808593750000e+02
4.494373492542053761e+00 4.410266418457031250e+02
4.497808244924585530e+00 4.424540710449218750e+02
4.501242997307116411e+00 4.340772705078125000e+02
4.504677749689648181e+00 4.277062072753906250e+02
4.508112502072179062e+00 4.228127746582031250e+02
4.511547254454709943e+00 4.250244445800781250e+02
4.514982006837240824e+00 4.304009704589843750e+02
4.518416759219772594e+00 4.338343811035156250e+02
4.521851511602303475e+00 4.344956054687500000e+02
4.525286263984835244e+00 4.337544860839843750e+02
4.528721016367366126e+00 4.383204956054687500e+02
4.532155768749897895e+00 4.387655639648437500e+02
4.535590521132428776e+00 4.354849548339843750e+02
4.539025273514959657e+00 4.344400939941406250e+02
4.542460025897490539e+00 4.370958557128906250e+02
4.545894778280021420e+00 4.290021057128906250e+02
4.549329530662553189e+00 4.264507141113281250e+02
4.552764283045084071e+00 4.290672302246093750e+02
4.556199035427615840e+00 4.329940490722656250e+02
4.559633787810146721e+00 4.370050048828125000e+02
4.563068540192677602e+00 4.365228576660156250e+02
4.566503292575208484e+00 4.372540893554687500e+02
4.569938044957740253e+00 4.396633605957031250e+02
4.573372797340271134e+00 4.401809387207031250e+02
4.576807549722802904e+00 4.377873535156250000e+02
4.580242302105333785e+00 4.352919616699218750e+02
4.583677054487865554e+00 4.314822692871093750e+02
4.587111806870395547e+00 4.284130554199218750e+02
4.590546559252927317e+00 4.319169616699218750e+02
4.593981311635458198e+00 4.392197265625000000e+02
4.597416064017989967e+00 4.438119812011718750e+02
4.600850816400520849e+00 4.417717590332031250e+02
4.604285568783052618e+00 4.381075439453125000e+02
4.607720321165583499e+00 4.411989135742187500e+02
4.611155073548115269e+00 4.418853759765625000e+02
4.614589825930645262e+00 4.432365722656250000e+02
4.618024578313177031e+00 4.445577697753906250e+02
4.621459330695707912e+00 4.428381347656250000e+02
4.624894083078238793e+00 4.400918579101562500e+02
4.628328835460770563e+00 4.459458923339843750e+02
4.631763587843301444e+00 4.566727294921875000e+02
4.635198340225833213e+00 4.676762390136718750e+02
4.638633092608363206e+00 4.702033386230468750e+02
4.642067844990894976e+00 4.784062500000000000e+02
4.645502597373425857e+00 4.957419433593750000e+02
4.648937349755957626e+00 5.178981323242187500e+02
4.652372102138488508e+00 5.404874877929687500e+02
4.655806854521020277e+00 5.593693847656250000e+02
4.659241606903551158e+00 5.781619873046875000e+02
4.662676359286082040e+00 5.835675659179687500e+02
4.666111111668612921e+00 5.844763793945312500e+02
4.669545864051144690e+00 5.825325927734375000e+02
4.672980616433675571e+00 5.775940551757812500e+02
4.676415368816207341e+00 5.700191040039062500e+02
4.679850121198738222e+00 5.559476318359375000e+02
4.683284873581269991e+00 5.373805541992187500e+02
4.686719625963800873e+00 5.162930297851562500e+02
4.690154378346331754e+00 4.981187133789062500e+02
4.693589130728862635e+00 4.831735229492187500e+02
4.697023883111393516e+00 4.722962951660156250e+02
4.700458635493925286e+00 4.563753051757812500e+02
4.703893387876456167e+00 4.432443237304687500e+02
4.707328140258987936e+00 4.310771789550781250e+02
4.710762892641518818e+00 4.330067443847656250e+02
4.714197645024049699e+00 4.343404846191406250e+02
4.717632397406580580e+00 4.340155029296875000e+02
4.721067149789112349e+00 4.340789794921875000e+02
4.724501902171643231e+00 4.303412780761718750e+02
4.727936654554175000e+00 4.190992431640625000e+02
4.731371406936705881e+00 4.176967773437500000e+02
4.734806159319237651e+00 4.236231384277343750e+02
4.738240911701767644e+00 4.262803955078125000e+02
4.741675664084299413e+00 4.226962280273437500e+02
4.745110416466830294e+00 4.251439819335937500e+02
4.748545168849362064e+00 4.271534118652343750e+02
4.751979921231892945e+00 4.274374694824218750e+02
4.755414673614424714e+00 4.281581115722656250e+02
4.758849425996955596e+00 4.286318664550781250e+02
4.762284178379487365e+00 4.257856140136718750e+02
4.765718930762017358e+00 4.239140319824218750e+02
4.769153683144549127e+00 4.280940856933593750e+02
4.772588435527080009e+00 4.350295410156250000e+02
4.776023187909610890e+00 4.331681518554687500e+02
4.779457940292142659e+00 4.268584899902343750e+02
4.782892692674673540e+00 4.261845092773437500e+02
4.786327445057205310e+00 4.277837829589843750e+02
4.789762197439735303e+00 4.280765991210937500e+02
4.793196949822267072e+00 4.365284729003906250e+02
4.796631702204797953e+00 4.480895690917968750e+02
4.800066454587329723e+00 4.514787292480468750e+02
4.803501206969860604e+00 4.482692871093750000e+02
4.806935959352392373e+00 4.528685913085937500e+02
4.810370711734923255e+00 4.602662658691406250e+02
4.813805464117454136e+00 4.643099670410156250e+02
4.817240216499985017e+00 4.663785400390625000e+02
4.820674968882516787e+00 4.618007202148437500e+02
4.824109721265047668e+00 4.550273742675781250e+02
4.827544473647579437e+00 4.442760009765625000e+02
4.830979226030110318e+00 4.398407592773437500e+02
4.834413978412642088e+00 4.345022888183593750e+02
4.837848730795172969e+00 4.352912292480468750e+02
4.841283483177703850e+00 4.399445190429687500e+02
4.844718235560234731e+00 4.407104492187500000e+02
4.848152987942766501e+00 4.369584045410156250e+02
4.851587740325297382e+00 4.398096313476562500e+02
4.855022492707828263e+00 4.573514404296875000e+02
4.858457245090360033e+00 4.925231018066406250e+02
4.861891997472890914e+00 5.486046752929687500e+02
4.865326749855421795e+00 6.319056396484375000e+02
4.868761502237952676e+00 7.435056762695312500e+02
4.872196254620484446e+00 8.708188476562500000e+02
4.875631007003015327e+00 9.895509643554687500e+02
4.879065759385547096e+00 1.063479003906250000e+03
4.882500511768077978e+00 1.073070190429687500e+03
4.885935264150609747e+00 1.016190734863281250e+03
4.889370016533139740e+00 9.177085571289062500e+02
4.892804768915671509e+00 8.093143920898437500e+02
4.896239521298202391e+00 6.980849609375000000e+02
4.899674273680734160e+00 6.120243530273437500e+02
4.903109026063265041e+00 5.396613769531250000e+02
4.906543778445796811e+00 4.920889892578125000e+02
4.909978530828327692e+00 4.593479614257812500e+02
4.913413283210858573e+00 4.405104370117187500e+02
4.916848035593389454e+00 4.310495910644531250e+02
4.920282787975921224e+00 4.381135559082031250e+02
4.923717540358452105e+00 4.391089477539062500e+02
4.927152292740982986e+00 4.360928344726562500e+02
4.930587045123514756e+00 4.316783447265625000e+02
4.934021797506045637e+00 4.411994628906250000e+02
4.937456549888577406e+00 4.468106689453125000e+02
4.940891302271107399e+00 4.378886108398437500e+02
4.944326054653639169e+00 4.316541137695312500e+02
4.947760807036170050e+00 4.268180847167968750e+02
4.951195559418701819e+00 4.290780334472656250e+02
4.954630311801232700e+00 4.313101501464843750e+02
4.958065064183764470e+00 4.405390930175781250e+02
4.961499816566295351e+00 4.457219848632812500e+02
4.964934568948826232e+00 4.497191772460937500e+02
4.968369321331357114e+00 4.545282287597656250e+02
4.971804073713888883e+00 4.590635070800781250e+02
4.975238826096419764e+00 4.537735595703125000e+02
4.978673578478951534e+00 4.462053527832031250e+02
4.982108330861482415e+00 4.403018493652343750e+02
4.985543083244014184e+00 4.320617370605468750e+02
4.988977835626544177e+00 4.258577575683593750e+02
4.992412588009075947e+00 4.222814941406250000e+02
4.995847340391606828e+00 4.217701416015625000e+02
4.999282092774138597e+00 4.171617431640625000e+02
5.002716845156669478e+00 4.117814636230468750e+02
5.006151597539200360e+00 4.113788452148437500e+02
5.009586349921732129e+00 4.170142211914062500e+02
5.013021102304263010e+00 4.202272033691406250e+02
5.016455854686793892e+00 4.168119201660156250e+02
5.019890607069324773e+00 4.163630371093750000e+02
5.023325359451856542e+00 4.207633361816406250e+02
5.026760111834387423e+00 4.282041625976562500e+02
5.030194864216919193e+00 4.323750000000000000e+02
5.033629616599450074e+00 4.375259399414062500e+02
5.037064368981981843e+00 4.421701965332031250e+02
5.040499121364511836e+00 4.497385253906250000e+02
5.043933873747043606e+00 4.556956787109375000e+02
5.047368626129574487e+00 4.514706726074218750e+02
5.050803378512106256e+00 4.395869140625000000e+02
5.054238130894637138e+00 4.259674377441406250e+02
5.057672883277168907e+00 4.214593811035156250e+02
5.061107635659699788e+00 4.222110900878906250e+02
5.064542388042230669e+00 4.191215209960937500e+02
5.067977140424761551e+00 4.120843505859375000e+02
5.071411892807293320e+00 4.072792053222656250e+02
5.074846645189824201e+00 4.106905517578125000e+02
5.078281397572355083e+00 4.145036621093750000e+02
5.081716149954886852e+00 4.138988647460937500e+02
5.085150902337417733e+00 4.129706420898437500e+02
5.088585654719949503e+00 4.097248535156250000e+02
5.092020407102479496e+00 4.079100646972656250e+02
5.095455159485011265e+00 4.047263488769531250e+02
5.098889911867542146e+00 4.072909545898437500e+02
5.102324664250073916e+00 4.078960876464843750e+02
5.105759416632604797e+00 4.063771057128906250e+02
5.109194169015136566e+00 4.061738891601562500e+02
5.112628921397667447e+00 4.047189025878906250e+02
5.116063673780198329e+00 4.027186279296875000e+02
5.119498426162729210e+00 3.996712036132812500e+02
5.122933178545260979e+00 3.990818481445312500e+02
5.126367930927791861e+00 4.007419433593750000e+02
5.129802683310323630e+00 4.028130798339843750e+02
5.133237435692854511e+00 4.039989929199218750e+02
5.136672188075386281e+00 4.028167724609375000e+02
5.140106940457916274e+00 4.051995849609375000e+02
5.143541692840448043e+00 4.088186340332031250e+02
5.146976445222978924e+00 4.076193542480468750e+02
5.150411197605510694e+00 4.053949279785156250e+02
5.153845949988041575e+00 4.059751586914062500e+02
5.157280702370572456e+00 4.121928100585937500e+02
5.160715454753104225e+00 4.179465637207031250e+02
5.164150207135635107e+00 4.183244934082031250e+02
5.167584959518165988e+00 4.147785949707031250e+02
5.171019711900696869e+00 4.195918884277343750e+02
5.174454464283228639e+00 4.285726623535156250e+02
5.177889216665759520e+00 4.283556518554687500e+02
5.181323969048291289e+00 4.210532836914062500e+02
5.184758721430822170e+00 4.092365112304687500e+02
5.188193473813353940e+00 4.035075073242187500e+02
5.191628226195883933e+00 4.030698547363281250e+02
5.195062978578415702e+00 4.052645568847656250e+02
5.198497730960946583e+00 4.103106384277343750e+02
5.201932483343478353e+00 4.164590759277343750e+02
5.205367235726009234e+00 4.213641052246093750e+02
5.208801988108541003e+00 4.281560668945312500e+02
5.212236740491071885e+00 4.430613708496093750e+02
5.215671492873602766e+00 4.563663330078125000e+02
5.219106245256133647e+00 4.634375305175781250e+02
5.222540997638665417e+00 4.621187438964843750e+02
5.225975750021196298e+00 4.511065368652343750e+02
5.229410502403727179e+00 4.404131469726562500e+02
5.232845254786258948e+00 4.327892761230468750e+02
5.236280007168789830e+00 4.283415832519531250e+02
5.239714759551321599e+00 4.226106872558593750e+02
5.243149511933851592e+00 4.140290222167968750e+02
5.246584264316383361e+00 4.028442687988281250e+02
5.250019016698914243e+00 3.948779907226562500e+02
5.253453769081446012e+00 3.893907775878906250e+02
5.256888521463976893e+00 3.912791137695312500e+02
5.260323273846508663e+00 3.946220092773437500e+02
5.263758026229039544e+00 3.919170837402343750e+02
5.267192778611570425e+00 3.868110656738281250e+02
5.270627530994101306e+00 3.820713806152343750e+02
5.274062283376633076e+00 3.868670349121093750e+02
5.277497035759163957e+00 3.977616577148437500e+02
5.280931788141695726e+00 4.021707153320312500e+02
5.284366540524226608e+00 4.032396240234375000e+02
5.287801292906758377e+00 4.082681884765625000e+02
5.291236045289288370e+00 4.063661804199218750e+02
5.294670797671820139e+00 4.106039733886718750e+02
5.298105550054351021e+00 4.114086303710937500e+02
5.301540302436882790e+00 4.141976623535156250e+02
5.304975054819413671e+00 4.094016113281250000e+02
5.308409807201944552e+00 4.082554321289062500e+02
5.311844559584476322e+00 4.072620849609375000e+02
5.315279311967006315e+00 4.039615478515625000e+02
5.318714064349538084e+00 4.010130310058593750e+02
5.322148816732068966e+00 4.040475158691406250e+02
5.325583569114600735e+00 4.092225036621093750e+02
5.329018321497131616e+00 4.105917358398437500e+02
5.332453073879663386e+00 4.118053894042968750e+02
5.335887826262194267e+00 4.103789672851562500e+02
5.339322578644726036e+00 4.094712219238281250e+02
5.342757331027256029e+00 4.193005371093750000e+02
5.346192083409787799e+00 4.369701843261718750e+02
5.349626835792318680e+00 4.522956848144531250e+02
5.353061588174850449e+00 4.627699279785156250e+02
5.356496340557381330e+00 4.628467407226562500e+02
5.359931092939913100e+00 4.563792724609375000e+02
5.363365845322443981e+00 4.470484313964843750e+02
5.366800597704974862e+00 4.325980224609375000e+02
5.370235350087505743e+00 4.207405700683593750e+02
5.373670102470037513e+00 4.100454406738281250e+02
5.377104854852568394e+00 4.030921936035156250e+02
5.380539607235100164e+00 4.016007080078125000e+02
5.383974359617631045e+00 3.936776733398437500e+02
5.387409112000161926e+00 3.954476928710937500e+02
5.390843864382692807e+00 3.972089538574218750e+02
5.394278616765223688e+00 3.985307312011718750e+02
5.397713369147755458e+00 3.931558532714843750e+02
5.401148121530286339e+00 3.870047607421875000e+02
5.404582873912818108e+00 3.864636840820312500e+02
5.408017626295348990e+00 3.954960021972656250e+02
5.411452378677880759e+00 3.966307067871093750e+02
5.414887131060411640e+00 3.985419006347656250e+02
5.418321883442942521e+00 3.987857055664062500e+02
5.421756635825473403e+00 4.021968994140625000e+02
5.425191388208005172e+00 4.047753601074218750e+02
5.428626140590536053e+00 4.064912109375000000e+02
5.432060892973067823e+00 4.099350280761718750e+02
5.435495645355598704e+00 4.136344604492187500e+02
5.438930397738130473e+00 4.130432739257812500e+02
5.442365150120660466e+00 4.048049316406250000e+02
5.445799902503192236e+00 4.030863037109375000e+02
5.449234654885723117e+00 4.010315856933593750e+02
5.452669407268254886e+00 3.933240966796875000e+02
5.456104159650785768e+00 3.900700683593750000e+02
5.459538912033316649e+00 3.928498840332031250e+02
5.462973664415848418e+00 3.941022338867187500e+02
5.466408416798379299e+00 3.976249389648437500e+02
5.469843169180910181e+00 4.043381652832031250e+02
5.473277921563441062e+00 4.118526916503906250e+02
5.476712673945972831e+00 4.182610473632812500e+02
5.480147426328503713e+00 4.293847351074218750e+02
5.483582178711035482e+00 4.330864562988281250e+02
5.487016931093566363e+00 4.398377075195312500e+02
5.490451683476098133e+00 4.387168579101562500e+02
5.493886435858628126e+00 4.362157897949218750e+02
5.497321188241159895e+00 4.262463684082031250e+02
5.500755940623690776e+00 4.184934997558593750e+02
5.504190693006222546e+00 4.116242370605468750e+02
5.507625445388753427e+00 4.085490112304687500e+02
5.511060197771285196e+00 4.022068176269531250e+02
5.514494950153816077e+00 3.996632995605468750e+02
5.517929702536346959e+00 4.041858825683593750e+02
5.521364454918877840e+00 4.148209838867187500e+02
5.524799207301409609e+00 4.154862060546875000e+02
5.528233959683940490e+00 4.138919067382812500e+02
5.531668712066472260e+00 4.081197814941406250e+02
5.535103464449003141e+00 4.040741882324218750e+02
5.538538216831534022e+00 4.009093322753906250e+02
5.541972969214064904e+00 3.946625061035156250e+02
5.545407721596595785e+00 3.887681579589843750e+02
5.548842473979127554e+00 3.850252075195312500e+02
5.552277226361658435e+00 3.882047424316406250e+02
5.555711978744190205e+00 3.910237731933593750e+02
5.559146731126721086e+00 3.930613403320312500e+02
5.562581483509252855e+00 3.956776733398437500e+02
5.566016235891783737e+00 3.963214721679687500e+02
5.569450988274314618e+00 3.943778381347656250e+02
5.572885740656845499e+00 3.940181884765625000e+02
5.576320493039377268e+00 3.956082153320312500e+02
5.579755245421908150e+00 4.009619445800781250e+02
5.583189997804439919e+00 4.030052185058593750e+02
5.586624750186970800e+00 3.989577331542968750e+02
5.590059502569502570e+00 3.963539428710937500e+02
5.593494254952032563e+00 3.946631469726562500e+02
5.596929007334564332e+00 3.949682006835937500e+02
5.600363759717095213e+00 3.938541870117187500e+02
5.603798512099626983e+00 3.896273193359375000e+02
5.607233264482157864e+00 3.860621337890625000e+02
5.610668016864688745e+00 3.858732604980468750e+02
5.614102769247220515e+00 3.902795104980468750e+02
5.617537521629751396e+00 3.949101562500000000e+02
5.620972274012282277e+00 3.974569396972656250e+02
5.624407026394813158e+00 3.942002868652343750e+02
5.627841778777344928e+00 3.905285339355468750e+02
5.631276531159875809e+00 3.838082580566406250e+02
5.634711283542407578e+00 3.809440307617187500e+02
5.638146035924938460e+00 3.814594726562500000e+02
5.641580788307470229e+00 3.849832153320312500e+02
5.645015540690000222e+00 3.882844848632812500e+02
5.648450293072531991e+00 3.903464050292968750e+02
5.651885045455062873e+00 3.910221252441406250e+02
5.655319797837594642e+00 3.907482604980468750e+02
5.658754550220125523e+00 3.876966552734375000e+02
5.662189302602657293e+00 3.823118896484375000e+02
5.665624054985188174e+00 3.854082031250000000e+02
5.669058807367719055e+00 3.924613342285156250e+02
5.672493559750249936e+00 3.963582153320312500e+02
5.675928312132781706e+00 3.903152770996093750e+02
5.679363064515312587e+00 3.909371948242187500e+02
5.682797816897844356e+00 3.949606323242187500e+02
5.686232569280375237e+00 4.001548156738281250e+02
5.689667321662906119e+00 4.058811645507812500e+02
5.693102074045437000e+00 4.166972961425781250e+02
5.696536826427967881e+00 4.245416564941406250e+02
5.699971578810499651e+00 4.306179504394531250e+02
5.703406331193030532e+00 4.366444091796875000e+02
5.706841083575562301e+00 4.542084960937500000e+02
5.710275835958093182e+00 4.754878234863281250e+02
5.713710588340624952e+00 4.960961303710937500e+02
5.717145340723154945e+00 5.192753906250000000e+02
5.720580093105686714e+00 5.366162719726562500e+02
5.724014845488217595e+00 5.376479492187500000e+02
5.727449597870749365e+00 5.240133666992187500e+02
5.730884350253280246e+00 5.053331298828125000e+02
5.734319102635812015e+00 4.767865600585937500e+02
5.737753855018342897e+00 4.515977783203125000e+02
5.741188607400874666e+00 4.287869262695312500e+02
5.744623359783404659e+00 4.116661071777343750e+02
5.748058112165936429e+00 3.971801452636718750e+02
5.751492864548467310e+00 3.877846374511718750e+02
5.754927616930999079e+00 3.815358276367187500e+02
5.758362369313529960e+00 3.817323303222656250e+02
5.761797121696060842e+00 3.783240966796875000e+02
5.765231874078592611e+00 3.781910095214843750e+02
5.768666626461123492e+00 3.775321350097656250e+02
5.772101378843654373e+00 3.778390808105468750e+02
5.775536131226185255e+00 3.764596862792968750e+02
5.778970883608717024e+00 3.806460876464843750e+02
5.782405635991247905e+00 3.881985778808593750e+02
5.785840388373779675e+00 3.865180358886718750e+02
5.789275140756310556e+00 3.804706420898437500e+02
5.792709893138841437e+00 3.764447937011718750e+02
5.796144645521372318e+00 3.732174682617187500e+02
5.799579397903904088e+00 3.717262878417968750e+02
5.803014150286434969e+00 3.729329833984375000e+02
5.806448902668966738e+00 3.757662963867187500e+02
5.809883655051497620e+00 3.784906311035156250e+02
5.813318407434029389e+00 3.843848571777343750e+02
5.816753159816560270e+00 3.815652770996093750e+02
5.820187912199091151e+00 3.818312683105468750e+02
5.823622664581622033e+00 3.856731872558593750e+02
5.827057416964153802e+00 3.865672302246093750e+02
5.830492169346684683e+00 3.880328979492187500e+02
5.833926921729216453e+00 3.910135192871093750e+02
5.837361674111747334e+00 3.934027099609375000e+02
5.840796426494278215e+00 3.856322021484375000e+02
5.844231178876809096e+00 3.811331176757812500e+02
5.847665931259339978e+00 3.788075866699218750e+02
5.851100683641871747e+00 3.816178588867187500e+02
5.854535436024402628e+00 3.806381530761718750e+02
5.857970188406934398e+00 3.816075134277343750e+02
5.861404940789465279e+00 3.784208374023437500e+02
5.864839693171997048e+00 3.779804382324218750e+02
5.868274445554527041e+00 3.782404479980468750e+02
5.871709197937058811e+00 3.794109497070312500e+02
5.875143950319589692e+00 3.787309570312500000e+02
5.878578702702121461e+00 3.809045715332031250e+02
5.882013455084652342e+00 3.772265625000000000e+02
5.885448207467184112e+00 3.757828063964843750e+02
5.888882959849714993e+00 3.747370605468750000e+02
5.892317712232246762e+00 3.771546020507812500e+02
5.895752464614776756e+00 3.759260559082031250e+02
5.899187216997308525e+00 3.776722717285156250e+02
5.902621969379839406e+00 3.744033813476562500e+02
5.906056721762371176e+00 3.752320861816406250e+02
5.909491474144902057e+00 3.748142700195312500e+02
5.912926226527432938e+00 3.780108032226562500e+02
5.916360978909964707e+00 3.748559265136718750e+02
5.919795731292495589e+00 3.737668457031250000e+02
5.923230483675026470e+00 3.778245849609375000e+02
5.926665236057557351e+00 3.808678588867187500e+02
5.930099988440089120e+00 3.793619079589843750e+02
5.933534740822620002e+00 3.787934875488281250e+02
5.936969493205151771e+00 3.805614318847656250e+02
5.940404245587682652e+00 3.800053405761718750e+02
5.943838997970213534e+00 3.772151489257812500e+02
5.947273750352744415e+00 3.780928344726562500e+02
5.950708502735276184e+00 3.758039245605468750e+02
5.954143255117807065e+00 3.751295166015625000e+02
5.957578007500338835e+00 3.798255310058593750e+02
5.961012759882869716e+00 3.884125976562500000e+02
5.964447512265401485e+00 3.916246948242187500e+02
5.967882264647932367e+00 3.969681091308593750e+02
5.971317017030463248e+00 4.020776367187500000e+02
5.974751769412994129e+00 4.068739318847656250e+02
5.978186521795525898e+00 4.093302001953125000e+02
5.981621274178056780e+00 4.060599060058593750e+02
5.985056026560588549e+00 4.074301147460937500e+02
5.988490778943119430e+00 4.052536926269531250e+02
5.991925531325650311e+00 3.966537170410156250e+02
5.995360283708181193e+00 3.934561157226562500e+02
5.998795036090712074e+00 3.904285888671875000e+02
6.002229788473243843e+00 3.888537292480468750e+02
6.005664540855774725e+00 3.848507690429687500e+02
6.009099293238306494e+00 3.837476501464843750e+02
6.012534045620837375e+00 3.828517150878906250e+02
6.015968798003369145e+00 3.862258605957031250e+02
6.019403550385899138e+00 3.855380554199218750e+02
6.022838302768430907e+00 3.870436706542968750e+02
6.026273055150961788e+00 3.858499450683593750e+02
6.029707807533493558e+00 3.866531372070312500e+02
6.033142559916024439e+00 3.848246459960937500e+02
6.036577312298556208e+00 3.869846496582031250e+02
6.040012064681087089e+00 3.901387939453125000e+02
6.043446817063618859e+00 3.920504760742187500e+02
6.046881569446148852e+00 3.892403869628906250e+02
6.050316321828680621e+00 3.886047363281250000e+02
6.053751074211211503e+00 3.900677795410156250e+02
6.057185826593743272e+00 3.940025634765625000e+02
6.060620578976274153e+00 3.995376586914062500e+02
6.064055331358805923e+00 4.056684265136718750e+02
6.067490083741336804e+00 4.041940917968750000e+02
6.070924836123867685e+00 3.980502929687500000e+02
6.074359588506398566e+00 4.009035034179687500e+02
6.077794340888929447e+00 3.998204956054687500e+02
6.081229093271461217e+00 3.956125183105468750e+02
6.084663845653992098e+00 3.927041931152343750e+02
6.088098598036523867e+00 3.912301940917968750e+02
6.091533350419054749e+00 3.849246826171875000e+02
6.094968102801585630e+00 3.797125244140625000e+02
6.098402855184116511e+00 3.776162414550781250e+02
6.101837607566648281e+00 3.747974548339843750e+02
6.105272359949179162e+00 3.729324035644531250e+02
6.108707112331710931e+00 3.710599060058593750e+02
6.112141864714241812e+00 3.717280578613281250e+02
6.115576617096773582e+00 3.767286682128906250e+02
6.119011369479304463e+00 3.763331604003906250e+02
6.122446121861835344e+00 3.817452392578125000e+02
6.125880874244366225e+00 3.865085754394531250e+02
6.129315626626897995e+00 3.836093750000000000e+02
6.132750379009428876e+00 3.804125366210937500e+02
6.136185131391960645e+00 3.787901916503906250e+02
6.139619883774491527e+00 3.788895263671875000e+02
6.143054636157022408e+00 3.806472167968750000e+02
6.146489388539553289e+00 3.890671691894531250e+02
6.149924140922085058e+00 3.881891479492187500e+02
6.153358893304615940e+00 3.836358337402343750e+02
6.156793645687146821e+00 3.853072204589843750e+02
6.160228398069678590e+00 3.869458007812500000e+02
6.163663150452209472e+00 3.830357360839843750e+02
6.167097902834741241e+00 3.785224304199218750e+02
6.170532655217271234e+00 3.765993041992187500e+02
6.173967407599803003e+00 3.746429748535156250e+02
6.177402159982333885e+00 3.730309448242187500e+02
6.180836912364865654e+00 3.683759765625000000e+02
6.184271664747396535e+00 3.665708923339843750e+02
6.187706417129928305e+00 3.717838439941406250e+02
6.191141169512459186e+00 3.734717407226562500e+02
6.194575921894990067e+00 3.691229858398437500e+02
6.198010674277520948e+00 3.660432739257812500e+02
6.201445426660052718e+00 3.646839599609375000e+02
6.204880179042583599e+00 3.653941040039062500e+02
6.208314931425115368e+00 3.657010498046875000e+02
6.211749683807646250e+00 3.669914245605468750e+02
6.215184436190178019e+00 3.643926391601562500e+02
6.218619188572708900e+00 3.621611328125000000e+02
6.222053940955239781e+00 3.646070251464843750e+02
6.225488693337770663e+00 3.705145568847656250e+02
6.228923445720301544e+00 3.684094238281250000e+02
6.232358198102833313e+00 3.607983703613281250e+02
6.235792950485364194e+00 3.584263000488281250e+02
6.239227702867895964e+00 3.640650939941406250e+02
6.242662455250426845e+00 3.660354003906250000e+02
6.246097207632957726e+00 3.627684326171875000e+02
6.249531960015488607e+00 3.597115478515625000e+02
6.252966712398020377e+00 3.602037353515625000e+02
6.256401464780551258e+00 3.633230590820312500e+02
6.259836217163083028e+00 3.680771789550781250e+02
6.263270969545613909e+00 3.798365173339843750e+02
6.266705721928145678e+00 3.781661071777343750e+02
6.270140474310675671e+00 3.771128845214843750e+02
6.273575226693207441e+00 3.779620971679687500e+02
6.277009979075738322e+00 3.849736633300781250e+02
6.280444731458270091e+00 3.897511901855468750e+02
6.283879483840800972e+00 3.939591369628906250e+02
6.287314236223332742e+00 3.947227478027343750e+02
6.290748988605863623e+00 3.937154846191406250e+02
6.294183740988394504e+00 3.945416564941406250e+02
6.297618493370925385e+00 3.944449462890625000e+02
6.301053245753457155e+00 3.963353881835937500e+02
6.304487998135988036e+00 3.932769775390625000e+02
6.307922750518518917e+00 3.880938110351562500e+02
6.311357502901050687e+00 3.750711975097656250e+02
6.314792255283581568e+00 3.672617797851562500e+02
6.318227007666113337e+00 3.638026733398437500e+02
6.321661760048643330e+00 3.630365295410156250e+02
6.325096512431175100e+00 3.640046691894531250e+02
6.328531264813705981e+00 3.639270324707031250e+02
6.331966017196237750e+00 3.697842407226562500e+02
6.335400769578768632e+00 3.777310791015625000e+02
6.338835521961300401e+00 3.836164245605468750e+02
6.342270274343831282e+00 3.889953308105468750e+02
6.345705026726362163e+00 3.892642822265625000e+02
6.349139779108893045e+00 3.869578552246093750e+02
6.352574531491424814e+00 3.843803405761718750e+02
6.356009283873955695e+00 3.776223754882812500e+02
6.359444036256487465e+00 3.688060302734375000e+02
6.362878788639018346e+00 3.636789550781250000e+02
6.366313541021550115e+00 3.637697448730468750e+02
6.369748293404080997e+00 3.625614318847656250e+02
6.373183045786611878e+00 3.612530517578125000e+02
6.376617798169142759e+00 3.590280761718750000e+02
6.380052550551673640e+00 3.549698181152343750e+02
6.383487302934205410e+00 3.544584350585937500e+02
6.386922055316736291e+00 3.600746154785156250e+02
6.390356807699268060e+00 3.592897644042968750e+02
6.393791560081798941e+00 3.614846191406250000e+02
6.397226312464329823e+00 3.637529602050781250e+02
6.400661064846860704e+00 3.687843933105468750e+02
6.404095817229392473e+00 3.638084106445312500e+02
6.407530569611923355e+00 3.651951599121093750e+02
6.410965321994455124e+00 3.653791809082031250e+02
6.414400074376986005e+00 3.662512207031250000e+02
6.417834826759517775e+00 3.581972045898437500e+02
6.421269579142047768e+00 3.569311828613281250e+02
6.424704331524579537e+00 3.629899902343750000e+02
6.428139083907110418e+00 3.711779174804687500e+02
6.431573836289642188e+00 3.747355346679687500e+02
6.435008588672173069e+00 3.805982360839843750e+02
6.438443341054704838e+00 3.839317932128906250e+02
6.441878093437235719e+00 3.859555358886718750e+02
6.445312845819766601e+00 3.826907043457031250e+02
6.448747598202297482e+00 3.791686706542968750e+02
6.452182350584829251e+00 3.755366516113281250e+02
6.455617102967360132e+00 3.697764282226562500e+02
6.459051855349891014e+00 3.674069519042968750e+02
6.462486607732422783e+00 3.639440612792968750e+02
6.465921360114953664e+00 3.582943725585937500e+02
6.469356112497485434e+00 3.587359924316406250e+02
6.472790864880015427e+00 3.583917236328125000e+02
6.476225617262547196e+00 3.582401123046875000e+02
6.479660369645078077e+00 3.548097534179687500e+02
6.483095122027609847e+00 3.533546142578125000e+02
6.486529874410140728e+00 3.566920776367187500e+02
6.489964626792672497e+00 3.563304748535156250e+02
6.493399379175203379e+00 3.582065429687500000e+02
6.496834131557734260e+00 3.582698974609375000e+02
6.500268883940265141e+00 3.546041564941406250e+02
6.503703636322796910e+00 3.486105346679687500e+02
6.507138388705327792e+00 3.510288696289062500e+02
6.510573141087859561e+00 3.535406494140625000e+02
6.514007893470390442e+00 3.539987487792968750e+02
6.517442645852922212e+00 3.507331237792968750e+02
6.520877398235453093e+00 3.498925781250000000e+02
6.524312150617983974e+00 3.524554138183593750e+02
6.527746903000514855e+00 3.592143554687500000e+02
6.531181655383045737e+00 3.600733032226562500e+02
6.534616407765577506e+00 3.590698547363281250e+02
6.538051160148108387e+00 3.564787597656250000e+02
6.541485912530640157e+00 3.559980163574218750e+02
6.544920664913171038e+00 3.564358825683593750e+02
6.548355417295701919e+00 3.576182556152343750e+02
6.551790169678232800e+00 3.589303588867187500e+02
6.555224922060764570e+00 3.594443359375000000e+02
6.558659674443295451e+00 3.568421936035156250e+02
6.562094426825827220e+00 3.555237426757812500e+02
6.565529179208358102e+00 3.550497131347656250e+02
6.568963931590889871e+00 3.572683715820312500e+02
6.572398683973419864e+00 3.580871887207031250e+02
6.575833436355951633e+00 3.570835571289062500e+02
6.579268188738482515e+00 3.508006896972656250e+02
6.582702941121014284e+00 3.536376342773437500e+02
6.586137693503545165e+00 3.599103088378906250e+02
6.589572445886076935e+00 3.626915283203125000e+02
6.593007198268607816e+00 3.634317016601562500e+02
6.596441950651138697e+00 3.698234863281250000e+02
6.599876703033669578e+00 3.688530883789062500e+02
6.603311455416201348e+00 3.643710937500000000e+02
6.606746207798732229e+00 3.596768798828125000e+02
6.610180960181263110e+00 3.598206481933593750e+02
6.613615712563794879e+00 3.569435119628906250e+02
6.617050464946325761e+00 3.546367492675781250e+02
6.620485217328857530e+00 3.523239135742187500e+02
6.623919969711387523e+00 3.508907470703125000e+02
6.627354722093919293e+00 3.470094909667968750e+02
6.630789474476450174e+00 3.478923645019531250e+02
6.634224226858981943e+00 3.442929077148437500e+02
6.637658979241512824e+00 3.425881652832031250e+02
6.641093731624044594e+00 3.404450683593750000e+02
6.644528484006575475e+00 3.449625549316406250e+02
6.647963236389106356e+00 3.460644531250000000e+02
6.651397988771637237e+00 3.479931030273437500e+02
6.654832741154169007e+00 3.463704223632812500e+02
6.658267493536699888e+00 3.435513000488281250e+02
6.661702245919231657e+00 3.482327575683593750e+02
6.665136998301762539e+00 3.544721374511718750e+02
6.668571750684294308e+00 3.567520446777343750e+02
6.672006503066824301e+00 3.568663024902343750e+02
6.675441255449356071e+00 3.617910766601562500e+02
6.678876007831886952e+00 3.711139221191406250e+02
6.682310760214417833e+00 3.766453857421875000e+02
6.685745512596949602e+00 3.731531982421875000e+02
6.689180264979480484e+00 3.727567138671875000e+02
6.692615017362012253e+00 3.772891235351562500e+02
6.696049769744543134e+00 3.805529174804687500e+02
6.699484522127074015e+00 3.773179626464843750e+02
6.702919274509604897e+00 3.725738830566406250e+02
6.706354026892136666e+00 3.645514221191406250e+02
6.709788779274667547e+00 3.590425109863281250e+02
6.713223531657199317e+00 3.489969177246093750e+02
6.716658284039730198e+00 3.445174560546875000e+02
6.720093036422261967e+00 3.461496887207031250e+02
6.723527788804791960e+00 3.481013488769531250e+02
6.726962541187323730e+00 3.480070495605468750e+02
6.730397293569854611e+00 3.479795837402343750e+02
6.733832045952386380e+00 3.471203613281250000e+02
6.737266798334917262e+00 3.502017517089843750e+02
6.740701550717449031e+00 3.525720520019531250e+02
6.744136303099979912e+00 3.508829345703125000e+02
6.747571055482510793e+00 3.456134948730468750e+02
6.751005807865041675e+00 3.425180664062500000e+02
6.754440560247573444e+00 3.414936828613281250e+02
6.757875312630104325e+00 3.472091369628906250e+02
6.761310065012635206e+00 3.499710388183593750e+02
6.764744817395166976e+00 3.480650939941406250e+02
6.768179569777697857e+00 3.502967529296875000e+02
6.771614322160229626e+00 3.548978881835937500e+02
6.775049074542759620e+00 3.520910644531250000e+02
6.778483826925291389e+00 3.470913085937500000e+02
6.781918579307822270e+00 3.490490417480468750e+02
6.785353331690354040e+00 3.509095153808593750e+02
6.788788084072884921e+00 3.493609313964843750e+02
6.792222836455416690e+00 3.479648437500000000e+02
6.795657588837947571e+00 3.572875671386718750e+02
6.799092341220478453e+00 3.623004455566406250e+02
6.802527093603009334e+00 3.663179931640625000e+02
6.805961845985541103e+00 3.681341552734375000e+02
6.809396598368071984e+00 3.712563781738281250e+02
6.812831350750603754e+00 3.759219665527343750e+02
6.816266103133134635e+00 3.705677795410156250e+02
6.819700855515666404e+00 3.673089904785156250e+02
6.823135607898196398e+00 3.623722534179687500e+02
6.826570360280728167e+00 3.605140991210937500e+02
6.830005112663259048e+00 3.541191406250000000e+02
6.833439865045790818e+00 3.507550354003906250e+02
6.836874617428321699e+00 3.456762695312500000e+02
6.840309369810852580e+00 3.415192260742187500e+02
6.843744122193384349e+00 3.417828369140625000e+02
6.847178874575915231e+00 3.446844177246093750e+02
6.850613626958446112e+00 3.455113525390625000e+02
6.854048379340976993e+00 3.487195434570312500e+02
6.857483131723508762e+00 3.484460754394531250e+02
6.860917884106039644e+00 3.492975158691406250e+02
6.864352636488571413e+00 3.506769714355468750e+02
6.867787388871102294e+00 3.509313049316406250e+02
6.871222141253634064e+00 3.544911193847656250e+02
6.874656893636164057e+00 3.575567932128906250e+02
6.878091646018695826e+00 3.610183105468750000e+02
6.881526398401226707e+00 3.714266662597656250e+02
6.884961150783758477e+00 3.968778686523437500e+02
6.888395903166289358e+00 4.376893920898437500e+02
6.891830655548821127e+00 4.832331848144531250e+02
6.895265407931352009e+00 5.510067138671875000e+02
6.898700160313882890e+00 5.605239257812500000e+02
6.902134912696413771e+00 5.254203491210937500e+02
6.905569665078945540e+00 4.574913635253906250e+02
6.909004417461476422e+00 4.182769470214843750e+02
6.912439169844007303e+00 3.843182373046875000e+02
6.915873922226539072e+00 3.697273559570312500e+02
6.919308674609069953e+00 3.585726013183593750e+02
6.922743426991601723e+00 3.523248291015625000e+02
6.926178179374131716e+00 3.543794860839843750e+02
6.929612931756663485e+00 3.571168823242187500e+02
6.933047684139194367e+00 3.600079650878906250e+02
6.936482436521726136e+00 3.591369323730468750e+02
6.939917188904257017e+00 3.555014648437500000e+02
6.943351941286788787e+00 3.571939392089843750e+02
6.946786693669319668e+00 3.591828308105468750e+02
6.950221446051850549e+00 3.636179504394531250e+02
6.953656198434381430e+00 3.605756530761718750e+02
6.957090950816913200e+00 3.596077270507812500e+02
6.960525703199444081e+00 3.587557983398437500e+02
6.963960455581975850e+00 3.562231140136718750e+02
6.967395207964506731e+00 3.519427185058593750e+02
6.970829960347038501e+00 3.494154968261718750e+02
6.974264712729568494e+00 3.455603942871093750e+02
6.977699465112100263e+00 3.438335876464843750e+02
6.981134217494631145e+00 3.486422424316406250e+02
6.984568969877162914e+00 3.525785522460937500e+02
6.988003722259693795e+00 3.514015502929687500e+02
6.991438474642224676e+00 3.451199951171875000e+02
6.994873227024756446e+00 3.361003112792968750e+02
6.998307979407287327e+00 3.339158020019531250e+02
7.001742731789818208e+00 3.394546813964843750e+02
7.005177484172349089e+00 3.481006774902343750e+02
7.008612236554880859e+00 3.466415100097656250e+02
7.012046988937411740e+00 3.424784545898437500e+02
7.015481741319943509e+00 3.431767272949218750e+02
7.018916493702474391e+00 3.483081970214843750e+02
7.022351246085006160e+00 3.484873657226562500e+02
7.025785998467536153e+00 3.502138977050781250e+02
7.029220750850067922e+00 3.489867553710937500e+02
7.032655503232598804e+00 3.474447021484375000e+02
7.036090255615130573e+00 3.413823242187500000e+02
7.039525007997661454e+00 3.387376403808593750e+02
7.042959760380193224e+00 3.366857604980468750e+02
7.046394512762724105e+00 3.357287902832031250e+02
7.049829265145254986e+00 3.376510925292968750e+02
7.053264017527785867e+00 3.389862060546875000e+02
7.056698769910317637e+00 3.348214111328125000e+02
7.060133522292848518e+00 3.368295898437500000e+02
7.063568274675379399e+00 3.439117431640625000e+02
7.067003027057911169e+00 3.471956481933593750e+02
7.070437779440442050e+00 3.499805297851562500e+02
7.073872531822972931e+00 3.520031127929687500e+02
7.077307284205503812e+00 3.539522399902343750e+02
7.080742036588035582e+00 3.565155334472656250e+02
7.084176788970566463e+00 3.606715698242187500e+02
7.087611541353098232e+00 3.616243286132812500e+02
7.091046293735629114e+00 3.661415100097656250e+02
7.094481046118160883e+00 3.711834716796875000e+02
7.097915798500691764e+00 3.705231323242187500e+02
7.101350550883222645e+00 3.676560058593750000e+02
7.104785303265753527e+00 3.634799499511718750e+02
7.108220055648285296e+00 3.582738647460937500e+02
7.111654808030816177e+00 3.562241516113281250e+02
7.115089560413347947e+00 3.512794494628906250e+02
7.118524312795878828e+00 3.467428894042968750e+02
7.121959065178410597e+00 3.453502197265625000e+02
7.125393817560940590e+00 3.409655151367187500e+02
7.128828569943472360e+00 3.358195190429687500e+02
7.132263322326003241e+00 3.336870727539062500e+02
7.135698074708535010e+00 3.348145751953125000e+02
7.139132827091065892e+00 3.347000732421875000e+02
7.142567579473596773e+00 3.352304077148437500e+02
7.146002331856128542e+00 3.362996215820312500e+02
7.149437084238658535e+00 3.351038208007812500e+02
7.152871836621190305e+00 3.355015869140625000e+02
7.156306589003721186e+00 3.332351684570312500e+02
7.159741341386252955e+00 3.380444946289062500e+02
7.163176093768782948e+00 3.424597167968750000e+02
7.166610846151314718e+00 3.460409545898437500e+02
7.170045598533845599e+00 3.455316772460937500e+02
7.173480350916377368e+00 3.456192626953125000e+02
7.176915103298908249e+00 3.444402770996093750e+02
7.180349855681440019e+00 3.433171386718750000e+02
7.183784608063970900e+00 3.411763610839843750e+02
7.187219360446502670e+00 3.373264160156250000e+02
7.190654112829033551e+00 3.326746520996093750e+02
7.194088865211565320e+00 3.316624145507812500e+02
7.197523617594096201e+00 3.334602966308593750e+02
7.200958369976627971e+00 3.356498718261718750e+02
7.204393122359158852e+00 3.324974975585937500e+02
7.207827874741689733e+00 3.302292480468750000e+02
7.211262627124221503e+00 3.281495666503906250e+02
7.214697379506751496e+00 3.257874450683593750e+02
7.218132131889282377e+00 3.216925659179687500e+02
7.221566884271814146e+00 3.221579284667968750e+02
7.225001636654345027e+00 3.255757446289062500e+02
7.228436389036875909e+00 3.230911254882812500e+02
7.231871141419407678e+00 3.233790283203125000e+02
7.235305893801938559e+00 3.234639892578125000e+02
7.238740646184470329e+00 3.195585937500000000e+02
7.242175398567001210e+00 3.182880249023437500e+02
7.245610150949532979e+00 3.180553283691406250e+02
7.249044903332063861e+00 3.213092956542968750e+02
7.252479655714595630e+00 3.203708190917968750e+02
7.255914408097126511e+00 3.218681335449218750e+02
7.259349160479658281e+00 3.217226867675781250e+02
7.262783912862187385e+00 3.210635986328125000e+02
7.266218665244719155e+00 3.212539062500000000e+02
7.269653417627250036e+00 3.208131103515625000e+02
7.273088170009781805e+00 3.271198425292968750e+02
7.276522922392312687e+00 3.251126708984375000e+02
7.279957674774844456e+00 3.224701232910156250e+02
7.283392427157375337e+00 3.175842285156250000e+02
7.286827179539907107e+00 3.199288024902343750e+02
7.290261931922437988e+00 3.215061645507812500e+02
7.293696684304968869e+00 3.242142028808593750e+02
7.297131436687500639e+00 3.269287414550781250e+02
7.300566189070031520e+00 3.269649658203125000e+02
7.304000941452563289e+00 3.243380126953125000e+02
7.307435693835094170e+00 3.253691406250000000e+02
7.310870446217625940e+00 3.266016845703125000e+02
7.314305198600155045e+00 3.272469787597656250e+02
7.317739950982686814e+00 3.285522766113281250e+02
7.321174703365217695e+00 3.285739135742187500e+02
7.324609455747749465e+00 3.226778259277343750e+02
7.328044208130280346e+00 3.238923034667968750e+02
7.331478960512812115e+00 3.228815307617187500e+02
7.334913712895342996e+00 3.188388061523437500e+02
7.338348465277874766e+00 3.168920288085937500e+02
7.341783217660405647e+00 3.187434997558593750e+02
7.345217970042937417e+00 3.235611572265625000e+02
7.348652722425468298e+00 3.262064208984375000e+02
7.352087474808000067e+00 3.275869750976562500e+02
7.355522227190530948e+00 3.265133056640625000e+02
7.358956979573061830e+00 3.225511474609375000e+02
7.362391731955593599e+00 3.189940185546875000e+02
7.365826484338123592e+00 3.226967163085937500e+02
7.369261236720654473e+00 3.269756774902343750e+02
7.372695989103186243e+00 3.311942749023437500e+02
7.376130741485717124e+00 3.322560729980468750e+02
7.379565493868248005e+00 3.298248291015625000e+02
7.383000246250779774e+00 3.303356933593750000e+02
7.386434998633310656e+00 3.330676879882812500e+02
7.389869751015842425e+00 3.357222290039062500e+02
7.393304503398373306e+00 3.321501159667968750e+02
7.396739255780905076e+00 3.267167358398437500e+02
7.400174008163435957e+00 3.257064819335937500e+02
7.403608760545967726e+00 3.314211425781250000e+02
7.407043512928498608e+00 3.365669860839843750e+02
7.410478265311030377e+00 3.346944580078125000e+02
7.413913017693559482e+00 3.246884765625000000e+02
7.417347770076091251e+00 3.161351318359375000e+02
7.420782522458622132e+00 3.150627746582031250e+02
7.424217274841153902e+00 3.161578674316406250e+02
7.427652027223684783e+00 3.169652709960937500e+02
7.431086779606216552e+00 3.166000061035156250e+02
7.434521531988747434e+00 3.089550476074218750e+02
7.437956284371279203e+00 2.987511596679687500e+02
