# # sector 20: chi = 24.98 deg (range [20, 30))
# # columns: 2theta(deg)  intensity
1.052751605245807909e+00 1.249449218750000000e+03
1.056186357628339012e+00 1.258013549804687500e+03
1.059621110010870337e+00 1.265490234375000000e+03
1.063055862393401441e+00 1.274192504882812500e+03
1.066490614775932544e+00 1.272964355468750000e+03
1.069925367158463869e+00 1.262110961914062500e+03
1.073360119540994972e+00 1.266787475585937500e+03
1.076794871923526298e+00 1.283502685546875000e+03
1.080229624306057401e+00 1.304273559570312500e+03
1.083664376688588726e+00 1.312731445312500000e+03
1.087099129071119830e+00 1.310002563476562500e+03
1.090533881453650933e+00 1.306361450195312500e+03
1.093968633836182036e+00 1.293196289062500000e+03
1.097403386218713361e+00 1.291995849609375000e+03
1.100838138601244465e+00 1.286852661132812500e+03
1.104272890983775568e+00 1.295066894531250000e+03
1.107707643366306893e+00 1.300743774414062500e+03
1.111142395748837997e+00 1.298088989257812500e+03
1.114577148131369322e+00 1.297225219726562500e+03
1.118011900513900425e+00 1.300952636718750000e+03
1.121446652896431750e+00 1.313035522460937500e+03
1.124881405278962854e+00 1.313277954101562500e+03
1.128316157661493957e+00 1.310632934570312500e+03
1.131750910044025060e+00 1.303371826171875000e+03
1.135185662426556386e+00 1.299366333007812500e+03
1.138620414809087489e+00 1.302729858398437500e+03
1.142055167191618592e+00 1.310057861328125000e+03
1.145489919574149917e+00 1.313214111328125000e+03
1.148924671956681021e+00 1.310920898437500000e+03
1.152359424339212346e+00 1.320739257812500000e+03
1.155794176721743449e+00 1.336625732421875000e+03
1.159228929104274775e+00 1.362256347656250000e+03
1.162663681486805878e+00 1.371657104492187500e+03
1.166098433869336981e+00 1.360988403320312500e+03
1.169533186251868084e+00 1.345980590820312500e+03
1.172967938634399410e+00 1.338753051757812500e+03
1.176402691016930513e+00 1.341615722656250000e+03
1.179837443399461616e+00 1.337127441406250000e+03
1.183272195781992941e+00 1.346786621093750000e+03
1.186706948164524045e+00 1.344595703125000000e+03
1.190141700547055370e+00 1.354204711914062500e+03
1.193576452929586473e+00 1.351450561523437500e+03
1.197011205312117799e+00 1.348758056640625000e+03
1.200445957694648902e+00 1.336260009765625000e+03
1.203880710077180005e+00 1.323173339843750000e+03
1.207315462459711108e+00 1.326529296875000000e+03
1.210750214842242434e+00 1.334692016601562500e+03
1.214184967224773537e+00 1.360751342773437500e+03
1.217619719607304640e+00 1.373846923828125000e+03
1.221054471989835966e+00 1.381618530273437500e+03
1.224489224372367069e+00 1.387132690429687500e+03
1.227923976754898394e+00 1.394726562500000000e+03
1.231358729137429497e+00 1.400240966796875000e+03
1.234793481519960823e+00 1.402650512695312500e+03
1.238228233902491926e+00 1.393203613281250000e+03
1.241662986285023029e+00 1.383309570312500000e+03
1.245097738667554133e+00 1.387036743164062500e+03
1.248532491050085236e+00 1.395327026367187500e+03
1.251967243432616561e+00 1.399091796875000000e+03
1.255401995815147664e+00 1.388895751953125000e+03
1.258836748197678990e+00 1.402866577148437500e+03
1.262271500580210093e+00 1.404555175781250000e+03
1.265706252962741418e+00 1.409750122070312500e+03
1.269141005345272522e+00 1.412120849609375000e+03
1.272575757727803847e+00 1.417620239257812500e+03
1.276010510110334950e+00 1.414824340820312500e+03
1.279445262492866053e+00 1.409777587890625000e+03
1.282880014875397157e+00 1.410437133789062500e+03
1.286314767257928260e+00 1.409665771484375000e+03
1.289749519640459585e+00 1.420466796875000000e+03
1.293184272022990688e+00 1.435188476562500000e+03
1.296619024405522014e+00 1.446266235351562500e+03
1.300053776788053117e+00 1.433954589843750000e+03
1.303488529170584442e+00 1.437647827148437500e+03
1.306923281553115546e+00 1.440313476562500000e+03
1.310358033935646871e+00 1.450255859375000000e+03
1.313792786318177974e+00 1.450054199218750000e+03
1.317227538700709077e+00 1.454527465820312500e+03
1.320662291083240181e+00 1.448188354492187500e+03
1.324097043465771284e+00 1.446218017578125000e+03
1.327531795848302609e+00 1.453479370117187500e+03
1.330966548230833713e+00 1.476408447265625000e+03
1.334401300613365038e+00 1.509641601562500000e+03
1.337836052995896141e+00 1.544698852539062500e+03
1.341270805378427466e+00 1.569772216796875000e+03
1.344705557760958570e+00 1.591921508789062500e+03
1.348140310143489895e+00 1.596374389648437500e+03
1.351575062526020998e+00 1.590264038085937500e+03
1.355009814908552102e+00 1.561590820312500000e+03
1.358444567291083205e+00 1.536130249023437500e+03
1.361879319673614308e+00 1.516282592773437500e+03
1.365314072056145633e+00 1.498950195312500000e+03
1.368748824438676737e+00 1.475319702148437500e+03
1.372183576821208062e+00 1.460654052734375000e+03
1.375618329203739165e+00 1.457750244140625000e+03
1.379053081586270491e+00 1.466926269531250000e+03
1.382487833968801594e+00 1.473710571289062500e+03
1.385922586351332919e+00 1.477718017578125000e+03
1.389357338733864022e+00 1.477717773437500000e+03
1.392792091116395126e+00 1.479123413085937500e+03
1.396226843498926229e+00 1.475032104492187500e+03
1.399661595881457332e+00 1.475571166992187500e+03
1.403096348263988657e+00 1.469911621093750000e+03
1.406531100646519761e+00 1.471723022460937500e+03
1.409965853029051086e+00 1.474961547851562500e+03
1.413400605411582189e+00 1.479536743164062500e+03
1.416835357794113515e+00 1.481726074218750000e+03
1.420270110176644618e+00 1.480988769531250000e+03
1.423704862559175943e+00 1.482290405273437500e+03
1.427139614941707046e+00 1.488494506835937500e+03
1.430574367324238150e+00 1.496076538085937500e+03
1.434009119706769253e+00 1.491354492187500000e+03
1.437443872089300356e+00 1.486766235351562500e+03
1.440878624471831682e+00 1.490341674804687500e+03
1.444313376854362785e+00 1.488765991210937500e+03
1.447748129236894110e+00 1.488545898437500000e+03
1.451182881619425213e+00 1.488773193359375000e+03
1.454617634001956539e+00 1.500145385742187500e+03
1.458052386384487642e+00 1.506374511718750000e+03
1.461487138767018967e+00 1.507008911132812500e+03
1.464921891149550071e+00 1.508329711914062500e+03
1.468356643532081174e+00 1.516065429687500000e+03
1.471791395914612277e+00 1.532864868164062500e+03
1.475226148297143380e+00 1.547448364257812500e+03
1.478660900679674706e+00 1.542154418945312500e+03
1.482095653062205809e+00 1.532783935546875000e+03
1.485530405444737134e+00 1.526484863281250000e+03
1.488965157827268238e+00 1.513807861328125000e+03
1.492399910209799563e+00 1.515892578125000000e+03
1.495834662592330666e+00 1.515894409179687500e+03
1.499269414974861991e+00 1.516800292968750000e+03
1.502704167357393095e+00 1.507970214843750000e+03
1.506138919739924198e+00 1.507223632812500000e+03
1.509573672122455301e+00 1.521181030273437500e+03
1.513008424504986404e+00 1.533219604492187500e+03
1.516443176887517730e+00 1.537785644531250000e+03
1.519877929270048833e+00 1.524505126953125000e+03
1.523312681652580158e+00 1.530510131835937500e+03
1.526747434035111262e+00 1.540830932617187500e+03
1.530182186417642587e+00 1.549891479492187500e+03
1.533616938800173690e+00 1.537164062500000000e+03
1.537051691182705015e+00 1.525056396484375000e+03
1.540486443565236119e+00 1.524252075195312500e+03
1.543921195947767222e+00 1.535176147460937500e+03
1.547355948330298325e+00 1.530127441406250000e+03
1.550790700712829429e+00 1.524741943359375000e+03
1.554225453095360754e+00 1.526336059570312500e+03
1.557660205477891857e+00 1.540871948242187500e+03
1.561094957860423182e+00 1.552586914062500000e+03
1.564529710242954286e+00 1.557793945312500000e+03
1.567964462625485611e+00 1.556464965820312500e+03
1.571399215008016714e+00 1.558584350585937500e+03
1.574833967390548040e+00 1.562865356445312500e+03
1.578268719773079143e+00 1.563589477539062500e+03
1.581703472155610246e+00 1.563929443359375000e+03
1.585138224538141349e+00 1.552613159179687500e+03
1.588572976920672453e+00 1.559785766601562500e+03
1.592007729303203778e+00 1.566469726562500000e+03
1.595442481685734881e+00 1.574957519531250000e+03
1.598877234068266207e+00 1.577007690429687500e+03
1.602311986450797310e+00 1.568489868164062500e+03
1.605746738833328635e+00 1.567889892578125000e+03
1.609181491215859738e+00 1.574971679687500000e+03
1.612616243598391064e+00 1.600544555664062500e+03
1.616050995980922167e+00 1.642841552734375000e+03
1.619485748363453270e+00 1.697498901367187500e+03
1.622920500745984373e+00 1.758032836914062500e+03
1.626355253128515477e+00 1.809650024414062500e+03
1.629790005511046802e+00 1.832256225585937500e+03
1.633224757893577905e+00 1.812996093750000000e+03
1.636659510276109231e+00 1.767201660156250000e+03
1.640094262658640334e+00 1.708902343750000000e+03
1.643529015041171659e+00 1.648171386718750000e+03
1.646963767423702762e+00 1.607166748046875000e+03
1.650398519806234088e+00 1.580807861328125000e+03
1.653833272188765191e+00 1.563965087890625000e+03
1.657268024571296294e+00 1.546921630859375000e+03
1.660702776953827398e+00 1.544552734375000000e+03
1.664137529336358501e+00 1.553980834960937500e+03
1.667572281718889826e+00 1.567617553710937500e+03
1.671007034101420929e+00 1.572884521484375000e+03
1.674441786483952255e+00 1.567895263671875000e+03
1.677876538866483358e+00 1.555348022460937500e+03
1.681311291249014683e+00 1.555062011718750000e+03
1.684746043631545787e+00 1.557599975585937500e+03
1.688180796014076890e+00 1.571017700195312500e+03
1.691615548396608215e+00 1.563025634765625000e+03
1.695050300779139318e+00 1.553219848632812500e+03
1.698485053161670422e+00 1.547652465820312500e+03
1.701919805544201525e+00 1.555631225585937500e+03
1.705354557926732850e+00 1.557624389648437500e+03
1.708789310309263954e+00 1.555032714843750000e+03
1.712224062691795279e+00 1.552261718750000000e+03
1.715658815074326382e+00 1.548334106445312500e+03
1.719093567456857707e+00 1.535993530273437500e+03
1.722528319839388811e+00 1.522938110351562500e+03
1.725963072221919914e+00 1.515625122070312500e+03
1.729397824604451239e+00 1.512785888671875000e+03
1.732832576986982343e+00 1.508759155273437500e+03
1.736267329369513446e+00 1.509652709960937500e+03
1.739702081752044549e+00 1.515407958984375000e+03
1.743136834134575874e+00 1.516154907226562500e+03
1.746571586517106978e+00 1.507154296875000000e+03
1.750006338899638303e+00 1.501235107421875000e+03
1.753441091282169406e+00 1.507927734375000000e+03
1.756875843664700731e+00 1.515919067382812500e+03
1.760310596047231835e+00 1.514248779296875000e+03
1.763745348429762938e+00 1.509601074218750000e+03
1.767180100812294263e+00 1.512599243164062500e+03
1.770614853194825367e+00 1.526374633789062500e+03
1.774049605577356470e+00 1.539409545898437500e+03
1.777484357959887573e+00 1.543475097656250000e+03
1.780919110342418898e+00 1.533913940429687500e+03
1.784353862724950002e+00 1.512645629882812500e+03
1.787788615107481327e+00 1.496107299804687500e+03
1.791223367490012208e+00 1.475472167968750000e+03
1.794658119872543534e+00 1.460177246093750000e+03
1.798092872255074859e+00 1.444071411132812500e+03
1.801527624637606184e+00 1.445383300781250000e+03
1.804962377020137065e+00 1.443080078125000000e+03
1.808397129402668391e+00 1.435378295898437500e+03
1.811831881785199494e+00 1.427895385742187500e+03
1.815266634167730819e+00 1.431797729492187500e+03
1.818701386550261700e+00 1.434954345703125000e+03
1.822136138932793026e+00 1.434865844726562500e+03
1.825570891315324351e+00 1.419979980468750000e+03
1.829005643697855676e+00 1.408929565429687500e+03
1.832440396080386558e+00 1.401692382812500000e+03
1.835875148462917883e+00 1.404126220703125000e+03
1.839309900845449208e+00 1.390145385742187500e+03
1.842744653227980089e+00 1.387103881835937500e+03
1.846179405610511415e+00 1.379494018554687500e+03
1.849614157993042740e+00 1.381309448242187500e+03
1.853048910375573843e+00 1.370762451171875000e+03
1.856483662758104725e+00 1.367010498046875000e+03
1.859918415140636050e+00 1.363325927734375000e+03
1.863353167523167375e+00 1.361024780273437500e+03
1.866787919905698701e+00 1.353362548828125000e+03
1.870222672288229582e+00 1.349675170898437500e+03
1.873657424670760907e+00 1.349170288085937500e+03
1.877092177053292232e+00 1.347761962890625000e+03
1.880526929435823114e+00 1.345831176757812500e+03
1.883961681818354439e+00 1.331899902343750000e+03
1.887396434200885764e+00 1.324763305664062500e+03
1.890831186583416867e+00 1.320396606445312500e+03
1.894265938965947749e+00 1.304156250000000000e+03
1.897700691348479074e+00 1.286988769531250000e+03
1.901135443731010399e+00 1.283562377929687500e+03
1.904570196113541725e+00 1.290701538085937500e+03
1.908004948496072606e+00 1.281343505859375000e+03
1.911439700878603931e+00 1.265807373046875000e+03
1.914874453261135256e+00 1.260053222656250000e+03
1.918309205643666138e+00 1.253970947265625000e+03
1.921743958026197463e+00 1.248322387695312500e+03
1.925178710408728788e+00 1.234039672851562500e+03
1.928613462791259892e+00 1.236590698242187500e+03
1.932048215173790773e+00 1.233049560546875000e+03
1.935482967556322098e+00 1.234499633789062500e+03
1.938917719938853423e+00 1.227210815429687500e+03
1.942352472321384749e+00 1.227131835937500000e+03
1.945787224703915630e+00 1.223567382812500000e+03
1.949221977086446955e+00 1.217821899414062500e+03
1.952656729468978281e+00 1.214812011718750000e+03
1.956091481851509162e+00 1.210327392578125000e+03
1.959526234234040487e+00 1.201777832031250000e+03
1.962960986616571812e+00 1.190475341796875000e+03
1.966395738999102916e+00 1.180426757812500000e+03
1.969830491381633797e+00 1.182161254882812500e+03
1.973265243764165122e+00 1.178240600585937500e+03
1.976699996146696447e+00 1.199858764648437500e+03
1.980134748529227329e+00 1.226489746093750000e+03
1.983569500911758654e+00 1.268962280273437500e+03
1.987004253294289979e+00 1.324697998046875000e+03
1.990439005676821305e+00 1.397091918945312500e+03
1.993873758059352186e+00 1.476952880859375000e+03
1.997308510441883511e+00 1.542278320312500000e+03
2.000743262824414614e+00 1.562357299804687500e+03
2.004178015206945940e+00 1.538426513671875000e+03
2.007612767589476821e+00 1.473411010742187500e+03
2.011047519972008146e+00 1.399673339843750000e+03
2.014482272354539472e+00 1.318699584960937500e+03
2.017917024737070353e+00 1.243296142578125000e+03
2.021351777119601678e+00 1.196098632812500000e+03
2.024786529502133003e+00 1.168906250000000000e+03
2.028221281884664329e+00 1.164043334960937500e+03
2.031656034267195210e+00 1.147501098632812500e+03
2.035090786649726535e+00 1.140510131835937500e+03
2.038525539032257861e+00 1.137336425781250000e+03
2.041960291414789186e+00 1.144980468750000000e+03
2.045395043797320067e+00 1.147896972656250000e+03
2.048829796179851392e+00 1.138609375000000000e+03
2.052264548562382718e+00 1.129578002929687500e+03
2.055699300944913599e+00 1.120544677734375000e+03
2.059134053327444924e+00 1.120235961914062500e+03
2.062568805709975805e+00 1.126289062500000000e+03
2.066003558092507131e+00 1.132450195312500000e+03
2.069438310475038012e+00 1.120490722656250000e+03
2.072873062857569337e+00 1.106756225585937500e+03
2.076307815240100663e+00 1.098878662109375000e+03
2.079742567622631988e+00 1.093349853515625000e+03
2.083177320005162869e+00 1.088531250000000000e+03
2.086612072387694194e+00 1.093898925781250000e+03
2.090046824770225520e+00 1.095022460937500000e+03
2.093481577152756401e+00 1.089796752929687500e+03
2.096916329535287726e+00 1.085503784179687500e+03
2.100351081917819052e+00 1.086629638671875000e+03
2.103785834300350377e+00 1.078115112304687500e+03
2.107220586682881258e+00 1.073668334960937500e+03
2.110655339065412583e+00 1.064858398437500000e+03
2.114090091447943909e+00 1.056933349609375000e+03
2.117524843830475234e+00 1.055560791015625000e+03
2.120959596213006115e+00 1.063861938476562500e+03
2.124394348595537441e+00 1.059574462890625000e+03
2.127829100978068766e+00 1.048987548828125000e+03
2.131263853360599647e+00 1.038940673828125000e+03
2.134698605743130972e+00 1.042210815429687500e+03
2.138133358125661854e+00 1.043478759765625000e+03
2.141568110508193179e+00 1.046717407226562500e+03
2.145002862890724060e+00 1.051204467773437500e+03
2.148437615273255386e+00 1.048012329101562500e+03
2.151872367655786711e+00 1.034087646484375000e+03
2.155307120038318036e+00 1.020584533691406250e+03
2.158741872420848917e+00 1.019661987304687500e+03
2.162176624803380243e+00 1.015175781250000000e+03
2.165611377185911568e+00 1.015909118652343750e+03
2.169046129568442449e+00 1.003694213867187500e+03
2.172480881950973775e+00 1.004444213867187500e+03
2.175915634333505100e+00 1.005229919433593750e+03
2.179350386716036425e+00 1.020111145019531250e+03
2.182785139098567306e+00 1.015765380859375000e+03
2.186219891481098632e+00 1.004809082031250000e+03
2.189654643863629957e+00 9.929426269531250000e+02
2.193089396246161282e+00 9.934932861328125000e+02
2.196524148628692163e+00 9.917288208007812500e+02
2.199958901011223489e+00 9.853481445312500000e+02
2.203393653393754814e+00 9.847352905273437500e+02
2.206828405776285695e+00 9.854562988281250000e+02
2.210263158158817021e+00 9.670845336914062500e+02
2.213697910541347902e+00 9.611130981445312500e+02
2.217132662923879227e+00 9.637287597656250000e+02
2.220567415306410108e+00 9.796333618164062500e+02
2.224002167688941434e+00 9.725303955078125000e+02
2.227436920071472759e+00 9.612350463867187500e+02
2.230871672454004084e+00 9.470928955078125000e+02
2.234306424836534966e+00 9.441216430664062500e+02
2.237741177219066291e+00 9.438984375000000000e+02
2.241175929601597616e+00 9.437986450195312500e+02
2.244610681984128497e+00 9.447903442382812500e+02
2.248045434366659823e+00 9.517280273437500000e+02
2.251480186749191148e+00 9.564360351562500000e+02
2.254914939131722473e+00 9.567720336914062500e+02
2.258349691514253355e+00 9.461174926757812500e+02
2.261784443896784680e+00 9.381582641601562500e+02
2.265219196279316005e+00 9.268204956054687500e+02
2.268653948661847330e+00 9.318125610351562500e+02
2.272088701044378212e+00 9.366080322265625000e+02
2.275523453426909537e+00 9.441406860351562500e+02
2.278958205809440862e+00 9.407236328125000000e+02
2.282392958191971744e+00 9.395850219726562500e+02
2.285827710574503069e+00 9.408265380859375000e+02
2.289262462957033950e+00 9.470507812500000000e+02
2.292697215339565275e+00 9.426814575195312500e+02
2.296131967722096157e+00 9.463349609375000000e+02
2.299566720104627482e+00 9.608159790039062500e+02
2.303001472487158807e+00 9.981585693359375000e+02
2.306436224869690133e+00 1.051392822265625000e+03
2.309870977252221014e+00 1.109936645507812500e+03
2.313305729634752339e+00 1.176898193359375000e+03
2.316740482017283664e+00 1.228385864257812500e+03
2.320175234399814546e+00 1.245592529296875000e+03
2.323609986782345871e+00 1.215962768554687500e+03
2.327044739164877196e+00 1.138497680664062500e+03
2.330479491547408522e+00 1.051066650390625000e+03
2.333914243929939403e+00 9.786043090820312500e+02
2.337348996312470728e+00 9.387781372070312500e+02
2.340783748695002053e+00 9.271365356445312500e+02
2.344218501077533379e+00 9.298346557617187500e+02
2.347653253460064260e+00 9.181609497070312500e+02
2.351088005842595585e+00 9.037691650390625000e+02
2.354522758225126911e+00 8.873310546875000000e+02
2.357957510607657792e+00 8.783438110351562500e+02
2.361392262990189117e+00 8.671343383789062500e+02
2.364827015372720442e+00 8.680899658203125000e+02
2.368261767755251324e+00 8.690747680664062500e+02
2.371696520137782205e+00 8.657393798828125000e+02
2.375131272520313530e+00 8.605242309570312500e+02
2.378566024902844855e+00 8.628275146484375000e+02
2.382000777285376181e+00 8.675161132812500000e+02
2.385435529667907062e+00 8.682080688476562500e+02
2.388870282050438387e+00 8.692459106445312500e+02
2.392305034432969713e+00 8.709321289062500000e+02
2.395739786815500594e+00 8.640632324218750000e+02
2.399174539198031919e+00 8.555368652343750000e+02
2.402609291580563244e+00 8.569848022460937500e+02
2.406044043963094570e+00 8.584380493164062500e+02
2.409478796345625451e+00 8.545614624023437500e+02
2.412913548728156776e+00 8.422064208984375000e+02
2.416348301110688102e+00 8.343197631835937500e+02
2.419783053493219427e+00 8.324297485351562500e+02
2.423217805875750308e+00 8.338535766601562500e+02
2.426652558258281633e+00 8.357295532226562500e+02
2.430087310640812959e+00 8.396007080078125000e+02
2.433522063023343840e+00 8.444630126953125000e+02
2.436956815405875165e+00 8.493768920898437500e+02
2.440391567788406491e+00 8.459971313476562500e+02
2.443826320170937372e+00 8.447077026367187500e+02
2.447261072553468253e+00 8.349677124023437500e+02
2.450695824935999578e+00 8.299017944335937500e+02
2.454130577318530904e+00 8.222080078125000000e+02
2.457565329701061785e+00 8.200702514648437500e+02
2.461000082083593110e+00 8.168687744140625000e+02
2.464434834466124435e+00 8.277019653320312500e+02
2.467869586848655761e+00 8.252493896484375000e+02
2.471304339231186642e+00 8.214711303710937500e+02
2.474739091613717967e+00 8.158386230468750000e+02
2.478173843996249293e+00 8.165996704101562500e+02
2.481608596378780618e+00 8.139010620117187500e+02
2.485043348761311499e+00 8.108075561523437500e+02
2.488478101143842824e+00 8.164160156250000000e+02
2.491912853526374150e+00 8.233634643554687500e+02
2.495347605908905031e+00 8.335943603515625000e+02
2.498782358291436356e+00 8.539672851562500000e+02
2.502217110673967682e+00 8.876579589843750000e+02
2.505651863056499007e+00 9.152178955078125000e+02
2.509086615439029888e+00 9.294106445312500000e+02
2.512521367821561213e+00 9.306980590820312500e+02
2.515956120204092539e+00 9.198864746093750000e+02
2.519390872586623420e+00 8.930448608398437500e+02
2.522825624969154301e+00 8.574458007812500000e+02
2.526260377351685626e+00 8.270292358398437500e+02
2.529695129734216952e+00 8.075386352539062500e+02
2.533129882116747833e+00 7.925336303710937500e+02
2.536564634499279158e+00 7.817091674804687500e+02
2.539999386881810484e+00 7.732829589843750000e+02
2.543434139264341809e+00 7.691600341796875000e+02
2.546868891646872690e+00 7.661245117187500000e+02
2.550303644029404015e+00 7.607445678710937500e+02
2.553738396411935341e+00 7.573001098632812500e+02
2.557173148794466666e+00 7.605288696289062500e+02
2.560607901176997547e+00 7.649613647460937500e+02
2.564042653559528873e+00 7.608060913085937500e+02
2.567477405942060198e+00 7.548950195312500000e+02
2.570912158324591079e+00 7.513370361328125000e+02
2.574346910707122404e+00 7.504490966796875000e+02
2.577781663089653730e+00 7.454551391601562500e+02
2.581216415472185055e+00 7.470640869140625000e+02
2.584651167854715936e+00 7.535708618164062500e+02
2.588085920237247262e+00 7.549811401367187500e+02
2.591520672619778587e+00 7.458840332031250000e+02
2.594955425002309468e+00 7.419774169921875000e+02
2.598390177384840349e+00 7.419475097656250000e+02
2.601824929767371675e+00 7.463342895507812500e+02
2.605259682149903000e+00 7.469957885742187500e+02
2.608694434532433881e+00 7.477751464843750000e+02
2.612129186914965207e+00 7.469979858398437500e+02
2.615563939297496532e+00 7.530827026367187500e+02
2.618998691680027857e+00 7.560384521484375000e+02
2.622433444062558738e+00 7.558124389648437500e+02
2.625868196445090064e+00 7.516702270507812500e+02
2.629302948827621389e+00 7.472081298828125000e+02
2.632737701210152714e+00 7.375004272460937500e+02
2.636172453592683596e+00 7.273953247070312500e+02
2.639607205975214921e+00 7.196461181640625000e+02
2.643041958357746246e+00 7.151519165039062500e+02
2.646476710740277127e+00 7.159208984375000000e+02
2.649911463122808453e+00 7.203025512695312500e+02
2.653346215505339778e+00 7.227023315429687500e+02
2.656780967887871103e+00 7.220474243164062500e+02
2.660215720270401984e+00 7.202688598632812500e+02
2.663650472652933310e+00 7.210843505859375000e+02
2.667085225035464635e+00 7.294356689453125000e+02
2.670519977417995516e+00 7.314727172851562500e+02
2.673954729800526398e+00 7.333026123046875000e+02
2.677389482183057723e+00 7.268065795898437500e+02
2.680824234565589048e+00 7.255502929687500000e+02
2.684258986948119929e+00 7.287257080078125000e+02
2.687693739330651255e+00 7.265695190429687500e+02
2.691128491713182580e+00 7.184830932617187500e+02
2.694563244095713905e+00 7.032263183593750000e+02
2.697997996478244787e+00 6.975808105468750000e+02
2.701432748860776112e+00 6.923425903320312500e+02
2.704867501243307437e+00 6.933724365234375000e+02
2.708302253625838762e+00 6.954690551757812500e+02
2.711737006008369644e+00 7.000756225585937500e+02
2.715171758390900969e+00 7.043071899414062500e+02
2.718606510773432294e+00 7.156640014648437500e+02
2.722041263155963176e+00 7.157644653320312500e+02
2.725476015538494501e+00 7.072171630859375000e+02
2.728910767921025826e+00 6.945598144531250000e+02
2.732345520303557151e+00 6.955992431640625000e+02
2.735780272686088033e+00 6.997920532226562500e+02
2.739215025068619358e+00 7.064572753906250000e+02
2.742649777451150683e+00 7.209109497070312500e+02
2.746084529833681565e+00 7.397077026367187500e+02
2.749519282216212890e+00 7.721907348632812500e+02
2.752954034598743771e+00 8.327695922851562500e+02
2.756388786981275096e+00 9.321051635742187500e+02
2.759823539363805978e+00 1.044754760742187500e+03
2.763258291746337303e+00 1.132587280273437500e+03
2.766693044128868628e+00 1.168890258789062500e+03
2.770127796511399954e+00 1.152985595703125000e+03
2.773562548893930835e+00 1.081589721679687500e+03
2.776997301276462160e+00 9.765120239257812500e+02
2.780432053658993485e+00 8.641873168945312500e+02
2.783866806041524811e+00 7.819874877929687500e+02
2.787301558424055692e+00 7.226560058593750000e+02
2.790736310806587017e+00 6.934838256835937500e+02
2.794171063189118343e+00 6.837966308593750000e+02
2.797605815571649224e+00 6.899357910156250000e+02
2.801040567954180549e+00 6.872465820312500000e+02
2.804475320336711874e+00 6.838909912109375000e+02
2.807910072719243200e+00 6.880745849609375000e+02
2.811344825101774081e+00 6.997561645507812500e+02
2.814779577484305406e+00 7.052716674804687500e+02
2.818214329866836731e+00 7.069351196289062500e+02
2.821649082249367613e+00 7.106752929687500000e+02
2.825083834631898938e+00 7.358970947265625000e+02
2.828518587014429819e+00 7.691814575195312500e+02
2.831953339396961145e+00 7.984291992187500000e+02
2.835388091779492026e+00 8.137364501953125000e+02
2.838822844162023351e+00 8.113606567382812500e+02
2.842257596544554676e+00 7.959369506835937500e+02
2.845692348927086002e+00 7.662078857421875000e+02
2.849127101309616883e+00 7.399715576171875000e+02
2.852561853692148208e+00 7.140796508789062500e+02
2.855996606074679534e+00 6.964663085937500000e+02
2.859431358457210415e+00 6.752808227539062500e+02
2.862866110839741740e+00 6.629235839843750000e+02
2.866300863222273065e+00 6.602355346679687500e+02
2.869735615604804391e+00 6.630178833007812500e+02
2.873170367987335272e+00 6.626931762695312500e+02
2.876605120369866597e+00 6.680808715820312500e+02
2.880039872752397923e+00 6.685579223632812500e+02
2.883474625134929248e+00 6.684404296875000000e+02
2.886909377517460129e+00 6.669884643554687500e+02
2.890344129899991454e+00 6.692557983398437500e+02
2.893778882282522780e+00 6.732229003906250000e+02
2.897213634665053661e+00 6.695565795898437500e+02
2.900648387047584986e+00 6.697651977539062500e+02
2.904083139430115867e+00 6.773559570312500000e+02
2.907517891812647193e+00 6.888566894531250000e+02
2.910952644195178074e+00 6.960140380859375000e+02
2.914387396577709399e+00 7.022714233398437500e+02
2.917822148960240725e+00 7.047586669921875000e+02
2.921256901342772050e+00 7.105854492187500000e+02
2.924691653725302931e+00 7.228198852539062500e+02
2.928126406107834256e+00 7.511135864257812500e+02
2.931561158490365582e+00 7.765046997070312500e+02
2.934995910872896463e+00 8.051997680664062500e+02
2.938430663255427788e+00 8.184506225585937500e+02
2.941865415637959114e+00 8.325353393554687500e+02
2.945300168020490439e+00 8.365917358398437500e+02
2.948734920403021320e+00 8.402849731445312500e+02
2.952169672785552645e+00 8.627922363281250000e+02
2.955604425168083971e+00 9.440053100585937500e+02
2.959039177550615296e+00 1.164870971679687500e+03
2.962473929933146177e+00 1.626952636718750000e+03
2.965908682315677503e+00 2.461921386718750000e+03
2.969343434698208828e+00 3.683550048828125000e+03
2.972778187080739709e+00 5.105774414062500000e+03
2.976212939463271034e+00 6.400800292968750000e+03
2.979647691845801916e+00 7.101290039062500000e+03
2.983082444228333241e+00 6.936473144531250000e+03
2.986517196610864122e+00 6.010196289062500000e+03
2.989951948993395447e+00 4.638062500000000000e+03
2.993386701375926773e+00 3.235960937500000000e+03
2.996821453758458098e+00 2.128311035156250000e+03
3.000256206140988979e+00 1.413693481445312500e+03
3.003690958523520305e+00 1.044154174804687500e+03
3.007125710906051630e+00 8.688690795898437500e+02
3.010560463288582511e+00 7.969662475585937500e+02
3.013995215671113836e+00 7.579821777343750000e+02
3.017429968053645162e+00 7.325585327148437500e+02
3.020864720436176487e+00 7.092700805664062500e+02
3.024299472818707368e+00 7.032507934570312500e+02
3.027734225201238694e+00 7.012613525390625000e+02
3.031168977583770019e+00 6.970308837890625000e+02
3.034603729966301344e+00 6.989116210937500000e+02
3.038038482348832225e+00 7.118889160156250000e+02
3.041473234731363551e+00 7.125299072265625000e+02
3.044907987113894876e+00 7.104457397460937500e+02
3.048342739496425757e+00 7.099003295898437500e+02
3.051777491878957083e+00 7.206860351562500000e+02
3.055212244261487964e+00 7.215159301757812500e+02
3.058646996644019289e+00 7.169617919921875000e+02
3.062081749026550170e+00 7.122761840820312500e+02
3.065516501409081496e+00 7.166643066406250000e+02
3.068951253791612821e+00 7.340367431640625000e+02
3.072386006174144146e+00 7.475395507812500000e+02
3.075820758556675028e+00 7.590044555664062500e+02
3.079255510939206353e+00 7.480221557617187500e+02
3.082690263321737678e+00 7.367022705078125000e+02
3.086125015704268559e+00 7.138976440429687500e+02
3.089559768086799885e+00 6.916087036132812500e+02
3.092994520469331210e+00 6.655151977539062500e+02
3.096429272851862535e+00 6.428535766601562500e+02
3.099864025234393416e+00 6.288694458007812500e+02
3.103298777616924742e+00 6.261746215820312500e+02
3.106733529999456067e+00 6.239282836914062500e+02
3.110168282381987392e+00 6.172604980468750000e+02
3.113603034764518274e+00 6.083010864257812500e+02
3.117037787147049599e+00 6.046832275390625000e+02
3.120472539529580924e+00 6.022545776367187500e+02
3.123907291912111805e+00 6.066660766601562500e+02
3.127342044294643131e+00 6.070554199218750000e+02
3.130776796677174012e+00 6.055572509765625000e+02
3.134211549059705337e+00 6.021819458007812500e+02
3.137646301442236219e+00 5.935217285156250000e+02
3.141081053824767544e+00 5.928809204101562500e+02
3.144515806207298869e+00 5.952730712890625000e+02
3.147950558589830194e+00 6.036413574218750000e+02
3.151385310972361076e+00 6.053972778320312500e+02
3.154820063354892401e+00 6.002597045898437500e+02
3.158254815737423726e+00 5.944912109375000000e+02
3.161689568119954608e+00 5.945078125000000000e+02
3.165124320502485933e+00 5.973300781250000000e+02
3.168559072885017258e+00 5.970475463867187500e+02
3.171993825267548583e+00 5.933236694335937500e+02
3.175428577650079465e+00 5.921967773437500000e+02
3.178863330032610790e+00 5.879384155273437500e+02
3.182298082415142115e+00 5.855284423828125000e+02
3.185732834797673441e+00 5.914913940429687500e+02
3.189167587180204322e+00 5.960030517578125000e+02
3.192602339562735647e+00 5.909765014648437500e+02
3.196037091945266972e+00 5.774946289062500000e+02
3.199471844327797854e+00 5.710360717773437500e+02
3.202906596710329179e+00 5.733537597656250000e+02
3.206341349092860060e+00 5.773314208984375000e+02
3.209776101475391386e+00 5.868787231445312500e+02
3.213210853857922267e+00 5.877299194335937500e+02
3.216645606240453592e+00 5.900505371093750000e+02
3.220080358622984917e+00 5.808826904296875000e+02
3.223515111005516243e+00 5.819303588867187500e+02
3.226949863388047124e+00 5.781224975585937500e+02
3.230384615770578449e+00 5.798026733398437500e+02
3.233819368153109775e+00 5.773815307617187500e+02
3.237254120535640656e+00 5.789970092773437500e+02
3.240688872918171981e+00 5.848281860351562500e+02
3.244123625300703306e+00 5.866692504882812500e+02
3.247558377683234632e+00 5.942045898437500000e+02
3.250993130065765513e+00 6.029733886718750000e+02
3.254427882448296838e+00 6.210811157226562500e+02
3.257862634830828164e+00 6.382758789062500000e+02
3.261297387213359489e+00 6.554539794921875000e+02
3.264732139595890370e+00 6.721088867187500000e+02
3.268166891978421695e+00 6.658787841796875000e+02
3.271601644360953021e+00 6.487135009765625000e+02
3.275036396743483902e+00 6.226440429687500000e+02
3.278471149126015227e+00 6.060395507812500000e+02
3.281905901508546108e+00 5.958045043945312500e+02
3.285340653891077434e+00 5.892247314453125000e+02
3.288775406273608315e+00 5.802180175781250000e+02
3.292210158656139640e+00 5.720971069335937500e+02
3.295644911038670966e+00 5.718392333984375000e+02
3.299079663421202291e+00 5.773567504882812500e+02
3.302514415803733172e+00 5.730133056640625000e+02
3.305949168186264497e+00 5.708933715820312500e+02
3.309383920568795823e+00 5.722409667968750000e+02
3.312818672951326704e+00 5.730634155273437500e+02
3.316253425333858029e+00 5.751646728515625000e+02
3.319688177716389355e+00 5.749310913085937500e+02
3.323122930098920680e+00 5.767947387695312500e+02
3.326557682481451561e+00 5.758036499023437500e+02
3.329992434863982886e+00 5.720855712890625000e+02
3.333427187246514212e+00 5.697662353515625000e+02
3.336861939629045093e+00 5.662902221679687500e+02
3.340296692011576418e+00 5.681267089843750000e+02
3.343731444394107744e+00 5.762257080078125000e+02
3.347166196776639069e+00 5.800802001953125000e+02
3.350600949159169950e+00 5.924287719726562500e+02
3.354035701541701275e+00 5.962938842773437500e+02
3.357470453924232601e+00 6.074053955078125000e+02
3.360905206306763482e+00 6.048734741210937500e+02
3.364339958689294363e+00 5.943515625000000000e+02
3.367774711071825688e+00 5.849128417968750000e+02
3.371209463454357014e+00 5.787083740234375000e+02
3.374644215836887895e+00 5.770687255859375000e+02
3.378078968219419220e+00 5.701412963867187500e+02
3.381513720601950546e+00 5.692722167968750000e+02
3.384948472984481871e+00 5.706553955078125000e+02
3.388383225367012752e+00 5.690872192382812500e+02
3.391817977749544077e+00 5.685426025390625000e+02
3.395252730132075403e+00 5.599188842773437500e+02
3.398687482514606728e+00 5.553414916992187500e+02
3.402122234897137609e+00 5.553944091796875000e+02
3.405556987279668935e+00 5.676247558593750000e+02
3.408991739662200260e+00 5.821195678710937500e+02
3.412426492044731141e+00 5.955700683593750000e+02
3.415861244427262466e+00 5.987523193359375000e+02
3.419295996809793792e+00 6.022708129882812500e+02
3.422730749192325117e+00 6.094020385742187500e+02
3.426165501574855998e+00 6.298853149414062500e+02
3.429600253957387324e+00 6.592914428710937500e+02
3.433035006339918649e+00 7.013875732421875000e+02
3.436469758722449530e+00 7.457034301757812500e+02
3.439904511104980411e+00 7.827355346679687500e+02
3.443339263487511737e+00 8.081452636718750000e+02
3.446774015870043062e+00 8.085512695312500000e+02
3.450208768252573943e+00 7.768743286132812500e+02
3.453643520635105268e+00 7.186572875976562500e+02
3.457078273017636594e+00 6.643155517578125000e+02
3.460513025400167919e+00 6.187979736328125000e+02
3.463947777782698800e+00 5.936466064453125000e+02
3.467382530165230126e+00 5.839194946289062500e+02
3.470817282547761451e+00 5.799749145507812500e+02
3.474252034930292776e+00 5.734281005859375000e+02
3.477686787312823657e+00 5.696330566406250000e+02
3.481121539695354983e+00 5.693042602539062500e+02
3.484556292077886308e+00 5.609175415039062500e+02
3.487991044460417189e+00 5.510518188476562500e+02
3.491425796842948515e+00 5.446847534179687500e+02
3.494860549225479840e+00 5.446229248046875000e+02
3.498295301608011165e+00 5.480041503906250000e+02
3.501730053990542046e+00 5.514495239257812500e+02
3.505164806373073372e+00 5.427219848632812500e+02
3.508599558755604697e+00 5.373735351562500000e+02
3.512034311138135578e+00 5.385269775390625000e+02
3.515469063520666460e+00 5.424193725585937500e+02
3.518903815903197785e+00 5.485633544921875000e+02
3.522338568285729110e+00 5.477238769531250000e+02
3.525773320668259991e+00 5.458758544921875000e+02
3.529208073050791317e+00 5.368110961914062500e+02
3.532642825433322642e+00 5.337489624023437500e+02
3.536077577815853967e+00 5.363363037109375000e+02
3.539512330198384849e+00 5.373337402343750000e+02
3.542947082580916174e+00 5.405249023437500000e+02
3.546381834963447499e+00 5.447638549804687500e+02
3.549816587345978824e+00 5.483397216796875000e+02
3.553251339728509706e+00 5.408983764648437500e+02
3.556686092111041031e+00 5.366674194335937500e+02
3.560120844493572356e+00 5.367307739257812500e+02
3.563555596876103237e+00 5.391786499023437500e+02
3.566990349258634563e+00 5.417509155273437500e+02
3.570425101641165888e+00 5.415675659179687500e+02
3.573859854023697213e+00 5.404692382812500000e+02
3.577294606406228095e+00 5.329588012695312500e+02
3.580729358788759420e+00 5.242614746093750000e+02
3.584164111171290301e+00 5.209327392578125000e+02
3.587598863553821626e+00 5.234694213867187500e+02
3.591033615936352508e+00 5.315924072265625000e+02
3.594468368318883833e+00 5.342363281250000000e+02
3.597903120701415158e+00 5.397639770507812500e+02
3.601337873083946484e+00 5.412524414062500000e+02
3.604772625466477809e+00 5.345433959960937500e+02
3.608207377849008246e+00 5.252994995117187500e+02
3.611642130231539571e+00 5.237993164062500000e+02
3.615076882614070897e+00 5.223962402343750000e+02
3.618511634996602222e+00 5.215599975585937500e+02
3.621946387379133547e+00 5.187023315429687500e+02
3.625381139761664873e+00 5.195005493164062500e+02
3.628815892144196198e+00 5.166846923828125000e+02
3.632250644526726635e+00 5.163316650390625000e+02
3.635685396909257960e+00 5.196287231445312500e+02
3.639120149291789286e+00 5.231224975585937500e+02
3.642554901674320611e+00 5.194910888671875000e+02
3.645989654056851936e+00 5.126103515625000000e+02
3.649424406439383262e+00 5.116109619140625000e+02
3.652859158821914587e+00 5.168224487304687500e+02
3.656293911204445912e+00 5.216384887695312500e+02
3.659728663586976349e+00 5.311702880859375000e+02
3.663163415969507675e+00 5.310703735351562500e+02
3.666598168352038556e+00 5.238739624023437500e+02
3.670032920734569881e+00 5.151837158203125000e+02
3.673467673117101207e+00 5.122102661132812500e+02
3.676902425499632532e+00 5.146510620117187500e+02
3.680337177882163857e+00 5.191520996093750000e+02
3.683771930264694294e+00 5.232772827148437500e+02
3.687206682647225620e+00 5.216403198242187500e+02
3.690641435029756945e+00 5.182614746093750000e+02
3.694076187412288270e+00 5.128118896484375000e+02
3.697510939794819596e+00 5.149469604492187500e+02
3.700945692177350921e+00 5.055892944335937500e+02
3.704380444559882246e+00 4.997676086425781250e+02
3.707815196942412683e+00 4.985643615722656250e+02
3.711249949324944009e+00 5.066277465820312500e+02
3.714684701707475334e+00 5.089456176757812500e+02
3.718119454090006659e+00 5.056574401855468750e+02
3.721554206472537984e+00 5.045657043457031250e+02
3.724988958855069310e+00 5.043012084960937500e+02
3.728423711237600635e+00 5.034090576171875000e+02
3.731858463620131960e+00 4.981116943359375000e+02
3.735293216002662398e+00 5.005389709472656250e+02
3.738727968385193723e+00 5.058959655761718750e+02
3.742162720767725048e+00 5.169679565429687500e+02
3.745597473150255929e+00 5.175120849609375000e+02
3.749032225532787255e+00 5.149277343750000000e+02
3.752466977915318580e+00 5.108042602539062500e+02
3.755901730297849905e+00 5.141859741210937500e+02
3.759336482680380342e+00 5.257354736328125000e+02
3.762771235062911668e+00 5.367122192382812500e+02
3.766205987445442993e+00 5.531535644531250000e+02
3.769640739827974318e+00 5.663371582031250000e+02
3.773075492210505644e+00 5.765557861328125000e+02
3.776510244593036969e+00 5.759445800781250000e+02
3.779944996975568294e+00 5.662509155273437500e+02
3.783379749358098731e+00 5.467667236328125000e+02
3.786814501740630057e+00 5.290953369140625000e+02
3.790249254123161382e+00 5.199984130859375000e+02
3.793684006505692707e+00 5.155563964843750000e+02
3.797118758888224033e+00 5.131757812500000000e+02
3.800553511270755358e+00 5.112568359375000000e+02
3.803988263653286683e+00 5.115931091308593750e+02
3.807423016035818009e+00 5.066098327636718750e+02
3.810857768418348446e+00 5.016648254394531250e+02
3.814292520800879771e+00 5.016761169433593750e+02
3.817727273183411096e+00 5.057209777832031250e+02
3.821162025565941978e+00 5.052011108398437500e+02
3.824596777948473303e+00 5.070520019531250000e+02
3.828031530331004628e+00 5.126334838867187500e+02
3.831466282713535954e+00 5.181600952148437500e+02
3.834901035096066391e+00 5.299667358398437500e+02
3.838335787478597716e+00 5.455857543945312500e+02
3.841770539861129041e+00 5.623090209960937500e+02
3.845205292243660367e+00 5.755952758789062500e+02
3.848640044626191692e+00 5.844063720703125000e+02
3.852074797008723017e+00 5.889609375000000000e+02
3.855509549391254343e+00 5.835657958984375000e+02
3.858944301773784780e+00 5.751818847656250000e+02
3.862379054156316105e+00 5.594103393554687500e+02
3.865813806538847430e+00 5.498268432617187500e+02
3.869248558921378756e+00 5.404741821289062500e+02
3.872683311303910081e+00 5.360054321289062500e+02
3.876118063686441406e+00 5.287979736328125000e+02
3.879552816068972732e+00 5.253741455078125000e+02
3.882987568451504057e+00 5.168946533203125000e+02
3.886422320834034494e+00 5.096057739257812500e+02
3.889857073216565819e+00 5.035137634277343750e+02
3.893291825599097145e+00 4.972871093750000000e+02
3.896726577981628026e+00 4.900363769531250000e+02
3.900161330364159351e+00 4.911754760742187500e+02
3.903596082746690676e+00 4.908216247558593750e+02
3.907030835129222002e+00 4.887294006347656250e+02
3.910465587511752439e+00 4.891942138671875000e+02
3.913900339894283764e+00 4.942182006835937500e+02
3.917335092276815089e+00 4.966824035644531250e+02
3.920769844659346415e+00 4.979337158203125000e+02
3.924204597041877740e+00 4.977589416503906250e+02
3.927639349424409065e+00 4.947227172851562500e+02
3.931074101806940391e+00 4.950083923339843750e+02
3.934508854189470828e+00 4.936391906738281250e+02
3.937943606572002153e+00 4.918377990722656250e+02
3.941378358954533478e+00 4.919508056640625000e+02
3.944813111337064804e+00 4.930578918457031250e+02
3.948247863719596129e+00 4.914229736328125000e+02
3.951682616102127454e+00 4.882171936035156250e+02
3.955117368484658780e+00 4.923007507324218750e+02
3.958552120867189217e+00 4.977529602050781250e+02
3.961986873249720542e+00 5.077166748046875000e+02
3.965421625632251867e+00 5.180547485351562500e+02
3.968856378014783193e+00 5.426664428710937500e+02
3.972291130397314074e+00 5.974788208007812500e+02
3.975725882779845399e+00 7.394735717773437500e+02
3.979160635162376725e+00 1.090648071289062500e+03
3.982595387544908050e+00 1.435226318359375000e+03
3.986030139927438487e+00 1.527635131835937500e+03
3.989464892309969812e+00 1.250194580078125000e+03
3.992899644692501138e+00 9.398446044921875000e+02
3.996334397075032463e+00 7.308866577148437500e+02
3.999769149457563788e+00 6.721242675781250000e+02
4.003203901840095114e+00 6.760056762695312500e+02
4.006638654222625995e+00 7.018223266601562500e+02
4.010073406605156876e+00 7.171279907226562500e+02
4.013508158987687757e+00 7.141289672851562500e+02
4.016942911370219527e+00 6.938351440429687500e+02
4.020377663752750408e+00 6.576614990234375000e+02
4.023812416135282177e+00 6.173866577148437500e+02
4.027247168517813058e+00 5.790034790039062500e+02
4.030681920900344828e+00 5.535977172851562500e+02
4.034116673282874821e+00 5.301522216796875000e+02
4.037551425665406590e+00 5.104674682617187500e+02
4.040986178047937472e+00 4.989789733886718750e+02
4.044420930430469241e+00 4.956287536621093750e+02
4.047855682813000122e+00 4.922682495117187500e+02
4.051290435195531892e+00 4.867429199218750000e+02
4.054725187578062773e+00 4.823746948242187500e+02
4.058159939960594542e+00 4.792896423339843750e+02
4.061594692343124535e+00 4.780405883789062500e+02
4.065029444725656305e+00 4.761329650878906250e+02
4.068464197108187186e+00 4.769064636230468750e+02
4.071898949490718955e+00 4.734149475097656250e+02
4.075333701873249836e+00 4.720578002929687500e+02
4.078768454255781606e+00 4.807176513671875000e+02
4.082203206638312487e+00 4.908218078613281250e+02
4.085637959020843368e+00 4.958883361816406250e+02
4.089072711403374250e+00 4.877002258300781250e+02
4.092507463785905131e+00 4.791840515136718750e+02
4.095942216168436900e+00 4.749943847656250000e+02
4.099376968550967781e+00 4.764495544433593750e+02
4.102811720933499551e+00 4.744613342285156250e+02
4.106246473316030432e+00 4.734833984375000000e+02
4.109681225698561313e+00 4.681703491210937500e+02
4.113115978081092194e+00 4.683218994140625000e+02
4.116550730463623964e+00 4.624490661621093750e+02
4.119985482846154845e+00 4.637617797851562500e+02
4.123420235228686614e+00 4.610880432128906250e+02
4.126854987611217496e+00 4.628559265136718750e+02
4.130289739993749265e+00 4.613613891601562500e+02
4.133724492376280146e+00 4.654767456054687500e+02
4.137159244758811028e+00 4.679045104980468750e+02
4.140593997141341909e+00 4.710178222656250000e+02
4.144028749523873678e+00 4.694048767089843750e+02
4.147463501906404559e+00 4.673451232910156250e+02
4.150898254288936329e+00 4.693826293945312500e+02
4.154333006671467210e+00 4.737940368652343750e+02
4.157767759053998091e+00 4.758709411621093750e+02
4.161202511436528972e+00 4.711904296875000000e+02
4.164637263819060742e+00 4.714785461425781250e+02
4.168072016201591623e+00 4.830657958984375000e+02
4.171506768584122504e+00 4.994559936523437500e+02
4.174941520966654274e+00 5.247570190429687500e+02
4.178376273349185155e+00 5.444454956054687500e+02
4.181811025731716924e+00 5.602369995117187500e+02
4.185245778114246917e+00 5.678322753906250000e+02
4.188680530496778687e+00 5.679211425781250000e+02
4.192115282879309568e+00 5.526564331054687500e+02
4.195550035261841337e+00 5.339638061523437500e+02
4.198984787644372219e+00 5.249834594726562500e+02
4.202419540026903988e+00 5.258341674804687500e+02
4.205854292409434869e+00 5.320983276367187500e+02
4.209289044791966639e+00 5.476606445312500000e+02
4.212723797174496632e+00 5.673402099609375000e+02
4.216158549557028401e+00 5.862262573242187500e+02
4.219593301939559282e+00 5.931188964843750000e+02
4.223028054322091052e+00 5.838389892578125000e+02
4.226462806704621933e+00 5.547256469726562500e+02
4.229897559087153702e+00 5.231326293945312500e+02
4.233332311469684583e+00 5.007181396484375000e+02
4.236767063852215465e+00 4.872348327636718750e+02
4.240201816234746346e+00 4.730961303710937500e+02
4.243636568617277227e+00 4.709305725097656250e+02
4.247071320999808997e+00 4.675780029296875000e+02
4.250506073382339878e+00 4.646119995117187500e+02
4.253940825764871647e+00 4.642531433105468750e+02
4.257375578147402528e+00 4.653274230957031250e+02
4.260810330529933410e+00 4.667255249023437500e+02
4.264245082912464291e+00 4.635347595214843750e+02
4.267679835294996060e+00 4.639059143066406250e+02
4.271114587677526941e+00 4.666590270996093750e+02
4.274549340060058711e+00 4.683468933105468750e+02
4.277984092442589592e+00 4.732414550781250000e+02
4.281418844825121361e+00 4.832474670410156250e+02
4.284853597207652243e+00 5.096327514648437500e+02
4.288288349590183124e+00 5.382316284179687500e+02
4.291723101972714005e+00 5.658843383789062500e+02
4.295157854355245775e+00 5.910111083984375000e+02
4.298592606737776656e+00 5.993271484375000000e+02
4.302027359120308425e+00 5.913172607421875000e+02
4.305462111502839306e+00 5.633821411132812500e+02
4.308896863885370188e+00 5.342963256835937500e+02
4.312331616267901069e+00 5.112129516601562500e+02
4.315766368650432838e+00 4.911210632324218750e+02
4.319201121032963719e+00 4.817531433105468750e+02
4.322635873415494601e+00 4.730818786621093750e+02
4.326070625798026370e+00 4.638758544921875000e+02
4.329505378180557251e+00 4.599161071777343750e+02
4.332940130563089021e+00 4.606457214355468750e+02
4.336374882945619014e+00 4.653742370605468750e+02
4.339809635328150783e+00 4.703793640136718750e+02
4.343244387710681664e+00 4.682531433105468750e+02
4.346679140093213434e+00 4.665213928222656250e+02
4.350113892475744315e+00 4.663132324218750000e+02
4.353548644858276084e+00 4.732261657714843750e+02
4.356983397240806966e+00 4.729521789550781250e+02
4.360418149623338735e+00 4.726311035156250000e+02
4.363852902005868728e+00 4.734734802246093750e+02
4.367287654388400497e+00 4.739353637695312500e+02
4.370722406770931379e+00 4.755561828613281250e+02
4.374157159153463148e+00 4.729818420410156250e+02
4.377591911535994029e+00 4.687568664550781250e+02
4.381026663918525799e+00 4.549071960449218750e+02
4.384461416301056680e+00 4.491753540039062500e+02
4.387896168683587561e+00 4.507366333007812500e+02
4.391330921066118442e+00 4.582233886718750000e+02
4.394765673448649324e+00 4.608822937011718750e+02
4.398200425831181093e+00 4.719810180664062500e+02
4.401635178213711974e+00 4.934053039550781250e+02
4.405069930596243744e+00 5.123246459960937500e+02
4.408504682978774625e+00 5.244440917968750000e+02
4.411939435361305506e+00 5.257310791015625000e+02
4.415374187743836387e+00 5.205925292968750000e+02
4.418808940126368157e+00 5.066490478515625000e+02
4.422243692508899038e+00 4.858793945312500000e+02
4.425678444891430807e+00 4.692474365234375000e+02
4.429113197273961688e+00 4.579452514648437500e+02
4.432547949656493458e+00 4.518384399414062500e+02
4.435982702039023451e+00 4.439920959472656250e+02
4.439417454421555220e+00 4.418226318359375000e+02
4.442852206804086101e+00 4.429847106933593750e+02
4.446286959186617871e+00 4.458464355468750000e+02
4.449721711569148752e+00 4.441421813964843750e+02
4.453156463951680522e+00 4.431537170410156250e+02
4.456591216334211403e+00 4.432469482421875000e+02
4.460025968716742284e+00 4.414802551269531250e+02
4.463460721099273165e+00 4.408922729492187500e+02
4.466895473481804935e+00 4.407630920410156250e+02
4.470330225864335816e+00 4.489895629882812500e+02
4.473764978246866697e+00 4.555168457031250000e+02
4.477199730629398466e+00 4.570922546386718750e+02
4.480634483011929348e+00 4.545069580078125000e+02
4.484069235394461117e+00 4.551597595214843750e+02
4.487503987776991110e+00 4.513911132812500000e+02
4.490938740159522879e+00 4.476786499023437500e+02
4.494373492542053761e+00 4.451341247558593750e+02
4.497808244924585530e+00 4.456802673339843750e+02
4.501242997307116411e+00 4.480591735839843750e+02
4.504677749689648181e+00 4.503328857421875000e+02
4.508112502072179062e+00 4.493911132812500000e+02
4.511547254454709943e+00 4.446987915039062500e+02
4.514982006837240824e+00 4.456805114746093750e+02
4.518416759219772594e+00 4.494519348144531250e+02
4.521851511602303475e+00 4.535282287597656250e+02
4.525286263984835244e+00 4.474291381835937500e+02
4.528721016367366126e+00 4.438289184570312500e+02
4.532155768749897895e+00 4.378729248046875000e+02
4.535590521132428776e+00 4.410491027832031250e+02
4.539025273514959657e+00 4.413134460449218750e+02
4.542460025897490539e+00 4.423213806152343750e+02
4.545894778280021420e+00 4.408603820800781250e+02
4.549329530662553189e+00 4.366247863769531250e+02
4.552764283045084071e+00 4.354425354003906250e+02
4.556199035427615840e+00 4.343447265625000000e+02
4.559633787810146721e+00 4.372941894531250000e+02
4.563068540192677602e+00 4.358739929199218750e+02
4.566503292575208484e+00 4.390870361328125000e+02
4.569938044957740253e+00 4.387471313476562500e+02
4.573372797340271134e+00 4.403943786621093750e+02
4.576807549722802904e+00 4.356430358886718750e+02
4.580242302105333785e+00 4.358086853027343750e+02
4.583677054487865554e+00 4.411490173339843750e+02
4.587111806870395547e+00 4.428559875488281250e+02
4.590546559252927317e+00 4.370534973144531250e+02
4.593981311635458198e+00 4.355511779785156250e+02
4.597416064017989967e+00 4.345154724121093750e+02
4.600850816400520849e+00 4.343803100585937500e+02
4.604285568783052618e+00 4.324994506835937500e+02
4.607720321165583499e+00 4.347183837890625000e+02
4.611155073548115269e+00 4.337630615234375000e+02
4.614589825930645262e+00 4.340081787109375000e+02
4.618024578313177031e+00 4.356930541992187500e+02
4.621459330695707912e+00 4.434989013671875000e+02
4.624894083078238793e+00 4.455436401367187500e+02
4.628328835460770563e+00 4.517148742675781250e+02
4.631763587843301444e+00 4.590432434082031250e+02
4.635198340225833213e+00 4.736719665527343750e+02
4.638633092608363206e+00 5.010817565917968750e+02
4.642067844990894976e+00 5.350280151367187500e+02
4.645502597373425857e+00 5.638010253906250000e+02
4.648937349755957626e+00 5.780874023437500000e+02
4.652372102138488508e+00 5.907479858398437500e+02
4.655806854521020277e+00 5.942208251953125000e+02
4.659241606903551158e+00 5.902385864257812500e+02
4.662676359286082040e+00 5.805814208984375000e+02
4.666111111668612921e+00 5.801605834960937500e+02
4.669545864051144690e+00 5.731286010742187500e+02
4.672980616433675571e+00 5.579069213867187500e+02
4.676415368816207341e+00 5.391240844726562500e+02
4.679850121198738222e+00 5.246511840820312500e+02
4.683284873581269991e+00 5.053175964355468750e+02
4.686719625963800873e+00 4.812599487304687500e+02
4.690154378346331754e+00 4.604845275878906250e+02
4.693589130728862635e+00 4.508050231933593750e+02
4.697023883111393516e+00 4.452142333984375000e+02
4.700458635493925286e+00 4.429062805175781250e+02
4.703893387876456167e+00 4.398058471679687500e+02
4.707328140258987936e+00 4.405329895019531250e+02
4.710762892641518818e+00 4.361546020507812500e+02
4.714197645024049699e+00 4.332009887695312500e+02
4.717632397406580580e+00 4.292756347656250000e+02
4.721067149789112349e+00 4.307988891601562500e+02
4.724501902171643231e+00 4.337871093750000000e+02
4.727936654554175000e+00 4.337288208007812500e+02
4.731371406936705881e+00 4.358957214355468750e+02
4.734806159319237651e+00 4.320463256835937500e+02
4.738240911701767644e+00 4.290061645507812500e+02
4.741675664084299413e+00 4.304236450195312500e+02
4.745110416466830294e+00 4.315304565429687500e+02
4.748545168849362064e+00 4.325230102539062500e+02
4.751979921231892945e+00 4.264758300781250000e+02
4.755414673614424714e+00 4.254825439453125000e+02
4.758849425996955596e+00 4.280045166015625000e+02
4.762284178379487365e+00 4.305674438476562500e+02
4.765718930762017358e+00 4.271881408691406250e+02
4.769153683144549127e+00 4.260791015625000000e+02
4.772588435527080009e+00 4.326746215820312500e+02
4.776023187909610890e+00 4.309217834472656250e+02
4.779457940292142659e+00 4.360095214843750000e+02
4.782892692674673540e+00 4.351204223632812500e+02
4.786327445057205310e+00 4.363115234375000000e+02
4.789762197439735303e+00 4.304936523437500000e+02
4.793196949822267072e+00 4.337760314941406250e+02
4.796631702204797953e+00 4.403585205078125000e+02
4.800066454587329723e+00 4.456655578613281250e+02
4.803501206969860604e+00 4.491274414062500000e+02
4.806935959352392373e+00 4.600789184570312500e+02
4.810370711734923255e+00 4.643423767089843750e+02
4.813805464117454136e+00 4.593569335937500000e+02
4.817240216499985017e+00 4.475405578613281250e+02
4.820674968882516787e+00 4.387803344726562500e+02
4.824109721265047668e+00 4.361837158203125000e+02
4.827544473647579437e+00 4.340568542480468750e+02
4.830979226030110318e+00 4.319943237304687500e+02
4.834413978412642088e+00 4.313383178710937500e+02
4.837848730795172969e+00 4.340241394042968750e+02
4.841283483177703850e+00 4.390458374023437500e+02
4.844718235560234731e+00 4.456170349121093750e+02
4.848152987942766501e+00 4.516864318847656250e+02
4.851587740325297382e+00 4.509584045410156250e+02
4.855022492707828263e+00 4.461094665527343750e+02
4.858457245090360033e+00 4.403825378417968750e+02
4.861891997472890914e+00 4.382648315429687500e+02
4.865326749855421795e+00 4.364255676269531250e+02
4.868761502237952676e+00 4.308276977539062500e+02
4.872196254620484446e+00 4.280591735839843750e+02
4.875631007003015327e+00 4.219585266113281250e+02
4.879065759385547096e+00 4.211465454101562500e+02
4.882500511768077978e+00 4.234133605957031250e+02
4.885935264150609747e+00 4.264404296875000000e+02
4.889370016533139740e+00 4.241460266113281250e+02
4.892804768915671509e+00 4.201669616699218750e+02
4.896239521298202391e+00 4.159003295898437500e+02
4.899674273680734160e+00 4.145246887207031250e+02
4.903109026063265041e+00 4.134252319335937500e+02
4.906543778445796811e+00 4.145850830078125000e+02
4.909978530828327692e+00 4.138000488281250000e+02
4.913413283210858573e+00 4.117521362304687500e+02
4.916848035593389454e+00 4.132993774414062500e+02
4.920282787975921224e+00 4.147213134765625000e+02
4.923717540358452105e+00 4.182223205566406250e+02
4.927152292740982986e+00 4.236743164062500000e+02
4.930587045123514756e+00 4.261588439941406250e+02
4.934021797506045637e+00 4.259911193847656250e+02
4.937456549888577406e+00 4.264906005859375000e+02
4.940891302271107399e+00 4.246577148437500000e+02
4.944326054653639169e+00 4.198793334960937500e+02
4.947760807036170050e+00 4.242851257324218750e+02
4.951195559418701819e+00 4.368413391113281250e+02
4.954630311801232700e+00 4.479544677734375000e+02
4.958065064183764470e+00 4.532246093750000000e+02
4.961499816566295351e+00 4.554296569824218750e+02
4.964934568948826232e+00 4.579203186035156250e+02
4.968369321331357114e+00 4.445178833007812500e+02
4.971804073713888883e+00 4.275584716796875000e+02
4.975238826096419764e+00 4.178452453613281250e+02
4.978673578478951534e+00 4.158824157714843750e+02
4.982108330861482415e+00 4.120886230468750000e+02
4.985543083244014184e+00 4.072638244628906250e+02
4.988977835626544177e+00 4.091715393066406250e+02
4.992412588009075947e+00 4.129757080078125000e+02
4.995847340391606828e+00 4.112395935058593750e+02
4.999282092774138597e+00 4.100927429199218750e+02
5.002716845156669478e+00 4.088803405761718750e+02
5.006151597539200360e+00 4.067220153808593750e+02
5.009586349921732129e+00 4.049500122070312500e+02
5.013021102304263010e+00 4.074931945800781250e+02
5.016455854686793892e+00 4.117785339355468750e+02
5.019890607069324773e+00 4.162077026367187500e+02
5.023325359451856542e+00 4.195285949707031250e+02
5.026760111834387423e+00 4.244602661132812500e+02
5.030194864216919193e+00 4.340031738281250000e+02
5.033629616599450074e+00 4.457799987792968750e+02
5.037064368981981843e+00 4.550589904785156250e+02
5.040499121364511836e+00 4.514301452636718750e+02
5.043933873747043606e+00 4.397016296386718750e+02
5.047368626129574487e+00 4.277426757812500000e+02
5.050803378512106256e+00 4.168113403320312500e+02
5.054238130894637138e+00 4.132733764648437500e+02
5.057672883277168907e+00 4.096550598144531250e+02
5.061107635659699788e+00 4.075209350585937500e+02
5.064542388042230669e+00 4.012864379882812500e+02
5.067977140424761551e+00 4.042890930175781250e+02
5.071411892807293320e+00 4.097263793945312500e+02
5.074846645189824201e+00 4.199320983886718750e+02
5.078281397572355083e+00 4.206706542968750000e+02
5.081716149954886852e+00 4.197087707519531250e+02
5.085150902337417733e+00 4.094705505371093750e+02
5.088585654719949503e+00 4.109590759277343750e+02
5.092020407102479496e+00 4.140057373046875000e+02
5.095455159485011265e+00 4.127815551757812500e+02
5.098889911867542146e+00 4.034194946289062500e+02
5.102324664250073916e+00 3.965276184082031250e+02
5.105759416632604797e+00 3.899670715332031250e+02
5.109194169015136566e+00 3.911566772460937500e+02
5.112628921397667447e+00 3.944122009277343750e+02
5.116063673780198329e+00 3.981734008789062500e+02
5.119498426162729210e+00 3.999480285644531250e+02
5.122933178545260979e+00 4.007691955566406250e+02
5.126367930927791861e+00 4.069700622558593750e+02
5.129802683310323630e+00 4.061292724609375000e+02
5.133237435692854511e+00 4.030014343261718750e+02
5.136672188075386281e+00 3.988079528808593750e+02
5.140106940457916274e+00 3.954612121582031250e+02
5.143541692840448043e+00 3.951429138183593750e+02
5.146976445222978924e+00 3.975634765625000000e+02
5.150411197605510694e+00 3.994123840332031250e+02
5.153845949988041575e+00 3.988525695800781250e+02
5.157280702370572456e+00 4.039428100585937500e+02
5.160715454753104225e+00 4.146590881347656250e+02
5.164150207135635107e+00 4.189535827636718750e+02
5.167584959518165988e+00 4.161737670898437500e+02
5.171019711900696869e+00 4.058215942382812500e+02
5.174454464283228639e+00 4.000707397460937500e+02
5.177889216665759520e+00 3.969577941894531250e+02
5.181323969048291289e+00 4.011516418457031250e+02
5.184758721430822170e+00 4.032471923828125000e+02
5.188193473813353940e+00 4.037671508789062500e+02
5.191628226195883933e+00 4.016074523925781250e+02
5.195062978578415702e+00 4.026650085449218750e+02
5.198497730960946583e+00 4.126802368164062500e+02
5.201932483343478353e+00 4.293562622070312500e+02
5.205367235726009234e+00 4.469216613769531250e+02
5.208801988108541003e+00 4.586984863281250000e+02
5.212236740491071885e+00 4.711226196289062500e+02
5.215671492873602766e+00 4.725942687988281250e+02
5.219106245256133647e+00 4.666606140136718750e+02
5.222540997638665417e+00 4.496661376953125000e+02
5.225975750021196298e+00 4.272797241210937500e+02
5.229410502403727179e+00 4.050986022949218750e+02
5.232845254786258948e+00 3.931848449707031250e+02
5.236280007168789830e+00 3.945584106445312500e+02
5.239714759551321599e+00 3.975046691894531250e+02
5.243149511933851592e+00 3.953823547363281250e+02
5.246584264316383361e+00 3.898067626953125000e+02
5.250019016698914243e+00 3.882621459960937500e+02
5.253453769081446012e+00 3.908439636230468750e+02
5.256888521463976893e+00 3.941622924804687500e+02
5.260323273846508663e+00 3.967679443359375000e+02
5.263758026229039544e+00 3.986378784179687500e+02
5.267192778611570425e+00 4.000894165039062500e+02
5.270627530994101306e+00 4.010052490234375000e+02
5.274062283376633076e+00 4.057940673828125000e+02
5.277497035759163957e+00 4.115178222656250000e+02
5.280931788141695726e+00 4.175752258300781250e+02
5.284366540524226608e+00 4.214170837402343750e+02
5.287801292906758377e+00 4.241254577636718750e+02
5.291236045289288370e+00 4.205065917968750000e+02
5.294670797671820139e+00 4.174962158203125000e+02
5.298105550054351021e+00 4.132761230468750000e+02
5.301540302436882790e+00 4.072224731445312500e+02
5.304975054819413671e+00 4.013824462890625000e+02
5.308409807201944552e+00 3.986706848144531250e+02
5.311844559584476322e+00 3.947148742675781250e+02
5.315279311967006315e+00 3.948072204589843750e+02
5.318714064349538084e+00 4.025771789550781250e+02
5.322148816732068966e+00 4.061785888671875000e+02
5.325583569114600735e+00 4.062283325195312500e+02
5.329018321497131616e+00 4.064911499023437500e+02
5.332453073879663386e+00 4.166275939941406250e+02
5.335887826262194267e+00 4.250359497070312500e+02
5.339322578644726036e+00 4.354768066406250000e+02
5.342757331027256029e+00 4.529492797851562500e+02
5.346192083409787799e+00 4.683770751953125000e+02
5.349626835792318680e+00 4.760291748046875000e+02
5.353061588174850449e+00 4.781648864746093750e+02
5.356496340557381330e+00 4.652059936523437500e+02
5.359931092939913100e+00 4.454327392578125000e+02
5.363365845322443981e+00 4.231354370117187500e+02
5.366800597704974862e+00 4.107475585937500000e+02
5.370235350087505743e+00 4.000640258789062500e+02
5.373670102470037513e+00 3.921593017578125000e+02
5.377104854852568394e+00 3.874317016601562500e+02
5.380539607235100164e+00 3.885132751464843750e+02
5.383974359617631045e+00 3.915488281250000000e+02
5.387409112000161926e+00 3.909633789062500000e+02
5.390843864382692807e+00 3.909540100097656250e+02
5.394278616765223688e+00 3.908513183593750000e+02
5.397713369147755458e+00 3.932704467773437500e+02
5.401148121530286339e+00 3.920704040527343750e+02
5.404582873912818108e+00 3.950188598632812500e+02
5.408017626295348990e+00 3.972720947265625000e+02
5.411452378677880759e+00 4.010310363769531250e+02
5.414887131060411640e+00 4.022060241699218750e+02
5.418321883442942521e+00 4.093959350585937500e+02
5.421756635825473403e+00 4.111207275390625000e+02
5.425191388208005172e+00 4.212202453613281250e+02
5.428626140590536053e+00 4.210426330566406250e+02
5.432060892973067823e+00 4.215851440429687500e+02
5.435495645355598704e+00 4.122451782226562500e+02
5.438930397738130473e+00 4.059501953125000000e+02
5.442365150120660466e+00 3.960284118652343750e+02
5.445799902503192236e+00 3.844188842773437500e+02
5.449234654885723117e+00 3.794601440429687500e+02
5.452669407268254886e+00 3.829140014648437500e+02
5.456104159650785768e+00 3.915192871093750000e+02
5.459538912033316649e+00 3.981428527832031250e+02
5.462973664415848418e+00 4.006098632812500000e+02
5.466408416798379299e+00 4.038934936523437500e+02
5.469843169180910181e+00 4.157343444824218750e+02
5.473277921563441062e+00 4.294969177246093750e+02
5.476712673945972831e+00 4.450097045898437500e+02
5.480147426328503713e+00 4.521846618652343750e+02
5.483582178711035482e+00 4.565256652832031250e+02
5.487016931093566363e+00 4.515049133300781250e+02
5.490451683476098133e+00 4.403571166992187500e+02
5.493886435858628126e+00 4.206174621582031250e+02
5.497321188241159895e+00 4.141535339355468750e+02
5.500755940623690776e+00 4.117661743164062500e+02
5.504190693006222546e+00 4.101699523925781250e+02
5.507625445388753427e+00 3.994508666992187500e+02
5.511060197771285196e+00 3.926199645996093750e+02
5.514494950153816077e+00 3.963580932617187500e+02
5.517929702536346959e+00 4.018805236816406250e+02
5.521364454918877840e+00 4.062351684570312500e+02
5.524799207301409609e+00 4.024506225585937500e+02
5.528233959683940490e+00 3.993638000488281250e+02
5.531668712066472260e+00 3.946985778808593750e+02
5.535103464449003141e+00 3.956714782714843750e+02
5.538538216831534022e+00 3.957497863769531250e+02
5.541972969214064904e+00 3.952907714843750000e+02
5.545407721596595785e+00 3.961790161132812500e+02
5.548842473979127554e+00 4.025844116210937500e+02
5.552277226361658435e+00 4.061610107421875000e+02
5.555711978744190205e+00 4.074180908203125000e+02
5.559146731126721086e+00 4.079349060058593750e+02
5.562581483509252855e+00 4.119459838867187500e+02
5.566016235891783737e+00 4.137801513671875000e+02
5.569450988274314618e+00 4.123266906738281250e+02
5.572885740656845499e+00 4.074217224121093750e+02
5.576320493039377268e+00 4.057684631347656250e+02
5.579755245421908150e+00 4.048665466308593750e+02
5.583189997804439919e+00 3.988773193359375000e+02
5.586624750186970800e+00 3.903245239257812500e+02
5.590059502569502570e+00 3.933137207031250000e+02
5.593494254952032563e+00 4.004329223632812500e+02
5.596929007334564332e+00 4.027098999023437500e+02
5.600363759717095213e+00 3.977440795898437500e+02
5.603798512099626983e+00 3.954059143066406250e+02
5.607233264482157864e+00 3.962104797363281250e+02
5.610668016864688745e+00 3.960045471191406250e+02
5.614102769247220515e+00 3.921162719726562500e+02
5.617537521629751396e+00 3.921952819824218750e+02
5.620972274012282277e+00 3.950239562988281250e+02
5.624407026394813158e+00 3.972533569335937500e+02
5.627841778777344928e+00 3.968363647460937500e+02
5.631276531159875809e+00 3.963194885253906250e+02
5.634711283542407578e+00 3.911284179687500000e+02
5.638146035924938460e+00 3.830877990722656250e+02
5.641580788307470229e+00 3.785197753906250000e+02
5.645015540690000222e+00 3.794655456542968750e+02
5.648450293072531991e+00 3.855347595214843750e+02
5.651885045455062873e+00 3.866030883789062500e+02
5.655319797837594642e+00 3.921654052734375000e+02
5.658754550220125523e+00 3.897210998535156250e+02
5.662189302602657293e+00 3.903545837402343750e+02
5.665624054985188174e+00 3.901257934570312500e+02
5.669058807367719055e+00 3.940581665039062500e+02
5.672493559750249936e+00 4.009006042480468750e+02
5.675928312132781706e+00 4.076500854492187500e+02
5.679363064515312587e+00 4.182160644531250000e+02
5.682797816897844356e+00 4.211097717285156250e+02
5.686232569280375237e+00 4.233165588378906250e+02
5.689667321662906119e+00 4.253174133300781250e+02
5.693102074045437000e+00 4.312142639160156250e+02
5.696536826427967881e+00 4.398760375976562500e+02
5.699971578810499651e+00 4.517409362792968750e+02
5.703406331193030532e+00 4.738143615722656250e+02
5.706841083575562301e+00 4.991778869628906250e+02
5.710275835958093182e+00 5.388980712890625000e+02
5.713710588340624952e+00 5.780338134765625000e+02
5.717145340723154945e+00 6.057962036132812500e+02
5.720580093105686714e+00 6.078645019531250000e+02
5.724014845488217595e+00 5.792892456054687500e+02
5.727449597870749365e+00 5.359573364257812500e+02
5.730884350253280246e+00 4.850149841308593750e+02
5.734319102635812015e+00 4.433815917968750000e+02
5.737753855018342897e+00 4.189160461425781250e+02
5.741188607400874666e+00 4.099047241210937500e+02
5.744623359783404659e+00 4.046347656250000000e+02
5.748058112165936429e+00 3.969504089355468750e+02
5.751492864548467310e+00 3.935119018554687500e+02
5.754927616930999079e+00 3.919333801269531250e+02
5.758362369313529960e+00 3.933239440917968750e+02
5.761797121696060842e+00 3.928389587402343750e+02
5.765231874078592611e+00 3.932767639160156250e+02
5.768666626461123492e+00 3.886831970214843750e+02
5.772101378843654373e+00 3.881867370605468750e+02
5.775536131226185255e+00 3.878436279296875000e+02
5.778970883608717024e+00 3.938911437988281250e+02
5.782405635991247905e+00 3.957339477539062500e+02
5.785840388373779675e+00 3.946846923828125000e+02
5.789275140756310556e+00 3.910349731445312500e+02
5.792709893138841437e+00 3.897367248535156250e+02
5.796144645521372318e+00 3.875941772460937500e+02
5.799579397903904088e+00 3.927410888671875000e+02
5.803014150286434969e+00 3.958126525878906250e+02
5.806448902668966738e+00 3.936480407714843750e+02
5.809883655051497620e+00 3.855421142578125000e+02
5.813318407434029389e+00 3.868998107910156250e+02
5.816753159816560270e+00 3.908827209472656250e+02
5.820187912199091151e+00 3.984002075195312500e+02
5.823622664581622033e+00 3.999515075683593750e+02
5.827057416964153802e+00 4.018552246093750000e+02
5.830492169346684683e+00 3.945204162597656250e+02
5.833926921729216453e+00 3.898812255859375000e+02
5.837361674111747334e+00 3.868234252929687500e+02
5.840796426494278215e+00 3.868352355957031250e+02
5.844231178876809096e+00 3.877214355468750000e+02
5.847665931259339978e+00 3.839333801269531250e+02
5.851100683641871747e+00 3.804001159667968750e+02
5.854535436024402628e+00 3.814258728027343750e+02
5.857970188406934398e+00 3.865094604492187500e+02
5.861404940789465279e+00 3.888857727050781250e+02
5.864839693171997048e+00 3.902844238281250000e+02
5.868274445554527041e+00 3.947080383300781250e+02
5.871709197937058811e+00 3.936088562011718750e+02
5.875143950319589692e+00 3.893876647949218750e+02
5.878578702702121461e+00 3.856969909667968750e+02
5.882013455084652342e+00 3.841015319824218750e+02
5.885448207467184112e+00 3.816958618164062500e+02
5.888882959849714993e+00 3.796423950195312500e+02
5.892317712232246762e+00 3.811796875000000000e+02
5.895752464614776756e+00 3.835418395996093750e+02
5.899187216997308525e+00 3.862854309082031250e+02
5.902621969379839406e+00 3.913567199707031250e+02
5.906056721762371176e+00 3.898117370605468750e+02
5.909491474144902057e+00 3.867437744140625000e+02
5.912926226527432938e+00 3.864983825683593750e+02
5.916360978909964707e+00 3.899251403808593750e+02
5.919795731292495589e+00 3.891448669433593750e+02
5.923230483675026470e+00 3.876390991210937500e+02
5.926665236057557351e+00 3.895860595703125000e+02
5.930099988440089120e+00 3.896771545410156250e+02
5.933534740822620002e+00 3.864752807617187500e+02
5.936969493205151771e+00 3.909213562011718750e+02
5.940404245587682652e+00 3.996484375000000000e+02
5.943838997970213534e+00 4.153729553222656250e+02
5.947273750352744415e+00 4.278745117187500000e+02
5.950708502735276184e+00 4.522855834960937500e+02
5.954143255117807065e+00 4.906544189453125000e+02
5.957578007500338835e+00 5.623048095703125000e+02
5.961012759882869716e+00 6.909329833984375000e+02
5.964447512265401485e+00 8.657025146484375000e+02
5.967882264647932367e+00 1.048461181640625000e+03
5.971317017030463248e+00 1.184032348632812500e+03
5.974751769412994129e+00 1.230257690429687500e+03
5.978186521795525898e+00 1.170218017578125000e+03
5.981621274178056780e+00 1.015597473144531250e+03
5.985056026560588549e+00 8.251694335937500000e+02
5.988490778943119430e+00 6.509614868164062500e+02
5.991925531325650311e+00 5.340914916992187500e+02
5.995360283708181193e+00 4.671972656250000000e+02
5.998795036090712074e+00 4.352434997558593750e+02
6.002229788473243843e+00 4.195833435058593750e+02
6.005664540855774725e+00 4.091192016601562500e+02
6.009099293238306494e+00 4.047984924316406250e+02
6.012534045620837375e+00 3.998907470703125000e+02
6.015968798003369145e+00 4.015498962402343750e+02
6.019403550385899138e+00 4.000945129394531250e+02
6.022838302768430907e+00 4.032884216308593750e+02
6.026273055150961788e+00 4.054978637695312500e+02
6.029707807533493558e+00 4.079464111328125000e+02
6.033142559916024439e+00 4.029941406250000000e+02
6.036577312298556208e+00 3.996531066894531250e+02
6.040012064681087089e+00 3.981981506347656250e+02
6.043446817063618859e+00 4.007019653320312500e+02
6.046881569446148852e+00 3.989362487792968750e+02
6.050316321828680621e+00 4.002902832031250000e+02
6.053751074211211503e+00 4.038122863769531250e+02
6.057185826593743272e+00 4.089327087402343750e+02
6.060620578976274153e+00 4.104258422851562500e+02
6.064055331358805923e+00 4.133475036621093750e+02
6.067490083741336804e+00 4.129627075195312500e+02
6.070924836123867685e+00 4.137191162109375000e+02
6.074359588506398566e+00 4.093764648437500000e+02
6.077794340888929447e+00 4.075293579101562500e+02
6.081229093271461217e+00 4.002546081542968750e+02
6.084663845653992098e+00 3.878651123046875000e+02
6.088098598036523867e+00 3.754481201171875000e+02
6.091533350419054749e+00 3.724377136230468750e+02
6.094968102801585630e+00 3.811238403320312500e+02
6.098402855184116511e+00 3.816670532226562500e+02
6.101837607566648281e+00 3.811011047363281250e+02
6.105272359949179162e+00 3.792289428710937500e+02
6.108707112331710931e+00 3.832473144531250000e+02
6.112141864714241812e+00 3.828772888183593750e+02
6.115576617096773582e+00 3.855068054199218750e+02
6.119011369479304463e+00 3.887471923828125000e+02
6.122446121861835344e+00 3.865228576660156250e+02
6.125880874244366225e+00 3.844308471679687500e+02
6.129315626626897995e+00 3.813406066894531250e+02
6.132750379009428876e+00 3.872200012207031250e+02
6.136185131391960645e+00 3.858417663574218750e+02
6.139619883774491527e+00 3.871890258789062500e+02
6.143054636157022408e+00 3.828655395507812500e+02
6.146489388539553289e+00 3.834232788085937500e+02
6.149924140922085058e+00 3.862037658691406250e+02
6.153358893304615940e+00 3.929971923828125000e+02
6.156793645687146821e+00 3.935600585937500000e+02
6.160228398069678590e+00 3.884957275390625000e+02
6.163663150452209472e+00 3.847684020996093750e+02
6.167097902834741241e+00 3.845740051269531250e+02
6.170532655217271234e+00 3.873536682128906250e+02
6.173967407599803003e+00 3.888667602539062500e+02
6.177402159982333885e+00 3.841996765136718750e+02
6.180836912364865654e+00 3.795019531250000000e+02
6.184271664747396535e+00 3.770336914062500000e+02
6.187706417129928305e+00 3.733018798828125000e+02
6.191141169512459186e+00 3.666884155273437500e+02
6.194575921894990067e+00 3.659306335449218750e+02
6.198010674277520948e+00 3.709671325683593750e+02
6.201445426660052718e+00 3.737740783691406250e+02
6.204880179042583599e+00 3.719813537597656250e+02
6.208314931425115368e+00 3.642955017089843750e+02
6.211749683807646250e+00 3.619236145019531250e+02
6.215184436190178019e+00 3.668849487304687500e+02
6.218619188572708900e+00 3.707010498046875000e+02
6.222053940955239781e+00 3.669108276367187500e+02
6.225488693337770663e+00 3.634480590820312500e+02
6.228923445720301544e+00 3.636156616210937500e+02
6.232358198102833313e+00 3.704111022949218750e+02
6.235792950485364194e+00 3.707641906738281250e+02
6.239227702867895964e+00 3.699342346191406250e+02
6.242662455250426845e+00 3.619306640625000000e+02
6.246097207632957726e+00 3.621091613769531250e+02
6.249531960015488607e+00 3.672468261718750000e+02
6.252966712398020377e+00 3.728782348632812500e+02
6.256401464780551258e+00 3.764182128906250000e+02
6.259836217163083028e+00 3.814908447265625000e+02
6.263270969545613909e+00 3.917020568847656250e+02
6.266705721928145678e+00 3.981595764160156250e+02
6.270140474310675671e+00 4.072694702148437500e+02
6.273575226693207441e+00 4.178958740234375000e+02
6.277009979075738322e+00 4.298713073730468750e+02
6.280444731458270091e+00 4.474949951171875000e+02
6.283879483840800972e+00 4.780791015625000000e+02
6.287314236223332742e+00 5.289655151367187500e+02
6.290748988605863623e+00 6.356202392578125000e+02
6.294183740988394504e+00 8.537702026367187500e+02
6.297618493370925385e+00 1.180858398437500000e+03
6.301053245753457155e+00 1.561282470703125000e+03
6.304487998135988036e+00 1.562185791015625000e+03
6.307922750518518917e+00 1.237282104492187500e+03
6.311357502901050687e+00 7.507315673828125000e+02
6.314792255283581568e+00 5.570555419921875000e+02
6.318227007666113337e+00 4.570383605957031250e+02
6.321661760048643330e+00 4.205176391601562500e+02
6.325096512431175100e+00 4.058401489257812500e+02
6.328531264813705981e+00 4.037490234375000000e+02
6.331966017196237750e+00 4.031625061035156250e+02
6.335400769578768632e+00 4.061681518554687500e+02
6.338835521961300401e+00 4.071094055175781250e+02
6.342270274343831282e+00 4.049694519042968750e+02
6.345705026726362163e+00 3.971652221679687500e+02
6.349139779108893045e+00 3.891466369628906250e+02
6.352574531491424814e+00 3.815409545898437500e+02
6.356009283873955695e+00 3.764686279296875000e+02
6.359444036256487465e+00 3.688815002441406250e+02
6.362878788639018346e+00 3.679655151367187500e+02
6.366313541021550115e+00 3.662933349609375000e+02
6.369748293404080997e+00 3.678938598632812500e+02
6.373183045786611878e+00 3.672801208496093750e+02
6.376617798169142759e+00 3.636367492675781250e+02
6.380052550551673640e+00 3.556885375976562500e+02
6.383487302934205410e+00 3.541131896972656250e+02
6.386922055316736291e+00 3.528491516113281250e+02
6.390356807699268060e+00 3.501642761230468750e+02
6.393791560081798941e+00 3.443254394531250000e+02
6.397226312464329823e+00 3.499277954101562500e+02
6.400661064846860704e+00 3.572982177734375000e+02
6.404095817229392473e+00 3.625895690917968750e+02
6.407530569611923355e+00 3.664232482910156250e+02
6.410965321994455124e+00 3.717477722167968750e+02
6.414400074376986005e+00 3.756364440917968750e+02
6.417834826759517775e+00 3.759832153320312500e+02
6.421269579142047768e+00 3.792882690429687500e+02
6.424704331524579537e+00 3.838714599609375000e+02
6.428139083907110418e+00 3.866618957519531250e+02
6.431573836289642188e+00 3.893626098632812500e+02
6.435008588672173069e+00 3.913621826171875000e+02
6.438443341054704838e+00 3.880754089355468750e+02
6.441878093437235719e+00 3.794033508300781250e+02
6.445312845819766601e+00 3.699007568359375000e+02
6.448747598202297482e+00 3.603542480468750000e+02
6.452182350584829251e+00 3.603886413574218750e+02
6.455617102967360132e+00 3.597529296875000000e+02
6.459051855349891014e+00 3.623578491210937500e+02
6.462486607732422783e+00 3.611619567871093750e+02
6.465921360114953664e+00 3.652051086425781250e+02
6.469356112497485434e+00 3.668918762207031250e+02
6.472790864880015427e+00 3.645200805664062500e+02
6.476225617262547196e+00 3.619096374511718750e+02
6.479660369645078077e+00 3.599235534667968750e+02
6.483095122027609847e+00 3.574764404296875000e+02
6.486529874410140728e+00 3.552002868652343750e+02
6.489964626792672497e+00 3.555349121093750000e+02
6.493399379175203379e+00 3.544895324707031250e+02
6.496834131557734260e+00 3.520014038085937500e+02
6.500268883940265141e+00 3.496033935546875000e+02
6.503703636322796910e+00 3.514035339355468750e+02
6.507138388705327792e+00 3.528917541503906250e+02
6.510573141087859561e+00 3.512868347167968750e+02
6.514007893470390442e+00 3.509840393066406250e+02
6.517442645852922212e+00 3.545264892578125000e+02
6.520877398235453093e+00 3.554709777832031250e+02
6.524312150617983974e+00 3.514703979492187500e+02
6.527746903000514855e+00 3.489721984863281250e+02
6.531181655383045737e+00 3.483323364257812500e+02
6.534616407765577506e+00 3.497682495117187500e+02
6.538051160148108387e+00 3.532783813476562500e+02
6.541485912530640157e+00 3.538744201660156250e+02
6.544920664913171038e+00 3.542965698242187500e+02
6.548355417295701919e+00 3.531002502441406250e+02
6.551790169678232800e+00 3.549641113281250000e+02
6.555224922060764570e+00 3.533737487792968750e+02
6.558659674443295451e+00 3.513746337890625000e+02
6.562094426825827220e+00 3.474159851074218750e+02
6.565529179208358102e+00 3.472887878417968750e+02
6.568963931590889871e+00 3.489364013671875000e+02
6.572398683973419864e+00 3.481995849609375000e+02
6.575833436355951633e+00 3.475140075683593750e+02
6.579268188738482515e+00 3.507448120117187500e+02
6.582702941121014284e+00 3.582516479492187500e+02
6.586137693503545165e+00 3.610433959960937500e+02
6.589572445886076935e+00 3.612618713378906250e+02
6.593007198268607816e+00 3.634417724609375000e+02
6.596441950651138697e+00 3.660090026855468750e+02
6.599876703033669578e+00 3.634570922851562500e+02
6.603311455416201348e+00 3.613134155273437500e+02
6.606746207798732229e+00 3.582742004394531250e+02
6.610180960181263110e+00 3.543403625488281250e+02
6.613615712563794879e+00 3.467198181152343750e+02
6.617050464946325761e+00 3.467386169433593750e+02
6.620485217328857530e+00 3.489330749511718750e+02
6.623919969711387523e+00 3.529146118164062500e+02
6.627354722093919293e+00 3.515760803222656250e+02
6.630789474476450174e+00 3.473705139160156250e+02
6.634224226858981943e+00 3.400793457031250000e+02
6.637658979241512824e+00 3.406050109863281250e+02
6.641093731624044594e+00 3.427360839843750000e+02
6.644528484006575475e+00 3.461182861328125000e+02
6.647963236389106356e+00 3.442055358886718750e+02
6.651397988771637237e+00 3.444834899902343750e+02
6.654832741154169007e+00 3.419615173339843750e+02
6.658267493536699888e+00 3.444278564453125000e+02
6.661702245919231657e+00 3.444311218261718750e+02
6.665136998301762539e+00 3.444945373535156250e+02
6.668571750684294308e+00 3.426956176757812500e+02
6.672006503066824301e+00 3.485365905761718750e+02
6.675441255449356071e+00 3.548427734375000000e+02
6.678876007831886952e+00 3.619595031738281250e+02
6.682310760214417833e+00 3.645837097167968750e+02
6.685745512596949602e+00 3.726555786132812500e+02
6.689180264979480484e+00 3.750895080566406250e+02
6.692615017362012253e+00 3.764966430664062500e+02
6.696049769744543134e+00 3.709106445312500000e+02
6.699484522127074015e+00 3.645454711914062500e+02
6.702919274509604897e+00 3.569290466308593750e+02
6.706354026892136666e+00 3.543746643066406250e+02
6.709788779274667547e+00 3.569267578125000000e+02
6.713223531657199317e+00 3.567774658203125000e+02
6.716658284039730198e+00 3.499713745117187500e+02
6.720093036422261967e+00 3.386920166015625000e+02
6.723527788804791960e+00 3.369051208496093750e+02
6.726962541187323730e+00 3.384364013671875000e+02
6.730397293569854611e+00 3.414116821289062500e+02
6.733832045952386380e+00 3.394350280761718750e+02
6.737266798334917262e+00 3.373766174316406250e+02
6.740701550717449031e+00 3.383543395996093750e+02
6.744136303099979912e+00 3.417441711425781250e+02
6.747571055482510793e+00 3.446533203125000000e+02
6.751005807865041675e+00 3.366457214355468750e+02
6.754440560247573444e+00 3.345631713867187500e+02
6.757875312630104325e+00 3.374765625000000000e+02
6.761310065012635206e+00 3.455791015625000000e+02
6.764744817395166976e+00 3.503788452148437500e+02
6.768179569777697857e+00 3.520997924804687500e+02
6.771614322160229626e+00 3.511796264648437500e+02
6.775049074542759620e+00 3.454741516113281250e+02
6.778483826925291389e+00 3.411802978515625000e+02
6.781918579307822270e+00 3.416436157226562500e+02
6.785353331690354040e+00 3.442701110839843750e+02
6.788788084072884921e+00 3.440901489257812500e+02
6.792222836455416690e+00 3.460122070312500000e+02
6.795657588837947571e+00 3.516372680664062500e+02
6.799092341220478453e+00 3.579943847656250000e+02
6.802527093603009334e+00 3.607965393066406250e+02
6.805961845985541103e+00 3.635010986328125000e+02
6.809396598368071984e+00 3.661326293945312500e+02
6.812831350750603754e+00 3.650099487304687500e+02
6.816266103133134635e+00 3.593971557617187500e+02
6.819700855515666404e+00 3.510881347656250000e+02
6.823135607898196398e+00 3.473370971679687500e+02
6.826570360280728167e+00 3.457029418945312500e+02
6.830005112663259048e+00 3.459153747558593750e+02
6.833439865045790818e+00 3.409533996582031250e+02
6.836874617428321699e+00 3.330954589843750000e+02
6.840309369810852580e+00 3.319792480468750000e+02
6.843744122193384349e+00 3.391085815429687500e+02
6.847178874575915231e+00 3.484533691406250000e+02
6.850613626958446112e+00 3.516358032226562500e+02
6.854048379340976993e+00 3.556828002929687500e+02
6.857483131723508762e+00 3.600077819824218750e+02
6.860917884106039644e+00 3.614219360351562500e+02
6.864352636488571413e+00 3.614007873535156250e+02
6.867787388871102294e+00 3.568265686035156250e+02
6.871222141253634064e+00 3.530599670410156250e+02
6.874656893636164057e+00 3.472195434570312500e+02
6.878091646018695826e+00 3.395921630859375000e+02
6.881526398401226707e+00 3.368742980957031250e+02
6.884961150783758477e+00 3.387474060058593750e+02
6.888395903166289358e+00 3.406801452636718750e+02
6.891830655548821127e+00 3.406177062988281250e+02
6.895265407931352009e+00 3.428860168457031250e+02
6.898700160313882890e+00 3.447917175292968750e+02
6.902134912696413771e+00 3.489175415039062500e+02
6.905569665078945540e+00 3.482472839355468750e+02
6.909004417461476422e+00 3.492119140625000000e+02
6.912439169844007303e+00 3.498696289062500000e+02
6.915873922226539072e+00 3.530220947265625000e+02
6.919308674609069953e+00 3.458689880371093750e+02
6.922743426991601723e+00 3.357540893554687500e+02
6.926178179374131716e+00 3.294429931640625000e+02
6.929612931756663485e+00 3.326618347167968750e+02
6.933047684139194367e+00 3.352550354003906250e+02
6.936482436521726136e+00 3.369944152832031250e+02
6.939917188904257017e+00 3.415969543457031250e+02
6.943351941286788787e+00 3.510531616210937500e+02
6.946786693669319668e+00 3.584971008300781250e+02
6.950221446051850549e+00 3.625295104980468750e+02
6.953656198434381430e+00 3.588572387695312500e+02
6.957090950816913200e+00 3.535784301757812500e+02
6.960525703199444081e+00 3.505719909667968750e+02
6.963960455581975850e+00 3.441685180664062500e+02
6.967395207964506731e+00 3.399923706054687500e+02
6.970829960347038501e+00 3.400905761718750000e+02
6.974264712729568494e+00 3.424625854492187500e+02
6.977699465112100263e+00 3.424702148437500000e+02
6.981134217494631145e+00 3.394451293945312500e+02
6.984568969877162914e+00 3.368333740234375000e+02
6.988003722259693795e+00 3.412702026367187500e+02
6.991438474642224676e+00 3.404382934570312500e+02
6.994873227024756446e+00 3.399173889160156250e+02
6.998307979407287327e+00 3.371541137695312500e+02
7.001742731789818208e+00 3.393429260253906250e+02
7.005177484172349089e+00 3.396848754882812500e+02
7.008612236554880859e+00 3.419962158203125000e+02
7.012046988937411740e+00 3.430402526855468750e+02
7.015481741319943509e+00 3.445711669921875000e+02
7.018916493702474391e+00 3.436007690429687500e+02
7.022351246085006160e+00 3.461504211425781250e+02
7.025785998467536153e+00 3.438928527832031250e+02
7.029220750850067922e+00 3.411377563476562500e+02
7.032655503232598804e+00 3.392798156738281250e+02
7.036090255615130573e+00 3.392630615234375000e+02
7.039525007997661454e+00 3.389803771972656250e+02
7.042959760380193224e+00 3.358918762207031250e+02
7.046394512762724105e+00 3.335652465820312500e+02
7.049829265145254986e+00 3.339793395996093750e+02
7.053264017527785867e+00 3.329263610839843750e+02
7.056698769910317637e+00 3.346570129394531250e+02
7.060133522292848518e+00 3.336826171875000000e+02
7.063568274675379399e+00 3.349697265625000000e+02
7.067003027057911169e+00 3.342433776855468750e+02
7.070437779440442050e+00 3.370245361328125000e+02
7.073872531822972931e+00 3.408878784179687500e+02
7.077307284205503812e+00 3.441273803710937500e+02
7.080742036588035582e+00 3.478566589355468750e+02
7.084176788970566463e+00 3.504362182617187500e+02
7.087611541353098232e+00 3.535839538574218750e+02
7.091046293735629114e+00 3.578362731933593750e+02
7.094481046118160883e+00 3.597992553710937500e+02
7.097915798500691764e+00 3.602061462402343750e+02
7.101350550883222645e+00 3.540653991699218750e+02
7.104785303265753527e+00 3.506563110351562500e+02
7.108220055648285296e+00 3.438270568847656250e+02
7.111654808030816177e+00 3.360511169433593750e+02
7.115089560413347947e+00 3.291596679687500000e+02
7.118524312795878828e+00 3.241694946289062500e+02
7.121959065178410597e+00 3.219754943847656250e+02
7.125393817560940590e+00 3.230151062011718750e+02
7.128828569943472360e+00 3.238319702148437500e+02
7.132263322326003241e+00 3.231645812988281250e+02
7.135698074708535010e+00 3.216038208007812500e+02
7.139132827091065892e+00 3.268504943847656250e+02
7.142567579473596773e+00 3.333357543945312500e+02
7.146002331856128542e+00 3.352060852050781250e+02
7.149437084238658535e+00 3.351055603027343750e+02
7.152871836621190305e+00 3.396842346191406250e+02
7.156306589003721186e+00 3.467416687011718750e+02
7.159741341386252955e+00 3.452507629394531250e+02
7.163176093768782948e+00 3.384898681640625000e+02
7.166610846151314718e+00 3.364974670410156250e+02
7.170045598533845599e+00 3.375077819824218750e+02
7.173480350916377368e+00 3.393284301757812500e+02
7.176915103298908249e+00 3.361252441406250000e+02
7.180349855681440019e+00 3.329067993164062500e+02
7.183784608063970900e+00 3.284489135742187500e+02
7.187219360446502670e+00 3.245877990722656250e+02
7.190654112829033551e+00 3.257078247070312500e+02
7.194088865211565320e+00 3.240135192871093750e+02
7.197523617594096201e+00 3.212049560546875000e+02
7.200958369976627971e+00 3.195527954101562500e+02
7.204393122359158852e+00 3.219342956542968750e+02
7.207827874741689733e+00 3.236231384277343750e+02
7.211262627124221503e+00 3.206267395019531250e+02
7.214697379506751496e+00 3.225459289550781250e+02
7.218132131889282377e+00 3.191892395019531250e+02
7.221566884271814146e+00 3.202016296386718750e+02
7.225001636654345027e+00 3.195625915527343750e+02
7.228436389036875909e+00 3.234970703125000000e+02
7.231871141419407678e+00 3.250923461914062500e+02
7.235305893801938559e+00 3.289169006347656250e+02
7.238740646184470329e+00 3.273710632324218750e+02
7.242175398567001210e+00 3.297579650878906250e+02
7.245610150949532979e+00 3.274150695800781250e+02
7.249044903332063861e+00 3.263182983398437500e+02
7.252479655714595630e+00 3.212931213378906250e+02
7.255914408097126511e+00 3.214557800292968750e+02
7.259349160479658281e+00 3.211952209472656250e+02
7.262783912862187385e+00 3.223063964843750000e+02
7.266218665244719155e+00 3.207258911132812500e+02
7.269653417627250036e+00 3.213471984863281250e+02
7.273088170009781805e+00 3.237772827148437500e+02
7.276522922392312687e+00 3.302136535644531250e+02
7.279957674774844456e+00 3.347205200195312500e+02
7.283392427157375337e+00 3.372735290527343750e+02
7.286827179539907107e+00 3.350434265136718750e+02
7.290261931922437988e+00 3.374211120605468750e+02
7.293696684304968869e+00 3.354285888671875000e+02
7.297131436687500639e+00 3.338938293457031250e+02
7.300566189070031520e+00 3.286480407714843750e+02
7.304000941452563289e+00 3.239084472656250000e+02
7.307435693835094170e+00 3.228182067871093750e+02
7.310870446217625940e+00 3.223050231933593750e+02
7.314305198600155045e+00 3.176475524902343750e+02
7.317739950982686814e+00 3.141636962890625000e+02
7.321174703365217695e+00 3.137558898925781250e+02
7.324609455747749465e+00 3.159323730468750000e+02
7.328044208130280346e+00 3.123439331054687500e+02
7.331478960512812115e+00 3.118844909667968750e+02
7.334913712895342996e+00 3.096318054199218750e+02
7.338348465277874766e+00 3.112083129882812500e+02
7.341783217660405647e+00 3.109485473632812500e+02
7.345217970042937417e+00 3.140386962890625000e+02
7.348652722425468298e+00 3.160656127929687500e+02
7.352087474808000067e+00 3.183860473632812500e+02
7.355522227190530948e+00 3.221317138671875000e+02
7.358956979573061830e+00 3.234549255371093750e+02
7.362391731955593599e+00 3.240453186035156250e+02
7.365826484338123592e+00 3.269307250976562500e+02
7.369261236720654473e+00 3.279793701171875000e+02
7.372695989103186243e+00 3.331002502441406250e+02
7.376130741485717124e+00 3.307190856933593750e+02
7.379565493868248005e+00 3.302189331054687500e+02
7.383000246250779774e+00 3.260123901367187500e+02
7.386434998633310656e+00 3.261620483398437500e+02
7.389869751015842425e+00 3.300065002441406250e+02
7.393304503398373306e+00 3.307846374511718750e+02
7.396739255780905076e+00 3.293233642578125000e+02
7.400174008163435957e+00 3.245604553222656250e+02
7.403608760545967726e+00 3.257889709472656250e+02
7.407043512928498608e+00 3.249358215332031250e+02
7.410478265311030377e+00 3.263279724121093750e+02
7.413913017693559482e+00 3.264429626464843750e+02
7.417347770076091251e+00 3.279662170410156250e+02
7.420782522458622132e+00 3.290211181640625000e+02
7.424217274841153902e+00 3.283825683593750000e+02
7.427652027223684783e+00 3.249620056152343750e+02
7.431086779606216552e+00 3.238226928710937500e+02
7.434521531988747434e+00 3.232027587890625000e+02
7.437956284371279203e+00 3.195312805175781250e+02
