# # sector 19: chi = 14.98 deg (range [10, 20))
# # columns: 2theta(deg)  intensity
1.052751605245807909e+00 1.278008300781250000e+03
1.056186357628339012e+00 1.273942749023437500e+03
1.059621110010870337e+00 1.270803466796875000e+03
1.063055862393401441e+00 1.260489868164062500e+03
1.066490614775932544e+00 1.261017822265625000e+03
1.069925367158463869e+00 1.264743408203125000e+03
1.073360119540994972e+00 1.265147705078125000e+03
1.076794871923526298e+00 1.276429321289062500e+03
1.080229624306057401e+00 1.294951660156250000e+03
1.083664376688588726e+00 1.299834472656250000e+03
1.087099129071119830e+00 1.296740356445312500e+03
1.090533881453650933e+00 1.297981445312500000e+03
1.093968633836182036e+00 1.302761596679687500e+03
1.097403386218713361e+00 1.300182861328125000e+03
1.100838138601244465e+00 1.296450561523437500e+03
1.104272890983775568e+00 1.310438476562500000e+03
1.107707643366306893e+00 1.315333740234375000e+03
1.111142395748837997e+00 1.310859375000000000e+03
1.114577148131369322e+00 1.300882446289062500e+03
1.118011900513900425e+00 1.300496582031250000e+03
1.121446652896431750e+00 1.292439941406250000e+03
1.124881405278962854e+00 1.283052490234375000e+03
1.128316157661493957e+00 1.286458129882812500e+03
1.131750910044025060e+00 1.310439453125000000e+03
1.135185662426556386e+00 1.322829101562500000e+03
1.138620414809087489e+00 1.321095092773437500e+03
1.142055167191618592e+00 1.316461914062500000e+03
1.145489919574149917e+00 1.316904418945312500e+03
1.148924671956681021e+00 1.327883789062500000e+03
1.152359424339212346e+00 1.332660766601562500e+03
1.155794176721743449e+00 1.339082275390625000e+03
1.159228929104274775e+00 1.328055419921875000e+03
1.162663681486805878e+00 1.330767089843750000e+03
1.166098433869336981e+00 1.324995239257812500e+03
1.169533186251868084e+00 1.335390625000000000e+03
1.172967938634399410e+00 1.343330810546875000e+03
1.176402691016930513e+00 1.338781005859375000e+03
1.179837443399461616e+00 1.336766845703125000e+03
1.183272195781992941e+00 1.331864746093750000e+03
1.186706948164524045e+00 1.331280273437500000e+03
1.190141700547055370e+00 1.322323364257812500e+03
1.193576452929586473e+00 1.323915161132812500e+03
1.197011205312117799e+00 1.332907470703125000e+03
1.200445957694648902e+00 1.346023193359375000e+03
1.203880710077180005e+00 1.352132446289062500e+03
1.207315462459711108e+00 1.357286010742187500e+03
1.210750214842242434e+00 1.353263183593750000e+03
1.214184967224773537e+00 1.363633056640625000e+03
1.217619719607304640e+00 1.378439941406250000e+03
1.221054471989835966e+00 1.382040649414062500e+03
1.224489224372367069e+00 1.381793701171875000e+03
1.227923976754898394e+00 1.369790649414062500e+03
1.231358729137429497e+00 1.358486938476562500e+03
1.234793481519960823e+00 1.361759033203125000e+03
1.238228233902491926e+00 1.376117187500000000e+03
1.241662986285023029e+00 1.384840454101562500e+03
1.245097738667554133e+00 1.385567138671875000e+03
1.248532491050085236e+00 1.383348754882812500e+03
1.251967243432616561e+00 1.389523071289062500e+03
1.255401995815147664e+00 1.405079345703125000e+03
1.258836748197678990e+00 1.404078369140625000e+03
1.262271500580210093e+00 1.389022460937500000e+03
1.265706252962741418e+00 1.399979614257812500e+03
1.269141005345272522e+00 1.411540771484375000e+03
1.272575757727803847e+00 1.423481933593750000e+03
1.276010510110334950e+00 1.418186279296875000e+03
1.279445262492866053e+00 1.425903564453125000e+03
1.282880014875397157e+00 1.425313842773437500e+03
1.286314767257928260e+00 1.423824584960937500e+03
1.289749519640459585e+00 1.429462402343750000e+03
1.293184272022990688e+00 1.440536010742187500e+03
1.296619024405522014e+00 1.453705322265625000e+03
1.300053776788053117e+00 1.455801513671875000e+03
1.303488529170584442e+00 1.451338989257812500e+03
1.306923281553115546e+00 1.442658081054687500e+03
1.310358033935646871e+00 1.439239868164062500e+03
1.313792786318177974e+00 1.433198852539062500e+03
1.317227538700709077e+00 1.438253417968750000e+03
1.320662291083240181e+00 1.431612792968750000e+03
1.324097043465771284e+00 1.439682739257812500e+03
1.327531795848302609e+00 1.448027954101562500e+03
1.330966548230833713e+00 1.469370971679687500e+03
1.334401300613365038e+00 1.502755004882812500e+03
1.337836052995896141e+00 1.536476196289062500e+03
1.341270805378427466e+00 1.559341674804687500e+03
1.344705557760958570e+00 1.565151977539062500e+03
1.348140310143489895e+00 1.566095458984375000e+03
1.351575062526020998e+00 1.551078613281250000e+03
1.355009814908552102e+00 1.536934448242187500e+03
1.358444567291083205e+00 1.516253540039062500e+03
1.361879319673614308e+00 1.493095336914062500e+03
1.365314072056145633e+00 1.475018798828125000e+03
1.368748824438676737e+00 1.473792846679687500e+03
1.372183576821208062e+00 1.472233520507812500e+03
1.375618329203739165e+00 1.463843139648437500e+03
1.379053081586270491e+00 1.463272216796875000e+03
1.382487833968801594e+00 1.475172485351562500e+03
1.385922586351332919e+00 1.463451171875000000e+03
1.389357338733864022e+00 1.478350097656250000e+03
1.392792091116395126e+00 1.486234497070312500e+03
1.396226843498926229e+00 1.494951293945312500e+03
1.399661595881457332e+00 1.487990478515625000e+03
1.403096348263988657e+00 1.482369995117187500e+03
1.406531100646519761e+00 1.487984375000000000e+03
1.409965853029051086e+00 1.501491943359375000e+03
1.413400605411582189e+00 1.499355957031250000e+03
1.416835357794113515e+00 1.483104003906250000e+03
1.420270110176644618e+00 1.486022338867187500e+03
1.423704862559175943e+00 1.484771362304687500e+03
1.427139614941707046e+00 1.488891845703125000e+03
1.430574367324238150e+00 1.492706054687500000e+03
1.434009119706769253e+00 1.503796997070312500e+03
1.437443872089300356e+00 1.514842529296875000e+03
1.440878624471831682e+00 1.514481445312500000e+03
1.444313376854362785e+00 1.514763916015625000e+03
1.447748129236894110e+00 1.517417968750000000e+03
1.451182881619425213e+00 1.521773681640625000e+03
1.454617634001956539e+00 1.523238403320312500e+03
1.458052386384487642e+00 1.535956787109375000e+03
1.461487138767018967e+00 1.545392089843750000e+03
1.464921891149550071e+00 1.531909545898437500e+03
1.468356643532081174e+00 1.528643798828125000e+03
1.471791395914612277e+00 1.523930419921875000e+03
1.475226148297143380e+00 1.521000610351562500e+03
1.478660900679674706e+00 1.509704589843750000e+03
1.482095653062205809e+00 1.512338867187500000e+03
1.485530405444737134e+00 1.509043945312500000e+03
1.488965157827268238e+00 1.523895751953125000e+03
1.492399910209799563e+00 1.532111938476562500e+03
1.495834662592330666e+00 1.530384399414062500e+03
1.499269414974861991e+00 1.515929931640625000e+03
1.502704167357393095e+00 1.514053710937500000e+03
1.506138919739924198e+00 1.524512084960937500e+03
1.509573672122455301e+00 1.524883300781250000e+03
1.513008424504986404e+00 1.519260986328125000e+03
1.516443176887517730e+00 1.518334472656250000e+03
1.519877929270048833e+00 1.536306762695312500e+03
1.523312681652580158e+00 1.534654296875000000e+03
1.526747434035111262e+00 1.535878540039062500e+03
1.530182186417642587e+00 1.525858276367187500e+03
1.533616938800173690e+00 1.534841430664062500e+03
1.537051691182705015e+00 1.529142333984375000e+03
1.540486443565236119e+00 1.526373779296875000e+03
1.543921195947767222e+00 1.531838989257812500e+03
1.547355948330298325e+00 1.534387207031250000e+03
1.550790700712829429e+00 1.528930175781250000e+03
1.554225453095360754e+00 1.522644653320312500e+03
1.557660205477891857e+00 1.526115478515625000e+03
1.561094957860423182e+00 1.539902709960937500e+03
1.564529710242954286e+00 1.543524291992187500e+03
1.567964462625485611e+00 1.549835815429687500e+03
1.571399215008016714e+00 1.553585571289062500e+03
1.574833967390548040e+00 1.559913208007812500e+03
1.578268719773079143e+00 1.551278442382812500e+03
1.581703472155610246e+00 1.550666137695312500e+03
1.585138224538141349e+00 1.550205444335937500e+03
1.588572976920672453e+00 1.551716796875000000e+03
1.592007729303203778e+00 1.554016845703125000e+03
1.595442481685734881e+00 1.562476318359375000e+03
1.598877234068266207e+00 1.560642333984375000e+03
1.602311986450797310e+00 1.552058593750000000e+03
1.605746738833328635e+00 1.559211547851562500e+03
1.609181491215859738e+00 1.590675781250000000e+03
1.612616243598391064e+00 1.629705322265625000e+03
1.616050995980922167e+00 1.679125976562500000e+03
1.619485748363453270e+00 1.736596923828125000e+03
1.622920500745984373e+00 1.793617065429687500e+03
1.626355253128515477e+00 1.821677612304687500e+03
1.629790005511046802e+00 1.821025268554687500e+03
1.633224757893577905e+00 1.787222045898437500e+03
1.636659510276109231e+00 1.745787353515625000e+03
1.640094262658640334e+00 1.703348632812500000e+03
1.643529015041171659e+00 1.662319824218750000e+03
1.646963767423702762e+00 1.630013427734375000e+03
1.650398519806234088e+00 1.601828125000000000e+03
1.653833272188765191e+00 1.591891967773437500e+03
1.657268024571296294e+00 1.588893798828125000e+03
1.660702776953827398e+00 1.581695922851562500e+03
1.664137529336358501e+00 1.572384643554687500e+03
1.667572281718889826e+00 1.563526977539062500e+03
1.671007034101420929e+00 1.561135620117187500e+03
1.674441786483952255e+00 1.560963989257812500e+03
1.677876538866483358e+00 1.567404663085937500e+03
1.681311291249014683e+00 1.568454101562500000e+03
1.684746043631545787e+00 1.559050415039062500e+03
1.688180796014076890e+00 1.545608642578125000e+03
1.691615548396608215e+00 1.539207519531250000e+03
1.695050300779139318e+00 1.535167968750000000e+03
1.698485053161670422e+00 1.533422241210937500e+03
1.701919805544201525e+00 1.528306640625000000e+03
1.705354557926732850e+00 1.540577880859375000e+03
1.708789310309263954e+00 1.545721923828125000e+03
1.712224062691795279e+00 1.541843261718750000e+03
1.715658815074326382e+00 1.548283569335937500e+03
1.719093567456857707e+00 1.549314697265625000e+03
1.722528319839388811e+00 1.543156127929687500e+03
1.725963072221919914e+00 1.535119384765625000e+03
1.729397824604451239e+00 1.526486083984375000e+03
1.732832576986982343e+00 1.532942138671875000e+03
1.736267329369513446e+00 1.532304199218750000e+03
1.739702081752044549e+00 1.531150878906250000e+03
1.743136834134575874e+00 1.519374755859375000e+03
1.746571586517106978e+00 1.524315429687500000e+03
1.750006338899638303e+00 1.523805664062500000e+03
1.753441091282169406e+00 1.522353881835937500e+03
1.756875843664700731e+00 1.520077270507812500e+03
1.760310596047231835e+00 1.520205078125000000e+03
1.763745348429762938e+00 1.518810791015625000e+03
1.767180100812294263e+00 1.531495239257812500e+03
1.770614853194825367e+00 1.546147949218750000e+03
1.774049605577356470e+00 1.552880004882812500e+03
1.777484357959887573e+00 1.556994628906250000e+03
1.780919110342418898e+00 1.551508300781250000e+03
1.784353862724950002e+00 1.539961303710937500e+03
1.787788615107481327e+00 1.514537719726562500e+03
1.791223367490012208e+00 1.512588867187500000e+03
1.794658119872543534e+00 1.501839355468750000e+03
1.798092872255074859e+00 1.480280273437500000e+03
1.801527624637606184e+00 1.458895507812500000e+03
1.804962377020137065e+00 1.442429565429687500e+03
1.808397129402668391e+00 1.433113647460937500e+03
1.811831881785199494e+00 1.423279785156250000e+03
1.815266634167730819e+00 1.410675903320312500e+03
1.818701386550261700e+00 1.409030029296875000e+03
1.822136138932793026e+00 1.413606323242187500e+03
1.825570891315324351e+00 1.425778198242187500e+03
1.829005643697855676e+00 1.426924194335937500e+03
1.832440396080386558e+00 1.420196411132812500e+03
1.835875148462917883e+00 1.415040527343750000e+03
1.839309900845449208e+00 1.401800415039062500e+03
1.842744653227980089e+00 1.382080810546875000e+03
1.846179405610511415e+00 1.375658935546875000e+03
1.849614157993042740e+00 1.383650512695312500e+03
1.853048910375573843e+00 1.372519897460937500e+03
1.856483662758104725e+00 1.355699951171875000e+03
1.859918415140636050e+00 1.346516967773437500e+03
1.863353167523167375e+00 1.345465942382812500e+03
1.866787919905698701e+00 1.349808837890625000e+03
1.870222672288229582e+00 1.350080444335937500e+03
1.873657424670760907e+00 1.348805419921875000e+03
1.877092177053292232e+00 1.357786010742187500e+03
1.880526929435823114e+00 1.365628417968750000e+03
1.883961681818354439e+00 1.359449951171875000e+03
1.887396434200885764e+00 1.353908081054687500e+03
1.890831186583416867e+00 1.346284667968750000e+03
1.894265938965947749e+00 1.324997070312500000e+03
1.897700691348479074e+00 1.307216918945312500e+03
1.901135443731010399e+00 1.292841308593750000e+03
1.904570196113541725e+00 1.285295166015625000e+03
1.908004948496072606e+00 1.292167358398437500e+03
1.911439700878603931e+00 1.293127441406250000e+03
1.914874453261135256e+00 1.278276611328125000e+03
1.918309205643666138e+00 1.267254394531250000e+03
1.921743958026197463e+00 1.270488769531250000e+03
1.925178710408728788e+00 1.272583984375000000e+03
1.928613462791259892e+00 1.283416992187500000e+03
1.932048215173790773e+00 1.290657104492187500e+03
1.935482967556322098e+00 1.291199096679687500e+03
1.938917719938853423e+00 1.280032958984375000e+03
1.942352472321384749e+00 1.265016967773437500e+03
1.945787224703915630e+00 1.253393920898437500e+03
1.949221977086446955e+00 1.252348999023437500e+03
1.952656729468978281e+00 1.252574340820312500e+03
1.956091481851509162e+00 1.246202880859375000e+03
1.959526234234040487e+00 1.237594970703125000e+03
1.962960986616571812e+00 1.229342895507812500e+03
1.966395738999102916e+00 1.221491210937500000e+03
1.969830491381633797e+00 1.222660034179687500e+03
1.973265243764165122e+00 1.233510986328125000e+03
1.976699996146696447e+00 1.236888305664062500e+03
1.980134748529227329e+00 1.253768554687500000e+03
1.983569500911758654e+00 1.293739990234375000e+03
1.987004253294289979e+00 1.367209106445312500e+03
1.990439005676821305e+00 1.434603027343750000e+03
1.993873758059352186e+00 1.502571166992187500e+03
1.997308510441883511e+00 1.551985595703125000e+03
2.000743262824414614e+00 1.578249389648437500e+03
2.004178015206945940e+00 1.565745117187500000e+03
2.007612767589476821e+00 1.520152954101562500e+03
2.011047519972008146e+00 1.439227783203125000e+03
2.014482272354539472e+00 1.343761596679687500e+03
2.017917024737070353e+00 1.251630859375000000e+03
2.021351777119601678e+00 1.204451049804687500e+03
2.024786529502133003e+00 1.184182006835937500e+03
2.028221281884664329e+00 1.163596069335937500e+03
2.031656034267195210e+00 1.150276855468750000e+03
2.035090786649726535e+00 1.147330810546875000e+03
2.038525539032257861e+00 1.152196899414062500e+03
2.041960291414789186e+00 1.142559082031250000e+03
2.045395043797320067e+00 1.145923461914062500e+03
2.048829796179851392e+00 1.149254394531250000e+03
2.052264548562382718e+00 1.149937500000000000e+03
2.055699300944913599e+00 1.137009765625000000e+03
2.059134053327444924e+00 1.128146362304687500e+03
2.062568805709975805e+00 1.120663208007812500e+03
2.066003558092507131e+00 1.117590087890625000e+03
2.069438310475038012e+00 1.119526245117187500e+03
2.072873062857569337e+00 1.125685424804687500e+03
2.076307815240100663e+00 1.127267456054687500e+03
2.079742567622631988e+00 1.112684448242187500e+03
2.083177320005162869e+00 1.107323974609375000e+03
2.086612072387694194e+00 1.103464599609375000e+03
2.090046824770225520e+00 1.094960937500000000e+03
2.093481577152756401e+00 1.084963623046875000e+03
2.096916329535287726e+00 1.081772338867187500e+03
2.100351081917819052e+00 1.075155517578125000e+03
2.103785834300350377e+00 1.066011962890625000e+03
2.107220586682881258e+00 1.059435180664062500e+03
2.110655339065412583e+00 1.063855590820312500e+03
2.114090091447943909e+00 1.068819335937500000e+03
2.117524843830475234e+00 1.071885375976562500e+03
2.120959596213006115e+00 1.071230102539062500e+03
2.124394348595537441e+00 1.061602294921875000e+03
2.127829100978068766e+00 1.051880371093750000e+03
2.131263853360599647e+00 1.047868286132812500e+03
2.134698605743130972e+00 1.046929931640625000e+03
2.138133358125661854e+00 1.045091796875000000e+03
2.141568110508193179e+00 1.047024902343750000e+03
2.145002862890724060e+00 1.047515502929687500e+03
2.148437615273255386e+00 1.036216918945312500e+03
2.151872367655786711e+00 1.026389038085937500e+03
2.155307120038318036e+00 1.016154724121093750e+03
2.158741872420848917e+00 1.009811279296875000e+03
2.162176624803380243e+00 1.003380371093750000e+03
2.165611377185911568e+00 1.005013366699218750e+03
2.169046129568442449e+00 1.009138610839843750e+03
2.172480881950973775e+00 1.008150390625000000e+03
2.175915634333505100e+00 1.006309265136718750e+03
2.179350386716036425e+00 1.008466003417968750e+03
2.182785139098567306e+00 1.013029479980468750e+03
2.186219891481098632e+00 1.005895080566406250e+03
2.189654643863629957e+00 9.943750610351562500e+02
2.193089396246161282e+00 9.959644165039062500e+02
2.196524148628692163e+00 9.962722778320312500e+02
2.199958901011223489e+00 9.960291137695312500e+02
2.203393653393754814e+00 9.857225341796875000e+02
2.206828405776285695e+00 9.792039794921875000e+02
2.210263158158817021e+00 9.740477905273437500e+02
2.213697910541347902e+00 9.711178588867187500e+02
2.217132662923879227e+00 9.710511474609375000e+02
2.220567415306410108e+00 9.694242553710937500e+02
2.224002167688941434e+00 9.585903930664062500e+02
2.227436920071472759e+00 9.574713745117187500e+02
2.230871672454004084e+00 9.599077148437500000e+02
2.234306424836534966e+00 9.610676879882812500e+02
2.237741177219066291e+00 9.531494750976562500e+02
2.241175929601597616e+00 9.364038696289062500e+02
2.244610681984128497e+00 9.315133056640625000e+02
2.248045434366659823e+00 9.380011596679687500e+02
2.251480186749191148e+00 9.415140991210937500e+02
2.254914939131722473e+00 9.352284545898437500e+02
2.258349691514253355e+00 9.385684814453125000e+02
2.261784443896784680e+00 9.416815795898437500e+02
2.265219196279316005e+00 9.541554565429687500e+02
2.268653948661847330e+00 9.518860473632812500e+02
2.272088701044378212e+00 9.468927612304687500e+02
2.275523453426909537e+00 9.348364868164062500e+02
2.278958205809440862e+00 9.232582397460937500e+02
2.282392958191971744e+00 9.111857299804687500e+02
2.285827710574503069e+00 9.067439575195312500e+02
2.289262462957033950e+00 9.144440307617187500e+02
2.292697215339565275e+00 9.159087524414062500e+02
2.296131967722096157e+00 9.280078125000000000e+02
2.299566720104627482e+00 9.491128540039062500e+02
2.303001472487158807e+00 9.846983642578125000e+02
2.306436224869690133e+00 1.040294433593750000e+03
2.309870977252221014e+00 1.112704467773437500e+03
2.313305729634752339e+00 1.199377075195312500e+03
2.316740482017283664e+00 1.256705322265625000e+03
2.320175234399814546e+00 1.266687500000000000e+03
2.323609986782345871e+00 1.231302734375000000e+03
2.327044739164877196e+00 1.171831176757812500e+03
2.330479491547408522e+00 1.103462890625000000e+03
2.333914243929939403e+00 1.025168457031250000e+03
2.337348996312470728e+00 9.589671020507812500e+02
2.340783748695002053e+00 9.258599243164062500e+02
2.344218501077533379e+00 9.199382934570312500e+02
2.347653253460064260e+00 9.117753906250000000e+02
2.351088005842595585e+00 8.961198730468750000e+02
2.354522758225126911e+00 8.881691894531250000e+02
2.357957510607657792e+00 8.859776000976562500e+02
2.361392262990189117e+00 8.817378540039062500e+02
2.364827015372720442e+00 8.784855957031250000e+02
2.368261767755251324e+00 8.788306274414062500e+02
2.371696520137782205e+00 8.780760498046875000e+02
2.375131272520313530e+00 8.757861938476562500e+02
2.378566024902844855e+00 8.672573852539062500e+02
2.382000777285376181e+00 8.625413208007812500e+02
2.385435529667907062e+00 8.653837280273437500e+02
2.388870282050438387e+00 8.607825317382812500e+02
2.392305034432969713e+00 8.512504882812500000e+02
2.395739786815500594e+00 8.411928710937500000e+02
2.399174539198031919e+00 8.413972167968750000e+02
2.402609291580563244e+00 8.458849487304687500e+02
2.406044043963094570e+00 8.431054077148437500e+02
2.409478796345625451e+00 8.464290161132812500e+02
2.412913548728156776e+00 8.501697387695312500e+02
2.416348301110688102e+00 8.481971435546875000e+02
2.419783053493219427e+00 8.554413452148437500e+02
2.423217805875750308e+00 8.561679077148437500e+02
2.426652558258281633e+00 8.505018310546875000e+02
2.430087310640812959e+00 8.454544067382812500e+02
2.433522063023343840e+00 8.433923339843750000e+02
2.436956815405875165e+00 8.383086547851562500e+02
2.440391567788406491e+00 8.322929077148437500e+02
2.443826320170937372e+00 8.219591064453125000e+02
2.447261072553468253e+00 8.109508056640625000e+02
2.450695824935999578e+00 8.130310058593750000e+02
2.454130577318530904e+00 8.192022094726562500e+02
2.457565329701061785e+00 8.287736816406250000e+02
2.461000082083593110e+00 8.281090087890625000e+02
2.464434834466124435e+00 8.289052124023437500e+02
2.467869586848655761e+00 8.252668457031250000e+02
2.471304339231186642e+00 8.187330932617187500e+02
2.474739091613717967e+00 8.167496948242187500e+02
2.478173843996249293e+00 8.149548950195312500e+02
2.481608596378780618e+00 8.168596801757812500e+02
2.485043348761311499e+00 8.219448242187500000e+02
2.488478101143842824e+00 8.290563354492187500e+02
2.491912853526374150e+00 8.422003173828125000e+02
2.495347605908905031e+00 8.588158569335937500e+02
2.498782358291436356e+00 8.836218261718750000e+02
2.502217110673967682e+00 9.088610839843750000e+02
2.505651863056499007e+00 9.342463989257812500e+02
2.509086615439029888e+00 9.452677001953125000e+02
2.512521367821561213e+00 9.460106811523437500e+02
2.515956120204092539e+00 9.368056030273437500e+02
2.519390872586623420e+00 9.042189941406250000e+02
2.522825624969154301e+00 8.722623291015625000e+02
2.526260377351685626e+00 8.438788452148437500e+02
2.529695129734216952e+00 8.204994506835937500e+02
2.533129882116747833e+00 7.983344116210937500e+02
2.536564634499279158e+00 7.775354614257812500e+02
2.539999386881810484e+00 7.680576171875000000e+02
2.543434139264341809e+00 7.701300048828125000e+02
2.546868891646872690e+00 7.863802490234375000e+02
2.550303644029404015e+00 7.855852050781250000e+02
2.553738396411935341e+00 7.832373657226562500e+02
2.557173148794466666e+00 7.714214477539062500e+02
2.560607901176997547e+00 7.739985351562500000e+02
2.564042653559528873e+00 7.725510253906250000e+02
2.567477405942060198e+00 7.740546264648437500e+02
2.570912158324591079e+00 7.685795898437500000e+02
2.574346910707122404e+00 7.654720458984375000e+02
2.577781663089653730e+00 7.618368530273437500e+02
2.581216415472185055e+00 7.640703735351562500e+02
2.584651167854715936e+00 7.631179809570312500e+02
2.588085920237247262e+00 7.654252929687500000e+02
2.591520672619778587e+00 7.645042724609375000e+02
2.594955425002309468e+00 7.592495117187500000e+02
2.598390177384840349e+00 7.620032348632812500e+02
2.601824929767371675e+00 7.675473632812500000e+02
2.605259682149903000e+00 7.656004638671875000e+02
2.608694434532433881e+00 7.626480102539062500e+02
2.612129186914965207e+00 7.600427246093750000e+02
2.615563939297496532e+00 7.610273437500000000e+02
2.618998691680027857e+00 7.593067626953125000e+02
2.622433444062558738e+00 7.476313476562500000e+02
2.625868196445090064e+00 7.417672729492187500e+02
2.629302948827621389e+00 7.406801147460937500e+02
2.632737701210152714e+00 7.343633422851562500e+02
2.636172453592683596e+00 7.334456176757812500e+02
2.639607205975214921e+00 7.434692993164062500e+02
2.643041958357746246e+00 7.508859252929687500e+02
2.646476710740277127e+00 7.445383300781250000e+02
2.649911463122808453e+00 7.378504028320312500e+02
2.653346215505339778e+00 7.332064819335937500e+02
2.656780967887871103e+00 7.317897949218750000e+02
2.660215720270401984e+00 7.228201904296875000e+02
2.663650472652933310e+00 7.265244140625000000e+02
2.667085225035464635e+00 7.283441772460937500e+02
2.670519977417995516e+00 7.242410278320312500e+02
2.673954729800526398e+00 7.117783813476562500e+02
2.677389482183057723e+00 7.173588256835937500e+02
2.680824234565589048e+00 7.242871093750000000e+02
2.684258986948119929e+00 7.297639160156250000e+02
2.687693739330651255e+00 7.279524536132812500e+02
2.691128491713182580e+00 7.216419677734375000e+02
2.694563244095713905e+00 7.169756469726562500e+02
2.697997996478244787e+00 7.184540405273437500e+02
2.701432748860776112e+00 7.150815429687500000e+02
2.704867501243307437e+00 7.114382934570312500e+02
2.708302253625838762e+00 7.120152587890625000e+02
2.711737006008369644e+00 7.165083618164062500e+02
2.715171758390900969e+00 7.171624755859375000e+02
2.718606510773432294e+00 7.124500732421875000e+02
2.722041263155963176e+00 7.083890991210937500e+02
2.725476015538494501e+00 7.028588256835937500e+02
2.728910767921025826e+00 7.016496582031250000e+02
2.732345520303557151e+00 6.946843872070312500e+02
2.735780272686088033e+00 6.902432250976562500e+02
2.739215025068619358e+00 7.019744262695312500e+02
2.742649777451150683e+00 7.157955322265625000e+02
2.746084529833681565e+00 7.418378906250000000e+02
2.749519282216212890e+00 7.832909545898437500e+02
2.752954034598743771e+00 8.601580200195312500e+02
2.756388786981275096e+00 9.564793090820312500e+02
2.759823539363805978e+00 1.051472290039062500e+03
2.763258291746337303e+00 1.107346679687500000e+03
2.766693044128868628e+00 1.127793823242187500e+03
2.770127796511399954e+00 1.112885986328125000e+03
2.773562548893930835e+00 1.050475463867187500e+03
2.776997301276462160e+00 9.625219726562500000e+02
2.780432053658993485e+00 8.711551513671875000e+02
2.783866806041524811e+00 7.977510375976562500e+02
2.787301558424055692e+00 7.398189086914062500e+02
2.790736310806587017e+00 7.157742919921875000e+02
2.794171063189118343e+00 7.051598510742187500e+02
2.797605815571649224e+00 7.017819824218750000e+02
2.801040567954180549e+00 6.992230834960937500e+02
2.804475320336711874e+00 6.916675415039062500e+02
2.807910072719243200e+00 6.899307250976562500e+02
2.811344825101774081e+00 6.966715698242187500e+02
2.814779577484305406e+00 6.995330200195312500e+02
2.818214329866836731e+00 7.017545776367187500e+02
2.821649082249367613e+00 7.132817382812500000e+02
2.825083834631898938e+00 7.395263671875000000e+02
2.828518587014429819e+00 7.670305786132812500e+02
2.831953339396961145e+00 7.896793823242187500e+02
2.835388091779492026e+00 8.096864624023437500e+02
2.838822844162023351e+00 8.173874511718750000e+02
2.842257596544554676e+00 8.116549072265625000e+02
2.845692348927086002e+00 7.919788208007812500e+02
2.849127101309616883e+00 7.643377685546875000e+02
2.852561853692148208e+00 7.418876953125000000e+02
2.855996606074679534e+00 7.210647583007812500e+02
2.859431358457210415e+00 7.125664672851562500e+02
2.862866110839741740e+00 7.001905517578125000e+02
2.866300863222273065e+00 6.891473388671875000e+02
2.869735615604804391e+00 6.909357299804687500e+02
2.873170367987335272e+00 6.917463378906250000e+02
2.876605120369866597e+00 7.020603637695312500e+02
2.880039872752397923e+00 7.085496215820312500e+02
2.883474625134929248e+00 7.165234985351562500e+02
2.886909377517460129e+00 7.189251708984375000e+02
2.890344129899991454e+00 7.146118164062500000e+02
2.893778882282522780e+00 7.143981323242187500e+02
2.897213634665053661e+00 7.122127075195312500e+02
2.900648387047584986e+00 7.127098999023437500e+02
2.904083139430115867e+00 7.149009399414062500e+02
2.907517891812647193e+00 7.152170410156250000e+02
2.910952644195178074e+00 7.211050415039062500e+02
2.914387396577709399e+00 7.362811889648437500e+02
2.917822148960240725e+00 7.527778930664062500e+02
2.921256901342772050e+00 7.662316284179687500e+02
2.924691653725302931e+00 7.860439453125000000e+02
2.928126406107834256e+00 8.147550048828125000e+02
2.931561158490365582e+00 8.501681518554687500e+02
2.934995910872896463e+00 8.856921386718750000e+02
2.938430663255427788e+00 9.095982055664062500e+02
2.941865415637959114e+00 9.268149414062500000e+02
2.945300168020490439e+00 9.518294067382812500e+02
2.948734920403021320e+00 1.007937988281250000e+03
2.952169672785552645e+00 1.116230957031250000e+03
2.955604425168083971e+00 1.341944458007812500e+03
2.959039177550615296e+00 1.823854736328125000e+03
2.962473929933146177e+00 2.870710449218750000e+03
2.965908682315677503e+00 4.735884765625000000e+03
2.969343434698208828e+00 7.477799804687500000e+03
2.972778187080739709e+00 1.056211718750000000e+04
2.976212939463271034e+00 1.305679882812500000e+04
2.979647691845801916e+00 1.426671875000000000e+04
2.983082444228333241e+00 1.381926953125000000e+04
2.986517196610864122e+00 1.188327929687500000e+04
2.989951948993395447e+00 9.120954101562500000e+03
2.993386701375926773e+00 6.081242675781250000e+03
2.996821453758458098e+00 3.753528320312500000e+03
3.000256206140988979e+00 2.235302734375000000e+03
3.003690958523520305e+00 1.507994262695312500e+03
3.007125710906051630e+00 1.142850219726562500e+03
3.010560463288582511e+00 9.777553100585937500e+02
3.013995215671113836e+00 8.934330444335937500e+02
3.017429968053645162e+00 8.515328979492187500e+02
3.020864720436176487e+00 8.207482299804687500e+02
3.024299472818707368e+00 7.974608764648437500e+02
3.027734225201238694e+00 7.815861206054687500e+02
3.031168977583770019e+00 7.669807739257812500e+02
3.034603729966301344e+00 7.612056274414062500e+02
3.038038482348832225e+00 7.602606201171875000e+02
3.041473234731363551e+00 7.676931762695312500e+02
3.044907987113894876e+00 7.726505737304687500e+02
3.048342739496425757e+00 7.726735229492187500e+02
3.051777491878957083e+00 7.686961669921875000e+02
3.055212244261487964e+00 7.660509643554687500e+02
3.058646996644019289e+00 7.633648681640625000e+02
3.062081749026550170e+00 7.687798461914062500e+02
3.065516501409081496e+00 7.767862548828125000e+02
3.068951253791612821e+00 7.883347778320312500e+02
3.072386006174144146e+00 7.892939453125000000e+02
3.075820758556675028e+00 7.852296142578125000e+02
3.079255510939206353e+00 7.757681274414062500e+02
3.082690263321737678e+00 7.630913696289062500e+02
3.086125015704268559e+00 7.399200439453125000e+02
3.089559768086799885e+00 7.232351684570312500e+02
3.092994520469331210e+00 7.016773071289062500e+02
3.096429272851862535e+00 6.793296508789062500e+02
3.099864025234393416e+00 6.611961669921875000e+02
3.103298777616924742e+00 6.522723388671875000e+02
3.106733529999456067e+00 6.436497192382812500e+02
3.110168282381987392e+00 6.326373291015625000e+02
3.113603034764518274e+00 6.275939331054687500e+02
3.117037787147049599e+00 6.225964965820312500e+02
3.120472539529580924e+00 6.194404296875000000e+02
3.123907291912111805e+00 6.174174804687500000e+02
3.127342044294643131e+00 6.178025512695312500e+02
3.130776796677174012e+00 6.232443847656250000e+02
3.134211549059705337e+00 6.242442016601562500e+02
3.137646301442236219e+00 6.154667968750000000e+02
3.141081053824767544e+00 6.053329467773437500e+02
3.144515806207298869e+00 6.010659790039062500e+02
3.147950558589830194e+00 6.058535766601562500e+02
3.151385310972361076e+00 6.005261840820312500e+02
3.154820063354892401e+00 5.946455078125000000e+02
3.158254815737423726e+00 5.941797485351562500e+02
3.161689568119954608e+00 5.973715820312500000e+02
3.165124320502485933e+00 5.929887084960937500e+02
3.168559072885017258e+00 5.992761840820312500e+02
3.171993825267548583e+00 6.063270874023437500e+02
3.175428577650079465e+00 6.094295654296875000e+02
3.178863330032610790e+00 6.084013061523437500e+02
3.182298082415142115e+00 6.088046264648437500e+02
3.185732834797673441e+00 6.091484375000000000e+02
3.189167587180204322e+00 6.112498779296875000e+02
3.192602339562735647e+00 6.092094116210937500e+02
3.196037091945266972e+00 6.048357543945312500e+02
3.199471844327797854e+00 5.963513183593750000e+02
3.202906596710329179e+00 5.939884033203125000e+02
3.206341349092860060e+00 5.928770141601562500e+02
3.209776101475391386e+00 5.919688720703125000e+02
3.213210853857922267e+00 5.907057495117187500e+02
3.216645606240453592e+00 5.908740234375000000e+02
3.220080358622984917e+00 5.897311401367187500e+02
3.223515111005516243e+00 5.904368896484375000e+02
3.226949863388047124e+00 5.973085937500000000e+02
3.230384615770578449e+00 6.032766723632812500e+02
3.233819368153109775e+00 6.057278442382812500e+02
3.237254120535640656e+00 5.988483886718750000e+02
3.240688872918171981e+00 6.004818725585937500e+02
3.244123625300703306e+00 6.051124877929687500e+02
3.247558377683234632e+00 6.142005004882812500e+02
3.250993130065765513e+00 6.262543334960937500e+02
3.254427882448296838e+00 6.497420654296875000e+02
3.257862634830828164e+00 6.703941040039062500e+02
3.261297387213359489e+00 6.818187255859375000e+02
3.264732139595890370e+00 6.748048095703125000e+02
3.268166891978421695e+00 6.579674682617187500e+02
3.271601644360953021e+00 6.360872802734375000e+02
3.275036396743483902e+00 6.197264404296875000e+02
3.278471149126015227e+00 6.003477783203125000e+02
3.281905901508546108e+00 5.926705322265625000e+02
3.285340653891077434e+00 5.894884643554687500e+02
3.288775406273608315e+00 5.872225341796875000e+02
3.292210158656139640e+00 5.793787231445312500e+02
3.295644911038670966e+00 5.785054321289062500e+02
3.299079663421202291e+00 5.749685668945312500e+02
3.302514415803733172e+00 5.681644897460937500e+02
3.305949168186264497e+00 5.727181396484375000e+02
3.309383920568795823e+00 5.806798706054687500e+02
3.312818672951326704e+00 5.794121704101562500e+02
3.316253425333858029e+00 5.732527465820312500e+02
3.319688177716389355e+00 5.659314575195312500e+02
3.323122930098920680e+00 5.634265747070312500e+02
3.326557682481451561e+00 5.681544799804687500e+02
3.329992434863982886e+00 5.729412841796875000e+02
3.333427187246514212e+00 5.762190551757812500e+02
3.336861939629045093e+00 5.827430419921875000e+02
3.340296692011576418e+00 5.881005859375000000e+02
3.343731444394107744e+00 5.872030639648437500e+02
3.347166196776639069e+00 5.925923461914062500e+02
3.350600949159169950e+00 6.011428222656250000e+02
3.354035701541701275e+00 6.122152709960937500e+02
3.357470453924232601e+00 6.144203491210937500e+02
3.360905206306763482e+00 6.157936401367187500e+02
3.364339958689294363e+00 6.126610717773437500e+02
3.367774711071825688e+00 6.058733520507812500e+02
3.371209463454357014e+00 5.975120239257812500e+02
3.374644215836887895e+00 5.837402343750000000e+02
3.378078968219419220e+00 5.701722412109375000e+02
3.381513720601950546e+00 5.616020507812500000e+02
3.384948472984481871e+00 5.549742431640625000e+02
3.388383225367012752e+00 5.550726928710937500e+02
3.391817977749544077e+00 5.590528564453125000e+02
3.395252730132075403e+00 5.570232543945312500e+02
3.398687482514606728e+00 5.678469848632812500e+02
3.402122234897137609e+00 5.727827148437500000e+02
3.405556987279668935e+00 5.834263305664062500e+02
3.408991739662200260e+00 5.882167358398437500e+02
3.412426492044731141e+00 5.979071655273437500e+02
3.415861244427262466e+00 6.051147460937500000e+02
3.419295996809793792e+00 6.123861694335937500e+02
3.422730749192325117e+00 6.218786010742187500e+02
3.426165501574855998e+00 6.348822021484375000e+02
3.429600253957387324e+00 6.416102294921875000e+02
3.433035006339918649e+00 6.576494750976562500e+02
3.436469758722449530e+00 6.744172973632812500e+02
3.439904511104980411e+00 7.022855834960937500e+02
3.443339263487511737e+00 7.169547119140625000e+02
3.446774015870043062e+00 7.162977905273437500e+02
3.450208768252573943e+00 6.961060180664062500e+02
3.453643520635105268e+00 6.727451782226562500e+02
3.457078273017636594e+00 6.391190795898437500e+02
3.460513025400167919e+00 6.056540527343750000e+02
3.463947777782698800e+00 5.850523681640625000e+02
3.467382530165230126e+00 5.817567749023437500e+02
3.470817282547761451e+00 5.816174316406250000e+02
3.474252034930292776e+00 5.698051757812500000e+02
3.477686787312823657e+00 5.709111328125000000e+02
3.481121539695354983e+00 5.647326660156250000e+02
3.484556292077886308e+00 5.539493408203125000e+02
3.487991044460417189e+00 5.480169067382812500e+02
3.491425796842948515e+00 5.464714965820312500e+02
3.494860549225479840e+00 5.506652832031250000e+02
3.498295301608011165e+00 5.515039062500000000e+02
3.501730053990542046e+00 5.489309082031250000e+02
3.505164806373073372e+00 5.404082641601562500e+02
3.508599558755604697e+00 5.405075683593750000e+02
3.512034311138135578e+00 5.405178833007812500e+02
3.515469063520666460e+00 5.418711547851562500e+02
3.518903815903197785e+00 5.417056884765625000e+02
3.522338568285729110e+00 5.495991210937500000e+02
3.525773320668259991e+00 5.533640747070312500e+02
3.529208073050791317e+00 5.510665893554687500e+02
3.532642825433322642e+00 5.419536132812500000e+02
3.536077577815853967e+00 5.473984985351562500e+02
3.539512330198384849e+00 5.513599243164062500e+02
3.542947082580916174e+00 5.478233642578125000e+02
3.546381834963447499e+00 5.464831542968750000e+02
3.549816587345978824e+00 5.537045288085937500e+02
3.553251339728509706e+00 5.549592895507812500e+02
3.556686092111041031e+00 5.518923950195312500e+02
3.560120844493572356e+00 5.496755371093750000e+02
3.563555596876103237e+00 5.545052490234375000e+02
3.566990349258634563e+00 5.559234008789062500e+02
3.570425101641165888e+00 5.481716308593750000e+02
3.573859854023697213e+00 5.435161132812500000e+02
3.577294606406228095e+00 5.452278442382812500e+02
3.580729358788759420e+00 5.481199340820312500e+02
3.584164111171290301e+00 5.445066528320312500e+02
3.587598863553821626e+00 5.333209838867187500e+02
3.591033615936352508e+00 5.339027099609375000e+02
3.594468368318883833e+00 5.395546264648437500e+02
3.597903120701415158e+00 5.453320312500000000e+02
3.601337873083946484e+00 5.446306762695312500e+02
3.604772625466477809e+00 5.386739501953125000e+02
3.608207377849008246e+00 5.384772949218750000e+02
3.611642130231539571e+00 5.336600952148437500e+02
3.615076882614070897e+00 5.404635620117187500e+02
3.618511634996602222e+00 5.503479614257812500e+02
3.621946387379133547e+00 5.537729492187500000e+02
3.625381139761664873e+00 5.538950195312500000e+02
3.628815892144196198e+00 5.498112182617187500e+02
3.632250644526726635e+00 5.428860473632812500e+02
3.635685396909257960e+00 5.404905395507812500e+02
3.639120149291789286e+00 5.365168457031250000e+02
3.642554901674320611e+00 5.256331787109375000e+02
3.645989654056851936e+00 5.249893188476562500e+02
3.649424406439383262e+00 5.228562622070312500e+02
3.652859158821914587e+00 5.234445800781250000e+02
3.656293911204445912e+00 5.293609619140625000e+02
3.659728663586976349e+00 5.319472045898437500e+02
3.663163415969507675e+00 5.284615478515625000e+02
3.666598168352038556e+00 5.262922363281250000e+02
3.670032920734569881e+00 5.239055175781250000e+02
3.673467673117101207e+00 5.169287719726562500e+02
3.676902425499632532e+00 5.172578735351562500e+02
3.680337177882163857e+00 5.220236816406250000e+02
3.683771930264694294e+00 5.299444580078125000e+02
3.687206682647225620e+00 5.309556884765625000e+02
3.690641435029756945e+00 5.323445434570312500e+02
3.694076187412288270e+00 5.279911499023437500e+02
3.697510939794819596e+00 5.247308959960937500e+02
3.700945692177350921e+00 5.212839355468750000e+02
3.704380444559882246e+00 5.177867431640625000e+02
3.707815196942412683e+00 5.167246093750000000e+02
3.711249949324944009e+00 5.145025634765625000e+02
3.714684701707475334e+00 5.142419433593750000e+02
3.718119454090006659e+00 5.145430908203125000e+02
3.721554206472537984e+00 5.135378417968750000e+02
3.724988958855069310e+00 5.135758666992187500e+02
3.728423711237600635e+00 5.189141845703125000e+02
3.731858463620131960e+00 5.224595947265625000e+02
3.735293216002662398e+00 5.159246215820312500e+02
3.738727968385193723e+00 5.099665222167968750e+02
3.742162720767725048e+00 5.187798461914062500e+02
3.745597473150255929e+00 5.249730224609375000e+02
3.749032225532787255e+00 5.233691406250000000e+02
3.752466977915318580e+00 5.176813964843750000e+02
3.755901730297849905e+00 5.234682006835937500e+02
3.759336482680380342e+00 5.343386840820312500e+02
3.762771235062911668e+00 5.540037231445312500e+02
3.766205987445442993e+00 5.749513549804687500e+02
3.769640739827974318e+00 5.949956054687500000e+02
3.773075492210505644e+00 6.072351684570312500e+02
3.776510244593036969e+00 6.051268920898437500e+02
3.779944996975568294e+00 6.009053344726562500e+02
3.783379749358098731e+00 5.907593383789062500e+02
3.786814501740630057e+00 5.738875122070312500e+02
3.790249254123161382e+00 5.497896728515625000e+02
3.793684006505692707e+00 5.225744628906250000e+02
3.797118758888224033e+00 5.128358154296875000e+02
3.800553511270755358e+00 5.090979309082031250e+02
3.803988263653286683e+00 5.063029174804687500e+02
3.807423016035818009e+00 5.037796325683593750e+02
3.810857768418348446e+00 5.079225769042968750e+02
3.814292520800879771e+00 5.158649902343750000e+02
3.817727273183411096e+00 5.172857666015625000e+02
3.821162025565941978e+00 5.161298217773437500e+02
3.824596777948473303e+00 5.263919677734375000e+02
3.828031530331004628e+00 5.320488281250000000e+02
3.831466282713535954e+00 5.391572265625000000e+02
3.834901035096066391e+00 5.463051757812500000e+02
3.838335787478597716e+00 5.670656127929687500e+02
3.841770539861129041e+00 5.803778686523437500e+02
3.845205292243660367e+00 5.893537597656250000e+02
3.848640044626191692e+00 5.932534179687500000e+02
3.852074797008723017e+00 5.922158203125000000e+02
3.855509549391254343e+00 5.838966064453125000e+02
3.858944301773784780e+00 5.762804565429687500e+02
3.862379054156316105e+00 5.711970825195312500e+02
3.865813806538847430e+00 5.656978759765625000e+02
3.869248558921378756e+00 5.586276855468750000e+02
3.872683311303910081e+00 5.516561889648437500e+02
3.876118063686441406e+00 5.426337890625000000e+02
3.879552816068972732e+00 5.334096069335937500e+02
3.882987568451504057e+00 5.248282470703125000e+02
3.886422320834034494e+00 5.208397216796875000e+02
3.889857073216565819e+00 5.148161010742187500e+02
3.893291825599097145e+00 5.085439453125000000e+02
3.896726577981628026e+00 5.061999206542968750e+02
3.900161330364159351e+00 5.051701354980468750e+02
3.903596082746690676e+00 5.070528259277343750e+02
3.907030835129222002e+00 5.138192138671875000e+02
3.910465587511752439e+00 5.164877929687500000e+02
3.913900339894283764e+00 5.151844482421875000e+02
3.917335092276815089e+00 5.108813781738281250e+02
3.920769844659346415e+00 5.103603820800781250e+02
3.924204597041877740e+00 5.030636901855468750e+02
3.927639349424409065e+00 5.006723327636718750e+02
3.931074101806940391e+00 5.024027709960937500e+02
3.934508854189470828e+00 5.032318725585937500e+02
3.937943606572002153e+00 5.039865417480468750e+02
3.941378358954533478e+00 5.032213134765625000e+02
3.944813111337064804e+00 4.988067016601562500e+02
3.948247863719596129e+00 4.917703247070312500e+02
3.951682616102127454e+00 4.950275573730468750e+02
3.955117368484658780e+00 5.037033996582031250e+02
3.958552120867189217e+00 5.072484436035156250e+02
3.961986873249720542e+00 5.056061401367187500e+02
3.965421625632251867e+00 5.019797363281250000e+02
3.968856378014783193e+00 4.939472656250000000e+02
3.972291130397314074e+00 4.953028259277343750e+02
3.975725882779845399e+00 4.940890502929687500e+02
3.979160635162376725e+00 4.930686950683593750e+02
3.982595387544908050e+00 4.932179260253906250e+02
3.986030139927438487e+00 4.966680603027343750e+02
3.989464892309969812e+00 5.052025146484375000e+02
3.992899644692501138e+00 5.217531738281250000e+02
3.996334397075032463e+00 5.613212280273437500e+02
3.999769149457563788e+00 6.123475341796875000e+02
4.003203901840095114e+00 6.615414428710937500e+02
4.006638654222625995e+00 6.973170166015625000e+02
4.010073406605156876e+00 7.165855102539062500e+02
4.013508158987687757e+00 7.087318725585937500e+02
4.016942911370219527e+00 6.860264892578125000e+02
4.020377663752750408e+00 6.575365600585937500e+02
4.023812416135282177e+00 6.231549682617187500e+02
4.027247168517813058e+00 5.880396118164062500e+02
4.030681920900344828e+00 5.568780517578125000e+02
4.034116673282874821e+00 5.305175781250000000e+02
4.037551425665406590e+00 5.133270263671875000e+02
4.040986178047937472e+00 5.045260314941406250e+02
4.044420930430469241e+00 4.994817504882812500e+02
4.047855682813000122e+00 4.966484680175781250e+02
4.051290435195531892e+00 4.950796813964843750e+02
4.054725187578062773e+00 4.954706726074218750e+02
4.058159939960594542e+00 5.029095458984375000e+02
4.061594692343124535e+00 4.996902160644531250e+02
4.065029444725656305e+00 4.932419433593750000e+02
4.068464197108187186e+00 4.842361755371093750e+02
4.071898949490718955e+00 4.903910827636718750e+02
4.075333701873249836e+00 4.946744079589843750e+02
4.078768454255781606e+00 4.979918823242187500e+02
4.082203206638312487e+00 4.924305114746093750e+02
4.085637959020843368e+00 4.927131347656250000e+02
4.089072711403374250e+00 4.964954223632812500e+02
4.092507463785905131e+00 4.900943603515625000e+02
4.095942216168436900e+00 4.864907226562500000e+02
4.099376968550967781e+00 4.859673156738281250e+02
4.102811720933499551e+00 4.929115600585937500e+02
4.106246473316030432e+00 4.937308959960937500e+02
4.109681225698561313e+00 4.884864807128906250e+02
4.113115978081092194e+00 4.778628540039062500e+02
4.116550730463623964e+00 4.736578063964843750e+02
4.119985482846154845e+00 4.780446166992187500e+02
4.123420235228686614e+00 4.784902038574218750e+02
4.126854987611217496e+00 4.834283752441406250e+02
4.130289739993749265e+00 4.901229248046875000e+02
4.133724492376280146e+00 4.893022155761718750e+02
4.137159244758811028e+00 4.821484069824218750e+02
4.140593997141341909e+00 4.744675598144531250e+02
4.144028749523873678e+00 4.713829040527343750e+02
4.147463501906404559e+00 4.785666809082031250e+02
4.150898254288936329e+00 4.882266845703125000e+02
4.154333006671467210e+00 4.949883422851562500e+02
4.157767759053998091e+00 4.934403381347656250e+02
4.161202511436528972e+00 4.925701599121093750e+02
4.164637263819060742e+00 4.948777160644531250e+02
4.168072016201591623e+00 5.064563903808593750e+02
4.171506768584122504e+00 5.248135986328125000e+02
4.174941520966654274e+00 5.442920532226562500e+02
4.178376273349185155e+00 5.668214721679687500e+02
4.181811025731716924e+00 5.857410888671875000e+02
4.185245778114246917e+00 5.952071533203125000e+02
4.188680530496778687e+00 5.846909790039062500e+02
4.192115282879309568e+00 5.655722045898437500e+02
4.195550035261841337e+00 5.391585083007812500e+02
4.198984787644372219e+00 5.231422729492187500e+02
4.202419540026903988e+00 5.219539794921875000e+02
4.205854292409434869e+00 5.301688232421875000e+02
4.209289044791966639e+00 5.447064208984375000e+02
4.212723797174496632e+00 5.680071411132812500e+02
4.216158549557028401e+00 5.866598510742187500e+02
4.219593301939559282e+00 5.903586425781250000e+02
4.223028054322091052e+00 5.797555541992187500e+02
4.226462806704621933e+00 5.557698364257812500e+02
4.229897559087153702e+00 5.349387817382812500e+02
4.233332311469684583e+00 5.172673950195312500e+02
4.236767063852215465e+00 4.991761474609375000e+02
4.240201816234746346e+00 4.835733642578125000e+02
4.243636568617277227e+00 4.828060607910156250e+02
4.247071320999808997e+00 4.853322448730468750e+02
4.250506073382339878e+00 4.841404724121093750e+02
4.253940825764871647e+00 4.751644287109375000e+02
4.257375578147402528e+00 4.749161376953125000e+02
4.260810330529933410e+00 4.735348510742187500e+02
4.264245082912464291e+00 4.781484985351562500e+02
4.267679835294996060e+00 4.761333618164062500e+02
4.271114587677526941e+00 4.734533996582031250e+02
4.274549340060058711e+00 4.767381896972656250e+02
4.277984092442589592e+00 4.910210266113281250e+02
4.281418844825121361e+00 4.975253601074218750e+02
4.284853597207652243e+00 5.084771423339843750e+02
4.288288349590183124e+00 5.396746826171875000e+02
4.291723101972714005e+00 5.752957153320312500e+02
4.295157854355245775e+00 5.963711547851562500e+02
4.298592606737776656e+00 6.018641357421875000e+02
4.302027359120308425e+00 5.992931518554687500e+02
4.305462111502839306e+00 5.783654174804687500e+02
4.308896863885370188e+00 5.512139892578125000e+02
4.312331616267901069e+00 5.179509887695312500e+02
4.315766368650432838e+00 4.949863586425781250e+02
4.319201121032963719e+00 4.863092651367187500e+02
4.322635873415494601e+00 4.824006652832031250e+02
4.326070625798026370e+00 4.755295410156250000e+02
4.329505378180557251e+00 4.738540039062500000e+02
4.332940130563089021e+00 4.751705627441406250e+02
4.336374882945619014e+00 4.764444885253906250e+02
4.339809635328150783e+00 4.747284240722656250e+02
4.343244387710681664e+00 4.733326416015625000e+02
4.346679140093213434e+00 4.708199157714843750e+02
4.350113892475744315e+00 4.800271911621093750e+02
4.353548644858276084e+00 4.816148376464843750e+02
4.356983397240806966e+00 4.825512084960937500e+02
4.360418149623338735e+00 4.779861450195312500e+02
4.363852902005868728e+00 4.770491943359375000e+02
4.367287654388400497e+00 4.768560791015625000e+02
4.370722406770931379e+00 4.751161193847656250e+02
4.374157159153463148e+00 4.704944763183593750e+02
4.377591911535994029e+00 4.665815734863281250e+02
4.381026663918525799e+00 4.657282714843750000e+02
4.384461416301056680e+00 4.672332153320312500e+02
4.387896168683587561e+00 4.662617492675781250e+02
4.391330921066118442e+00 4.685869750976562500e+02
4.394765673448649324e+00 4.774606323242187500e+02
4.398200425831181093e+00 4.903772888183593750e+02
4.401635178213711974e+00 5.044201049804687500e+02
4.405069930596243744e+00 5.176104736328125000e+02
4.408504682978774625e+00 5.274678955078125000e+02
4.411939435361305506e+00 5.320222778320312500e+02
4.415374187743836387e+00 5.235895385742187500e+02
4.418808940126368157e+00 5.077738342285156250e+02
4.422243692508899038e+00 4.865158386230468750e+02
4.425678444891430807e+00 4.699799194335937500e+02
4.429113197273961688e+00 4.600169677734375000e+02
4.432547949656493458e+00 4.547247924804687500e+02
4.435982702039023451e+00 4.565095825195312500e+02
4.439417454421555220e+00 4.572541503906250000e+02
4.442852206804086101e+00 4.579419250488281250e+02
4.446286959186617871e+00 4.541855773925781250e+02
4.449721711569148752e+00 4.554298095703125000e+02
4.453156463951680522e+00 4.527309570312500000e+02
4.456591216334211403e+00 4.525616455078125000e+02
4.460025968716742284e+00 4.527380065917968750e+02
4.463460721099273165e+00 4.481915588378906250e+02
4.466895473481804935e+00 4.472731323242187500e+02
4.470330225864335816e+00 4.474661560058593750e+02
4.473764978246866697e+00 4.498792419433593750e+02
4.477199730629398466e+00 4.529719238281250000e+02
4.480634483011929348e+00 4.543950195312500000e+02
4.484069235394461117e+00 4.514239807128906250e+02
4.487503987776991110e+00 4.539680175781250000e+02
4.490938740159522879e+00 4.535896301269531250e+02
4.494373492542053761e+00 4.489498901367187500e+02
4.497808244924585530e+00 4.476252746582031250e+02
4.501242997307116411e+00 4.553589782714843750e+02
4.504677749689648181e+00 4.538076171875000000e+02
4.508112502072179062e+00 4.501822509765625000e+02
4.511547254454709943e+00 4.454535827636718750e+02
4.514982006837240824e+00 4.500462036132812500e+02
4.518416759219772594e+00 4.438566589355468750e+02
4.521851511602303475e+00 4.431080627441406250e+02
4.525286263984835244e+00 4.425157470703125000e+02
4.528721016367366126e+00 4.459817199707031250e+02
4.532155768749897895e+00 4.463933410644531250e+02
4.535590521132428776e+00 4.504762878417968750e+02
4.539025273514959657e+00 4.530895080566406250e+02
4.542460025897490539e+00 4.524179687500000000e+02
4.545894778280021420e+00 4.514957275390625000e+02
4.549329530662553189e+00 4.477969055175781250e+02
4.552764283045084071e+00 4.504838867187500000e+02
4.556199035427615840e+00 4.518260192871093750e+02
4.559633787810146721e+00 4.549671325683593750e+02
4.563068540192677602e+00 4.584452209472656250e+02
4.566503292575208484e+00 4.520566101074218750e+02
4.569938044957740253e+00 4.412420349121093750e+02
4.573372797340271134e+00 4.385167236328125000e+02
4.576807549722802904e+00 4.417624511718750000e+02
4.580242302105333785e+00 4.419033508300781250e+02
4.583677054487865554e+00 4.424829711914062500e+02
4.587111806870395547e+00 4.380065917968750000e+02
4.590546559252927317e+00 4.404406738281250000e+02
4.593981311635458198e+00 4.452754821777343750e+02
4.597416064017989967e+00 4.463409423828125000e+02
4.600850816400520849e+00 4.436445922851562500e+02
4.604285568783052618e+00 4.454967651367187500e+02
4.607720321165583499e+00 4.421959228515625000e+02
4.611155073548115269e+00 4.391743774414062500e+02
4.614589825930645262e+00 4.400185546875000000e+02
4.618024578313177031e+00 4.440211791992187500e+02
4.621459330695707912e+00 4.521508483886718750e+02
4.624894083078238793e+00 4.555479736328125000e+02
4.628328835460770563e+00 4.614485473632812500e+02
4.631763587843301444e+00 4.616649169921875000e+02
4.635198340225833213e+00 4.723202514648437500e+02
4.638633092608363206e+00 5.017404479980468750e+02
4.642067844990894976e+00 5.378106689453125000e+02
4.645502597373425857e+00 5.640982055664062500e+02
4.648937349755957626e+00 5.748254394531250000e+02
4.652372102138488508e+00 5.765465698242187500e+02
4.655806854521020277e+00 5.755778198242187500e+02
4.659241606903551158e+00 5.733190307617187500e+02
4.662676359286082040e+00 5.623559570312500000e+02
4.666111111668612921e+00 5.515189819335937500e+02
4.669545864051144690e+00 5.462490234375000000e+02
4.672980616433675571e+00 5.374721069335937500e+02
4.676415368816207341e+00 5.191215820312500000e+02
4.679850121198738222e+00 5.007590332031250000e+02
4.683284873581269991e+00 4.835010375976562500e+02
4.686719625963800873e+00 4.667871093750000000e+02
4.690154378346331754e+00 4.496434631347656250e+02
4.693589130728862635e+00 4.426486206054687500e+02
4.697023883111393516e+00 4.363193969726562500e+02
4.700458635493925286e+00 4.367699584960937500e+02
4.703893387876456167e+00 4.328579101562500000e+02
4.707328140258987936e+00 4.242742614746093750e+02
4.710762892641518818e+00 4.131382751464843750e+02
4.714197645024049699e+00 4.138722534179687500e+02
4.717632397406580580e+00 4.118069152832031250e+02
4.721067149789112349e+00 4.125133972167968750e+02
4.724501902171643231e+00 4.166845397949218750e+02
4.727936654554175000e+00 4.219375915527343750e+02
4.731371406936705881e+00 4.191980895996093750e+02
4.734806159319237651e+00 4.153952331542968750e+02
4.738240911701767644e+00 4.136923828125000000e+02
4.741675664084299413e+00 4.161286315917968750e+02
4.745110416466830294e+00 4.161354675292968750e+02
4.748545168849362064e+00 4.148410339355468750e+02
4.751979921231892945e+00 4.149942321777343750e+02
4.755414673614424714e+00 4.155816040039062500e+02
4.758849425996955596e+00 4.137684936523437500e+02
4.762284178379487365e+00 4.154123535156250000e+02
4.765718930762017358e+00 4.216676330566406250e+02
4.769153683144549127e+00 4.263384399414062500e+02
4.772588435527080009e+00 4.294648132324218750e+02
4.776023187909610890e+00 4.275208435058593750e+02
4.779457940292142659e+00 4.258029174804687500e+02
4.782892692674673540e+00 4.213016052246093750e+02
4.786327445057205310e+00 4.214107666015625000e+02
4.789762197439735303e+00 4.199783935546875000e+02
4.793196949822267072e+00 4.287069091796875000e+02
4.796631702204797953e+00 4.344233398437500000e+02
4.800066454587329723e+00 4.397864379882812500e+02
4.803501206969860604e+00 4.397084350585937500e+02
4.806935959352392373e+00 4.377229919433593750e+02
4.810370711734923255e+00 4.354450378417968750e+02
4.813805464117454136e+00 4.312362365722656250e+02
4.817240216499985017e+00 4.281686096191406250e+02
4.820674968882516787e+00 4.268017578125000000e+02
4.824109721265047668e+00 4.235099792480468750e+02
4.827544473647579437e+00 4.157079772949218750e+02
4.830979226030110318e+00 4.204253234863281250e+02
4.834413978412642088e+00 4.298562316894531250e+02
4.837848730795172969e+00 4.378985290527343750e+02
4.841283483177703850e+00 4.363029174804687500e+02
4.844718235560234731e+00 4.341933288574218750e+02
4.848152987942766501e+00 4.347723999023437500e+02
4.851587740325297382e+00 4.297990112304687500e+02
4.855022492707828263e+00 4.232470397949218750e+02
4.858457245090360033e+00 4.204995727539062500e+02
4.861891997472890914e+00 4.201204528808593750e+02
4.865326749855421795e+00 4.203031921386718750e+02
4.868761502237952676e+00 4.251777954101562500e+02
4.872196254620484446e+00 4.306785583496093750e+02
4.875631007003015327e+00 4.325598449707031250e+02
4.879065759385547096e+00 4.357608032226562500e+02
4.882500511768077978e+00 4.351799316406250000e+02
4.885935264150609747e+00 4.331299438476562500e+02
4.889370016533139740e+00 4.274089355468750000e+02
4.892804768915671509e+00 4.211411132812500000e+02
4.896239521298202391e+00 4.170381164550781250e+02
4.899674273680734160e+00 4.148427124023437500e+02
4.903109026063265041e+00 4.195531616210937500e+02
4.906543778445796811e+00 4.270917358398437500e+02
4.909978530828327692e+00 4.266483154296875000e+02
4.913413283210858573e+00 4.272661437988281250e+02
4.916848035593389454e+00 4.278813171386718750e+02
4.920282787975921224e+00 4.393261718750000000e+02
4.923717540358452105e+00 4.485429992675781250e+02
4.927152292740982986e+00 4.516116638183593750e+02
4.930587045123514756e+00 4.486684265136718750e+02
4.934021797506045637e+00 4.393052368164062500e+02
4.937456549888577406e+00 4.355708618164062500e+02
4.940891302271107399e+00 4.372491760253906250e+02
4.944326054653639169e+00 4.366257324218750000e+02
4.947760807036170050e+00 4.523323669433593750e+02
4.951195559418701819e+00 4.961015625000000000e+02
4.954630311801232700e+00 5.045999755859375000e+02
4.958065064183764470e+00 4.720413818359375000e+02
4.961499816566295351e+00 4.536841125488281250e+02
4.964934568948826232e+00 4.526477355957031250e+02
4.968369321331357114e+00 4.493484191894531250e+02
4.971804073713888883e+00 4.423649597167968750e+02
4.975238826096419764e+00 4.334007873535156250e+02
4.978673578478951534e+00 4.284934387207031250e+02
4.982108330861482415e+00 4.221570434570312500e+02
4.985543083244014184e+00 4.240816345214843750e+02
4.988977835626544177e+00 4.250407409667968750e+02
4.992412588009075947e+00 4.222476196289062500e+02
4.995847340391606828e+00 4.163090820312500000e+02
4.999282092774138597e+00 4.172066040039062500e+02
5.002716845156669478e+00 4.178564453125000000e+02
5.006151597539200360e+00 4.252357482910156250e+02
5.009586349921732129e+00 4.265063781738281250e+02
5.013021102304263010e+00 4.238047180175781250e+02
5.016455854686793892e+00 4.226502380371093750e+02
5.019890607069324773e+00 4.314125976562500000e+02
5.023325359451856542e+00 4.351655273437500000e+02
5.026760111834387423e+00 4.344804992675781250e+02
5.030194864216919193e+00 4.382902526855468750e+02
5.033629616599450074e+00 4.451381530761718750e+02
5.037064368981981843e+00 4.519702148437500000e+02
5.040499121364511836e+00 4.590135803222656250e+02
5.043933873747043606e+00 4.598805236816406250e+02
5.047368626129574487e+00 4.504915161132812500e+02
5.050803378512106256e+00 4.402387390136718750e+02
5.054238130894637138e+00 4.320681762695312500e+02
5.057672883277168907e+00 4.261810913085937500e+02
5.061107635659699788e+00 4.233752136230468750e+02
5.064542388042230669e+00 4.247138671875000000e+02
5.067977140424761551e+00 4.277848815917968750e+02
5.071411892807293320e+00 4.353270263671875000e+02
5.074846645189824201e+00 4.364162597656250000e+02
5.078281397572355083e+00 4.365578613281250000e+02
5.081716149954886852e+00 4.310322875976562500e+02
5.085150902337417733e+00 4.270158996582031250e+02
5.088585654719949503e+00 4.240167236328125000e+02
5.092020407102479496e+00 4.193918457031250000e+02
5.095455159485011265e+00 4.169456787109375000e+02
5.098889911867542146e+00 4.153120727539062500e+02
5.102324664250073916e+00 4.110543212890625000e+02
5.105759416632604797e+00 4.133771667480468750e+02
5.109194169015136566e+00 4.134342651367187500e+02
5.112628921397667447e+00 4.126836547851562500e+02
5.116063673780198329e+00 4.106206054687500000e+02
5.119498426162729210e+00 4.114722595214843750e+02
5.122933178545260979e+00 4.073486328125000000e+02
5.126367930927791861e+00 4.076855163574218750e+02
5.129802683310323630e+00 4.051438903808593750e+02
5.133237435692854511e+00 4.051361694335937500e+02
5.136672188075386281e+00 4.061850891113281250e+02
5.140106940457916274e+00 4.094732666015625000e+02
5.143541692840448043e+00 4.074369201660156250e+02
5.146976445222978924e+00 4.111727905273437500e+02
5.150411197605510694e+00 4.161417846679687500e+02
5.153845949988041575e+00 4.214811706542968750e+02
5.157280702370572456e+00 4.260566101074218750e+02
5.160715454753104225e+00 4.289657287597656250e+02
5.164150207135635107e+00 4.285690307617187500e+02
5.167584959518165988e+00 4.245470581054687500e+02
5.171019711900696869e+00 4.173067932128906250e+02
5.174454464283228639e+00 4.170628967285156250e+02
5.177889216665759520e+00 4.141792907714843750e+02
5.181323969048291289e+00 4.117000122070312500e+02
5.184758721430822170e+00 4.092820434570312500e+02
5.188193473813353940e+00 4.071266479492187500e+02
5.191628226195883933e+00 4.086626586914062500e+02
5.195062978578415702e+00 4.152935180664062500e+02
5.198497730960946583e+00 4.257420654296875000e+02
5.201932483343478353e+00 4.340353698730468750e+02
5.205367235726009234e+00 4.493193054199218750e+02
5.208801988108541003e+00 4.674592590332031250e+02
5.212236740491071885e+00 4.801129150390625000e+02
5.215671492873602766e+00 4.841524047851562500e+02
5.219106245256133647e+00 4.747424011230468750e+02
5.222540997638665417e+00 4.581077270507812500e+02
5.225975750021196298e+00 4.434682312011718750e+02
5.229410502403727179e+00 4.308093261718750000e+02
5.232845254786258948e+00 4.174866333007812500e+02
5.236280007168789830e+00 4.134583129882812500e+02
5.239714759551321599e+00 4.118813171386718750e+02
5.243149511933851592e+00 4.047120666503906250e+02
5.246584264316383361e+00 3.976901245117187500e+02
5.250019016698914243e+00 4.024588928222656250e+02
5.253453769081446012e+00 4.083890686035156250e+02
5.256888521463976893e+00 4.096821289062500000e+02
5.260323273846508663e+00 4.090335998535156250e+02
5.263758026229039544e+00 4.058410034179687500e+02
5.267192778611570425e+00 4.012438964843750000e+02
5.270627530994101306e+00 4.034425354003906250e+02
5.274062283376633076e+00 4.081515197753906250e+02
5.277497035759163957e+00 4.125989074707031250e+02
5.280931788141695726e+00 4.212874145507812500e+02
5.284366540524226608e+00 4.315827636718750000e+02
5.287801292906758377e+00 4.356317749023437500e+02
5.291236045289288370e+00 4.311332702636718750e+02
5.294670797671820139e+00 4.261180725097656250e+02
5.298105550054351021e+00 4.190523376464843750e+02
5.301540302436882790e+00 4.097203979492187500e+02
5.304975054819413671e+00 3.995236206054687500e+02
5.308409807201944552e+00 4.009580993652343750e+02
5.311844559584476322e+00 4.067242431640625000e+02
5.315279311967006315e+00 4.078871765136718750e+02
5.318714064349538084e+00 4.091696777343750000e+02
5.322148816732068966e+00 4.114508972167968750e+02
5.325583569114600735e+00 4.149675598144531250e+02
5.329018321497131616e+00 4.181837463378906250e+02
5.332453073879663386e+00 4.243192138671875000e+02
5.335887826262194267e+00 4.369197998046875000e+02
5.339322578644726036e+00 4.477852783203125000e+02
5.342757331027256029e+00 4.670122070312500000e+02
5.346192083409787799e+00 4.813955078125000000e+02
5.349626835792318680e+00 4.873628845214843750e+02
5.353061588174850449e+00 4.858565368652343750e+02
5.356496340557381330e+00 4.730057067871093750e+02
5.359931092939913100e+00 4.600679931640625000e+02
5.363365845322443981e+00 4.418552856445312500e+02
5.366800597704974862e+00 4.241979980468750000e+02
5.370235350087505743e+00 4.111775207519531250e+02
5.373670102470037513e+00 4.074530029296875000e+02
5.377104854852568394e+00 4.152189941406250000e+02
5.380539607235100164e+00 4.113519592285156250e+02
5.383974359617631045e+00 4.046222839355468750e+02
5.387409112000161926e+00 3.990137329101562500e+02
5.390843864382692807e+00 3.987801513671875000e+02
5.394278616765223688e+00 3.981166687011718750e+02
5.397713369147755458e+00 3.976343688964843750e+02
5.401148121530286339e+00 3.982491149902343750e+02
5.404582873912818108e+00 4.051565246582031250e+02
5.408017626295348990e+00 4.076850585937500000e+02
5.411452378677880759e+00 4.087913513183593750e+02
5.414887131060411640e+00 4.069670715332031250e+02
5.418321883442942521e+00 4.171995544433593750e+02
5.421756635825473403e+00 4.224017333984375000e+02
5.425191388208005172e+00 4.248562622070312500e+02
5.428626140590536053e+00 4.206394653320312500e+02
5.432060892973067823e+00 4.203372802734375000e+02
5.435495645355598704e+00 4.174080505371093750e+02
5.438930397738130473e+00 4.087514648437500000e+02
5.442365150120660466e+00 4.051937866210937500e+02
5.445799902503192236e+00 4.073066711425781250e+02
5.449234654885723117e+00 4.081598815917968750e+02
5.452669407268254886e+00 4.043009033203125000e+02
5.456104159650785768e+00 4.012633666992187500e+02
5.459538912033316649e+00 4.032449645996093750e+02
5.462973664415848418e+00 4.086455078125000000e+02
5.466408416798379299e+00 4.180405578613281250e+02
5.469843169180910181e+00 4.336622619628906250e+02
5.473277921563441062e+00 4.463035888671875000e+02
5.476712673945972831e+00 4.570266113281250000e+02
5.480147426328503713e+00 4.638424377441406250e+02
5.483582178711035482e+00 4.578164672851562500e+02
5.487016931093566363e+00 4.489438781738281250e+02
5.490451683476098133e+00 4.382913208007812500e+02
5.493886435858628126e+00 4.267306213378906250e+02
5.497321188241159895e+00 4.172955627441406250e+02
5.500755940623690776e+00 4.184866333007812500e+02
5.504190693006222546e+00 4.134990844726562500e+02
5.507625445388753427e+00 4.037309570312500000e+02
5.511060197771285196e+00 4.006741943359375000e+02
5.514494950153816077e+00 4.035843200683593750e+02
5.517929702536346959e+00 4.094587402343750000e+02
5.521364454918877840e+00 4.134304504394531250e+02
5.524799207301409609e+00 4.175608825683593750e+02
5.528233959683940490e+00 4.133804931640625000e+02
5.531668712066472260e+00 4.138405151367187500e+02
5.535103464449003141e+00 4.123088378906250000e+02
5.538538216831534022e+00 4.076716003417968750e+02
5.541972969214064904e+00 4.066962280273437500e+02
5.545407721596595785e+00 4.121083374023437500e+02
5.548842473979127554e+00 4.167568664550781250e+02
5.552277226361658435e+00 4.164375000000000000e+02
5.555711978744190205e+00 4.209302062988281250e+02
5.559146731126721086e+00 4.196628112792968750e+02
5.562581483509252855e+00 4.175068664550781250e+02
5.566016235891783737e+00 4.091837768554687500e+02
5.569450988274314618e+00 4.161245117187500000e+02
5.572885740656845499e+00 4.169045715332031250e+02
5.576320493039377268e+00 4.149095153808593750e+02
5.579755245421908150e+00 4.076372985839843750e+02
5.583189997804439919e+00 4.073378906250000000e+02
5.586624750186970800e+00 4.052884521484375000e+02
5.590059502569502570e+00 4.038426208496093750e+02
5.593494254952032563e+00 4.027512207031250000e+02
5.596929007334564332e+00 4.052946166992187500e+02
5.600363759717095213e+00 4.077070617675781250e+02
5.603798512099626983e+00 4.133714294433593750e+02
5.607233264482157864e+00 4.083125915527343750e+02
5.610668016864688745e+00 4.047575683593750000e+02
5.614102769247220515e+00 3.996524047851562500e+02
5.617537521629751396e+00 3.984054565429687500e+02
5.620972274012282277e+00 3.976685791015625000e+02
5.624407026394813158e+00 3.935249328613281250e+02
5.627841778777344928e+00 3.937316284179687500e+02
5.631276531159875809e+00 4.020956726074218750e+02
5.634711283542407578e+00 4.018893127441406250e+02
5.638146035924938460e+00 3.993561706542968750e+02
5.641580788307470229e+00 3.973003845214843750e+02
5.645015540690000222e+00 4.021720581054687500e+02
5.648450293072531991e+00 3.989733886718750000e+02
5.651885045455062873e+00 3.909508666992187500e+02
5.655319797837594642e+00 3.917638854980468750e+02
5.658754550220125523e+00 4.002908630371093750e+02
5.662189302602657293e+00 4.043604125976562500e+02
5.665624054985188174e+00 4.117669982910156250e+02
5.669058807367719055e+00 4.164556884765625000e+02
5.672493559750249936e+00 4.169155273437500000e+02
5.675928312132781706e+00 4.187948608398437500e+02
5.679363064515312587e+00 4.279495849609375000e+02
5.682797816897844356e+00 4.412049865722656250e+02
5.686232569280375237e+00 4.552358703613281250e+02
5.689667321662906119e+00 4.681976013183593750e+02
5.693102074045437000e+00 4.927611694335937500e+02
5.696536826427967881e+00 5.306272583007812500e+02
5.699971578810499651e+00 6.006183471679687500e+02
5.703406331193030532e+00 7.222512817382812500e+02
5.706841083575562301e+00 9.151297607421875000e+02
5.710275835958093182e+00 1.152762207031250000e+03
5.713710588340624952e+00 1.387563842773437500e+03
5.717145340723154945e+00 1.542533081054687500e+03
5.720580093105686714e+00 1.557287231445312500e+03
5.724014845488217595e+00 1.430724609375000000e+03
5.727449597870749365e+00 1.194886108398437500e+03
5.730884350253280246e+00 9.308447875976562500e+02
5.734319102635812015e+00 7.151335449218750000e+02
5.737753855018342897e+00 5.740892944335937500e+02
5.741188607400874666e+00 4.966082153320312500e+02
5.744623359783404659e+00 4.544711608886718750e+02
5.748058112165936429e+00 4.299646606445312500e+02
5.751492864548467310e+00 4.174989929199218750e+02
5.754927616930999079e+00 4.167886657714843750e+02
5.758362369313529960e+00 4.167219543457031250e+02
5.761797121696060842e+00 4.140889282226562500e+02
5.765231874078592611e+00 4.054230957031250000e+02
5.768666626461123492e+00 3.986348876953125000e+02
5.772101378843654373e+00 3.983835449218750000e+02
5.775536131226185255e+00 3.982730712890625000e+02
5.778970883608717024e+00 3.971024475097656250e+02
5.782405635991247905e+00 3.969184875488281250e+02
5.785840388373779675e+00 3.974925231933593750e+02
5.789275140756310556e+00 3.954815979003906250e+02
5.792709893138841437e+00 3.941504211425781250e+02
5.796144645521372318e+00 3.905140686035156250e+02
5.799579397903904088e+00 3.896551818847656250e+02
5.803014150286434969e+00 3.903535156250000000e+02
5.806448902668966738e+00 3.924944763183593750e+02
5.809883655051497620e+00 3.949932556152343750e+02
5.813318407434029389e+00 3.940032958984375000e+02
5.816753159816560270e+00 3.935511169433593750e+02
5.820187912199091151e+00 3.897505187988281250e+02
5.823622664581622033e+00 3.827780456542968750e+02
5.827057416964153802e+00 3.851231689453125000e+02
5.830492169346684683e+00 3.907684326171875000e+02
5.833926921729216453e+00 3.943370056152343750e+02
5.837361674111747334e+00 3.919394836425781250e+02
5.840796426494278215e+00 3.927286376953125000e+02
5.844231178876809096e+00 3.959401550292968750e+02
5.847665931259339978e+00 3.948197937011718750e+02
5.851100683641871747e+00 3.887642822265625000e+02
5.854535436024402628e+00 3.860073547363281250e+02
5.857970188406934398e+00 3.884457397460937500e+02
5.861404940789465279e+00 3.841273193359375000e+02
5.864839693171997048e+00 3.805787048339843750e+02
5.868274445554527041e+00 3.751892700195312500e+02
5.871709197937058811e+00 3.768638305664062500e+02
5.875143950319589692e+00 3.788863525390625000e+02
5.878578702702121461e+00 3.861527099609375000e+02
5.882013455084652342e+00 3.934531250000000000e+02
5.885448207467184112e+00 3.969946594238281250e+02
5.888882959849714993e+00 3.962225646972656250e+02
5.892317712232246762e+00 3.948232116699218750e+02
5.895752464614776756e+00 3.938346252441406250e+02
5.899187216997308525e+00 3.888107299804687500e+02
5.902621969379839406e+00 3.896220397949218750e+02
5.906056721762371176e+00 3.890311279296875000e+02
5.909491474144902057e+00 3.928684387207031250e+02
5.912926226527432938e+00 3.911042175292968750e+02
5.916360978909964707e+00 3.892910766601562500e+02
5.919795731292495589e+00 3.903729248046875000e+02
5.923230483675026470e+00 3.905428161621093750e+02
5.926665236057557351e+00 3.912644348144531250e+02
5.930099988440089120e+00 3.960327758789062500e+02
5.933534740822620002e+00 4.035930480957031250e+02
5.936969493205151771e+00 4.122568664550781250e+02
5.940404245587682652e+00 4.227374267578125000e+02
5.943838997970213534e+00 4.370958251953125000e+02
5.947273750352744415e+00 4.572151794433593750e+02
5.950708502735276184e+00 4.925034790039062500e+02
5.954143255117807065e+00 5.652747802734375000e+02
5.957578007500338835e+00 6.973454589843750000e+02
5.961012759882869716e+00 9.127451171875000000e+02
5.964447512265401485e+00 1.205945312500000000e+03
5.967882264647932367e+00 1.505003906250000000e+03
5.971317017030463248e+00 1.713739135742187500e+03
5.974751769412994129e+00 1.767720825195312500e+03
5.978186521795525898e+00 1.648373901367187500e+03
5.981621274178056780e+00 1.393160888671875000e+03
5.985056026560588549e+00 1.078834716796875000e+03
5.988490778943119430e+00 8.063134765625000000e+02
5.991925531325650311e+00 6.163555297851562500e+02
5.995360283708181193e+00 5.083098449707031250e+02
5.998795036090712074e+00 4.599504089355468750e+02
6.002229788473243843e+00 4.415751647949218750e+02
6.005664540855774725e+00 4.334145202636718750e+02
6.009099293238306494e+00 4.236240844726562500e+02
6.012534045620837375e+00 4.201706237792968750e+02
6.015968798003369145e+00 4.182566223144531250e+02
6.019403550385899138e+00 4.157460327148437500e+02
6.022838302768430907e+00 4.118262329101562500e+02
6.026273055150961788e+00 4.109179687500000000e+02
6.029707807533493558e+00 4.075216979980468750e+02
6.033142559916024439e+00 4.014122924804687500e+02
6.036577312298556208e+00 4.011990966796875000e+02
6.040012064681087089e+00 4.006319580078125000e+02
6.043446817063618859e+00 4.011657409667968750e+02
6.046881569446148852e+00 4.026825866699218750e+02
6.050316321828680621e+00 4.053125610351562500e+02
6.053751074211211503e+00 4.030827331542968750e+02
6.057185826593743272e+00 4.053779296875000000e+02
6.060620578976274153e+00 4.097183532714843750e+02
6.064055331358805923e+00 4.147416992187500000e+02
6.067490083741336804e+00 4.165872497558593750e+02
6.070924836123867685e+00 4.162236938476562500e+02
6.074359588506398566e+00 4.101450195312500000e+02
6.077794340888929447e+00 3.990773925781250000e+02
6.081229093271461217e+00 3.882998046875000000e+02
6.084663845653992098e+00 3.789821777343750000e+02
6.088098598036523867e+00 3.749953613281250000e+02
6.091533350419054749e+00 3.771575317382812500e+02
6.094968102801585630e+00 3.833137512207031250e+02
6.098402855184116511e+00 3.831997070312500000e+02
6.101837607566648281e+00 3.756633911132812500e+02
6.105272359949179162e+00 3.762352600097656250e+02
6.108707112331710931e+00 3.811166687011718750e+02
6.112141864714241812e+00 3.826456604003906250e+02
6.115576617096773582e+00 3.810543212890625000e+02
6.119011369479304463e+00 3.825606689453125000e+02
6.122446121861835344e+00 3.860063476562500000e+02
6.125880874244366225e+00 3.821882324218750000e+02
6.129315626626897995e+00 3.823033752441406250e+02
6.132750379009428876e+00 3.856659851074218750e+02
6.136185131391960645e+00 3.872202453613281250e+02
6.139619883774491527e+00 3.822301635742187500e+02
6.143054636157022408e+00 3.840832519531250000e+02
6.146489388539553289e+00 3.885754089355468750e+02
6.149924140922085058e+00 3.902721862792968750e+02
6.153358893304615940e+00 3.881073303222656250e+02
6.156793645687146821e+00 3.812481079101562500e+02
6.160228398069678590e+00 3.744875488281250000e+02
6.163663150452209472e+00 3.736154479980468750e+02
6.167097902834741241e+00 3.735780944824218750e+02
6.170532655217271234e+00 3.736164855957031250e+02
6.173967407599803003e+00 3.776054687500000000e+02
6.177402159982333885e+00 3.729306945800781250e+02
6.180836912364865654e+00 3.670762634277343750e+02
6.184271664747396535e+00 3.682583007812500000e+02
6.187706417129928305e+00 3.613113098144531250e+02
6.191141169512459186e+00 3.593702392578125000e+02
6.194575921894990067e+00 3.630060119628906250e+02
6.198010674277520948e+00 3.688558654785156250e+02
6.201445426660052718e+00 3.661164245605468750e+02
6.204880179042583599e+00 3.667834472656250000e+02
6.208314931425115368e+00 3.711338195800781250e+02
6.211749683807646250e+00 3.707000427246093750e+02
6.215184436190178019e+00 3.705755920410156250e+02
6.218619188572708900e+00 3.677236938476562500e+02
6.222053940955239781e+00 3.671852416992187500e+02
6.225488693337770663e+00 3.634605712890625000e+02
6.228923445720301544e+00 3.594493713378906250e+02
6.232358198102833313e+00 3.547962036132812500e+02
6.235792950485364194e+00 3.566484680175781250e+02
6.239227702867895964e+00 3.616533813476562500e+02
6.242662455250426845e+00 3.605763244628906250e+02
6.246097207632957726e+00 3.575673217773437500e+02
6.249531960015488607e+00 3.580534973144531250e+02
6.252966712398020377e+00 3.600921630859375000e+02
6.256401464780551258e+00 3.601409912109375000e+02
6.259836217163083028e+00 3.627714538574218750e+02
6.263270969545613909e+00 3.698243713378906250e+02
6.266705721928145678e+00 3.741537475585937500e+02
6.270140474310675671e+00 3.779243469238281250e+02
6.273575226693207441e+00 3.835480651855468750e+02
6.277009979075738322e+00 3.909702148437500000e+02
6.280444731458270091e+00 3.960456237792968750e+02
6.283879483840800972e+00 3.967236022949218750e+02
6.287314236223332742e+00 3.942155151367187500e+02
6.290748988605863623e+00 3.904580383300781250e+02
6.294183740988394504e+00 3.826513061523437500e+02
6.297618493370925385e+00 3.711656188964843750e+02
6.301053245753457155e+00 3.633001708984375000e+02
6.304487998135988036e+00 3.658933105468750000e+02
6.307922750518518917e+00 3.628488464355468750e+02
6.311357502901050687e+00 3.597445678710937500e+02
6.314792255283581568e+00 3.541430664062500000e+02
6.318227007666113337e+00 3.512348632812500000e+02
6.321661760048643330e+00 3.519705505371093750e+02
6.325096512431175100e+00 3.590027160644531250e+02
6.328531264813705981e+00 3.728075256347656250e+02
6.331966017196237750e+00 3.869141235351562500e+02
6.335400769578768632e+00 3.950123291015625000e+02
6.338835521961300401e+00 3.956019287109375000e+02
6.342270274343831282e+00 3.913865966796875000e+02
6.345705026726362163e+00 3.814502868652343750e+02
6.349139779108893045e+00 3.728978576660156250e+02
6.352574531491424814e+00 3.644791870117187500e+02
6.356009283873955695e+00 3.559885864257812500e+02
6.359444036256487465e+00 3.529547119140625000e+02
6.362878788639018346e+00 3.525371704101562500e+02
6.366313541021550115e+00 3.531322937011718750e+02
6.369748293404080997e+00 3.555144958496093750e+02
6.373183045786611878e+00 3.501971740722656250e+02
6.376617798169142759e+00 3.422695007324218750e+02
6.380052550551673640e+00 3.404727783203125000e+02
6.383487302934205410e+00 3.469563293457031250e+02
6.386922055316736291e+00 3.500482788085937500e+02
6.390356807699268060e+00 3.506113586425781250e+02
6.393791560081798941e+00 3.570014953613281250e+02
6.397226312464329823e+00 3.624320373535156250e+02
6.400661064846860704e+00 3.648869323730468750e+02
6.404095817229392473e+00 3.650191040039062500e+02
6.407530569611923355e+00 3.626811523437500000e+02
6.410965321994455124e+00 3.607247619628906250e+02
6.414400074376986005e+00 3.606847839355468750e+02
6.417834826759517775e+00 3.688867187500000000e+02
6.421269579142047768e+00 3.728847961425781250e+02
6.424704331524579537e+00 3.790394592285156250e+02
6.428139083907110418e+00 3.849581909179687500e+02
6.431573836289642188e+00 3.893385620117187500e+02
6.435008588672173069e+00 3.895413513183593750e+02
6.438443341054704838e+00 3.854505615234375000e+02
6.441878093437235719e+00 3.758049621582031250e+02
6.445312845819766601e+00 3.654848327636718750e+02
6.448747598202297482e+00 3.606738281250000000e+02
6.452182350584829251e+00 3.576962280273437500e+02
6.455617102967360132e+00 3.533811645507812500e+02
6.459051855349891014e+00 3.513642272949218750e+02
6.462486607732422783e+00 3.563967285156250000e+02
6.465921360114953664e+00 3.575350646972656250e+02
6.469356112497485434e+00 3.527137451171875000e+02
6.472790864880015427e+00 3.461045532226562500e+02
6.476225617262547196e+00 3.415264587402343750e+02
6.479660369645078077e+00 3.444163818359375000e+02
6.483095122027609847e+00 3.442131347656250000e+02
6.486529874410140728e+00 3.474490051269531250e+02
6.489964626792672497e+00 3.515430297851562500e+02
6.493399379175203379e+00 3.563797912597656250e+02
6.496834131557734260e+00 3.524427185058593750e+02
6.500268883940265141e+00 3.498982543945312500e+02
6.503703636322796910e+00 3.527498779296875000e+02
6.507138388705327792e+00 3.555524902343750000e+02
6.510573141087859561e+00 3.545475158691406250e+02
6.514007893470390442e+00 3.540698547363281250e+02
6.517442645852922212e+00 3.540950622558593750e+02
6.520877398235453093e+00 3.530530090332031250e+02
6.524312150617983974e+00 3.505056457519531250e+02
6.527746903000514855e+00 3.486262512207031250e+02
6.531181655383045737e+00 3.506517333984375000e+02
6.534616407765577506e+00 3.571364440917968750e+02
6.538051160148108387e+00 3.619248352050781250e+02
6.541485912530640157e+00 3.598485107421875000e+02
6.544920664913171038e+00 3.547741699218750000e+02
6.548355417295701919e+00 3.492507019042968750e+02
6.551790169678232800e+00 3.470549621582031250e+02
6.555224922060764570e+00 3.469602966308593750e+02
6.558659674443295451e+00 3.454827880859375000e+02
6.562094426825827220e+00 3.406523437500000000e+02
6.565529179208358102e+00 3.434180603027343750e+02
6.568963931590889871e+00 3.489430541992187500e+02
6.572398683973419864e+00 3.510289916992187500e+02
6.575833436355951633e+00 3.496413879394531250e+02
6.579268188738482515e+00 3.456108703613281250e+02
6.582702941121014284e+00 3.441974792480468750e+02
6.586137693503545165e+00 3.480986633300781250e+02
6.589572445886076935e+00 3.491296691894531250e+02
6.593007198268607816e+00 3.511834106445312500e+02
6.596441950651138697e+00 3.545420837402343750e+02
6.599876703033669578e+00 3.529143066406250000e+02
6.603311455416201348e+00 3.521745910644531250e+02
6.606746207798732229e+00 3.522203063964843750e+02
6.610180960181263110e+00 3.519096679687500000e+02
6.613615712563794879e+00 3.478757324218750000e+02
6.617050464946325761e+00 3.436069946289062500e+02
6.620485217328857530e+00 3.410916442871093750e+02
6.623919969711387523e+00 3.404729309082031250e+02
6.627354722093919293e+00 3.391603393554687500e+02
6.630789474476450174e+00 3.369872436523437500e+02
6.634224226858981943e+00 3.369722290039062500e+02
6.637658979241512824e+00 3.427502136230468750e+02
6.641093731624044594e+00 3.460339660644531250e+02
6.644528484006575475e+00 3.418118591308593750e+02
6.647963236389106356e+00 3.365363769531250000e+02
6.651397988771637237e+00 3.355515747070312500e+02
6.654832741154169007e+00 3.347057800292968750e+02
6.658267493536699888e+00 3.398093261718750000e+02
6.661702245919231657e+00 3.438404541015625000e+02
6.665136998301762539e+00 3.447198486328125000e+02
6.668571750684294308e+00 3.489804992675781250e+02
6.672006503066824301e+00 3.529355163574218750e+02
6.675441255449356071e+00 3.523385620117187500e+02
6.678876007831886952e+00 3.567156372070312500e+02
6.682310760214417833e+00 3.627434082031250000e+02
6.685745512596949602e+00 3.708741760253906250e+02
6.689180264979480484e+00 3.730336303710937500e+02
6.692615017362012253e+00 3.730097045898437500e+02
6.696049769744543134e+00 3.646103210449218750e+02
6.699484522127074015e+00 3.585944519042968750e+02
6.702919274509604897e+00 3.526972656250000000e+02
6.706354026892136666e+00 3.505454406738281250e+02
6.709788779274667547e+00 3.455103759765625000e+02
6.713223531657199317e+00 3.399581298828125000e+02
6.716658284039730198e+00 3.384243164062500000e+02
6.720093036422261967e+00 3.394744873046875000e+02
6.723527788804791960e+00 3.445304870605468750e+02
6.726962541187323730e+00 3.429609375000000000e+02
6.730397293569854611e+00 3.407205810546875000e+02
6.733832045952386380e+00 3.407433471679687500e+02
6.737266798334917262e+00 3.368103332519531250e+02
6.740701550717449031e+00 3.335489807128906250e+02
6.744136303099979912e+00 3.300918273925781250e+02
6.747571055482510793e+00 3.369820251464843750e+02
6.751005807865041675e+00 3.408294067382812500e+02
6.754440560247573444e+00 3.388704223632812500e+02
6.757875312630104325e+00 3.391462707519531250e+02
6.761310065012635206e+00 3.458424987792968750e+02
6.764744817395166976e+00 3.492497558593750000e+02
6.768179569777697857e+00 3.468566284179687500e+02
6.771614322160229626e+00 3.477239074707031250e+02
6.775049074542759620e+00 3.464441833496093750e+02
6.778483826925291389e+00 3.427414855957031250e+02
6.781918579307822270e+00 3.375878295898437500e+02
6.785353331690354040e+00 3.401124267578125000e+02
6.788788084072884921e+00 3.426248168945312500e+02
6.792222836455416690e+00 3.466925964355468750e+02
6.795657588837947571e+00 3.504277038574218750e+02
6.799092341220478453e+00 3.507912597656250000e+02
6.802527093603009334e+00 3.557135314941406250e+02
6.805961845985541103e+00 3.569234924316406250e+02
6.809396598368071984e+00 3.597108459472656250e+02
6.812831350750603754e+00 3.572179565429687500e+02
6.816266103133134635e+00 3.532736206054687500e+02
6.819700855515666404e+00 3.491265258789062500e+02
6.823135607898196398e+00 3.413918151855468750e+02
6.826570360280728167e+00 3.367948303222656250e+02
6.830005112663259048e+00 3.381956176757812500e+02
6.833439865045790818e+00 3.433940734863281250e+02
6.836874617428321699e+00 3.455960693359375000e+02
6.840309369810852580e+00 3.450440063476562500e+02
6.843744122193384349e+00 3.418617248535156250e+02
6.847178874575915231e+00 3.437905578613281250e+02
6.850613626958446112e+00 3.482470092773437500e+02
6.854048379340976993e+00 3.502574768066406250e+02
6.857483131723508762e+00 3.517585144042968750e+02
6.860917884106039644e+00 3.510853881835937500e+02
6.864352636488571413e+00 3.509970092773437500e+02
6.867787388871102294e+00 3.507509765625000000e+02
6.871222141253634064e+00 3.548609313964843750e+02
6.874656893636164057e+00 3.519194030761718750e+02
6.878091646018695826e+00 3.470918579101562500e+02
6.881526398401226707e+00 3.449258728027343750e+02
6.884961150783758477e+00 3.488639221191406250e+02
6.888395903166289358e+00 3.498533630371093750e+02
6.891830655548821127e+00 3.498084716796875000e+02
6.895265407931352009e+00 3.519941406250000000e+02
6.898700160313882890e+00 3.545480041503906250e+02
6.902134912696413771e+00 3.542903442382812500e+02
6.905569665078945540e+00 3.524054565429687500e+02
6.909004417461476422e+00 3.509523925781250000e+02
6.912439169844007303e+00 3.497214965820312500e+02
6.915873922226539072e+00 3.461904907226562500e+02
6.919308674609069953e+00 3.392460632324218750e+02
6.922743426991601723e+00 3.340979003906250000e+02
6.926178179374131716e+00 3.335873718261718750e+02
6.929612931756663485e+00 3.376381225585937500e+02
6.933047684139194367e+00 3.366510009765625000e+02
6.936482436521726136e+00 3.408764648437500000e+02
6.939917188904257017e+00 3.431952209472656250e+02
6.943351941286788787e+00 3.488867492675781250e+02
6.946786693669319668e+00 3.523081054687500000e+02
6.950221446051850549e+00 3.568822326660156250e+02
6.953656198434381430e+00 3.573553466796875000e+02
6.957090950816913200e+00 3.546447143554687500e+02
6.960525703199444081e+00 3.486154785156250000e+02
6.963960455581975850e+00 3.424902648925781250e+02
6.967395207964506731e+00 3.372184448242187500e+02
6.970829960347038501e+00 3.344532165527343750e+02
6.974264712729568494e+00 3.363238830566406250e+02
6.977699465112100263e+00 3.419541625976562500e+02
6.981134217494631145e+00 3.514764099121093750e+02
6.984568969877162914e+00 3.550604248046875000e+02
6.988003722259693795e+00 3.464281921386718750e+02
6.991438474642224676e+00 3.380741271972656250e+02
6.994873227024756446e+00 3.332696533203125000e+02
6.998307979407287327e+00 3.326470336914062500e+02
7.001742731789818208e+00 3.352416076660156250e+02
7.005177484172349089e+00 3.380143432617187500e+02
7.008612236554880859e+00 3.378378906250000000e+02
7.012046988937411740e+00 3.398648071289062500e+02
7.015481741319943509e+00 3.444795227050781250e+02
7.018916493702474391e+00 3.454889526367187500e+02
7.022351246085006160e+00 3.429058837890625000e+02
7.025785998467536153e+00 3.424680480957031250e+02
7.029220750850067922e+00 3.374517211914062500e+02
7.032655503232598804e+00 3.331246337890625000e+02
7.036090255615130573e+00 3.325331726074218750e+02
7.039525007997661454e+00 3.407830505371093750e+02
7.042959760380193224e+00 3.434392089843750000e+02
7.046394512762724105e+00 3.389586791992187500e+02
7.049829265145254986e+00 3.323949584960937500e+02
7.053264017527785867e+00 3.280490112304687500e+02
7.056698769910317637e+00 3.307742309570312500e+02
7.060133522292848518e+00 3.361847839355468750e+02
7.063568274675379399e+00 3.406062927246093750e+02
7.067003027057911169e+00 3.395411682128906250e+02
7.070437779440442050e+00 3.368259582519531250e+02
7.073872531822972931e+00 3.406804199218750000e+02
7.077307284205503812e+00 3.455332641601562500e+02
7.080742036588035582e+00 3.470270690917968750e+02
7.084176788970566463e+00 3.491794433593750000e+02
7.087611541353098232e+00 3.538973693847656250e+02
7.091046293735629114e+00 3.555295715332031250e+02
7.094481046118160883e+00 3.606571044921875000e+02
7.097915798500691764e+00 3.645649414062500000e+02
7.101350550883222645e+00 3.609353332519531250e+02
7.104785303265753527e+00 3.525450439453125000e+02
7.108220055648285296e+00 3.456012573242187500e+02
7.111654808030816177e+00 3.398379821777343750e+02
7.115089560413347947e+00 3.360052490234375000e+02
7.118524312795878828e+00 3.329641723632812500e+02
7.121959065178410597e+00 3.240058593750000000e+02
7.125393817560940590e+00 3.192221679687500000e+02
7.128828569943472360e+00 3.218092956542968750e+02
7.132263322326003241e+00 3.255541076660156250e+02
7.135698074708535010e+00 3.226773376464843750e+02
7.139132827091065892e+00 3.180255737304687500e+02
7.142567579473596773e+00 3.214608154296875000e+02
7.146002331856128542e+00 3.315549011230468750e+02
7.149437084238658535e+00 3.359132080078125000e+02
7.152871836621190305e+00 3.407964782714843750e+02
7.156306589003721186e+00 3.346413574218750000e+02
7.159741341386252955e+00 3.304537963867187500e+02
7.163176093768782948e+00 3.317647399902343750e+02
7.166610846151314718e+00 3.356843872070312500e+02
7.170045598533845599e+00 3.341107177734375000e+02
7.173480350916377368e+00 3.367327270507812500e+02
7.176915103298908249e+00 3.359079284667968750e+02
7.180349855681440019e+00 3.367174987792968750e+02
7.183784608063970900e+00 3.350439147949218750e+02
7.187219360446502670e+00 3.292163696289062500e+02
7.190654112829033551e+00 3.211671752929687500e+02
7.194088865211565320e+00 3.174870910644531250e+02
7.197523617594096201e+00 3.226657409667968750e+02
7.200958369976627971e+00 3.218750305175781250e+02
7.204393122359158852e+00 3.224555664062500000e+02
7.207827874741689733e+00 3.265345764160156250e+02
7.211262627124221503e+00 3.237366333007812500e+02
7.214697379506751496e+00 3.212323608398437500e+02
7.218132131889282377e+00 3.171975097656250000e+02
7.221566884271814146e+00 3.172060241699218750e+02
7.225001636654345027e+00 3.162276916503906250e+02
7.228436389036875909e+00 3.185439453125000000e+02
7.231871141419407678e+00 3.133144531250000000e+02
7.235305893801938559e+00 3.152841491699218750e+02
7.238740646184470329e+00 3.137933959960937500e+02
7.242175398567001210e+00 3.157257690429687500e+02
7.245610150949532979e+00 3.188493957519531250e+02
7.249044903332063861e+00 3.203561706542968750e+02
7.252479655714595630e+00 3.189099121093750000e+02
7.255914408097126511e+00 3.161747131347656250e+02
7.259349160479658281e+00 3.183623352050781250e+02
7.262783912862187385e+00 3.157269287109375000e+02
7.266218665244719155e+00 3.142029418945312500e+02
7.269653417627250036e+00 3.151031188964843750e+02
7.273088170009781805e+00 3.218550109863281250e+02
7.276522922392312687e+00 3.219742126464843750e+02
7.279957674774844456e+00 3.180754394531250000e+02
7.283392427157375337e+00 3.144086303710937500e+02
7.286827179539907107e+00 3.199841003417968750e+02
7.290261931922437988e+00 3.215376281738281250e+02
7.293696684304968869e+00 3.199255371093750000e+02
7.297131436687500639e+00 3.250021972656250000e+02
7.300566189070031520e+00 3.333216857910156250e+02
7.304000941452563289e+00 3.351518554687500000e+02
7.307435693835094170e+00 3.286838073730468750e+02
7.310870446217625940e+00 3.238306579589843750e+02
7.314305198600155045e+00 3.233449096679687500e+02
7.317739950982686814e+00 3.226317138671875000e+02
7.321174703365217695e+00 3.209472656250000000e+02
7.324609455747749465e+00 3.151903381347656250e+02
7.328044208130280346e+00 3.114713745117187500e+02
7.331478960512812115e+00 3.120049743652343750e+02
7.334913712895342996e+00 3.119902648925781250e+02
7.338348465277874766e+00 3.117851867675781250e+02
7.341783217660405647e+00 3.159756164550781250e+02
7.345217970042937417e+00 3.158982238769531250e+02
7.348652722425468298e+00 3.151619567871093750e+02
7.352087474808000067e+00 3.186241149902343750e+02
7.355522227190530948e+00 3.228500671386718750e+02
7.358956979573061830e+00 3.302965698242187500e+02
7.362391731955593599e+00 3.322427062988281250e+02
7.365826484338123592e+00 3.294543762207031250e+02
7.369261236720654473e+00 3.273753662109375000e+02
7.372695989103186243e+00 3.300451049804687500e+02
7.376130741485717124e+00 3.257067871093750000e+02
7.379565493868248005e+00 3.220682678222656250e+02
7.383000246250779774e+00 3.189715270996093750e+02
7.386434998633310656e+00 3.205964050292968750e+02
7.389869751015842425e+00 3.261162719726562500e+02
7.393304503398373306e+00 3.281676330566406250e+02
7.396739255780905076e+00 3.235872802734375000e+02
7.400174008163435957e+00 3.174633178710937500e+02
7.403608760545967726e+00 3.155279846191406250e+02
7.407043512928498608e+00 3.123963623046875000e+02
7.410478265311030377e+00 3.133557739257812500e+02
7.413913017693559482e+00 3.120233459472656250e+02
7.417347770076091251e+00 3.101091918945312500e+02
7.420782522458622132e+00 3.075544433593750000e+02
7.424217274841153902e+00 3.058011779785156250e+02
7.427652027223684783e+00 3.018671875000000000e+02
7.431086779606216552e+00 2.911720581054687500e+02
7.434521531988747434e+00 2.847389831542968750e+02
7.437956284371279203e+00 2.889171447753906250e+02
