# # sector 08: chi = -95.01 deg (range [-100, -90))
# # columns: 2theta(deg)  intensity
1.052751605245807909e+00 1.203498413085937500e+03
1.056186357628339012e+00 1.172170898437500000e+03
1.059621110010870337e+00 1.196884887695312500e+03
1.063055862393401441e+00 1.236463500976562500e+03
1.066490614775932544e+00 1.232131958007812500e+03
1.069925367158463869e+00 1.208545532226562500e+03
1.073360119540994972e+00 1.205546142578125000e+03
1.076794871923526298e+00 1.209225463867187500e+03
1.080229624306057401e+00 1.199984252929687500e+03
1.083664376688588726e+00 1.212130737304687500e+03
1.087099129071119830e+00 1.229760620117187500e+03
1.090533881453650933e+00 1.257623657226562500e+03
1.093968633836182036e+00 1.249840209960937500e+03
1.097403386218713361e+00 1.238670776367187500e+03
1.100838138601244465e+00 1.249173217773437500e+03
1.104272890983775568e+00 1.257461425781250000e+03
1.107707643366306893e+00 1.254873657226562500e+03
1.111142395748837997e+00 1.239861083984375000e+03
1.114577148131369322e+00 1.238735961914062500e+03
1.118011900513900425e+00 1.234229370117187500e+03
1.121446652896431750e+00 1.238831054687500000e+03
1.124881405278962854e+00 1.255165405273437500e+03
1.128316157661493957e+00 1.257964233398437500e+03
1.131750910044025060e+00 1.241464599609375000e+03
1.135185662426556386e+00 1.227487915039062500e+03
1.138620414809087489e+00 1.245633911132812500e+03
1.142055167191618592e+00 1.269793212890625000e+03
1.145489919574149917e+00 1.260091674804687500e+03
1.148924671956681021e+00 1.245185913085937500e+03
1.152359424339212346e+00 1.239244262695312500e+03
1.155794176721743449e+00 1.239265869140625000e+03
1.159228929104274775e+00 1.250188354492187500e+03
1.162663681486805878e+00 1.274163696289062500e+03
1.166098433869336981e+00 1.284240844726562500e+03
1.169533186251868084e+00 1.289404907226562500e+03
1.172967938634399410e+00 1.291592651367187500e+03
1.176402691016930513e+00 1.284271240234375000e+03
1.179837443399461616e+00 1.257341186523437500e+03
1.183272195781992941e+00 1.254891967773437500e+03
1.186706948164524045e+00 1.266533691406250000e+03
1.190141700547055370e+00 1.282062255859375000e+03
1.193576452929586473e+00 1.303870239257812500e+03
1.197011205312117799e+00 1.301174072265625000e+03
1.200445957694648902e+00 1.303748779296875000e+03
1.203880710077180005e+00 1.319439331054687500e+03
1.207315462459711108e+00 1.321019531250000000e+03
1.210750214842242434e+00 1.315427368164062500e+03
1.214184967224773537e+00 1.310705078125000000e+03
1.217619719607304640e+00 1.328210693359375000e+03
1.221054471989835966e+00 1.338626098632812500e+03
1.224489224372367069e+00 1.329705688476562500e+03
1.227923976754898394e+00 1.322689941406250000e+03
1.231358729137429497e+00 1.329049560546875000e+03
1.234793481519960823e+00 1.337303710937500000e+03
1.238228233902491926e+00 1.334905029296875000e+03
1.241662986285023029e+00 1.329002319335937500e+03
1.245097738667554133e+00 1.334773803710937500e+03
1.248532491050085236e+00 1.338112182617187500e+03
1.251967243432616561e+00 1.332794067382812500e+03
1.255401995815147664e+00 1.325995971679687500e+03
1.258836748197678990e+00 1.339447265625000000e+03
1.262271500580210093e+00 1.342543090820312500e+03
1.265706252962741418e+00 1.355627685546875000e+03
1.269141005345272522e+00 1.353549804687500000e+03
1.272575757727803847e+00 1.353940795898437500e+03
1.276010510110334950e+00 1.355969970703125000e+03
1.279445262492866053e+00 1.350168945312500000e+03
1.282880014875397157e+00 1.357245483398437500e+03
1.286314767257928260e+00 1.362870483398437500e+03
1.289749519640459585e+00 1.365457031250000000e+03
1.293184272022990688e+00 1.355924926757812500e+03
1.296619024405522014e+00 1.366674438476562500e+03
1.300053776788053117e+00 1.376152709960937500e+03
1.303488529170584442e+00 1.374537841796875000e+03
1.306923281553115546e+00 1.385054199218750000e+03
1.310358033935646871e+00 1.387463134765625000e+03
1.313792786318177974e+00 1.393442138671875000e+03
1.317227538700709077e+00 1.377770751953125000e+03
1.320662291083240181e+00 1.366876464843750000e+03
1.324097043465771284e+00 1.377922363281250000e+03
1.327531795848302609e+00 1.393705810546875000e+03
1.330966548230833713e+00 1.393326293945312500e+03
1.334401300613365038e+00 1.407668212890625000e+03
1.337836052995896141e+00 1.415230957031250000e+03
1.341270805378427466e+00 1.435698120117187500e+03
1.344705557760958570e+00 1.463165649414062500e+03
1.348140310143489895e+00 1.502459594726562500e+03
1.351575062526020998e+00 1.525787841796875000e+03
1.355009814908552102e+00 1.525805786132812500e+03
1.358444567291083205e+00 1.508763671875000000e+03
1.361879319673614308e+00 1.478089843750000000e+03
1.365314072056145633e+00 1.449787597656250000e+03
1.368748824438676737e+00 1.412278686523437500e+03
1.372183576821208062e+00 1.395136840820312500e+03
1.375618329203739165e+00 1.387237304687500000e+03
1.379053081586270491e+00 1.398376342773437500e+03
1.382487833968801594e+00 1.393494750976562500e+03
1.385922586351332919e+00 1.379456298828125000e+03
1.389357338733864022e+00 1.378797973632812500e+03
1.392792091116395126e+00 1.401218383789062500e+03
1.396226843498926229e+00 1.415147338867187500e+03
1.399661595881457332e+00 1.402999267578125000e+03
1.403096348263988657e+00 1.397489746093750000e+03
1.406531100646519761e+00 1.394065429687500000e+03
1.409965853029051086e+00 1.388261352539062500e+03
1.413400605411582189e+00 1.404185302734375000e+03
1.416835357794113515e+00 1.416514526367187500e+03
1.420270110176644618e+00 1.404045043945312500e+03
1.423704862559175943e+00 1.394629394531250000e+03
1.427139614941707046e+00 1.399595703125000000e+03
1.430574367324238150e+00 1.410302856445312500e+03
1.434009119706769253e+00 1.410412353515625000e+03
1.437443872089300356e+00 1.411998901367187500e+03
1.440878624471831682e+00 1.408640380859375000e+03
1.444313376854362785e+00 1.408757934570312500e+03
1.447748129236894110e+00 1.409588867187500000e+03
1.451182881619425213e+00 1.413815917968750000e+03
1.454617634001956539e+00 1.408576538085937500e+03
1.458052386384487642e+00 1.400559448242187500e+03
1.461487138767018967e+00 1.402832885742187500e+03
1.464921891149550071e+00 1.407933349609375000e+03
1.468356643532081174e+00 1.418391235351562500e+03
1.471791395914612277e+00 1.419003417968750000e+03
1.475226148297143380e+00 1.417542358398437500e+03
1.478660900679674706e+00 1.424814941406250000e+03
1.482095653062205809e+00 1.429048828125000000e+03
1.485530405444737134e+00 1.404235961914062500e+03
1.488965157827268238e+00 1.388474487304687500e+03
1.492399910209799563e+00 1.398499145507812500e+03
1.495834662592330666e+00 1.414595947265625000e+03
1.499269414974861991e+00 1.420027954101562500e+03
1.502704167357393095e+00 1.403792968750000000e+03
1.506138919739924198e+00 1.403894409179687500e+03
1.509573672122455301e+00 1.412216796875000000e+03
1.513008424504986404e+00 1.423906494140625000e+03
1.516443176887517730e+00 1.410151245117187500e+03
1.519877929270048833e+00 1.406021972656250000e+03
1.523312681652580158e+00 1.406938476562500000e+03
1.526747434035111262e+00 1.417511840820312500e+03
1.530182186417642587e+00 1.423826049804687500e+03
1.533616938800173690e+00 1.418465087890625000e+03
1.537051691182705015e+00 1.422672851562500000e+03
1.540486443565236119e+00 1.432100708007812500e+03
1.543921195947767222e+00 1.430802246093750000e+03
1.547355948330298325e+00 1.426651977539062500e+03
1.550790700712829429e+00 1.436222778320312500e+03
1.554225453095360754e+00 1.432380981445312500e+03
1.557660205477891857e+00 1.433095581054687500e+03
1.561094957860423182e+00 1.445416137695312500e+03
1.564529710242954286e+00 1.457445312500000000e+03
1.567964462625485611e+00 1.451194091796875000e+03
1.571399215008016714e+00 1.447788208007812500e+03
1.574833967390548040e+00 1.447081054687500000e+03
1.578268719773079143e+00 1.440599853515625000e+03
1.581703472155610246e+00 1.443738769531250000e+03
1.585138224538141349e+00 1.460097534179687500e+03
1.588572976920672453e+00 1.462659912109375000e+03
1.592007729303203778e+00 1.447935791015625000e+03
1.595442481685734881e+00 1.440343017578125000e+03
1.598877234068266207e+00 1.454363525390625000e+03
1.602311986450797310e+00 1.459201660156250000e+03
1.605746738833328635e+00 1.465316284179687500e+03
1.609181491215859738e+00 1.464814208984375000e+03
1.612616243598391064e+00 1.460687133789062500e+03
1.616050995980922167e+00 1.473893798828125000e+03
1.619485748363453270e+00 1.494119506835937500e+03
1.622920500745984373e+00 1.525136352539062500e+03
1.626355253128515477e+00 1.580770996093750000e+03
1.629790005511046802e+00 1.649552490234375000e+03
1.633224757893577905e+00 1.710262207031250000e+03
1.636659510276109231e+00 1.750942504882812500e+03
1.640094262658640334e+00 1.745975952148437500e+03
1.643529015041171659e+00 1.699787353515625000e+03
1.646963767423702762e+00 1.624109741210937500e+03
1.650398519806234088e+00 1.536190429687500000e+03
1.653833272188765191e+00 1.496276000976562500e+03
1.657268024571296294e+00 1.474601806640625000e+03
1.660702776953827398e+00 1.480337890625000000e+03
1.664137529336358501e+00 1.478894531250000000e+03
1.667572281718889826e+00 1.485044921875000000e+03
1.671007034101420929e+00 1.489524658203125000e+03
1.674441786483952255e+00 1.493163330078125000e+03
1.677876538866483358e+00 1.476853637695312500e+03
1.681311291249014683e+00 1.475283447265625000e+03
1.684746043631545787e+00 1.471769897460937500e+03
1.688180796014076890e+00 1.475988647460937500e+03
1.691615548396608215e+00 1.466697631835937500e+03
1.695050300779139318e+00 1.455915893554687500e+03
1.698485053161670422e+00 1.459082885742187500e+03
1.701919805544201525e+00 1.477253173828125000e+03
1.705354557926732850e+00 1.478273315429687500e+03
1.708789310309263954e+00 1.485272094726562500e+03
1.712224062691795279e+00 1.488301391601562500e+03
1.715658815074326382e+00 1.488050537109375000e+03
1.719093567456857707e+00 1.477898559570312500e+03
1.722528319839388811e+00 1.468694458007812500e+03
1.725963072221919914e+00 1.464438232421875000e+03
1.729397824604451239e+00 1.464767333984375000e+03
1.732832576986982343e+00 1.457466674804687500e+03
1.736267329369513446e+00 1.445935302734375000e+03
1.739702081752044549e+00 1.435150634765625000e+03
1.743136834134575874e+00 1.438904174804687500e+03
1.746571586517106978e+00 1.441584106445312500e+03
1.750006338899638303e+00 1.451430908203125000e+03
1.753441091282169406e+00 1.456833496093750000e+03
1.756875843664700731e+00 1.457335693359375000e+03
1.760310596047231835e+00 1.455709716796875000e+03
1.763745348429762938e+00 1.444320434570312500e+03
1.767180100812294263e+00 1.444532592773437500e+03
1.770614853194825367e+00 1.448670166015625000e+03
1.774049605577356470e+00 1.466822021484375000e+03
1.777484357959887573e+00 1.478046630859375000e+03
1.780919110342418898e+00 1.489613647460937500e+03
1.784353862724950002e+00 1.498952636718750000e+03
1.787788615107481327e+00 1.506466552734375000e+03
1.791223367490012208e+00 1.500270996093750000e+03
1.794658119872543534e+00 1.491395629882812500e+03
1.798092872255074859e+00 1.474174682617187500e+03
1.801527624637606184e+00 1.438794067382812500e+03
1.804962377020137065e+00 1.432030883789062500e+03
1.808397129402668391e+00 1.415724365234375000e+03
1.811831881785199494e+00 1.405601196289062500e+03
1.815266634167730819e+00 1.396120239257812500e+03
1.818701386550261700e+00 1.376784790039062500e+03
1.822136138932793026e+00 1.372139038085937500e+03
1.825570891315324351e+00 1.361483886718750000e+03
1.829005643697855676e+00 1.363174682617187500e+03
1.832440396080386558e+00 1.369179809570312500e+03
1.835875148462917883e+00 1.368566528320312500e+03
1.839309900845449208e+00 1.364202270507812500e+03
1.842744653227980089e+00 1.348742431640625000e+03
1.846179405610511415e+00 1.340521484375000000e+03
1.849614157993042740e+00 1.328905517578125000e+03
1.853048910375573843e+00 1.323316162109375000e+03
1.856483662758104725e+00 1.312755249023437500e+03
1.859918415140636050e+00 1.308878173828125000e+03
1.863353167523167375e+00 1.309802124023437500e+03
1.866787919905698701e+00 1.311896972656250000e+03
1.870222672288229582e+00 1.311278320312500000e+03
1.873657424670760907e+00 1.308742065429687500e+03
1.877092177053292232e+00 1.303615844726562500e+03
1.880526929435823114e+00 1.303512817382812500e+03
1.883961681818354439e+00 1.315038330078125000e+03
1.887396434200885764e+00 1.329993652343750000e+03
1.890831186583416867e+00 1.328471313476562500e+03
1.894265938965947749e+00 1.312766113281250000e+03
1.897700691348479074e+00 1.305321289062500000e+03
1.901135443731010399e+00 1.293375000000000000e+03
1.904570196113541725e+00 1.277741210937500000e+03
1.908004948496072606e+00 1.257296264648437500e+03
1.911439700878603931e+00 1.245427490234375000e+03
1.914874453261135256e+00 1.239227905273437500e+03
1.918309205643666138e+00 1.248375488281250000e+03
1.921743958026197463e+00 1.247151367187500000e+03
1.925178710408728788e+00 1.246946166992187500e+03
1.928613462791259892e+00 1.241585815429687500e+03
1.932048215173790773e+00 1.233096801757812500e+03
1.935482967556322098e+00 1.229186157226562500e+03
1.938917719938853423e+00 1.217906738281250000e+03
1.942352472321384749e+00 1.221412597656250000e+03
1.945787224703915630e+00 1.228146362304687500e+03
1.949221977086446955e+00 1.212786010742187500e+03
1.952656729468978281e+00 1.189023437500000000e+03
1.956091481851509162e+00 1.190146362304687500e+03
1.959526234234040487e+00 1.188961425781250000e+03
1.962960986616571812e+00 1.194473388671875000e+03
1.966395738999102916e+00 1.186772583007812500e+03
1.969830491381633797e+00 1.186965087890625000e+03
1.973265243764165122e+00 1.189122192382812500e+03
1.976699996146696447e+00 1.190295532226562500e+03
1.980134748529227329e+00 1.188761108398437500e+03
1.983569500911758654e+00 1.190216918945312500e+03
1.987004253294289979e+00 1.195980346679687500e+03
1.990439005676821305e+00 1.208078247070312500e+03
1.993873758059352186e+00 1.257729003906250000e+03
1.997308510441883511e+00 1.323901000976562500e+03
2.000743262824414614e+00 1.448611083984375000e+03
2.004178015206945940e+00 1.530817626953125000e+03
2.007612767589476821e+00 1.576686523437500000e+03
2.011047519972008146e+00 1.578945312500000000e+03
2.014482272354539472e+00 1.519090820312500000e+03
2.017917024737070353e+00 1.435196289062500000e+03
2.021351777119601678e+00 1.318715942382812500e+03
2.024786529502133003e+00 1.222875610351562500e+03
2.028221281884664329e+00 1.178927001953125000e+03
2.031656034267195210e+00 1.148107666015625000e+03
2.035090786649726535e+00 1.128188476562500000e+03
2.038525539032257861e+00 1.105565795898437500e+03
2.041960291414789186e+00 1.105163330078125000e+03
2.045395043797320067e+00 1.114959838867187500e+03
2.048829796179851392e+00 1.113692138671875000e+03
2.052264548562382718e+00 1.102094970703125000e+03
2.055699300944913599e+00 1.087229003906250000e+03
2.059134053327444924e+00 1.067989868164062500e+03
2.062568805709975805e+00 1.065908935546875000e+03
2.066003558092507131e+00 1.066695190429687500e+03
2.069438310475038012e+00 1.065472290039062500e+03
2.072873062857569337e+00 1.068938354492187500e+03
2.076307815240100663e+00 1.070941162109375000e+03
2.079742567622631988e+00 1.068077270507812500e+03
2.083177320005162869e+00 1.053051391601562500e+03
2.086612072387694194e+00 1.040085205078125000e+03
2.090046824770225520e+00 1.048222656250000000e+03
2.093481577152756401e+00 1.040477050781250000e+03
2.096916329535287726e+00 1.034997070312500000e+03
2.100351081917819052e+00 1.049021362304687500e+03
2.103785834300350377e+00 1.052125366210937500e+03
2.107220586682881258e+00 1.049201660156250000e+03
2.110655339065412583e+00 1.044290283203125000e+03
2.114090091447943909e+00 1.034671142578125000e+03
2.117524843830475234e+00 1.027653076171875000e+03
2.120959596213006115e+00 1.026254028320312500e+03
2.124394348595537441e+00 1.027058715820312500e+03
2.127829100978068766e+00 1.019072204589843750e+03
2.131263853360599647e+00 1.007936950683593750e+03
2.134698605743130972e+00 1.000604736328125000e+03
2.138133358125661854e+00 1.005656311035156250e+03
2.141568110508193179e+00 1.009710693359375000e+03
2.145002862890724060e+00 1.013474304199218750e+03
2.148437615273255386e+00 1.015843139648437500e+03
2.151872367655786711e+00 1.008852722167968750e+03
2.155307120038318036e+00 1.008940429687500000e+03
2.158741872420848917e+00 1.013963623046875000e+03
2.162176624803380243e+00 1.017612854003906250e+03
2.165611377185911568e+00 1.003073181152343750e+03
2.169046129568442449e+00 9.915179443359375000e+02
2.172480881950973775e+00 1.001915893554687500e+03
2.175915634333505100e+00 1.005294982910156250e+03
2.179350386716036425e+00 9.960145874023437500e+02
2.182785139098567306e+00 1.001764160156250000e+03
2.186219891481098632e+00 9.927137451171875000e+02
2.189654643863629957e+00 9.806037597656250000e+02
2.193089396246161282e+00 9.839514160156250000e+02
2.196524148628692163e+00 9.809993896484375000e+02
2.199958901011223489e+00 9.842070922851562500e+02
2.203393653393754814e+00 9.758459472656250000e+02
2.206828405776285695e+00 9.663572387695312500e+02
2.210263158158817021e+00 9.594421997070312500e+02
2.213697910541347902e+00 9.550154418945312500e+02
2.217132662923879227e+00 9.584887695312500000e+02
2.220567415306410108e+00 9.581362304687500000e+02
2.224002167688941434e+00 9.396771850585937500e+02
2.227436920071472759e+00 9.354260864257812500e+02
2.230871672454004084e+00 9.552664184570312500e+02
2.234306424836534966e+00 9.504332275390625000e+02
2.237741177219066291e+00 9.374773559570312500e+02
2.241175929601597616e+00 9.401543579101562500e+02
2.244610681984128497e+00 9.450471801757812500e+02
2.248045434366659823e+00 9.466597900390625000e+02
2.251480186749191148e+00 9.427583007812500000e+02
2.254914939131722473e+00 9.366594848632812500e+02
2.258349691514253355e+00 9.292687377929687500e+02
2.261784443896784680e+00 9.191194458007812500e+02
2.265219196279316005e+00 9.119664306640625000e+02
2.268653948661847330e+00 9.228820190429687500e+02
2.272088701044378212e+00 9.212908325195312500e+02
2.275523453426909537e+00 9.140809936523437500e+02
2.278958205809440862e+00 9.137281494140625000e+02
2.282392958191971744e+00 9.122902832031250000e+02
2.285827710574503069e+00 9.105798950195312500e+02
2.289262462957033950e+00 9.174631347656250000e+02
2.292697215339565275e+00 9.118070678710937500e+02
2.296131967722096157e+00 9.080899658203125000e+02
2.299566720104627482e+00 9.093409423828125000e+02
2.303001472487158807e+00 9.053392333984375000e+02
2.306436224869690133e+00 9.151890258789062500e+02
2.309870977252221014e+00 9.503970336914062500e+02
2.313305729634752339e+00 9.894866333007812500e+02
2.316740482017283664e+00 1.088363281250000000e+03
2.320175234399814546e+00 1.172717285156250000e+03
2.323609986782345871e+00 1.233236206054687500e+03
2.327044739164877196e+00 1.252944213867187500e+03
2.330479491547408522e+00 1.232208618164062500e+03
2.333914243929939403e+00 1.176361816406250000e+03
2.337348996312470728e+00 1.079148071289062500e+03
2.340783748695002053e+00 1.001772277832031250e+03
2.344218501077533379e+00 9.402891235351562500e+02
2.347653253460064260e+00 9.015660400390625000e+02
2.351088005842595585e+00 8.740771484375000000e+02
2.354522758225126911e+00 8.672572021484375000e+02
2.357957510607657792e+00 8.746619262695312500e+02
2.361392262990189117e+00 8.779301757812500000e+02
2.364827015372720442e+00 8.777822875976562500e+02
2.368261767755251324e+00 8.704006347656250000e+02
2.371696520137782205e+00 8.571984252929687500e+02
2.375131272520313530e+00 8.507824096679687500e+02
2.378566024902844855e+00 8.621541748046875000e+02
2.382000777285376181e+00 8.549494628906250000e+02
2.385435529667907062e+00 8.479611816406250000e+02
2.388870282050438387e+00 8.480045776367187500e+02
2.392305034432969713e+00 8.493341674804687500e+02
2.395739786815500594e+00 8.380925903320312500e+02
2.399174539198031919e+00 8.383136596679687500e+02
2.402609291580563244e+00 8.366428222656250000e+02
2.406044043963094570e+00 8.312839965820312500e+02
2.409478796345625451e+00 8.257451782226562500e+02
2.412913548728156776e+00 8.303176879882812500e+02
2.416348301110688102e+00 8.179533081054687500e+02
2.419783053493219427e+00 8.135810546875000000e+02
2.423217805875750308e+00 8.213378295898437500e+02
2.426652558258281633e+00 8.248908691406250000e+02
2.430087310640812959e+00 8.215903930664062500e+02
2.433522063023343840e+00 8.229661865234375000e+02
2.436956815405875165e+00 8.237199096679687500e+02
2.440391567788406491e+00 8.130333251953125000e+02
2.443826320170937372e+00 8.074007568359375000e+02
2.447261072553468253e+00 8.014384155273437500e+02
2.450695824935999578e+00 8.001882934570312500e+02
2.454130577318530904e+00 8.184526977539062500e+02
2.457565329701061785e+00 8.242249145507812500e+02
2.461000082083593110e+00 8.174102172851562500e+02
2.464434834466124435e+00 8.064831542968750000e+02
2.467869586848655761e+00 7.982503662109375000e+02
2.471304339231186642e+00 8.034649047851562500e+02
2.474739091613717967e+00 8.095678100585937500e+02
2.478173843996249293e+00 8.119562988281250000e+02
2.481608596378780618e+00 7.950393066406250000e+02
2.485043348761311499e+00 7.976055297851562500e+02
2.488478101143842824e+00 8.069312744140625000e+02
2.491912853526374150e+00 8.114260253906250000e+02
2.495347605908905031e+00 8.090198974609375000e+02
2.498782358291436356e+00 8.132157592773437500e+02
2.502217110673967682e+00 8.204907836914062500e+02
2.505651863056499007e+00 8.310801391601562500e+02
2.509086615439029888e+00 8.603632202148437500e+02
2.512521367821561213e+00 9.015247192382812500e+02
2.515956120204092539e+00 9.223856811523437500e+02
2.519390872586623420e+00 9.288662109375000000e+02
2.522825624969154301e+00 9.157029418945312500e+02
2.526260377351685626e+00 8.968485717773437500e+02
2.529695129734216952e+00 8.612664184570312500e+02
2.533129882116747833e+00 8.288007202148437500e+02
2.536564634499279158e+00 8.122439575195312500e+02
2.539999386881810484e+00 7.940795288085937500e+02
2.543434139264341809e+00 7.812727050781250000e+02
2.546868891646872690e+00 7.652224731445312500e+02
2.550303644029404015e+00 7.627091064453125000e+02
2.553738396411935341e+00 7.631564331054687500e+02
2.557173148794466666e+00 7.619612426757812500e+02
2.560607901176997547e+00 7.568685302734375000e+02
2.564042653559528873e+00 7.531574707031250000e+02
2.567477405942060198e+00 7.606884155273437500e+02
2.570912158324591079e+00 7.624066162109375000e+02
2.574346910707122404e+00 7.585087890625000000e+02
2.577781663089653730e+00 7.578867797851562500e+02
2.581216415472185055e+00 7.533853149414062500e+02
2.584651167854715936e+00 7.507766113281250000e+02
2.588085920237247262e+00 7.491892700195312500e+02
2.591520672619778587e+00 7.555242309570312500e+02
2.594955425002309468e+00 7.517990722656250000e+02
2.598390177384840349e+00 7.382408447265625000e+02
2.601824929767371675e+00 7.424168701171875000e+02
2.605259682149903000e+00 7.537410278320312500e+02
2.608694434532433881e+00 7.452056274414062500e+02
2.612129186914965207e+00 7.294701538085937500e+02
2.615563939297496532e+00 7.271641845703125000e+02
2.618998691680027857e+00 7.235368652343750000e+02
2.622433444062558738e+00 7.119572143554687500e+02
2.625868196445090064e+00 7.206668090820312500e+02
2.629302948827621389e+00 7.284657592773437500e+02
2.632737701210152714e+00 7.327518920898437500e+02
2.636172453592683596e+00 7.287716064453125000e+02
2.639607205975214921e+00 7.223151855468750000e+02
2.643041958357746246e+00 7.214128417968750000e+02
2.646476710740277127e+00 7.289734497070312500e+02
2.649911463122808453e+00 7.324315185546875000e+02
2.653346215505339778e+00 7.344159545898437500e+02
2.656780967887871103e+00 7.276419067382812500e+02
2.660215720270401984e+00 7.307418212890625000e+02
2.663650472652933310e+00 7.268723754882812500e+02
2.667085225035464635e+00 7.207907104492187500e+02
2.670519977417995516e+00 7.236939086914062500e+02
2.673954729800526398e+00 7.178120727539062500e+02
2.677389482183057723e+00 7.139238891601562500e+02
2.680824234565589048e+00 7.077980957031250000e+02
2.684258986948119929e+00 7.102778320312500000e+02
2.687693739330651255e+00 7.147144775390625000e+02
2.691128491713182580e+00 7.137065429687500000e+02
2.694563244095713905e+00 7.126900634765625000e+02
2.697997996478244787e+00 7.177548217773437500e+02
2.701432748860776112e+00 7.090571289062500000e+02
2.704867501243307437e+00 7.069415283203125000e+02
2.708302253625838762e+00 7.037656860351562500e+02
2.711737006008369644e+00 7.080824584960937500e+02
2.715171758390900969e+00 7.132750854492187500e+02
2.718606510773432294e+00 7.133000488281250000e+02
2.722041263155963176e+00 7.144938964843750000e+02
2.725476015538494501e+00 7.143522338867187500e+02
2.728910767921025826e+00 7.029511718750000000e+02
2.732345520303557151e+00 7.054478149414062500e+02
2.735780272686088033e+00 7.092160644531250000e+02
2.739215025068619358e+00 7.100457763671875000e+02
2.742649777451150683e+00 7.187818603515625000e+02
2.746084529833681565e+00 7.231399536132812500e+02
2.749519282216212890e+00 7.242071533203125000e+02
2.752954034598743771e+00 7.279796752929687500e+02
2.756388786981275096e+00 7.421630859375000000e+02
2.759823539363805978e+00 7.979620361328125000e+02
2.763258291746337303e+00 8.897639770507812500e+02
2.766693044128868628e+00 1.009906127929687500e+03
2.770127796511399954e+00 1.121470458984375000e+03
2.773562548893930835e+00 1.178330688476562500e+03
2.776997301276462160e+00 1.189187866210937500e+03
2.780432053658993485e+00 1.121784912109375000e+03
2.783866806041524811e+00 1.005168945312500000e+03
2.787301558424055692e+00 8.976044921875000000e+02
2.790736310806587017e+00 7.965352172851562500e+02
2.794171063189118343e+00 7.451622314453125000e+02
2.797605815571649224e+00 7.150534057617187500e+02
2.801040567954180549e+00 7.067473144531250000e+02
2.804475320336711874e+00 6.946975097656250000e+02
2.807910072719243200e+00 6.812730102539062500e+02
2.811344825101774081e+00 6.730387573242187500e+02
2.814779577484305406e+00 6.743670654296875000e+02
2.818214329866836731e+00 6.768347167968750000e+02
2.821649082249367613e+00 6.861371459960937500e+02
2.825083834631898938e+00 6.911598510742187500e+02
2.828518587014429819e+00 6.944822998046875000e+02
2.831953339396961145e+00 7.240855712890625000e+02
2.835388091779492026e+00 7.486169433593750000e+02
2.838822844162023351e+00 7.751524047851562500e+02
2.842257596544554676e+00 8.036960449218750000e+02
2.845692348927086002e+00 8.211049194335937500e+02
2.849127101309616883e+00 8.140043945312500000e+02
2.852561853692148208e+00 7.881040039062500000e+02
2.855996606074679534e+00 7.538081665039062500e+02
2.859431358457210415e+00 7.176576538085937500e+02
2.862866110839741740e+00 6.871290893554687500e+02
2.866300863222273065e+00 6.776264648437500000e+02
2.869735615604804391e+00 6.739042358398437500e+02
2.873170367987335272e+00 6.686485595703125000e+02
2.876605120369866597e+00 6.648818969726562500e+02
2.880039872752397923e+00 6.655046386718750000e+02
2.883474625134929248e+00 6.654904174804687500e+02
2.886909377517460129e+00 6.623851928710937500e+02
2.890344129899991454e+00 6.657816162109375000e+02
2.893778882282522780e+00 6.640183105468750000e+02
2.897213634665053661e+00 6.528656005859375000e+02
2.900648387047584986e+00 6.447440795898437500e+02
2.904083139430115867e+00 6.466376342773437500e+02
2.907517891812647193e+00 6.534826660156250000e+02
2.910952644195178074e+00 6.438687133789062500e+02
2.914387396577709399e+00 6.386505737304687500e+02
2.917822148960240725e+00 6.422388916015625000e+02
2.921256901342772050e+00 6.509978027343750000e+02
2.924691653725302931e+00 6.563937988281250000e+02
2.928126406107834256e+00 6.607500610351562500e+02
2.931561158490365582e+00 6.704511718750000000e+02
2.934995910872896463e+00 6.966784057617187500e+02
2.938430663255427788e+00 7.233617553710937500e+02
2.941865415637959114e+00 7.339832763671875000e+02
2.945300168020490439e+00 7.456223144531250000e+02
2.948734920403021320e+00 7.538029174804687500e+02
2.952169672785552645e+00 7.426245727539062500e+02
2.955604425168083971e+00 7.221611328125000000e+02
2.959039177550615296e+00 6.864602661132812500e+02
2.962473929933146177e+00 6.540093383789062500e+02
2.965908682315677503e+00 6.438789672851562500e+02
2.969343434698208828e+00 6.476449584960937500e+02
2.972778187080739709e+00 6.597400512695312500e+02
2.976212939463271034e+00 6.735546875000000000e+02
2.979647691845801916e+00 7.007119140625000000e+02
2.983082444228333241e+00 7.411913452148437500e+02
2.986517196610864122e+00 7.607428588867187500e+02
2.989951948993395447e+00 7.639327392578125000e+02
2.993386701375926773e+00 7.509089355468750000e+02
2.996821453758458098e+00 7.289452514648437500e+02
3.000256206140988979e+00 6.986600952148437500e+02
3.003690958523520305e+00 6.684343261718750000e+02
3.007125710906051630e+00 6.540699462890625000e+02
3.010560463288582511e+00 6.431258544921875000e+02
3.013995215671113836e+00 6.332563476562500000e+02
3.017429968053645162e+00 6.223475341796875000e+02
3.020864720436176487e+00 6.245607299804687500e+02
3.024299472818707368e+00 6.167712402343750000e+02
3.027734225201238694e+00 6.208295288085937500e+02
3.031168977583770019e+00 6.286637573242187500e+02
3.034603729966301344e+00 6.264896240234375000e+02
3.038038482348832225e+00 6.249976806640625000e+02
3.041473234731363551e+00 6.319993286132812500e+02
3.044907987113894876e+00 6.402768554687500000e+02
3.048342739496425757e+00 6.628452148437500000e+02
3.051777491878957083e+00 6.745056152343750000e+02
3.055212244261487964e+00 6.768297729492187500e+02
3.058646996644019289e+00 6.864720458984375000e+02
3.062081749026550170e+00 6.860894165039062500e+02
3.065516501409081496e+00 6.795050659179687500e+02
3.068951253791612821e+00 6.739340209960937500e+02
3.072386006174144146e+00 6.829876098632812500e+02
3.075820758556675028e+00 7.004732666015625000e+02
3.079255510939206353e+00 7.185874023437500000e+02
3.082690263321737678e+00 7.277229614257812500e+02
3.086125015704268559e+00 7.318468627929687500e+02
3.089559768086799885e+00 7.185686035156250000e+02
3.092994520469331210e+00 7.012584838867187500e+02
3.096429272851862535e+00 6.769431152343750000e+02
3.099864025234393416e+00 6.619858398437500000e+02
3.103298777616924742e+00 6.425897216796875000e+02
3.106733529999456067e+00 6.298148193359375000e+02
3.110168282381987392e+00 6.134123535156250000e+02
3.113603034764518274e+00 6.076159667968750000e+02
3.117037787147049599e+00 6.136718750000000000e+02
3.120472539529580924e+00 6.156615600585937500e+02
3.123907291912111805e+00 6.106995239257812500e+02
3.127342044294643131e+00 6.148715820312500000e+02
3.130776796677174012e+00 6.085264892578125000e+02
3.134211549059705337e+00 6.002495117187500000e+02
3.137646301442236219e+00 5.993746948242187500e+02
3.141081053824767544e+00 6.009754638671875000e+02
3.144515806207298869e+00 5.975023193359375000e+02
3.147950558589830194e+00 5.928480224609375000e+02
3.151385310972361076e+00 5.902315063476562500e+02
3.154820063354892401e+00 5.913927612304687500e+02
3.158254815737423726e+00 5.903707885742187500e+02
3.161689568119954608e+00 5.812976684570312500e+02
3.165124320502485933e+00 5.801431274414062500e+02
3.168559072885017258e+00 5.939739379882812500e+02
3.171993825267548583e+00 6.003025512695312500e+02
3.175428577650079465e+00 6.020778808593750000e+02
3.178863330032610790e+00 6.037692260742187500e+02
3.182298082415142115e+00 5.990685424804687500e+02
3.185732834797673441e+00 6.012870483398437500e+02
3.189167587180204322e+00 5.891962280273437500e+02
3.192602339562735647e+00 5.871134033203125000e+02
3.196037091945266972e+00 5.921111450195312500e+02
3.199471844327797854e+00 5.926627807617187500e+02
3.202906596710329179e+00 5.908499755859375000e+02
3.206341349092860060e+00 5.889290771484375000e+02
3.209776101475391386e+00 5.824710083007812500e+02
3.213210853857922267e+00 5.880183105468750000e+02
3.216645606240453592e+00 5.932496948242187500e+02
3.220080358622984917e+00 5.946268920898437500e+02
3.223515111005516243e+00 5.901874389648437500e+02
3.226949863388047124e+00 5.936111450195312500e+02
3.230384615770578449e+00 5.942596435546875000e+02
3.233819368153109775e+00 5.932538452148437500e+02
3.237254120535640656e+00 5.902015991210937500e+02
3.240688872918171981e+00 5.900908813476562500e+02
3.244123625300703306e+00 5.918148803710937500e+02
3.247558377683234632e+00 5.959268188476562500e+02
3.250993130065765513e+00 6.015021972656250000e+02
3.254427882448296838e+00 6.002655029296875000e+02
3.257862634830828164e+00 6.067550048828125000e+02
3.261297387213359489e+00 6.310800170898437500e+02
3.264732139595890370e+00 6.574329833984375000e+02
3.268166891978421695e+00 6.827526245117187500e+02
3.271601644360953021e+00 6.900757446289062500e+02
3.275036396743483902e+00 6.701545410156250000e+02
3.278471149126015227e+00 6.434928588867187500e+02
3.281905901508546108e+00 6.203478393554687500e+02
3.285340653891077434e+00 5.968110961914062500e+02
3.288775406273608315e+00 5.808942260742187500e+02
3.292210158656139640e+00 5.720261840820312500e+02
3.295644911038670966e+00 5.724351196289062500e+02
3.299079663421202291e+00 5.777965698242187500e+02
3.302514415803733172e+00 5.810364990234375000e+02
3.305949168186264497e+00 5.822667846679687500e+02
3.309383920568795823e+00 5.826142578125000000e+02
3.312818672951326704e+00 5.789010620117187500e+02
3.316253425333858029e+00 5.726198730468750000e+02
3.319688177716389355e+00 5.779322509765625000e+02
3.323122930098920680e+00 5.815538940429687500e+02
3.326557682481451561e+00 5.794549560546875000e+02
3.329992434863982886e+00 5.791561889648437500e+02
3.333427187246514212e+00 5.782774658203125000e+02
3.336861939629045093e+00 5.827052612304687500e+02
3.340296692011576418e+00 5.972182617187500000e+02
3.343731444394107744e+00 5.947943725585937500e+02
3.347166196776639069e+00 5.876723632812500000e+02
3.350600949159169950e+00 5.902132568359375000e+02
3.354035701541701275e+00 6.017060546875000000e+02
3.357470453924232601e+00 6.080894165039062500e+02
3.360905206306763482e+00 6.071831054687500000e+02
3.364339958689294363e+00 6.065634765625000000e+02
3.367774711071825688e+00 6.073889160156250000e+02
3.371209463454357014e+00 5.994584960937500000e+02
3.374644215836887895e+00 5.838585205078125000e+02
3.378078968219419220e+00 5.793345336914062500e+02
3.381513720601950546e+00 5.757198486328125000e+02
3.384948472984481871e+00 5.692908325195312500e+02
3.388383225367012752e+00 5.668334960937500000e+02
3.391817977749544077e+00 5.643209228515625000e+02
3.395252730132075403e+00 5.582021484375000000e+02
3.398687482514606728e+00 5.587793579101562500e+02
3.402122234897137609e+00 5.568315429687500000e+02
3.405556987279668935e+00 5.573002319335937500e+02
3.408991739662200260e+00 5.599651489257812500e+02
3.412426492044731141e+00 5.737469482421875000e+02
3.415861244427262466e+00 5.864140625000000000e+02
3.419295996809793792e+00 5.926453857421875000e+02
3.422730749192325117e+00 5.919967041015625000e+02
3.426165501574855998e+00 6.026624755859375000e+02
3.429600253957387324e+00 6.123330688476562500e+02
3.433035006339918649e+00 6.086516723632812500e+02
3.436469758722449530e+00 5.998644409179687500e+02
3.439904511104980411e+00 5.917460327148437500e+02
3.443339263487511737e+00 5.929930419921875000e+02
3.446774015870043062e+00 5.893887329101562500e+02
3.450208768252573943e+00 5.864140625000000000e+02
3.453643520635105268e+00 5.802750244140625000e+02
3.457078273017636594e+00 5.790045776367187500e+02
3.460513025400167919e+00 5.802766113281250000e+02
3.463947777782698800e+00 5.870953369140625000e+02
3.467382530165230126e+00 5.881473999023437500e+02
3.470817282547761451e+00 5.855194091796875000e+02
3.474252034930292776e+00 5.854664916992187500e+02
3.477686787312823657e+00 5.889734497070312500e+02
3.481121539695354983e+00 5.870029296875000000e+02
3.484556292077886308e+00 5.774040527343750000e+02
3.487991044460417189e+00 5.691136474609375000e+02
3.491425796842948515e+00 5.540349121093750000e+02
3.494860549225479840e+00 5.536465454101562500e+02
3.498295301608011165e+00 5.522749023437500000e+02
3.501730053990542046e+00 5.461597900390625000e+02
3.505164806373073372e+00 5.431505737304687500e+02
3.508599558755604697e+00 5.423737182617187500e+02
3.512034311138135578e+00 5.440036010742187500e+02
3.515469063520666460e+00 5.509957885742187500e+02
3.518903815903197785e+00 5.510541992187500000e+02
3.522338568285729110e+00 5.475781250000000000e+02
3.525773320668259991e+00 5.456762084960937500e+02
3.529208073050791317e+00 5.502203369140625000e+02
3.532642825433322642e+00 5.541257324218750000e+02
3.536077577815853967e+00 5.500819091796875000e+02
3.539512330198384849e+00 5.450197753906250000e+02
3.542947082580916174e+00 5.546172485351562500e+02
3.546381834963447499e+00 5.502873535156250000e+02
3.549816587345978824e+00 5.408956298828125000e+02
3.553251339728509706e+00 5.465272216796875000e+02
3.556686092111041031e+00 5.564930419921875000e+02
3.560120844493572356e+00 5.574018554687500000e+02
3.563555596876103237e+00 5.576192626953125000e+02
3.566990349258634563e+00 5.541528320312500000e+02
3.570425101641165888e+00 5.426748657226562500e+02
3.573859854023697213e+00 5.373043823242187500e+02
3.577294606406228095e+00 5.447166137695312500e+02
3.580729358788759420e+00 5.449631958007812500e+02
3.584164111171290301e+00 5.443306884765625000e+02
3.587598863553821626e+00 5.430083007812500000e+02
3.591033615936352508e+00 5.328116455078125000e+02
3.594468368318883833e+00 5.315181274414062500e+02
3.597903120701415158e+00 5.315921630859375000e+02
3.601337873083946484e+00 5.328305664062500000e+02
3.604772625466477809e+00 5.294726562500000000e+02
3.608207377849008246e+00 5.271143798828125000e+02
3.611642130231539571e+00 5.301390380859375000e+02
3.615076882614070897e+00 5.332015991210937500e+02
3.618511634996602222e+00 5.234886474609375000e+02
3.621946387379133547e+00 5.205457153320312500e+02
3.625381139761664873e+00 5.181764526367187500e+02
3.628815892144196198e+00 5.169346923828125000e+02
3.632250644526726635e+00 5.177299804687500000e+02
3.635685396909257960e+00 5.290431518554687500e+02
3.639120149291789286e+00 5.297752075195312500e+02
3.642554901674320611e+00 5.248453369140625000e+02
3.645989654056851936e+00 5.265903930664062500e+02
3.649424406439383262e+00 5.359383544921875000e+02
3.652859158821914587e+00 5.337634277343750000e+02
3.656293911204445912e+00 5.262434692382812500e+02
3.659728663586976349e+00 5.194997558593750000e+02
3.663163415969507675e+00 5.214509887695312500e+02
3.666598168352038556e+00 5.271638793945312500e+02
3.670032920734569881e+00 5.264315795898437500e+02
3.673467673117101207e+00 5.222954711914062500e+02
3.676902425499632532e+00 5.167471923828125000e+02
3.680337177882163857e+00 5.129989013671875000e+02
3.683771930264694294e+00 5.209094238281250000e+02
3.687206682647225620e+00 5.261854248046875000e+02
3.690641435029756945e+00 5.236771240234375000e+02
3.694076187412288270e+00 5.290360717773437500e+02
3.697510939794819596e+00 5.325675048828125000e+02
3.700945692177350921e+00 5.343856201171875000e+02
3.704380444559882246e+00 5.323534545898437500e+02
3.707815196942412683e+00 5.274696044921875000e+02
3.711249949324944009e+00 5.222797241210937500e+02
3.714684701707475334e+00 5.248650512695312500e+02
3.718119454090006659e+00 5.223541870117187500e+02
3.721554206472537984e+00 5.190758666992187500e+02
3.724988958855069310e+00 5.229586181640625000e+02
3.728423711237600635e+00 5.242317504882812500e+02
3.731858463620131960e+00 5.116099548339843750e+02
3.735293216002662398e+00 5.029917907714843750e+02
3.738727968385193723e+00 5.084400329589843750e+02
3.742162720767725048e+00 5.153801269531250000e+02
3.745597473150255929e+00 5.120316772460937500e+02
3.749032225532787255e+00 5.078626708984375000e+02
3.752466977915318580e+00 5.087575683593750000e+02
3.755901730297849905e+00 5.120789184570312500e+02
3.759336482680380342e+00 5.088279724121093750e+02
3.762771235062911668e+00 5.134897460937500000e+02
3.766205987445442993e+00 5.231069335937500000e+02
3.769640739827974318e+00 5.384655761718750000e+02
3.773075492210505644e+00 5.462098999023437500e+02
3.776510244593036969e+00 5.595234985351562500e+02
3.779944996975568294e+00 5.737619018554687500e+02
3.783379749358098731e+00 5.820328979492187500e+02
3.786814501740630057e+00 5.775956420898437500e+02
3.790249254123161382e+00 5.643176879882812500e+02
3.793684006505692707e+00 5.530089721679687500e+02
3.797118758888224033e+00 5.308439941406250000e+02
3.800553511270755358e+00 5.173206176757812500e+02
3.803988263653286683e+00 5.104155883789062500e+02
3.807423016035818009e+00 5.020363769531250000e+02
3.810857768418348446e+00 4.998200988769531250e+02
3.814292520800879771e+00 4.949255676269531250e+02
3.817727273183411096e+00 4.896365356445312500e+02
3.821162025565941978e+00 4.898033447265625000e+02
3.824596777948473303e+00 4.905667724609375000e+02
3.828031530331004628e+00 5.034123535156250000e+02
3.831466282713535954e+00 5.174106445312500000e+02
3.834901035096066391e+00 5.240436401367187500e+02
3.838335787478597716e+00 5.273817749023437500e+02
3.841770539861129041e+00 5.348430786132812500e+02
3.845205292243660367e+00 5.527616577148437500e+02
3.848640044626191692e+00 5.708977050781250000e+02
3.852074797008723017e+00 5.866705932617187500e+02
3.855509549391254343e+00 6.045245361328125000e+02
3.858944301773784780e+00 6.066212768554687500e+02
3.862379054156316105e+00 5.936316528320312500e+02
3.865813806538847430e+00 5.772826538085937500e+02
3.869248558921378756e+00 5.645410766601562500e+02
3.872683311303910081e+00 5.541526489257812500e+02
3.876118063686441406e+00 5.437518310546875000e+02
3.879552816068972732e+00 5.336773071289062500e+02
3.882987568451504057e+00 5.202869873046875000e+02
3.886422320834034494e+00 5.113202209472656250e+02
3.889857073216565819e+00 5.021452636718750000e+02
3.893291825599097145e+00 4.894646911621093750e+02
3.896726577981628026e+00 4.880771484375000000e+02
3.900161330364159351e+00 4.910298156738281250e+02
3.903596082746690676e+00 4.992432250976562500e+02
3.907030835129222002e+00 4.949217529296875000e+02
3.910465587511752439e+00 4.862461547851562500e+02
3.913900339894283764e+00 4.765570068359375000e+02
3.917335092276815089e+00 4.807180175781250000e+02
3.920769844659346415e+00 4.873574829101562500e+02
3.924204597041877740e+00 4.912350769042968750e+02
3.927639349424409065e+00 4.879663391113281250e+02
3.931074101806940391e+00 4.875100097656250000e+02
3.934508854189470828e+00 4.870236206054687500e+02
3.937943606572002153e+00 4.890000305175781250e+02
3.941378358954533478e+00 4.920614624023437500e+02
3.944813111337064804e+00 4.873981933593750000e+02
3.948247863719596129e+00 4.822604980468750000e+02
3.951682616102127454e+00 4.863924865722656250e+02
3.955117368484658780e+00 4.822184448242187500e+02
3.958552120867189217e+00 4.812410888671875000e+02
3.961986873249720542e+00 4.732503967285156250e+02
3.965421625632251867e+00 4.711583862304687500e+02
3.968856378014783193e+00 4.756651000976562500e+02
3.972291130397314074e+00 4.797970581054687500e+02
3.975725882779845399e+00 4.845107421875000000e+02
3.979160635162376725e+00 4.863497924804687500e+02
3.982595387544908050e+00 4.841553649902343750e+02
3.986030139927438487e+00 4.887953186035156250e+02
3.989464892309969812e+00 4.939250793457031250e+02
3.992899644692501138e+00 4.946575927734375000e+02
3.996334397075032463e+00 4.996519165039062500e+02
3.999769149457563788e+00 5.100117187500000000e+02
4.003203901840095114e+00 5.347453613281250000e+02
4.006638654222625995e+00 5.762586059570312500e+02
4.010073406605156876e+00 6.160723876953125000e+02
4.013508158987687757e+00 6.584816284179687500e+02
4.016942911370219527e+00 6.816997680664062500e+02
4.020377663752750408e+00 6.895178833007812500e+02
4.023812416135282177e+00 6.793464355468750000e+02
4.027247168517813058e+00 6.572186279296875000e+02
4.030681920900344828e+00 6.258622436523437500e+02
4.034116673282874821e+00 5.812659912109375000e+02
4.037551425665406590e+00 5.439696044921875000e+02
4.040986178047937472e+00 5.103566284179687500e+02
4.044420930430469241e+00 4.953151550292968750e+02
4.047855682813000122e+00 4.920703125000000000e+02
4.051290435195531892e+00 4.828995971679687500e+02
4.054725187578062773e+00 4.733635253906250000e+02
4.058159939960594542e+00 4.785516052246093750e+02
4.061594692343124535e+00 4.817148742675781250e+02
4.065029444725656305e+00 4.815234985351562500e+02
4.068464197108187186e+00 4.780191650390625000e+02
4.071898949490718955e+00 4.746022644042968750e+02
4.075333701873249836e+00 4.710384216308593750e+02
4.078768454255781606e+00 4.723698120117187500e+02
4.082203206638312487e+00 4.660326232910156250e+02
4.085637959020843368e+00 4.671965332031250000e+02
4.089072711403374250e+00 4.692029418945312500e+02
4.092507463785905131e+00 4.644573059082031250e+02
4.095942216168436900e+00 4.636588745117187500e+02
4.099376968550967781e+00 4.649367675781250000e+02
4.102811720933499551e+00 4.615609436035156250e+02
4.106246473316030432e+00 4.568851623535156250e+02
4.109681225698561313e+00 4.578434753417968750e+02
4.113115978081092194e+00 4.705430297851562500e+02
4.116550730463623964e+00 4.660651550292968750e+02
4.119985482846154845e+00 4.626441650390625000e+02
4.123420235228686614e+00 4.649338378906250000e+02
4.126854987611217496e+00 4.710493164062500000e+02
4.130289739993749265e+00 4.745082092285156250e+02
4.133724492376280146e+00 4.759858703613281250e+02
4.137159244758811028e+00 4.764713439941406250e+02
4.140593997141341909e+00 4.726483154296875000e+02
4.144028749523873678e+00 4.724291687011718750e+02
4.147463501906404559e+00 4.713158874511718750e+02
4.150898254288936329e+00 4.700042419433593750e+02
4.154333006671467210e+00 4.728510437011718750e+02
4.157767759053998091e+00 4.718926696777343750e+02
4.161202511436528972e+00 4.651003417968750000e+02
4.164637263819060742e+00 4.710493164062500000e+02
4.168072016201591623e+00 4.807623596191406250e+02
4.171506768584122504e+00 4.858455200195312500e+02
4.174941520966654274e+00 4.880135498046875000e+02
4.178376273349185155e+00 4.981130371093750000e+02
4.181811025731716924e+00 5.137177124023437500e+02
4.185245778114246917e+00 5.300012207031250000e+02
4.188680530496778687e+00 5.472398681640625000e+02
4.192115282879309568e+00 5.642058105468750000e+02
4.195550035261841337e+00 5.582418823242187500e+02
4.198984787644372219e+00 5.353456420898437500e+02
4.202419540026903988e+00 5.211235351562500000e+02
4.205854292409434869e+00 5.133052978515625000e+02
4.209289044791966639e+00 5.042326354980468750e+02
4.212723797174496632e+00 5.081863403320312500e+02
4.216158549557028401e+00 5.211154174804687500e+02
4.219593301939559282e+00 5.395195312500000000e+02
4.223028054322091052e+00 5.489461059570312500e+02
4.226462806704621933e+00 5.568826904296875000e+02
4.229897559087153702e+00 5.517730102539062500e+02
4.233332311469684583e+00 5.311381835937500000e+02
4.236767063852215465e+00 5.096571350097656250e+02
4.240201816234746346e+00 4.874039306640625000e+02
4.243636568617277227e+00 4.735819702148437500e+02
4.247071320999808997e+00 4.701254577636718750e+02
4.250506073382339878e+00 4.608335876464843750e+02
4.253940825764871647e+00 4.572017517089843750e+02
4.257375578147402528e+00 4.513704223632812500e+02
4.260810330529933410e+00 4.540989074707031250e+02
4.264245082912464291e+00 4.610169067382812500e+02
4.267679835294996060e+00 4.643863830566406250e+02
4.271114587677526941e+00 4.614309997558593750e+02
4.274549340060058711e+00 4.626669921875000000e+02
4.277984092442589592e+00 4.546831054687500000e+02
4.281418844825121361e+00 4.535573120117187500e+02
4.284853597207652243e+00 4.629911804199218750e+02
4.288288349590183124e+00 4.852533569335937500e+02
4.291723101972714005e+00 5.111345520019531250e+02
4.295157854355245775e+00 5.353296508789062500e+02
4.298592606737776656e+00 5.584922485351562500e+02
4.302027359120308425e+00 5.780734252929687500e+02
4.305462111502839306e+00 5.902979125976562500e+02
4.308896863885370188e+00 5.885622558593750000e+02
4.312331616267901069e+00 5.621445312500000000e+02
4.315766368650432838e+00 5.293585205078125000e+02
4.319201121032963719e+00 4.950018005371093750e+02
4.322635873415494601e+00 4.794173278808593750e+02
4.326070625798026370e+00 4.675528869628906250e+02
4.329505378180557251e+00 4.577406311035156250e+02
4.332940130563089021e+00 4.570672302246093750e+02
4.336374882945619014e+00 4.605996398925781250e+02
4.339809635328150783e+00 4.542167968750000000e+02
4.343244387710681664e+00 4.574113769531250000e+02
4.346679140093213434e+00 4.589737243652343750e+02
4.350113892475744315e+00 4.532277832031250000e+02
4.353548644858276084e+00 4.499127807617187500e+02
4.356983397240806966e+00 4.535136413574218750e+02
4.360418149623338735e+00 4.509032897949218750e+02
4.363852902005868728e+00 4.480978393554687500e+02
4.367287654388400497e+00 4.486998291015625000e+02
4.370722406770931379e+00 4.459918518066406250e+02
4.374157159153463148e+00 4.504709167480468750e+02
4.377591911535994029e+00 4.548166809082031250e+02
4.381026663918525799e+00 4.562400512695312500e+02
4.384461416301056680e+00 4.564447326660156250e+02
4.387896168683587561e+00 4.544086303710937500e+02
4.391330921066118442e+00 4.470913391113281250e+02
4.394765673448649324e+00 4.496273193359375000e+02
4.398200425831181093e+00 4.534851074218750000e+02
4.401635178213711974e+00 4.595082702636718750e+02
4.405069930596243744e+00 4.686637573242187500e+02
4.408504682978774625e+00 4.757122802734375000e+02
4.411939435361305506e+00 4.888940124511718750e+02
4.415374187743836387e+00 4.947328186035156250e+02
4.418808940126368157e+00 4.970914001464843750e+02
4.422243692508899038e+00 4.992902526855468750e+02
4.425678444891430807e+00 4.993279724121093750e+02
4.429113197273961688e+00 4.921850280761718750e+02
4.432547949656493458e+00 4.826752319335937500e+02
4.435982702039023451e+00 4.697989501953125000e+02
4.439417454421555220e+00 4.611085815429687500e+02
4.442852206804086101e+00 4.584919433593750000e+02
4.446286959186617871e+00 4.556059265136718750e+02
4.449721711569148752e+00 4.465856628417968750e+02
4.453156463951680522e+00 4.409838867187500000e+02
4.456591216334211403e+00 4.412137451171875000e+02
4.460025968716742284e+00 4.391680603027343750e+02
4.463460721099273165e+00 4.367785644531250000e+02
4.466895473481804935e+00 4.428632812500000000e+02
4.470330225864335816e+00 4.417525329589843750e+02
4.473764978246866697e+00 4.370765380859375000e+02
4.477199730629398466e+00 4.424558715820312500e+02
4.480634483011929348e+00 4.405487365722656250e+02
4.484069235394461117e+00 4.372947082519531250e+02
4.487503987776991110e+00 4.319143676757812500e+02
4.490938740159522879e+00 4.257596130371093750e+02
4.494373492542053761e+00 4.259758911132812500e+02
4.497808244924585530e+00 4.278106689453125000e+02
4.501242997307116411e+00 4.312201232910156250e+02
4.504677749689648181e+00 4.289997253417968750e+02
4.508112502072179062e+00 4.326420593261718750e+02
4.511547254454709943e+00 4.359905395507812500e+02
4.514982006837240824e+00 4.319898071289062500e+02
4.518416759219772594e+00 4.302175598144531250e+02
4.521851511602303475e+00 4.281690673828125000e+02
4.525286263984835244e+00 4.266045227050781250e+02
4.528721016367366126e+00 4.318996887207031250e+02
4.532155768749897895e+00 4.343208312988281250e+02
4.535590521132428776e+00 4.331438903808593750e+02
4.539025273514959657e+00 4.361313781738281250e+02
4.542460025897490539e+00 4.337789916992187500e+02
4.545894778280021420e+00 4.332135925292968750e+02
4.549329530662553189e+00 4.358527221679687500e+02
4.552764283045084071e+00 4.398928833007812500e+02
4.556199035427615840e+00 4.444871826171875000e+02
4.559633787810146721e+00 4.409160156250000000e+02
4.563068540192677602e+00 4.322075805664062500e+02
4.566503292575208484e+00 4.356001892089843750e+02
4.569938044957740253e+00 4.418684387207031250e+02
4.573372797340271134e+00 4.400316772460937500e+02
4.576807549722802904e+00 4.341890563964843750e+02
4.580242302105333785e+00 4.332080078125000000e+02
4.583677054487865554e+00 4.370828552246093750e+02
4.587111806870395547e+00 4.387978820800781250e+02
4.590546559252927317e+00 4.391172790527343750e+02
4.593981311635458198e+00 4.363068237304687500e+02
4.597416064017989967e+00 4.406984558105468750e+02
4.600850816400520849e+00 4.438088989257812500e+02
4.604285568783052618e+00 4.378899230957031250e+02
4.607720321165583499e+00 4.331135559082031250e+02
4.611155073548115269e+00 4.286670837402343750e+02
4.614589825930645262e+00 4.338891296386718750e+02
4.618024578313177031e+00 4.344893493652343750e+02
4.621459330695707912e+00 4.338422241210937500e+02
4.624894083078238793e+00 4.361045532226562500e+02
4.628328835460770563e+00 4.393734741210937500e+02
4.631763587843301444e+00 4.434866333007812500e+02
4.635198340225833213e+00 4.589132080078125000e+02
4.638633092608363206e+00 4.713864135742187500e+02
4.642067844990894976e+00 4.869477539062500000e+02
4.645502597373425857e+00 5.118202514648437500e+02
4.648937349755957626e+00 5.375089721679687500e+02
4.652372102138488508e+00 5.573958129882812500e+02
4.655806854521020277e+00 5.800853881835937500e+02
4.659241606903551158e+00 5.875463867187500000e+02
4.662676359286082040e+00 5.870421142578125000e+02
4.666111111668612921e+00 5.849570922851562500e+02
4.669545864051144690e+00 5.824189453125000000e+02
4.672980616433675571e+00 5.757410278320312500e+02
4.676415368816207341e+00 5.606738891601562500e+02
4.679850121198738222e+00 5.463920288085937500e+02
4.683284873581269991e+00 5.283566284179687500e+02
4.686719625963800873e+00 5.129374389648437500e+02
4.690154378346331754e+00 4.940788269042968750e+02
4.693589130728862635e+00 4.750329589843750000e+02
4.697023883111393516e+00 4.567031555175781250e+02
4.700458635493925286e+00 4.462172851562500000e+02
4.703893387876456167e+00 4.363253173828125000e+02
4.707328140258987936e+00 4.280345153808593750e+02
4.710762892641518818e+00 4.309964599609375000e+02
4.714197645024049699e+00 4.443132629394531250e+02
4.717632397406580580e+00 4.470015563964843750e+02
4.721067149789112349e+00 4.434991455078125000e+02
4.724501902171643231e+00 4.349463195800781250e+02
4.727936654554175000e+00 4.320263061523437500e+02
4.731371406936705881e+00 4.329557800292968750e+02
4.734806159319237651e+00 4.287421264648437500e+02
4.738240911701767644e+00 4.271675109863281250e+02
4.741675664084299413e+00 4.282481994628906250e+02
4.745110416466830294e+00 4.280333557128906250e+02
4.748545168849362064e+00 4.282722167968750000e+02
4.751979921231892945e+00 4.262431335449218750e+02
4.755414673614424714e+00 4.263111572265625000e+02
4.758849425996955596e+00 4.300313415527343750e+02
4.762284178379487365e+00 4.329625244140625000e+02
4.765718930762017358e+00 4.288023986816406250e+02
4.769153683144549127e+00 4.276041564941406250e+02
4.772588435527080009e+00 4.319591979980468750e+02
4.776023187909610890e+00 4.259207763671875000e+02
4.779457940292142659e+00 4.248890991210937500e+02
4.782892692674673540e+00 4.198252563476562500e+02
4.786327445057205310e+00 4.219907531738281250e+02
4.789762197439735303e+00 4.335501098632812500e+02
4.793196949822267072e+00 4.393258056640625000e+02
4.796631702204797953e+00 4.390650329589843750e+02
4.800066454587329723e+00 4.440632019042968750e+02
4.803501206969860604e+00 4.454677124023437500e+02
4.806935959352392373e+00 4.434551391601562500e+02
4.810370711734923255e+00 4.495315246582031250e+02
4.813805464117454136e+00 4.540065917968750000e+02
4.817240216499985017e+00 4.532649841308593750e+02
4.820674968882516787e+00 4.533099975585937500e+02
4.824109721265047668e+00 4.469639587402343750e+02
4.827544473647579437e+00 4.386177673339843750e+02
4.830979226030110318e+00 4.419103088378906250e+02
4.834413978412642088e+00 4.393473815917968750e+02
4.837848730795172969e+00 4.364353942871093750e+02
4.841283483177703850e+00 4.362463684082031250e+02
4.844718235560234731e+00 4.400287475585937500e+02
4.848152987942766501e+00 4.483430480957031250e+02
4.851587740325297382e+00 4.525141906738281250e+02
4.855022492707828263e+00 4.595821533203125000e+02
4.858457245090360033e+00 4.750154724121093750e+02
4.861891997472890914e+00 5.006348876953125000e+02
4.865326749855421795e+00 5.340105590820312500e+02
4.868761502237952676e+00 5.982363891601562500e+02
4.872196254620484446e+00 6.763804931640625000e+02
4.875631007003015327e+00 7.855708618164062500e+02
4.879065759385547096e+00 8.463887939453125000e+02
4.882500511768077978e+00 8.706907348632812500e+02
4.885935264150609747e+00 8.300799560546875000e+02
4.889370016533139740e+00 7.484837036132812500e+02
4.892804768915671509e+00 6.577443237304687500e+02
4.896239521298202391e+00 5.849345703125000000e+02
4.899674273680734160e+00 5.267440795898437500e+02
4.903109026063265041e+00 4.865292663574218750e+02
4.906543778445796811e+00 4.676421203613281250e+02
4.909978530828327692e+00 4.636629943847656250e+02
4.913413283210858573e+00 4.590395812988281250e+02
4.916848035593389454e+00 4.522194824218750000e+02
4.920282787975921224e+00 4.438955993652343750e+02
4.923717540358452105e+00 4.463225097656250000e+02
4.927152292740982986e+00 4.557288818359375000e+02
4.930587045123514756e+00 4.631044921875000000e+02
4.934021797506045637e+00 4.626177673339843750e+02
4.937456549888577406e+00 4.591836242675781250e+02
4.940891302271107399e+00 4.537304382324218750e+02
4.944326054653639169e+00 4.467383422851562500e+02
4.947760807036170050e+00 4.470024108886718750e+02
4.951195559418701819e+00 4.432720336914062500e+02
4.954630311801232700e+00 4.417669982910156250e+02
4.958065064183764470e+00 4.483419189453125000e+02
4.961499816566295351e+00 4.578514099121093750e+02
4.964934568948826232e+00 4.667749328613281250e+02
4.968369321331357114e+00 4.720674438476562500e+02
4.971804073713888883e+00 4.696918334960937500e+02
4.975238826096419764e+00 4.620071105957031250e+02
4.978673578478951534e+00 4.507742309570312500e+02
4.982108330861482415e+00 4.401641540527343750e+02
4.985543083244014184e+00 4.324461059570312500e+02
4.988977835626544177e+00 4.195668334960937500e+02
4.992412588009075947e+00 4.143833618164062500e+02
4.995847340391606828e+00 4.183312377929687500e+02
4.999282092774138597e+00 4.191461486816406250e+02
5.002716845156669478e+00 4.141101684570312500e+02
5.006151597539200360e+00 4.175887145996093750e+02
5.009586349921732129e+00 4.177686767578125000e+02
5.013021102304263010e+00 4.212508239746093750e+02
5.016455854686793892e+00 4.228385925292968750e+02
5.019890607069324773e+00 4.232173767089843750e+02
5.023325359451856542e+00 4.249367980957031250e+02
5.026760111834387423e+00 4.294818725585937500e+02
5.030194864216919193e+00 4.346152954101562500e+02
5.033629616599450074e+00 4.425570983886718750e+02
5.037064368981981843e+00 4.432291564941406250e+02
5.040499121364511836e+00 4.490090637207031250e+02
5.043933873747043606e+00 4.529578552246093750e+02
5.047368626129574487e+00 4.529982910156250000e+02
5.050803378512106256e+00 4.463506164550781250e+02
5.054238130894637138e+00 4.434772644042968750e+02
5.057672883277168907e+00 4.373461608886718750e+02
5.061107635659699788e+00 4.227223510742187500e+02
5.064542388042230669e+00 4.172937011718750000e+02
5.067977140424761551e+00 4.130753479003906250e+02
5.071411892807293320e+00 4.090932006835937500e+02
5.074846645189824201e+00 4.173200683593750000e+02
5.078281397572355083e+00 4.244991760253906250e+02
5.081716149954886852e+00 4.213696594238281250e+02
5.085150902337417733e+00 4.218338012695312500e+02
5.088585654719949503e+00 4.255946350097656250e+02
5.092020407102479496e+00 4.227431640625000000e+02
5.095455159485011265e+00 4.101118164062500000e+02
5.098889911867542146e+00 4.035751342773437500e+02
5.102324664250073916e+00 4.031118469238281250e+02
5.105759416632604797e+00 4.036099243164062500e+02
5.109194169015136566e+00 4.100439453125000000e+02
5.112628921397667447e+00 4.166326599121093750e+02
5.116063673780198329e+00 4.179080200195312500e+02
5.119498426162729210e+00 4.117506408691406250e+02
5.122933178545260979e+00 4.070697326660156250e+02
5.126367930927791861e+00 4.052294921875000000e+02
5.129802683310323630e+00 3.999463500976562500e+02
5.133237435692854511e+00 3.982853393554687500e+02
5.136672188075386281e+00 4.002847290039062500e+02
5.140106940457916274e+00 4.020867004394531250e+02
5.143541692840448043e+00 4.036813659667968750e+02
5.146976445222978924e+00 4.077086181640625000e+02
5.150411197605510694e+00 4.081560058593750000e+02
5.153845949988041575e+00 4.045278625488281250e+02
5.157280702370572456e+00 4.047744140625000000e+02
5.160715454753104225e+00 4.050629577636718750e+02
5.164150207135635107e+00 4.073840942382812500e+02
5.167584959518165988e+00 4.127216796875000000e+02
5.171019711900696869e+00 4.154158630371093750e+02
5.174454464283228639e+00 4.163866271972656250e+02
5.177889216665759520e+00 4.180455627441406250e+02
5.181323969048291289e+00 4.165888061523437500e+02
5.184758721430822170e+00 4.138386535644531250e+02
5.188193473813353940e+00 4.116831665039062500e+02
5.191628226195883933e+00 3.966575317382812500e+02
5.195062978578415702e+00 3.940925903320312500e+02
5.198497730960946583e+00 4.054861755371093750e+02
5.201932483343478353e+00 4.145469055175781250e+02
5.205367235726009234e+00 4.186722717285156250e+02
5.208801988108541003e+00 4.309414062500000000e+02
5.212236740491071885e+00 4.452597961425781250e+02
5.215671492873602766e+00 4.638289794921875000e+02
5.219106245256133647e+00 4.648048400878906250e+02
5.222540997638665417e+00 4.553809509277343750e+02
5.225975750021196298e+00 4.505554199218750000e+02
5.229410502403727179e+00 4.460917663574218750e+02
5.232845254786258948e+00 4.324397277832031250e+02
5.236280007168789830e+00 4.236577453613281250e+02
5.239714759551321599e+00 4.152422790527343750e+02
5.243149511933851592e+00 4.067376098632812500e+02
5.246584264316383361e+00 3.982814331054687500e+02
5.250019016698914243e+00 3.956176147460937500e+02
5.253453769081446012e+00 4.003778686523437500e+02
5.256888521463976893e+00 4.037412109375000000e+02
5.260323273846508663e+00 4.027982482910156250e+02
5.263758026229039544e+00 4.011170349121093750e+02
5.267192778611570425e+00 4.080540161132812500e+02
5.270627530994101306e+00 4.096841430664062500e+02
5.274062283376633076e+00 4.071075439453125000e+02
5.277497035759163957e+00 4.033298339843750000e+02
5.280931788141695726e+00 3.985609130859375000e+02
5.284366540524226608e+00 4.078363647460937500e+02
5.287801292906758377e+00 4.187521667480468750e+02
5.291236045289288370e+00 4.247532653808593750e+02
5.294670797671820139e+00 4.216454467773437500e+02
5.298105550054351021e+00 4.161032714843750000e+02
5.301540302436882790e+00 4.171274108886718750e+02
5.304975054819413671e+00 4.074533386230468750e+02
5.308409807201944552e+00 3.939244689941406250e+02
5.311844559584476322e+00 3.930122070312500000e+02
5.315279311967006315e+00 4.001227416992187500e+02
5.318714064349538084e+00 4.045336914062500000e+02
5.322148816732068966e+00 4.056697082519531250e+02
5.325583569114600735e+00 4.125661621093750000e+02
5.329018321497131616e+00 4.166959838867187500e+02
5.332453073879663386e+00 4.183050231933593750e+02
5.335887826262194267e+00 4.147576904296875000e+02
5.339322578644726036e+00 4.192391967773437500e+02
5.342757331027256029e+00 4.300143737792968750e+02
5.346192083409787799e+00 4.409440917968750000e+02
5.349626835792318680e+00 4.519880676269531250e+02
5.353061588174850449e+00 4.595046081542968750e+02
5.356496340557381330e+00 4.623931884765625000e+02
5.359931092939913100e+00 4.572478027343750000e+02
5.363365845322443981e+00 4.521076660156250000e+02
5.366800597704974862e+00 4.497302551269531250e+02
5.370235350087505743e+00 4.325669860839843750e+02
5.373670102470037513e+00 4.125332946777343750e+02
5.377104854852568394e+00 3.986366577148437500e+02
5.380539607235100164e+00 3.901498718261718750e+02
5.383974359617631045e+00 3.905563659667968750e+02
5.387409112000161926e+00 3.899172668457031250e+02
5.390843864382692807e+00 3.877847290039062500e+02
5.394278616765223688e+00 3.907359313964843750e+02
5.397713369147755458e+00 3.966113891601562500e+02
5.401148121530286339e+00 3.993925170898437500e+02
5.404582873912818108e+00 3.946552734375000000e+02
5.408017626295348990e+00 3.883435363769531250e+02
5.411452378677880759e+00 3.946386108398437500e+02
5.414887131060411640e+00 3.994103088378906250e+02
5.418321883442942521e+00 4.018757324218750000e+02
5.421756635825473403e+00 4.062965393066406250e+02
5.425191388208005172e+00 4.092273559570312500e+02
5.428626140590536053e+00 4.056081237792968750e+02
5.432060892973067823e+00 4.080422668457031250e+02
5.435495645355598704e+00 4.086019897460937500e+02
5.438930397738130473e+00 4.114020690917968750e+02
5.442365150120660466e+00 4.148305358886718750e+02
5.445799902503192236e+00 4.122965698242187500e+02
5.449234654885723117e+00 4.048269042968750000e+02
5.452669407268254886e+00 3.967588500976562500e+02
5.456104159650785768e+00 3.940612792968750000e+02
5.459538912033316649e+00 4.010537414550781250e+02
5.462973664415848418e+00 3.954210205078125000e+02
5.466408416798379299e+00 3.868406066894531250e+02
5.469843169180910181e+00 3.892154541015625000e+02
5.473277921563441062e+00 3.984303588867187500e+02
5.476712673945972831e+00 4.068539733886718750e+02
5.480147426328503713e+00 4.270789489746093750e+02
5.483582178711035482e+00 4.445077819824218750e+02
5.487016931093566363e+00 4.503969116210937500e+02
5.490451683476098133e+00 4.496203613281250000e+02
5.493886435858628126e+00 4.363905029296875000e+02
5.497321188241159895e+00 4.255419921875000000e+02
5.500755940623690776e+00 4.166799926757812500e+02
5.504190693006222546e+00 4.084092712402343750e+02
5.507625445388753427e+00 4.087206420898437500e+02
5.511060197771285196e+00 4.083493652343750000e+02
5.514494950153816077e+00 4.047752685546875000e+02
5.517929702536346959e+00 4.038902893066406250e+02
5.521364454918877840e+00 4.015593566894531250e+02
5.524799207301409609e+00 4.042156677246093750e+02
5.528233959683940490e+00 4.050797729492187500e+02
5.531668712066472260e+00 4.048293151855468750e+02
5.535103464449003141e+00 3.995399780273437500e+02
5.538538216831534022e+00 3.957955932617187500e+02
5.541972969214064904e+00 3.965260009765625000e+02
5.545407721596595785e+00 3.987049865722656250e+02
5.548842473979127554e+00 3.980760192871093750e+02
5.552277226361658435e+00 3.963958740234375000e+02
5.555711978744190205e+00 3.959988708496093750e+02
5.559146731126721086e+00 3.981681213378906250e+02
5.562581483509252855e+00 3.973117980957031250e+02
5.566016235891783737e+00 3.932373046875000000e+02
5.569450988274314618e+00 4.026742553710937500e+02
5.572885740656845499e+00 4.040258483886718750e+02
5.576320493039377268e+00 3.992783508300781250e+02
5.579755245421908150e+00 3.997362365722656250e+02
5.583189997804439919e+00 3.944773864746093750e+02
5.586624750186970800e+00 3.891238098144531250e+02
5.590059502569502570e+00 3.850393981933593750e+02
5.593494254952032563e+00 3.910486145019531250e+02
5.596929007334564332e+00 3.965153808593750000e+02
5.600363759717095213e+00 3.977493896484375000e+02
5.603798512099626983e+00 3.956618041992187500e+02
5.607233264482157864e+00 3.981015014648437500e+02
5.610668016864688745e+00 3.990644226074218750e+02
5.614102769247220515e+00 3.920179443359375000e+02
5.617537521629751396e+00 3.848711853027343750e+02
5.620972274012282277e+00 3.847231445312500000e+02
5.624407026394813158e+00 3.894809265136718750e+02
5.627841778777344928e+00 3.965061950683593750e+02
5.631276531159875809e+00 4.007665100097656250e+02
5.634711283542407578e+00 4.272974243164062500e+02
5.638146035924938460e+00 4.529571838378906250e+02
5.641580788307470229e+00 4.730423278808593750e+02
5.645015540690000222e+00 4.547457275390625000e+02
5.648450293072531991e+00 4.189559326171875000e+02
5.651885045455062873e+00 3.992852783203125000e+02
5.655319797837594642e+00 4.009428710937500000e+02
5.658754550220125523e+00 4.021080627441406250e+02
5.662189302602657293e+00 4.008473205566406250e+02
5.665624054985188174e+00 4.014393310546875000e+02
5.669058807367719055e+00 4.008493652343750000e+02
5.672493559750249936e+00 4.093431091308593750e+02
5.675928312132781706e+00 4.172597045898437500e+02
5.679363064515312587e+00 4.237279968261718750e+02
5.682797816897844356e+00 4.257561950683593750e+02
5.686232569280375237e+00 4.325506896972656250e+02
5.689667321662906119e+00 4.397881774902343750e+02
5.693102074045437000e+00 4.475027160644531250e+02
5.696536826427967881e+00 4.609733886718750000e+02
5.699971578810499651e+00 4.941916809082031250e+02
5.703406331193030532e+00 5.513289794921875000e+02
5.706841083575562301e+00 6.628640747070312500e+02
5.710275835958093182e+00 8.352222900390625000e+02
5.713710588340624952e+00 1.058895507812500000e+03
5.717145340723154945e+00 1.314077514648437500e+03
5.720580093105686714e+00 1.494449584960937500e+03
5.724014845488217595e+00 1.606572875976562500e+03
5.727449597870749365e+00 1.571209960937500000e+03
5.730884350253280246e+00 1.418124877929687500e+03
5.734319102635812015e+00 1.220707031250000000e+03
5.737753855018342897e+00 9.587203979492187500e+02
5.741188607400874666e+00 7.839725952148437500e+02
5.744623359783404659e+00 6.161907958984375000e+02
5.748058112165936429e+00 5.267244262695312500e+02
5.751492864548467310e+00 4.620285644531250000e+02
5.754927616930999079e+00 4.337759704589843750e+02
5.758362369313529960e+00 4.130943298339843750e+02
5.761797121696060842e+00 4.017952270507812500e+02
5.765231874078592611e+00 3.982474670410156250e+02
5.768666626461123492e+00 3.956201477050781250e+02
5.772101378843654373e+00 3.912787170410156250e+02
5.775536131226185255e+00 3.913247070312500000e+02
5.778970883608717024e+00 3.901331481933593750e+02
5.782405635991247905e+00 3.866694946289062500e+02
5.785840388373779675e+00 3.822713928222656250e+02
5.789275140756310556e+00 3.802046203613281250e+02
5.792709893138841437e+00 3.814982604980468750e+02
5.796144645521372318e+00 3.878120117187500000e+02
5.799579397903904088e+00 3.890013427734375000e+02
5.803014150286434969e+00 3.817146911621093750e+02
5.806448902668966738e+00 3.821807861328125000e+02
5.809883655051497620e+00 3.874123840332031250e+02
5.813318407434029389e+00 3.836554565429687500e+02
5.816753159816560270e+00 3.774216308593750000e+02
5.820187912199091151e+00 3.763240661621093750e+02
5.823622664581622033e+00 3.779449157714843750e+02
5.827057416964153802e+00 3.791701660156250000e+02
5.830492169346684683e+00 3.782063293457031250e+02
5.833926921729216453e+00 3.772646179199218750e+02
5.837361674111747334e+00 3.747404479980468750e+02
5.840796426494278215e+00 3.731693725585937500e+02
5.844231178876809096e+00 3.735268249511718750e+02
5.847665931259339978e+00 3.736808166503906250e+02
5.851100683641871747e+00 3.764812927246093750e+02
5.854535436024402628e+00 3.780889587402343750e+02
5.857970188406934398e+00 3.736576538085937500e+02
5.861404940789465279e+00 3.678439025878906250e+02
5.864839693171997048e+00 3.666452331542968750e+02
5.868274445554527041e+00 3.650062255859375000e+02
5.871709197937058811e+00 3.647897644042968750e+02
5.875143950319589692e+00 3.616794433593750000e+02
5.878578702702121461e+00 3.616634216308593750e+02
5.882013455084652342e+00 3.698247375488281250e+02
5.885448207467184112e+00 3.656203002929687500e+02
5.888882959849714993e+00 3.602221374511718750e+02
5.892317712232246762e+00 3.687871093750000000e+02
5.895752464614776756e+00 3.795893859863281250e+02
5.899187216997308525e+00 3.732325134277343750e+02
5.902621969379839406e+00 3.701361389160156250e+02
5.906056721762371176e+00 3.719001159667968750e+02
5.909491474144902057e+00 3.701371459960937500e+02
5.912926226527432938e+00 3.711301574707031250e+02
5.916360978909964707e+00 3.723356933593750000e+02
5.919795731292495589e+00 3.657445678710937500e+02
5.923230483675026470e+00 3.614388732910156250e+02
5.926665236057557351e+00 3.660983276367187500e+02
5.930099988440089120e+00 3.665135498046875000e+02
5.933534740822620002e+00 3.687850036621093750e+02
5.936969493205151771e+00 3.686128540039062500e+02
5.940404245587682652e+00 3.633596801757812500e+02
5.943838997970213534e+00 3.678551635742187500e+02
5.947273750352744415e+00 3.721715698242187500e+02
5.950708502735276184e+00 3.760363464355468750e+02
5.954143255117807065e+00 3.819729614257812500e+02
5.957578007500338835e+00 3.782254028320312500e+02
5.961012759882869716e+00 3.737562255859375000e+02
5.964447512265401485e+00 3.798493041992187500e+02
5.967882264647932367e+00 3.811015625000000000e+02
5.971317017030463248e+00 3.815919189453125000e+02
5.974751769412994129e+00 3.792598571777343750e+02
5.978186521795525898e+00 3.766185302734375000e+02
5.981621274178056780e+00 3.822776489257812500e+02
5.985056026560588549e+00 3.863071899414062500e+02
5.988490778943119430e+00 3.822623901367187500e+02
5.991925531325650311e+00 3.806223754882812500e+02
5.995360283708181193e+00 3.778946838378906250e+02
5.998795036090712074e+00 3.746394958496093750e+02
6.002229788473243843e+00 3.716462707519531250e+02
6.005664540855774725e+00 3.716623535156250000e+02
6.009099293238306494e+00 3.723354492187500000e+02
6.012534045620837375e+00 3.708703613281250000e+02
6.015968798003369145e+00 3.685790405273437500e+02
6.019403550385899138e+00 3.700937194824218750e+02
6.022838302768430907e+00 3.684159545898437500e+02
6.026273055150961788e+00 3.721043701171875000e+02
6.029707807533493558e+00 3.771238708496093750e+02
6.033142559916024439e+00 3.770585021972656250e+02
6.036577312298556208e+00 3.730240478515625000e+02
6.040012064681087089e+00 3.707585754394531250e+02
6.043446817063618859e+00 3.715786743164062500e+02
6.046881569446148852e+00 3.754796142578125000e+02
6.050316321828680621e+00 3.762572021484375000e+02
6.053751074211211503e+00 3.762722167968750000e+02
6.057185826593743272e+00 3.746239624023437500e+02
6.060620578976274153e+00 3.801835632324218750e+02
6.064055331358805923e+00 3.831847534179687500e+02
6.067490083741336804e+00 3.860639648437500000e+02
6.070924836123867685e+00 3.857723693847656250e+02
6.074359588506398566e+00 3.857238464355468750e+02
6.077794340888929447e+00 3.874778442382812500e+02
6.081229093271461217e+00 3.858974304199218750e+02
6.084663845653992098e+00 3.760201110839843750e+02
6.088098598036523867e+00 3.717641906738281250e+02
6.091533350419054749e+00 3.682590942382812500e+02
6.094968102801585630e+00 3.638552551269531250e+02
6.098402855184116511e+00 3.638062133789062500e+02
6.101837607566648281e+00 3.667019348144531250e+02
6.105272359949179162e+00 3.681759948730468750e+02
6.108707112331710931e+00 3.679858703613281250e+02
6.112141864714241812e+00 3.619192199707031250e+02
6.115576617096773582e+00 3.571197814941406250e+02
6.119011369479304463e+00 3.572248535156250000e+02
6.122446121861835344e+00 3.604541931152343750e+02
6.125880874244366225e+00 3.604050903320312500e+02
6.129315626626897995e+00 3.567724609375000000e+02
6.132750379009428876e+00 3.579011535644531250e+02
6.136185131391960645e+00 3.582466430664062500e+02
6.139619883774491527e+00 3.567810974121093750e+02
6.143054636157022408e+00 3.540252380371093750e+02
6.146489388539553289e+00 3.594438171386718750e+02
6.149924140922085058e+00 3.677970275878906250e+02
6.153358893304615940e+00 3.678196411132812500e+02
6.156793645687146821e+00 3.707141113281250000e+02
6.160228398069678590e+00 3.713124084472656250e+02
6.163663150452209472e+00 3.631696166992187500e+02
6.167097902834741241e+00 3.610598754882812500e+02
6.170532655217271234e+00 3.639769897460937500e+02
6.173967407599803003e+00 3.660612487792968750e+02
6.177402159982333885e+00 3.655397033691406250e+02
6.180836912364865654e+00 3.622562255859375000e+02
6.184271664747396535e+00 3.613389282226562500e+02
6.187706417129928305e+00 3.607637023925781250e+02
6.191141169512459186e+00 3.594931030273437500e+02
6.194575921894990067e+00 3.563711242675781250e+02
6.198010674277520948e+00 3.514138793945312500e+02
6.201445426660052718e+00 3.505426330566406250e+02
6.204880179042583599e+00 3.468559570312500000e+02
6.208314931425115368e+00 3.463039550781250000e+02
6.211749683807646250e+00 3.510477905273437500e+02
6.215184436190178019e+00 3.496225280761718750e+02
6.218619188572708900e+00 3.466539001464843750e+02
6.222053940955239781e+00 3.479917907714843750e+02
6.225488693337770663e+00 3.491996765136718750e+02
6.228923445720301544e+00 3.548814697265625000e+02
6.232358198102833313e+00 3.530456237792968750e+02
6.235792950485364194e+00 3.486137390136718750e+02
6.239227702867895964e+00 3.464911193847656250e+02
6.242662455250426845e+00 3.530478210449218750e+02
6.246097207632957726e+00 3.615737915039062500e+02
6.249531960015488607e+00 3.613730468750000000e+02
6.252966712398020377e+00 3.544987487792968750e+02
6.256401464780551258e+00 3.540606689453125000e+02
6.259836217163083028e+00 3.506157836914062500e+02
6.263270969545613909e+00 3.490234985351562500e+02
6.266705721928145678e+00 3.513905334472656250e+02
6.270140474310675671e+00 3.599631652832031250e+02
6.273575226693207441e+00 3.690528259277343750e+02
6.277009979075738322e+00 3.752882690429687500e+02
6.280444731458270091e+00 3.818092651367187500e+02
6.283879483840800972e+00 3.875070190429687500e+02
6.287314236223332742e+00 3.955533447265625000e+02
6.290748988605863623e+00 3.961099853515625000e+02
6.294183740988394504e+00 4.148949584960937500e+02
6.297618493370925385e+00 4.218823547363281250e+02
6.301053245753457155e+00 4.229149169921875000e+02
6.304487998135988036e+00 4.106211242675781250e+02
6.307922750518518917e+00 3.966952819824218750e+02
6.311357502901050687e+00 3.755908203125000000e+02
6.314792255283581568e+00 3.631140441894531250e+02
6.318227007666113337e+00 3.556667785644531250e+02
6.321661760048643330e+00 3.544974060058593750e+02
6.325096512431175100e+00 3.472210693359375000e+02
6.328531264813705981e+00 3.470617980957031250e+02
6.331966017196237750e+00 3.556307373046875000e+02
6.335400769578768632e+00 3.651814880371093750e+02
6.338835521961300401e+00 3.721726074218750000e+02
6.342270274343831282e+00 3.706066894531250000e+02
6.345705026726362163e+00 3.658446655273437500e+02
6.349139779108893045e+00 3.687761535644531250e+02
6.352574531491424814e+00 3.670892333984375000e+02
6.356009283873955695e+00 3.589694213867187500e+02
6.359444036256487465e+00 3.533347167968750000e+02
6.362878788639018346e+00 3.507904968261718750e+02
6.366313541021550115e+00 3.449467163085937500e+02
6.369748293404080997e+00 3.444484863281250000e+02
6.373183045786611878e+00 3.440971984863281250e+02
6.376617798169142759e+00 3.429401855468750000e+02
6.380052550551673640e+00 3.384604492187500000e+02
6.383487302934205410e+00 3.346447448730468750e+02
6.386922055316736291e+00 3.349905395507812500e+02
6.390356807699268060e+00 3.437482604980468750e+02
6.393791560081798941e+00 3.477175598144531250e+02
6.397226312464329823e+00 3.437417602539062500e+02
6.400661064846860704e+00 3.397313537597656250e+02
6.404095817229392473e+00 3.489834289550781250e+02
6.407530569611923355e+00 3.530507507324218750e+02
6.410965321994455124e+00 3.552559814453125000e+02
6.414400074376986005e+00 3.522144165039062500e+02
6.417834826759517775e+00 3.498462219238281250e+02
6.421269579142047768e+00 3.460954895019531250e+02
6.424704331524579537e+00 3.541716918945312500e+02
6.428139083907110418e+00 3.595647888183593750e+02
6.431573836289642188e+00 3.604391174316406250e+02
6.435008588672173069e+00 3.634607849121093750e+02
6.438443341054704838e+00 3.724228820800781250e+02
6.441878093437235719e+00 3.725774841308593750e+02
6.445312845819766601e+00 3.649196166992187500e+02
6.448747598202297482e+00 3.586017456054687500e+02
6.452182350584829251e+00 3.529125976562500000e+02
6.455617102967360132e+00 3.484109497070312500e+02
6.459051855349891014e+00 3.429719543457031250e+02
6.462486607732422783e+00 3.395495605468750000e+02
6.465921360114953664e+00 3.403667907714843750e+02
6.469356112497485434e+00 3.407304077148437500e+02
6.472790864880015427e+00 3.409446105957031250e+02
6.476225617262547196e+00 3.423265991210937500e+02
6.479660369645078077e+00 3.478269042968750000e+02
6.483095122027609847e+00 3.517641906738281250e+02
6.486529874410140728e+00 3.455941467285156250e+02
6.489964626792672497e+00 3.385276184082031250e+02
6.493399379175203379e+00 3.400162048339843750e+02
6.496834131557734260e+00 3.497977905273437500e+02
6.500268883940265141e+00 3.608695678710937500e+02
6.503703636322796910e+00 3.552982482910156250e+02
6.507138388705327792e+00 3.432940368652343750e+02
6.510573141087859561e+00 3.434414367675781250e+02
6.514007893470390442e+00 3.430071105957031250e+02
6.517442645852922212e+00 3.394845886230468750e+02
6.520877398235453093e+00 3.416619567871093750e+02
6.524312150617983974e+00 3.454052124023437500e+02
6.527746903000514855e+00 3.426792907714843750e+02
6.531181655383045737e+00 3.446697387695312500e+02
6.534616407765577506e+00 3.475218811035156250e+02
6.538051160148108387e+00 3.475536193847656250e+02
6.541485912530640157e+00 3.438617248535156250e+02
6.544920664913171038e+00 3.459403381347656250e+02
6.548355417295701919e+00 3.458280029296875000e+02
6.551790169678232800e+00 3.412760620117187500e+02
6.555224922060764570e+00 3.407278747558593750e+02
6.558659674443295451e+00 3.413439025878906250e+02
6.562094426825827220e+00 3.454367980957031250e+02
6.565529179208358102e+00 3.444647216796875000e+02
6.568963931590889871e+00 3.415348205566406250e+02
6.572398683973419864e+00 3.404313049316406250e+02
6.575833436355951633e+00 3.436993713378906250e+02
6.579268188738482515e+00 3.416863098144531250e+02
6.582702941121014284e+00 3.410474243164062500e+02
6.586137693503545165e+00 3.412093505859375000e+02
6.589572445886076935e+00 3.431088867187500000e+02
6.593007198268607816e+00 3.437507324218750000e+02
6.596441950651138697e+00 3.418710021972656250e+02
6.599876703033669578e+00 3.438612976074218750e+02
6.603311455416201348e+00 3.433235168457031250e+02
6.606746207798732229e+00 3.430355529785156250e+02
6.610180960181263110e+00 3.401040039062500000e+02
6.613615712563794879e+00 3.376661071777343750e+02
6.617050464946325761e+00 3.382056274414062500e+02
6.620485217328857530e+00 3.353229675292968750e+02
6.623919969711387523e+00 3.404618835449218750e+02
6.627354722093919293e+00 3.462613525390625000e+02
6.630789474476450174e+00 3.406626586914062500e+02
6.634224226858981943e+00 3.340906677246093750e+02
6.637658979241512824e+00 3.304490661621093750e+02
6.641093731624044594e+00 3.326063842773437500e+02
6.644528484006575475e+00 3.351881408691406250e+02
6.647963236389106356e+00 3.367042236328125000e+02
6.651397988771637237e+00 3.392510681152343750e+02
6.654832741154169007e+00 3.415309448242187500e+02
6.658267493536699888e+00 3.394034423828125000e+02
6.661702245919231657e+00 3.363246154785156250e+02
6.665136998301762539e+00 3.396250610351562500e+02
6.668571750684294308e+00 3.386886291503906250e+02
6.672006503066824301e+00 3.421102294921875000e+02
6.675441255449356071e+00 3.406164245605468750e+02
6.678876007831886952e+00 3.473804016113281250e+02
6.682310760214417833e+00 3.542684020996093750e+02
6.685745512596949602e+00 3.616761169433593750e+02
6.689180264979480484e+00 3.598877868652343750e+02
6.692615017362012253e+00 3.589694824218750000e+02
6.696049769744543134e+00 3.609222106933593750e+02
6.699484522127074015e+00 3.542212219238281250e+02
6.702919274509604897e+00 3.454845886230468750e+02
6.706354026892136666e+00 3.438410644531250000e+02
6.709788779274667547e+00 3.461399536132812500e+02
6.713223531657199317e+00 3.377680053710937500e+02
6.716658284039730198e+00 3.284298095703125000e+02
6.720093036422261967e+00 3.311108703613281250e+02
6.723527788804791960e+00 3.357940673828125000e+02
6.726962541187323730e+00 3.308637695312500000e+02
6.730397293569854611e+00 3.288364257812500000e+02
6.733832045952386380e+00 3.276262817382812500e+02
6.737266798334917262e+00 3.279434814453125000e+02
6.740701550717449031e+00 3.253403320312500000e+02
6.744136303099979912e+00 3.296672363281250000e+02
6.747571055482510793e+00 3.315138549804687500e+02
6.751005807865041675e+00 3.348073425292968750e+02
6.754440560247573444e+00 3.363924560546875000e+02
6.757875312630104325e+00 3.347769470214843750e+02
6.761310065012635206e+00 3.314671936035156250e+02
6.764744817395166976e+00 3.324243774414062500e+02
6.768179569777697857e+00 3.347162170410156250e+02
6.771614322160229626e+00 3.363128662109375000e+02
6.775049074542759620e+00 3.431306457519531250e+02
6.778483826925291389e+00 3.463472900390625000e+02
6.781918579307822270e+00 3.447888793945312500e+02
6.785353331690354040e+00 3.417258605957031250e+02
6.788788084072884921e+00 3.362819824218750000e+02
6.792222836455416690e+00 3.394422302246093750e+02
6.795657588837947571e+00 3.455815734863281250e+02
6.799092341220478453e+00 3.475286560058593750e+02
6.802527093603009334e+00 3.490809020996093750e+02
6.805961845985541103e+00 3.563469238281250000e+02
6.809396598368071984e+00 3.541933593750000000e+02
6.812831350750603754e+00 3.510871582031250000e+02
6.816266103133134635e+00 3.492523193359375000e+02
6.819700855515666404e+00 3.478413391113281250e+02
6.823135607898196398e+00 3.468475646972656250e+02
6.826570360280728167e+00 3.423304443359375000e+02
6.830005112663259048e+00 3.353468322753906250e+02
6.833439865045790818e+00 3.269900817871093750e+02
6.836874617428321699e+00 3.257575988769531250e+02
6.840309369810852580e+00 3.268731689453125000e+02
6.843744122193384349e+00 3.325230407714843750e+02
6.847178874575915231e+00 3.346967468261718750e+02
6.850613626958446112e+00 3.354578857421875000e+02
6.854048379340976993e+00 3.322241516113281250e+02
6.857483131723508762e+00 3.334531250000000000e+02
6.860917884106039644e+00 3.360751342773437500e+02
6.864352636488571413e+00 3.420432739257812500e+02
6.867787388871102294e+00 3.424393005371093750e+02
6.871222141253634064e+00 3.436315917968750000e+02
6.874656893636164057e+00 3.380206909179687500e+02
6.878091646018695826e+00 3.372536315917968750e+02
6.881526398401226707e+00 3.322145385742187500e+02
6.884961150783758477e+00 3.260016784667968750e+02
6.888395903166289358e+00 3.293771057128906250e+02
6.891830655548821127e+00 3.292463684082031250e+02
6.895265407931352009e+00 3.294447021484375000e+02
6.898700160313882890e+00 3.293876647949218750e+02
6.902134912696413771e+00 3.320035705566406250e+02
6.905569665078945540e+00 3.298564147949218750e+02
6.909004417461476422e+00 3.259772949218750000e+02
6.912439169844007303e+00 3.263843994140625000e+02
6.915873922226539072e+00 3.303944091796875000e+02
6.919308674609069953e+00 3.305335998535156250e+02
6.922743426991601723e+00 3.286458740234375000e+02
6.926178179374131716e+00 3.279642639160156250e+02
6.929612931756663485e+00 3.334143981933593750e+02
6.933047684139194367e+00 3.354208984375000000e+02
6.936482436521726136e+00 3.340301513671875000e+02
6.939917188904257017e+00 3.330507812500000000e+02
6.943351941286788787e+00 3.402785644531250000e+02
6.946786693669319668e+00 3.407036437988281250e+02
6.950221446051850549e+00 3.442294311523437500e+02
6.953656198434381430e+00 3.522160644531250000e+02
6.957090950816913200e+00 3.559150390625000000e+02
6.960525703199444081e+00 3.486643066406250000e+02
6.963960455581975850e+00 3.401585388183593750e+02
6.967395207964506731e+00 3.389084777832031250e+02
6.970829960347038501e+00 3.354701538085937500e+02
6.974264712729568494e+00 3.273931579589843750e+02
6.977699465112100263e+00 3.271131591796875000e+02
6.981134217494631145e+00 3.270198364257812500e+02
6.984568969877162914e+00 3.297765808105468750e+02
6.988003722259693795e+00 3.341075744628906250e+02
6.991438474642224676e+00 3.286546020507812500e+02
6.994873227024756446e+00 3.217481384277343750e+02
6.998307979407287327e+00 3.227342224121093750e+02
7.001742731789818208e+00 3.224553222656250000e+02
7.005177484172349089e+00 3.207539062500000000e+02
7.008612236554880859e+00 3.199132080078125000e+02
7.012046988937411740e+00 3.253656616210937500e+02
7.015481741319943509e+00 3.324077148437500000e+02
7.018916493702474391e+00 3.359385986328125000e+02
7.022351246085006160e+00 3.370456848144531250e+02
7.025785998467536153e+00 3.348941345214843750e+02
7.029220750850067922e+00 3.379140319824218750e+02
7.032655503232598804e+00 3.390555725097656250e+02
7.036090255615130573e+00 3.342463378906250000e+02
7.039525007997661454e+00 3.314108276367187500e+02
7.042959760380193224e+00 3.324787902832031250e+02
7.046394512762724105e+00 3.348878173828125000e+02
7.049829265145254986e+00 3.343572692871093750e+02
7.053264017527785867e+00 3.261301269531250000e+02
7.056698769910317637e+00 3.189599914550781250e+02
7.060133522292848518e+00 3.255069580078125000e+02
7.063568274675379399e+00 3.263589477539062500e+02
7.067003027057911169e+00 3.236977233886718750e+02
7.070437779440442050e+00 3.247293701171875000e+02
7.073872531822972931e+00 3.329834289550781250e+02
7.077307284205503812e+00 3.367682800292968750e+02
7.080742036588035582e+00 3.359048767089843750e+02
7.084176788970566463e+00 3.352157897949218750e+02
7.087611541353098232e+00 3.359689941406250000e+02
7.091046293735629114e+00 3.430878601074218750e+02
7.094481046118160883e+00 3.491248168945312500e+02
7.097915798500691764e+00 3.565317077636718750e+02
7.101350550883222645e+00 3.593607482910156250e+02
7.104785303265753527e+00 3.543196411132812500e+02
7.108220055648285296e+00 3.443976440429687500e+02
7.111654808030816177e+00 3.359260864257812500e+02
7.115089560413347947e+00 3.302415466308593750e+02
7.118524312795878828e+00 3.287455139160156250e+02
7.121959065178410597e+00 3.261770935058593750e+02
7.125393817560940590e+00 3.231116943359375000e+02
7.128828569943472360e+00 3.181132202148437500e+02
7.132263322326003241e+00 3.113019714355468750e+02
7.135698074708535010e+00 3.128355407714843750e+02
7.139132827091065892e+00 3.170188903808593750e+02
7.142567579473596773e+00 3.184772338867187500e+02
7.146002331856128542e+00 3.195765991210937500e+02
7.149437084238658535e+00 3.221740417480468750e+02
7.152871836621190305e+00 3.284021911621093750e+02
7.156306589003721186e+00 3.291600646972656250e+02
7.159741341386252955e+00 3.264819030761718750e+02
7.163176093768782948e+00 3.252710266113281250e+02
7.166610846151314718e+00 3.246471252441406250e+02
7.170045598533845599e+00 3.293559875488281250e+02
7.173480350916377368e+00 3.340400695800781250e+02
7.176915103298908249e+00 3.359822692871093750e+02
7.180349855681440019e+00 3.323202819824218750e+02
7.183784608063970900e+00 3.259741516113281250e+02
7.187219360446502670e+00 3.206465454101562500e+02
7.190654112829033551e+00 3.160922546386718750e+02
7.194088865211565320e+00 3.095491943359375000e+02
7.197523617594096201e+00 3.090549316406250000e+02
7.200958369976627971e+00 3.098858947753906250e+02
7.204393122359158852e+00 3.063923950195312500e+02
7.207827874741689733e+00 3.084558715820312500e+02
7.211262627124221503e+00 3.123764648437500000e+02
7.214697379506751496e+00 3.119075927734375000e+02
7.218132131889282377e+00 3.103373718261718750e+02
7.221566884271814146e+00 3.059049987792968750e+02
7.225001636654345027e+00 3.067171936035156250e+02
7.228436389036875909e+00 3.067924499511718750e+02
7.231871141419407678e+00 3.047196350097656250e+02
7.235305893801938559e+00 3.046851501464843750e+02
7.238740646184470329e+00 3.008893432617187500e+02
7.242175398567001210e+00 3.001144409179687500e+02
7.245610150949532979e+00 2.907176208496093750e+02
7.249044903332063861e+00 2.870179748535156250e+02
7.252479655714595630e+00 2.854339294433593750e+02
7.255914408097126511e+00 2.853815002441406250e+02
7.259349160479658281e+00 2.797590332031250000e+02
7.262783912862187385e+00 2.709655151367187500e+02
7.266218665244719155e+00 2.609190063476562500e+02
7.269653417627250036e+00 2.467997894287109375e+02
7.273088170009781805e+00 2.340440673828125000e+02
7.276522922392312687e+00 2.343745880126953125e+02
7.279957674774844456e+00 2.339770660400390625e+02
7.283392427157375337e+00 2.285419158935546875e+02
7.286827179539907107e+00 2.223732757568359375e+02
7.290261931922437988e+00 2.177939758300781250e+02
7.293696684304968869e+00 1.972153167724609375e+02
7.297131436687500639e+00 1.705494079589843750e+02
7.300566189070031520e+00 1.686416625976562500e+02
7.304000941452563289e+00 1.856685791015625000e+02
7.307435693835094170e+00 1.946009216308593750e+02
7.310870446217625940e+00 1.915180816650390625e+02
7.314305198600155045e+00 1.921357879638671875e+02
7.317739950982686814e+00 1.861531372070312500e+02
7.321174703365217695e+00 1.851721343994140625e+02
7.324609455747749465e+00 1.881952209472656250e+02
7.328044208130280346e+00 1.833139038085937500e+02
7.331478960512812115e+00 1.824707946777343750e+02
7.334913712895342996e+00 1.825234985351562500e+02
7.338348465277874766e+00 1.747900848388671875e+02
7.341783217660405647e+00 1.651596221923828125e+02
7.345217970042937417e+00 1.668324279785156250e+02
7.348652722425468298e+00 1.617970123291015625e+02
7.352087474808000067e+00 1.557298889160156250e+02
7.355522227190530948e+00 1.522368164062500000e+02
7.358956979573061830e+00 1.528662719726562500e+02
7.362391731955593599e+00 1.467049255371093750e+02
7.365826484338123592e+00 1.368791503906250000e+02
7.369261236720654473e+00 1.344747009277343750e+02
7.372695989103186243e+00 1.375073394775390625e+02
7.376130741485717124e+00 1.378001708984375000e+02
7.379565493868248005e+00 1.299461212158203125e+02
7.383000246250779774e+00 1.243742446899414062e+02
7.386434998633310656e+00 1.251880722045898438e+02
7.389869751015842425e+00 1.067973632812500000e+02
7.393304503398373306e+00 8.087059783935546875e+01
7.396739255780905076e+00 6.600667572021484375e+01
7.400174008163435957e+00 5.070701980590820312e+01
7.403608760545967726e+00 2.031746482849121094e+01
7.407043512928498608e+00 0.000000000000000000e+00
7.410478265311030377e+00 0.000000000000000000e+00
7.413913017693559482e+00 0.000000000000000000e+00
7.417347770076091251e+00 0.000000000000000000e+00
7.420782522458622132e+00 0.000000000000000000e+00
7.424217274841153902e+00 0.000000000000000000e+00
7.427652027223684783e+00 0.000000000000000000e+00
7.431086779606216552e+00 0.000000000000000000e+00
7.434521531988747434e+00 0.000000000000000000e+00
7.437956284371279203e+00 0.000000000000000000e+00
