# # sector 35: chi = 174.97 deg (range [170, 180))
# # columns: 2theta(deg)  intensity
9.943608147427778210e-01 3.235043457031250000e+03
9.977955671253089243e-01 3.250859375000000000e+03
1.001230319507840250e+00 3.260003417968750000e+03
1.004665071890371353e+00 3.260072509765625000e+03
1.008099824272902678e+00 3.257406494140625000e+03
1.011534576655433781e+00 3.270716552734375000e+03
1.014969329037964885e+00 3.275173095703125000e+03
1.018404081420495988e+00 3.269830810546875000e+03
1.021838833803027313e+00 3.281589355468750000e+03
1.025273586185558417e+00 3.285320312500000000e+03
1.028708338568089520e+00 3.276620849609375000e+03
1.032143090950620845e+00 3.267911132812500000e+03
1.035577843333151948e+00 3.254934082031250000e+03
1.039012595715683274e+00 3.255162109375000000e+03
1.042447348098214377e+00 3.254669677734375000e+03
1.045882100480745702e+00 3.238376708984375000e+03
1.049316852863276806e+00 3.250222412109375000e+03
1.052751605245807909e+00 3.259193847656250000e+03
1.056186357628339012e+00 3.235641357421875000e+03
1.059621110010870337e+00 3.226073974609375000e+03
1.063055862393401441e+00 3.217825439453125000e+03
1.066490614775932544e+00 3.202771240234375000e+03
1.069925367158463869e+00 3.194335205078125000e+03
1.073360119540994972e+00 3.202729003906250000e+03
1.076794871923526298e+00 3.199023925781250000e+03
1.080229624306057401e+00 3.183607910156250000e+03
1.083664376688588726e+00 3.195669189453125000e+03
1.087099129071119830e+00 3.201771240234375000e+03
1.090533881453650933e+00 3.193091308593750000e+03
1.093968633836182036e+00 3.203341796875000000e+03
1.097403386218713361e+00 3.223604980468750000e+03
1.100838138601244465e+00 3.216971191406250000e+03
1.104272890983775568e+00 3.223584472656250000e+03
1.107707643366306893e+00 3.239434814453125000e+03
1.111142395748837997e+00 3.235387939453125000e+03
1.114577148131369322e+00 3.221952880859375000e+03
1.118011900513900425e+00 3.222236816406250000e+03
1.121446652896431750e+00 3.184146484375000000e+03
1.124881405278962854e+00 3.173857177734375000e+03
1.128316157661493957e+00 3.203000000000000000e+03
1.131750910044025060e+00 3.226208740234375000e+03
1.135185662426556386e+00 3.203752197265625000e+03
1.138620414809087489e+00 3.193656005859375000e+03
1.142055167191618592e+00 3.206892089843750000e+03
1.145489919574149917e+00 3.218602783203125000e+03
1.148924671956681021e+00 3.204579833984375000e+03
1.152359424339212346e+00 3.190728515625000000e+03
1.155794176721743449e+00 3.167335693359375000e+03
1.159228929104274775e+00 3.172697998046875000e+03
1.162663681486805878e+00 3.225254638671875000e+03
1.166098433869336981e+00 3.245704101562500000e+03
1.169533186251868084e+00 3.237738769531250000e+03
1.172967938634399410e+00 3.211823730468750000e+03
1.176402691016930513e+00 3.196977539062500000e+03
1.179837443399461616e+00 3.188812011718750000e+03
1.183272195781992941e+00 3.191251953125000000e+03
1.186706948164524045e+00 3.202851806640625000e+03
1.190141700547055370e+00 3.186056640625000000e+03
1.193576452929586473e+00 3.188085937500000000e+03
1.197011205312117799e+00 3.194659912109375000e+03
1.200445957694648902e+00 3.197036132812500000e+03
1.203880710077180005e+00 3.202132080078125000e+03
1.207315462459711108e+00 3.215458740234375000e+03
1.210750214842242434e+00 3.210275390625000000e+03
1.214184967224773537e+00 3.207262695312500000e+03
1.217619719607304640e+00 3.204822753906250000e+03
1.221054471989835966e+00 3.210819335937500000e+03
1.224489224372367069e+00 3.197258789062500000e+03
1.227923976754898394e+00 3.181959716796875000e+03
1.231358729137429497e+00 3.187082763671875000e+03
1.234793481519960823e+00 3.184689208984375000e+03
1.238228233902491926e+00 3.173244628906250000e+03
1.241662986285023029e+00 3.199857910156250000e+03
1.245097738667554133e+00 3.231678222656250000e+03
1.248532491050085236e+00 3.243113769531250000e+03
1.251967243432616561e+00 3.239830810546875000e+03
1.255401995815147664e+00 3.219986083984375000e+03
1.258836748197678990e+00 3.208272705078125000e+03
1.262271500580210093e+00 3.199938232421875000e+03
1.265706252962741418e+00 3.171676757812500000e+03
1.269141005345272522e+00 3.157813476562500000e+03
1.272575757727803847e+00 3.166557128906250000e+03
1.276010510110334950e+00 3.174291748046875000e+03
1.279445262492866053e+00 3.163778076171875000e+03
1.282880014875397157e+00 3.154110107421875000e+03
1.286314767257928260e+00 3.181561767578125000e+03
1.289749519640459585e+00 3.205720214843750000e+03
1.293184272022990688e+00 3.202755615234375000e+03
1.296619024405522014e+00 3.191712402343750000e+03
1.300053776788053117e+00 3.175412109375000000e+03
1.303488529170584442e+00 3.188797851562500000e+03
1.306923281553115546e+00 3.202385742187500000e+03
1.310358033935646871e+00 3.213271972656250000e+03
1.313792786318177974e+00 3.202792236328125000e+03
1.317227538700709077e+00 3.191630371093750000e+03
1.320662291083240181e+00 3.174843017578125000e+03
1.324097043465771284e+00 3.179840087890625000e+03
1.327531795848302609e+00 3.184978027343750000e+03
1.330966548230833713e+00 3.187739257812500000e+03
1.334401300613365038e+00 3.180061523437500000e+03
1.337836052995896141e+00 3.172325439453125000e+03
1.341270805378427466e+00 3.182210937500000000e+03
1.344705557760958570e+00 3.178070556640625000e+03
1.348140310143489895e+00 3.150612548828125000e+03
1.351575062526020998e+00 3.152324218750000000e+03
1.355009814908552102e+00 3.164645263671875000e+03
1.358444567291083205e+00 3.170328125000000000e+03
1.361879319673614308e+00 3.172908691406250000e+03
1.365314072056145633e+00 3.160955078125000000e+03
1.368748824438676737e+00 3.134747802734375000e+03
1.372183576821208062e+00 3.109341308593750000e+03
1.375618329203739165e+00 3.109518310546875000e+03
1.379053081586270491e+00 3.100526123046875000e+03
1.382487833968801594e+00 3.098406738281250000e+03
1.385922586351332919e+00 3.122979248046875000e+03
1.389357338733864022e+00 3.124875732421875000e+03
1.392792091116395126e+00 3.118897949218750000e+03
1.396226843498926229e+00 3.107179931640625000e+03
1.399661595881457332e+00 3.119825195312500000e+03
1.403096348263988657e+00 3.138900878906250000e+03
1.406531100646519761e+00 3.153425781250000000e+03
1.409965853029051086e+00 3.155002197265625000e+03
1.413400605411582189e+00 3.138483886718750000e+03
1.416835357794113515e+00 3.117095458984375000e+03
1.420270110176644618e+00 3.124524658203125000e+03
1.423704862559175943e+00 3.118152587890625000e+03
1.427139614941707046e+00 3.134098388671875000e+03
1.430574367324238150e+00 3.139672119140625000e+03
1.434009119706769253e+00 3.127061035156250000e+03
1.437443872089300356e+00 3.107148925781250000e+03
1.440878624471831682e+00 3.115881591796875000e+03
1.444313376854362785e+00 3.109373535156250000e+03
1.447748129236894110e+00 3.106636230468750000e+03
1.451182881619425213e+00 3.107419189453125000e+03
1.454617634001956539e+00 3.096062988281250000e+03
1.458052386384487642e+00 3.100454589843750000e+03
1.461487138767018967e+00 3.106499511718750000e+03
1.464921891149550071e+00 3.097712158203125000e+03
1.468356643532081174e+00 3.098933593750000000e+03
1.471791395914612277e+00 3.117677490234375000e+03
1.475226148297143380e+00 3.119562255859375000e+03
1.478660900679674706e+00 3.104789794921875000e+03
1.482095653062205809e+00 3.110632812500000000e+03
1.485530405444737134e+00 3.123451904296875000e+03
1.488965157827268238e+00 3.115537597656250000e+03
1.492399910209799563e+00 3.105006103515625000e+03
1.495834662592330666e+00 3.103742919921875000e+03
1.499269414974861991e+00 3.098727294921875000e+03
1.502704167357393095e+00 3.088032226562500000e+03
1.506138919739924198e+00 3.084299804687500000e+03
1.509573672122455301e+00 3.074380126953125000e+03
1.513008424504986404e+00 3.059236572265625000e+03
1.516443176887517730e+00 3.052718994140625000e+03
1.519877929270048833e+00 3.056753662109375000e+03
1.523312681652580158e+00 3.059211425781250000e+03
1.526747434035111262e+00 3.069541503906250000e+03
1.530182186417642587e+00 3.085153564453125000e+03
1.533616938800173690e+00 3.096974853515625000e+03
1.537051691182705015e+00 3.087536621093750000e+03
1.540486443565236119e+00 3.065155273437500000e+03
1.543921195947767222e+00 3.068908447265625000e+03
1.547355948330298325e+00 3.076965820312500000e+03
1.550790700712829429e+00 3.072642822265625000e+03
1.554225453095360754e+00 3.077591308593750000e+03
1.557660205477891857e+00 3.054080810546875000e+03
1.561094957860423182e+00 3.026133300781250000e+03
1.564529710242954286e+00 3.065537353515625000e+03
1.567964462625485611e+00 3.087989501953125000e+03
1.571399215008016714e+00 3.082850585937500000e+03
1.574833967390548040e+00 3.079275878906250000e+03
1.578268719773079143e+00 3.072615722656250000e+03
1.581703472155610246e+00 3.085714843750000000e+03
1.585138224538141349e+00 3.100803222656250000e+03
1.588572976920672453e+00 3.108014892578125000e+03
1.592007729303203778e+00 3.100869140625000000e+03
1.595442481685734881e+00 3.094659423828125000e+03
1.598877234068266207e+00 3.106502929687500000e+03
1.602311986450797310e+00 3.113206054687500000e+03
1.605746738833328635e+00 3.112504882812500000e+03
1.609181491215859738e+00 3.127083496093750000e+03
1.612616243598391064e+00 3.139041748046875000e+03
1.616050995980922167e+00 3.136472656250000000e+03
1.619485748363453270e+00 3.141991943359375000e+03
1.622920500745984373e+00 3.172215332031250000e+03
1.626355253128515477e+00 3.186720703125000000e+03
1.629790005511046802e+00 3.188884521484375000e+03
1.633224757893577905e+00 3.194017333984375000e+03
1.636659510276109231e+00 3.222003662109375000e+03
1.640094262658640334e+00 3.254304931640625000e+03
1.643529015041171659e+00 3.305045898437500000e+03
1.646963767423702762e+00 3.351899414062500000e+03
1.650398519806234088e+00 3.455436523437500000e+03
1.653833272188765191e+00 3.573040039062500000e+03
1.657268024571296294e+00 3.884252685546875000e+03
1.660702776953827398e+00 4.394927246093750000e+03
1.664137529336358501e+00 5.709688476562500000e+03
1.667572281718889826e+00 8.525059570312500000e+03
1.671007034101420929e+00 1.451934082031250000e+04
1.674441786483952255e+00 2.469458007812500000e+04
1.677876538866483358e+00 3.339316015625000000e+04
1.681311291249014683e+00 4.313653906250000000e+04
1.684746043631545787e+00 4.358628906250000000e+04
1.688180796014076890e+00 3.892210156250000000e+04
1.691615548396608215e+00 3.120591015625000000e+04
1.695050300779139318e+00 1.917401562500000000e+04
1.698485053161670422e+00 1.325478027343750000e+04
1.701919805544201525e+00 7.655437500000000000e+03
1.705354557926732850e+00 5.722902832031250000e+03
1.708789310309263954e+00 4.303187500000000000e+03
1.712224062691795279e+00 3.839682128906250000e+03
1.715658815074326382e+00 3.524103515625000000e+03
1.719093567456857707e+00 3.396430175781250000e+03
1.722528319839388811e+00 3.295569580078125000e+03
1.725963072221919914e+00 3.224112060546875000e+03
1.729397824604451239e+00 3.161553222656250000e+03
1.732832576986982343e+00 3.130548583984375000e+03
1.736267329369513446e+00 3.097247314453125000e+03
1.739702081752044549e+00 3.062101806640625000e+03
1.743136834134575874e+00 3.030697265625000000e+03
1.746571586517106978e+00 3.009061523437500000e+03
1.750006338899638303e+00 3.015202148437500000e+03
1.753441091282169406e+00 3.022285156250000000e+03
1.756875843664700731e+00 3.010463623046875000e+03
1.760310596047231835e+00 2.990073974609375000e+03
1.763745348429762938e+00 2.976769042968750000e+03
1.767180100812294263e+00 2.935815917968750000e+03
1.770614853194825367e+00 2.901894531250000000e+03
1.774049605577356470e+00 2.890212158203125000e+03
1.777484357959887573e+00 2.884878906250000000e+03
1.780919110342418898e+00 2.892093994140625000e+03
1.784353862724950002e+00 2.891703857421875000e+03
1.787788615107481327e+00 2.860864257812500000e+03
1.791223367490012208e+00 2.841656982421875000e+03
1.794658119872543534e+00 2.807519775390625000e+03
1.798092872255074859e+00 2.796787353515625000e+03
1.801527624637606184e+00 2.781687744140625000e+03
1.804962377020137065e+00 2.789482910156250000e+03
1.808397129402668391e+00 2.790985351562500000e+03
1.811831881785199494e+00 2.772303466796875000e+03
1.815266634167730819e+00 2.754640136718750000e+03
1.818701386550261700e+00 2.744636230468750000e+03
1.822136138932793026e+00 2.748915527343750000e+03
1.825570891315324351e+00 2.744501464843750000e+03
1.829005643697855676e+00 2.721682861328125000e+03
1.832440396080386558e+00 2.709398193359375000e+03
1.835875148462917883e+00 2.691745361328125000e+03
1.839309900845449208e+00 2.666729492187500000e+03
1.842744653227980089e+00 2.670922607421875000e+03
1.846179405610511415e+00 2.678792236328125000e+03
1.849614157993042740e+00 2.665376708984375000e+03
1.853048910375573843e+00 2.630599609375000000e+03
1.856483662758104725e+00 2.632120117187500000e+03
1.859918415140636050e+00 2.635091064453125000e+03
1.863353167523167375e+00 2.616062011718750000e+03
1.866787919905698701e+00 2.596963378906250000e+03
1.870222672288229582e+00 2.599368164062500000e+03
1.873657424670760907e+00 2.601894042968750000e+03
1.877092177053292232e+00 2.601777832031250000e+03
1.880526929435823114e+00 2.597349609375000000e+03
1.883961681818354439e+00 2.586761718750000000e+03
1.887396434200885764e+00 2.574348876953125000e+03
1.890831186583416867e+00 2.575948486328125000e+03
1.894265938965947749e+00 2.591112060546875000e+03
1.897700691348479074e+00 2.602130371093750000e+03
1.901135443731010399e+00 2.567951171875000000e+03
1.904570196113541725e+00 2.551096191406250000e+03
1.908004948496072606e+00 2.540755126953125000e+03
1.911439700878603931e+00 2.543284667968750000e+03
1.914874453261135256e+00 2.537504394531250000e+03
1.918309205643666138e+00 2.525204345703125000e+03
1.921743958026197463e+00 2.510007568359375000e+03
1.925178710408728788e+00 2.486004638671875000e+03
1.928613462791259892e+00 2.482012695312500000e+03
1.932048215173790773e+00 2.472425292968750000e+03
1.935482967556322098e+00 2.462577392578125000e+03
1.938917719938853423e+00 2.470618652343750000e+03
1.942352472321384749e+00 2.486737548828125000e+03
1.945787224703915630e+00 2.495836914062500000e+03
1.949221977086446955e+00 2.490874511718750000e+03
1.952656729468978281e+00 2.469468017578125000e+03
1.956091481851509162e+00 2.468818603515625000e+03
1.959526234234040487e+00 2.474232421875000000e+03
1.962960986616571812e+00 2.479162597656250000e+03
1.966395738999102916e+00 2.480415039062500000e+03
1.969830491381633797e+00 2.471830322265625000e+03
1.973265243764165122e+00 2.455639404296875000e+03
1.976699996146696447e+00 2.428958007812500000e+03
1.980134748529227329e+00 2.421966064453125000e+03
1.983569500911758654e+00 2.430558105468750000e+03
1.987004253294289979e+00 2.443463867187500000e+03
1.990439005676821305e+00 2.467192871093750000e+03
1.993873758059352186e+00 2.455362304687500000e+03
1.997308510441883511e+00 2.440552490234375000e+03
2.000743262824414614e+00 2.441181396484375000e+03
2.004178015206945940e+00 2.437950195312500000e+03
2.007612767589476821e+00 2.422197753906250000e+03
2.011047519972008146e+00 2.406498535156250000e+03
2.014482272354539472e+00 2.399472900390625000e+03
2.017917024737070353e+00 2.387169189453125000e+03
2.021351777119601678e+00 2.381125488281250000e+03
2.024786529502133003e+00 2.377465576171875000e+03
2.028221281884664329e+00 2.364070800781250000e+03
2.031656034267195210e+00 2.347134277343750000e+03
2.035090786649726535e+00 2.353824951171875000e+03
2.038525539032257861e+00 2.354796630859375000e+03
2.041960291414789186e+00 2.342712158203125000e+03
2.045395043797320067e+00 2.347889892578125000e+03
2.048829796179851392e+00 2.347995849609375000e+03
2.052264548562382718e+00 2.349130126953125000e+03
2.055699300944913599e+00 2.349332763671875000e+03
2.059134053327444924e+00 2.340031982421875000e+03
2.062568805709975805e+00 2.325312011718750000e+03
2.066003558092507131e+00 2.314060546875000000e+03
2.069438310475038012e+00 2.297011718750000000e+03
2.072873062857569337e+00 2.315223388671875000e+03
2.076307815240100663e+00 2.328410888671875000e+03
2.079742567622631988e+00 2.309320800781250000e+03
2.083177320005162869e+00 2.295843261718750000e+03
2.086612072387694194e+00 2.285612548828125000e+03
2.090046824770225520e+00 2.275137695312500000e+03
2.093481577152756401e+00 2.280573974609375000e+03
2.096916329535287726e+00 2.284473388671875000e+03
2.100351081917819052e+00 2.273165283203125000e+03
2.103785834300350377e+00 2.272326171875000000e+03
2.107220586682881258e+00 2.261972900390625000e+03
2.110655339065412583e+00 2.251695800781250000e+03
2.114090091447943909e+00 2.263198730468750000e+03
2.117524843830475234e+00 2.259640380859375000e+03
2.120959596213006115e+00 2.244203369140625000e+03
2.124394348595537441e+00 2.234831787109375000e+03
2.127829100978068766e+00 2.234187500000000000e+03
2.131263853360599647e+00 2.229652587890625000e+03
2.134698605743130972e+00 2.221343505859375000e+03
2.138133358125661854e+00 2.224685302734375000e+03
2.141568110508193179e+00 2.224382324218750000e+03
2.145002862890724060e+00 2.213052490234375000e+03
2.148437615273255386e+00 2.197109863281250000e+03
2.151872367655786711e+00 2.188421142578125000e+03
2.155307120038318036e+00 2.179551025390625000e+03
2.158741872420848917e+00 2.192154541015625000e+03
2.162176624803380243e+00 2.199047607421875000e+03
2.165611377185911568e+00 2.203096923828125000e+03
2.169046129568442449e+00 2.195012451171875000e+03
2.172480881950973775e+00 2.198307373046875000e+03
2.175915634333505100e+00 2.206718994140625000e+03
2.179350386716036425e+00 2.203720458984375000e+03
2.182785139098567306e+00 2.197426025390625000e+03
2.186219891481098632e+00 2.199053466796875000e+03
2.189654643863629957e+00 2.196024902343750000e+03
2.193089396246161282e+00 2.198265136718750000e+03
2.196524148628692163e+00 2.194444580078125000e+03
2.199958901011223489e+00 2.195819091796875000e+03
2.203393653393754814e+00 2.185654785156250000e+03
2.206828405776285695e+00 2.167794433593750000e+03
2.210263158158817021e+00 2.164591308593750000e+03
2.213697910541347902e+00 2.171823486328125000e+03
2.217132662923879227e+00 2.161987304687500000e+03
2.220567415306410108e+00 2.161664794921875000e+03
2.224002167688941434e+00 2.183239013671875000e+03
2.227436920071472759e+00 2.189103515625000000e+03
2.230871672454004084e+00 2.194486328125000000e+03
2.234306424836534966e+00 2.190237304687500000e+03
2.237741177219066291e+00 2.172365478515625000e+03
2.241175929601597616e+00 2.176484375000000000e+03
2.244610681984128497e+00 2.186535156250000000e+03
2.248045434366659823e+00 2.190943115234375000e+03
2.251480186749191148e+00 2.192834960937500000e+03
2.254914939131722473e+00 2.192963378906250000e+03
2.258349691514253355e+00 2.193389648437500000e+03
2.261784443896784680e+00 2.188148193359375000e+03
2.265219196279316005e+00 2.191791259765625000e+03
2.268653948661847330e+00 2.196381591796875000e+03
2.272088701044378212e+00 2.201139160156250000e+03
2.275523453426909537e+00 2.195092773437500000e+03
2.278958205809440862e+00 2.217123046875000000e+03
2.282392958191971744e+00 2.250189453125000000e+03
2.285827710574503069e+00 2.262383300781250000e+03
2.289262462957033950e+00 2.261640380859375000e+03
2.292697215339565275e+00 2.254335449218750000e+03
2.296131967722096157e+00 2.266881103515625000e+03
2.299566720104627482e+00 2.290000488281250000e+03
2.303001472487158807e+00 2.311544921875000000e+03
2.306436224869690133e+00 2.334033935546875000e+03
2.309870977252221014e+00 2.332971191406250000e+03
2.313305729634752339e+00 2.334170898437500000e+03
2.316740482017283664e+00 2.366297119140625000e+03
2.320175234399814546e+00 2.414663085937500000e+03
2.323609986782345871e+00 2.449033203125000000e+03
2.327044739164877196e+00 2.487067382812500000e+03
2.330479491547408522e+00 2.534074707031250000e+03
2.333914243929939403e+00 2.590861083984375000e+03
2.337348996312470728e+00 2.648602050781250000e+03
2.340783748695002053e+00 2.733478515625000000e+03
2.344218501077533379e+00 2.825718261718750000e+03
2.347653253460064260e+00 3.039427001953125000e+03
2.351088005842595585e+00 3.268872802734375000e+03
2.354522758225126911e+00 3.815188720703125000e+03
2.357957510607657792e+00 4.593001464843750000e+03
2.361392262990189117e+00 6.885276367187500000e+03
2.364827015372720442e+00 1.081722070312500000e+04
2.368261767755251324e+00 2.145599609375000000e+04
2.371696520137782205e+00 3.868226171875000000e+04
2.375131272520313530e+00 5.806546093750000000e+04
2.378566024902844855e+00 7.163124218750000000e+04
2.382000777285376181e+00 7.501714843750000000e+04
2.385435529667907062e+00 6.756982031250000000e+04
2.388870282050438387e+00 5.215722265625000000e+04
2.392305034432969713e+00 3.664192968750000000e+04
2.395739786815500594e+00 2.406883984375000000e+04
2.399174539198031919e+00 1.419783300781250000e+04
2.402609291580563244e+00 9.164592773437500000e+03
2.406044043963094570e+00 5.622971191406250000e+03
2.409478796345625451e+00 4.284648437500000000e+03
2.412913548728156776e+00 3.478203613281250000e+03
2.416348301110688102e+00 3.136435058593750000e+03
2.419783053493219427e+00 2.878987548828125000e+03
2.423217805875750308e+00 2.754465332031250000e+03
2.426652558258281633e+00 2.634684082031250000e+03
2.430087310640812959e+00 2.554238037109375000e+03
2.433522063023343840e+00 2.467486572265625000e+03
2.436956815405875165e+00 2.415420898437500000e+03
2.440391567788406491e+00 2.349517578125000000e+03
2.443826320170937372e+00 2.330068603515625000e+03
2.447261072553468253e+00 2.293966308593750000e+03
2.450695824935999578e+00 2.267699951171875000e+03
2.454130577318530904e+00 2.232078857421875000e+03
2.457565329701061785e+00 2.192772949218750000e+03
2.461000082083593110e+00 2.142601074218750000e+03
2.464434834466124435e+00 2.117664550781250000e+03
2.467869586848655761e+00 2.103683349609375000e+03
2.471304339231186642e+00 2.084313964843750000e+03
2.474739091613717967e+00 2.061708740234375000e+03
2.478173843996249293e+00 2.040957397460937500e+03
2.481608596378780618e+00 2.018806518554687500e+03
2.485043348761311499e+00 1.985987670898437500e+03
2.488478101143842824e+00 1.970491943359375000e+03
2.491912853526374150e+00 1.952123413085937500e+03
2.495347605908905031e+00 1.944853637695312500e+03
2.498782358291436356e+00 1.919668457031250000e+03
2.502217110673967682e+00 1.903893432617187500e+03
2.505651863056499007e+00 1.880423828125000000e+03
2.509086615439029888e+00 1.869169921875000000e+03
2.512521367821561213e+00 1.868302734375000000e+03
2.515956120204092539e+00 1.874918212890625000e+03
2.519390872586623420e+00 1.872650024414062500e+03
2.522825624969154301e+00 1.854639160156250000e+03
2.526260377351685626e+00 1.830833618164062500e+03
2.529695129734216952e+00 1.822524536132812500e+03
2.533129882116747833e+00 1.835371459960937500e+03
2.536564634499279158e+00 1.832440673828125000e+03
2.539999386881810484e+00 1.825593017578125000e+03
2.543434139264341809e+00 1.817853637695312500e+03
2.546868891646872690e+00 1.799353027343750000e+03
2.550303644029404015e+00 1.783786376953125000e+03
2.553738396411935341e+00 1.777252807617187500e+03
2.557173148794466666e+00 1.769226074218750000e+03
2.560607901176997547e+00 1.763182983398437500e+03
2.564042653559528873e+00 1.757446289062500000e+03
2.567477405942060198e+00 1.763950317382812500e+03
2.570912158324591079e+00 1.759768920898437500e+03
2.574346910707122404e+00 1.757737548828125000e+03
2.577781663089653730e+00 1.737165649414062500e+03
2.581216415472185055e+00 1.725819580078125000e+03
2.584651167854715936e+00 1.714285278320312500e+03
2.588085920237247262e+00 1.705825561523437500e+03
2.591520672619778587e+00 1.706312255859375000e+03
2.594955425002309468e+00 1.705210205078125000e+03
2.598390177384840349e+00 1.703327148437500000e+03
2.601824929767371675e+00 1.708895263671875000e+03
2.605259682149903000e+00 1.697027954101562500e+03
2.608694434532433881e+00 1.684250732421875000e+03
2.612129186914965207e+00 1.684563354492187500e+03
2.615563939297496532e+00 1.695925170898437500e+03
2.618998691680027857e+00 1.699661376953125000e+03
2.622433444062558738e+00 1.688598999023437500e+03
2.625868196445090064e+00 1.667808959960937500e+03
2.629302948827621389e+00 1.661205688476562500e+03
2.632737701210152714e+00 1.656822265625000000e+03
2.636172453592683596e+00 1.649112060546875000e+03
2.639607205975214921e+00 1.653218750000000000e+03
2.643041958357746246e+00 1.661285522460937500e+03
2.646476710740277127e+00 1.661957519531250000e+03
2.649911463122808453e+00 1.661380371093750000e+03
2.653346215505339778e+00 1.645554077148437500e+03
2.656780967887871103e+00 1.640993774414062500e+03
2.660215720270401984e+00 1.644495239257812500e+03
2.663650472652933310e+00 1.637452880859375000e+03
2.667085225035464635e+00 1.653646118164062500e+03
2.670519977417995516e+00 1.658486206054687500e+03
2.673954729800526398e+00 1.651697021484375000e+03
2.677389482183057723e+00 1.645120849609375000e+03
2.680824234565589048e+00 1.639481201171875000e+03
2.684258986948119929e+00 1.636628662109375000e+03
2.687693739330651255e+00 1.625302490234375000e+03
2.691128491713182580e+00 1.623805419921875000e+03
2.694563244095713905e+00 1.620092895507812500e+03
2.697997996478244787e+00 1.617206298828125000e+03
2.701432748860776112e+00 1.605679199218750000e+03
2.704867501243307437e+00 1.593137329101562500e+03
2.708302253625838762e+00 1.598315673828125000e+03
2.711737006008369644e+00 1.613207641601562500e+03
2.715171758390900969e+00 1.598643920898437500e+03
2.718606510773432294e+00 1.601570678710937500e+03
2.722041263155963176e+00 1.603376342773437500e+03
2.725476015538494501e+00 1.594708862304687500e+03
2.728910767921025826e+00 1.580125000000000000e+03
2.732345520303557151e+00 1.578413208007812500e+03
2.735780272686088033e+00 1.577558837890625000e+03
2.739215025068619358e+00 1.574441650390625000e+03
2.742649777451150683e+00 1.584774902343750000e+03
2.746084529833681565e+00 1.597291992187500000e+03
2.749519282216212890e+00 1.595483764648437500e+03
2.752954034598743771e+00 1.597279785156250000e+03
2.756388786981275096e+00 1.590703247070312500e+03
2.759823539363805978e+00 1.575990722656250000e+03
2.763258291746337303e+00 1.560495117187500000e+03
2.766693044128868628e+00 1.559325195312500000e+03
2.770127796511399954e+00 1.557875000000000000e+03
2.773562548893930835e+00 1.557260864257812500e+03
2.776997301276462160e+00 1.565684082031250000e+03
2.780432053658993485e+00 1.560598876953125000e+03
2.783866806041524811e+00 1.551683715820312500e+03
2.787301558424055692e+00 1.552916381835937500e+03
2.790736310806587017e+00 1.543032958984375000e+03
2.794171063189118343e+00 1.548394897460937500e+03
2.797605815571649224e+00 1.551630737304687500e+03
2.801040567954180549e+00 1.548220092773437500e+03
2.804475320336711874e+00 1.548906860351562500e+03
2.807910072719243200e+00 1.554853637695312500e+03
2.811344825101774081e+00 1.558702270507812500e+03
2.814779577484305406e+00 1.569746459960937500e+03
2.818214329866836731e+00 1.569442382812500000e+03
2.821649082249367613e+00 1.571922729492187500e+03
2.825083834631898938e+00 1.579242309570312500e+03
2.828518587014429819e+00 1.585048828125000000e+03
2.831953339396961145e+00 1.597456909179687500e+03
2.835388091779492026e+00 1.619368286132812500e+03
2.838822844162023351e+00 1.615623046875000000e+03
2.842257596544554676e+00 1.603046875000000000e+03
2.845692348927086002e+00 1.611088256835937500e+03
2.849127101309616883e+00 1.632821533203125000e+03
2.852561853692148208e+00 1.643187866210937500e+03
2.855996606074679534e+00 1.662606567382812500e+03
2.859431358457210415e+00 1.685802856445312500e+03
2.862866110839741740e+00 1.711068115234375000e+03
2.866300863222273065e+00 1.733060913085937500e+03
2.869735615604804391e+00 1.762107299804687500e+03
2.873170367987335272e+00 1.789527343750000000e+03
2.876605120369866597e+00 1.854493286132812500e+03
2.880039872752397923e+00 1.903144653320312500e+03
2.883474625134929248e+00 1.989005615234375000e+03
2.886909377517460129e+00 2.121184814453125000e+03
2.890344129899991454e+00 2.368214355468750000e+03
2.893778882282522780e+00 2.785777099609375000e+03
2.897213634665053661e+00 3.729605957031250000e+03
2.900648387047584986e+00 5.867263183593750000e+03
2.904083139430115867e+00 9.974730468750000000e+03
2.907517891812647193e+00 1.750685546875000000e+04
2.910952644195178074e+00 2.521725195312500000e+04
2.914387396577709399e+00 3.260012695312500000e+04
2.917822148960240725e+00 3.994999218750000000e+04
2.921256901342772050e+00 4.336866796875000000e+04
2.924691653725302931e+00 3.838593359375000000e+04
2.928126406107834256e+00 3.121541210937500000e+04
2.931561158490365582e+00 2.371678515625000000e+04
2.934995910872896463e+00 1.272434570312500000e+04
2.938430663255427788e+00 9.723489257812500000e+03
2.941865415637959114e+00 4.250832031250000000e+03
2.945300168020490439e+00 3.601731201171875000e+03
2.948734920403021320e+00 2.406508789062500000e+03
2.952169672785552645e+00 2.253016113281250000e+03
2.955604425168083971e+00 1.976935302734375000e+03
2.959039177550615296e+00 1.911316406250000000e+03
2.962473929933146177e+00 1.820561401367187500e+03
2.965908682315677503e+00 1.788155761718750000e+03
2.969343434698208828e+00 1.734876098632812500e+03
2.972778187080739709e+00 1.707307006835937500e+03
2.976212939463271034e+00 1.662574584960937500e+03
2.979647691845801916e+00 1.626450317382812500e+03
2.983082444228333241e+00 1.607487915039062500e+03
2.986517196610864122e+00 1.579407226562500000e+03
2.989951948993395447e+00 1.561041625976562500e+03
2.993386701375926773e+00 1.552413696289062500e+03
2.996821453758458098e+00 1.544454223632812500e+03
3.000256206140988979e+00 1.523519531250000000e+03
3.003690958523520305e+00 1.515839111328125000e+03
3.007125710906051630e+00 1.508335083007812500e+03
3.010560463288582511e+00 1.505261840820312500e+03
3.013995215671113836e+00 1.488837768554687500e+03
3.017429968053645162e+00 1.465556030273437500e+03
3.020864720436176487e+00 1.443461547851562500e+03
3.024299472818707368e+00 1.437699218750000000e+03
3.027734225201238694e+00 1.442073364257812500e+03
3.031168977583770019e+00 1.435050537109375000e+03
3.034603729966301344e+00 1.414372070312500000e+03
3.038038482348832225e+00 1.404333740234375000e+03
3.041473234731363551e+00 1.398914062500000000e+03
3.044907987113894876e+00 1.396606323242187500e+03
3.048342739496425757e+00 1.389705078125000000e+03
3.051777491878957083e+00 1.396099365234375000e+03
3.055212244261487964e+00 1.397235839843750000e+03
3.058646996644019289e+00 1.395872314453125000e+03
3.062081749026550170e+00 1.379431152343750000e+03
3.065516501409081496e+00 1.369262939453125000e+03
3.068951253791612821e+00 1.358348876953125000e+03
3.072386006174144146e+00 1.364009277343750000e+03
3.075820758556675028e+00 1.367091064453125000e+03
3.079255510939206353e+00 1.367854858398437500e+03
3.082690263321737678e+00 1.369976928710937500e+03
3.086125015704268559e+00 1.369738891601562500e+03
3.089559768086799885e+00 1.367308837890625000e+03
3.092994520469331210e+00 1.358314941406250000e+03
3.096429272851862535e+00 1.345221069335937500e+03
3.099864025234393416e+00 1.329270141601562500e+03
3.103298777616924742e+00 1.328787475585937500e+03
3.106733529999456067e+00 1.329129028320312500e+03
3.110168282381987392e+00 1.323228271484375000e+03
3.113603034764518274e+00 1.334227050781250000e+03
3.117037787147049599e+00 1.341943359375000000e+03
3.120472539529580924e+00 1.350435791015625000e+03
3.123907291912111805e+00 1.358665283203125000e+03
3.127342044294643131e+00 1.375344726562500000e+03
3.130776796677174012e+00 1.370101074218750000e+03
3.134211549059705337e+00 1.363078125000000000e+03
3.137646301442236219e+00 1.355250610351562500e+03
3.141081053824767544e+00 1.336148559570312500e+03
3.144515806207298869e+00 1.318861938476562500e+03
3.147950558589830194e+00 1.296482910156250000e+03
3.151385310972361076e+00 1.296545043945312500e+03
3.154820063354892401e+00 1.301387939453125000e+03
3.158254815737423726e+00 1.294217773437500000e+03
3.161689568119954608e+00 1.294157836914062500e+03
3.165124320502485933e+00 1.316557250976562500e+03
3.168559072885017258e+00 1.315199707031250000e+03
3.171993825267548583e+00 1.299728149414062500e+03
3.175428577650079465e+00 1.296785278320312500e+03
3.178863330032610790e+00 1.301369140625000000e+03
3.182298082415142115e+00 1.307443603515625000e+03
3.185732834797673441e+00 1.302876953125000000e+03
3.189167587180204322e+00 1.295223022460937500e+03
3.192602339562735647e+00 1.290962036132812500e+03
3.196037091945266972e+00 1.278173706054687500e+03
3.199471844327797854e+00 1.261480346679687500e+03
3.202906596710329179e+00 1.272330810546875000e+03
3.206341349092860060e+00 1.285472534179687500e+03
3.209776101475391386e+00 1.295554687500000000e+03
3.213210853857922267e+00 1.300284667968750000e+03
3.216645606240453592e+00 1.290883544921875000e+03
3.220080358622984917e+00 1.278891723632812500e+03
3.223515111005516243e+00 1.273622436523437500e+03
3.226949863388047124e+00 1.271140136718750000e+03
3.230384615770578449e+00 1.270609619140625000e+03
3.233819368153109775e+00 1.281116088867187500e+03
3.237254120535640656e+00 1.281176269531250000e+03
3.240688872918171981e+00 1.265037353515625000e+03
3.244123625300703306e+00 1.261807373046875000e+03
3.247558377683234632e+00 1.272549194335937500e+03
3.250993130065765513e+00 1.291841796875000000e+03
3.254427882448296838e+00 1.296657104492187500e+03
3.257862634830828164e+00 1.288067749023437500e+03
3.261297387213359489e+00 1.283354125976562500e+03
3.264732139595890370e+00 1.292259643554687500e+03
3.268166891978421695e+00 1.294077758789062500e+03
3.271601644360953021e+00 1.280140258789062500e+03
3.275036396743483902e+00 1.284430419921875000e+03
3.278471149126015227e+00 1.294104125976562500e+03
3.281905901508546108e+00 1.295779785156250000e+03
3.285340653891077434e+00 1.294929565429687500e+03
3.288775406273608315e+00 1.301160400390625000e+03
3.292210158656139640e+00 1.313633544921875000e+03
3.295644911038670966e+00 1.327955322265625000e+03
3.299079663421202291e+00 1.332568359375000000e+03
3.302514415803733172e+00 1.333718872070312500e+03
3.305949168186264497e+00 1.330374511718750000e+03
3.309383920568795823e+00 1.329962402343750000e+03
3.312818672951326704e+00 1.346210205078125000e+03
3.316253425333858029e+00 1.362564575195312500e+03
3.319688177716389355e+00 1.386026245117187500e+03
3.323122930098920680e+00 1.404238525390625000e+03
3.326557682481451561e+00 1.418864990234375000e+03
3.329992434863982886e+00 1.434026489257812500e+03
3.333427187246514212e+00 1.476580200195312500e+03
3.336861939629045093e+00 1.540861206054687500e+03
3.340296692011576418e+00 1.672025878906250000e+03
3.343731444394107744e+00 1.853937866210937500e+03
3.347166196776639069e+00 2.397715820312500000e+03
3.350600949159169950e+00 3.294765625000000000e+03
3.354035701541701275e+00 6.216083496093750000e+03
3.357470453924232601e+00 9.711612304687500000e+03
3.360905206306763482e+00 1.585422753906250000e+04
3.364339958689294363e+00 2.089514453125000000e+04
3.367774711071825688e+00 2.241731250000000000e+04
3.371209463454357014e+00 2.069507226562500000e+04
3.374644215836887895e+00 1.939371679687500000e+04
3.378078968219419220e+00 1.495262402343750000e+04
3.381513720601950546e+00 1.256372558593750000e+04
3.384948472984481871e+00 7.285249023437500000e+03
3.388383225367012752e+00 5.799442382812500000e+03
3.391817977749544077e+00 3.194658447265625000e+03
3.395252730132075403e+00 2.475579345703125000e+03
3.398687482514606728e+00 1.886631713867187500e+03
3.402122234897137609e+00 1.661004272460937500e+03
3.405556987279668935e+00 1.541746337890625000e+03
3.408991739662200260e+00 1.485759033203125000e+03
3.412426492044731141e+00 1.451325683593750000e+03
3.415861244427262466e+00 1.405307250976562500e+03
3.419295996809793792e+00 1.366068237304687500e+03
3.422730749192325117e+00 1.347077636718750000e+03
3.426165501574855998e+00 1.345844238281250000e+03
3.429600253957387324e+00 1.348049926757812500e+03
3.433035006339918649e+00 1.338935058593750000e+03
3.436469758722449530e+00 1.327243041992187500e+03
3.439904511104980411e+00 1.309513549804687500e+03
3.443339263487511737e+00 1.291085449218750000e+03
3.446774015870043062e+00 1.273582153320312500e+03
3.450208768252573943e+00 1.257140136718750000e+03
3.453643520635105268e+00 1.253523681640625000e+03
3.457078273017636594e+00 1.251106079101562500e+03
3.460513025400167919e+00 1.252899902343750000e+03
3.463947777782698800e+00 1.254515502929687500e+03
3.467382530165230126e+00 1.248748291015625000e+03
3.470817282547761451e+00 1.244877319335937500e+03
3.474252034930292776e+00 1.243639160156250000e+03
3.477686787312823657e+00 1.233710327148437500e+03
3.481121539695354983e+00 1.223973754882812500e+03
3.484556292077886308e+00 1.222942138671875000e+03
3.487991044460417189e+00 1.218109985351562500e+03
3.491425796842948515e+00 1.214177001953125000e+03
3.494860549225479840e+00 1.212322631835937500e+03
3.498295301608011165e+00 1.208551757812500000e+03
3.501730053990542046e+00 1.196582519531250000e+03
3.505164806373073372e+00 1.189727661132812500e+03
3.508599558755604697e+00 1.189324707031250000e+03
3.512034311138135578e+00 1.187223388671875000e+03
3.515469063520666460e+00 1.184515869140625000e+03
3.518903815903197785e+00 1.178913940429687500e+03
3.522338568285729110e+00 1.180741699218750000e+03
3.525773320668259991e+00 1.176744506835937500e+03
3.529208073050791317e+00 1.191314941406250000e+03
3.532642825433322642e+00 1.194837036132812500e+03
3.536077577815853967e+00 1.190838012695312500e+03
3.539512330198384849e+00 1.180969604492187500e+03
3.542947082580916174e+00 1.181915527343750000e+03
3.546381834963447499e+00 1.178414794921875000e+03
3.549816587345978824e+00 1.177013427734375000e+03
3.553251339728509706e+00 1.171636596679687500e+03
3.556686092111041031e+00 1.180051879882812500e+03
3.560120844493572356e+00 1.189257812500000000e+03
3.563555596876103237e+00 1.192358398437500000e+03
3.566990349258634563e+00 1.183623657226562500e+03
3.570425101641165888e+00 1.176093261718750000e+03
3.573859854023697213e+00 1.168552368164062500e+03
3.577294606406228095e+00 1.162088745117187500e+03
3.580729358788759420e+00 1.169167968750000000e+03
3.584164111171290301e+00 1.174171020507812500e+03
3.587598863553821626e+00 1.166902954101562500e+03
3.591033615936352508e+00 1.152219604492187500e+03
3.594468368318883833e+00 1.145313476562500000e+03
3.597903120701415158e+00 1.148551757812500000e+03
3.601337873083946484e+00 1.159150756835937500e+03
3.604772625466477809e+00 1.164515502929687500e+03
3.608207377849008246e+00 1.171552856445312500e+03
3.611642130231539571e+00 1.173257812500000000e+03
3.615076882614070897e+00 1.170996948242187500e+03
3.618511634996602222e+00 1.171894531250000000e+03
3.621946387379133547e+00 1.164774780273437500e+03
3.625381139761664873e+00 1.156515380859375000e+03
3.628815892144196198e+00 1.155771972656250000e+03
3.632250644526726635e+00 1.154543334960937500e+03
3.635685396909257960e+00 1.163795898437500000e+03
3.639120149291789286e+00 1.165218872070312500e+03
3.642554901674320611e+00 1.172252685546875000e+03
3.645989654056851936e+00 1.174962036132812500e+03
3.649424406439383262e+00 1.170372802734375000e+03
3.652859158821914587e+00 1.180668579101562500e+03
3.656293911204445912e+00 1.200541015625000000e+03
3.659728663586976349e+00 1.207626953125000000e+03
3.663163415969507675e+00 1.206925659179687500e+03
3.666598168352038556e+00 1.202759399414062500e+03
3.670032920734569881e+00 1.202936767578125000e+03
3.673467673117101207e+00 1.212312866210937500e+03
3.676902425499632532e+00 1.226643920898437500e+03
3.680337177882163857e+00 1.241456176757812500e+03
3.683771930264694294e+00 1.249799804687500000e+03
3.687206682647225620e+00 1.263142211914062500e+03
3.690641435029756945e+00 1.267543212890625000e+03
3.694076187412288270e+00 1.267011840820312500e+03
3.697510939794819596e+00 1.282322509765625000e+03
3.700945692177350921e+00 1.307024047851562500e+03
3.704380444559882246e+00 1.314450805664062500e+03
3.707815196942412683e+00 1.321301513671875000e+03
3.711249949324944009e+00 1.338044799804687500e+03
3.714684701707475334e+00 1.369745971679687500e+03
3.718119454090006659e+00 1.399384277343750000e+03
3.721554206472537984e+00 1.443354614257812500e+03
3.724988958855069310e+00 1.480168701171875000e+03
3.728423711237600635e+00 1.545490478515625000e+03
3.731858463620131960e+00 1.615407714843750000e+03
3.735293216002662398e+00 1.768700317382812500e+03
3.738727968385193723e+00 1.952422363281250000e+03
3.742162720767725048e+00 2.454237060546875000e+03
3.745597473150255929e+00 3.195107421875000000e+03
3.749032225532787255e+00 5.482248535156250000e+03
3.752466977915318580e+00 9.168060546875000000e+03
3.755901730297849905e+00 1.760625195312500000e+04
3.759336482680380342e+00 2.675270898437500000e+04
3.762771235062911668e+00 3.387384375000000000e+04
3.766205987445442993e+00 3.921753906250000000e+04
3.769640739827974318e+00 3.833036718750000000e+04
3.773075492210505644e+00 3.290939453125000000e+04
3.776510244593036969e+00 2.620594335937500000e+04
3.779944996975568294e+00 1.741712304687500000e+04
3.783379749358098731e+00 1.238846875000000000e+04
3.786814501740630057e+00 7.454102050781250000e+03
3.790249254123161382e+00 5.030811523437500000e+03
3.793684006505692707e+00 3.158966796875000000e+03
3.797118758888224033e+00 2.386581054687500000e+03
3.800553511270755358e+00 1.916898315429687500e+03
3.803988263653286683e+00 1.704433227539062500e+03
3.807423016035818009e+00 1.577192138671875000e+03
3.810857768418348446e+00 1.515306518554687500e+03
3.814292520800879771e+00 1.458348510742187500e+03
3.817727273183411096e+00 1.415162719726562500e+03
3.821162025565941978e+00 1.367659179687500000e+03
3.824596777948473303e+00 1.342126953125000000e+03
3.828031530331004628e+00 1.303360473632812500e+03
3.831466282713535954e+00 1.282453613281250000e+03
3.834901035096066391e+00 1.269411499023437500e+03
3.838335787478597716e+00 1.248940917968750000e+03
3.841770539861129041e+00 1.220057861328125000e+03
3.845205292243660367e+00 1.200181518554687500e+03
3.848640044626191692e+00 1.185157470703125000e+03
3.852074797008723017e+00 1.178594604492187500e+03
3.855509549391254343e+00 1.176860961914062500e+03
3.858944301773784780e+00 1.157785644531250000e+03
3.862379054156316105e+00 1.140710327148437500e+03
3.865813806538847430e+00 1.129092895507812500e+03
3.869248558921378756e+00 1.127515869140625000e+03
3.872683311303910081e+00 1.111201171875000000e+03
3.876118063686441406e+00 1.096546875000000000e+03
3.879552816068972732e+00 1.092279052734375000e+03
3.882987568451504057e+00 1.096295166015625000e+03
3.886422320834034494e+00 1.089452636718750000e+03
3.889857073216565819e+00 1.080855346679687500e+03
3.893291825599097145e+00 1.084066650390625000e+03
3.896726577981628026e+00 1.078909301757812500e+03
3.900161330364159351e+00 1.058411376953125000e+03
3.903596082746690676e+00 1.047877563476562500e+03
3.907030835129222002e+00 1.043043579101562500e+03
3.910465587511752439e+00 1.046840698242187500e+03
3.913900339894283764e+00 1.052044799804687500e+03
3.917335092276815089e+00 1.050058959960937500e+03
3.920769844659346415e+00 1.045838623046875000e+03
3.924204597041877740e+00 1.039618896484375000e+03
3.927639349424409065e+00 1.047451538085937500e+03
3.931074101806940391e+00 1.051648681640625000e+03
3.934508854189470828e+00 1.041575927734375000e+03
3.937943606572002153e+00 1.035027465820312500e+03
3.941378358954533478e+00 1.036138183593750000e+03
3.944813111337064804e+00 1.036341796875000000e+03
3.948247863719596129e+00 1.031614868164062500e+03
3.951682616102127454e+00 1.031558105468750000e+03
3.955117368484658780e+00 1.040964233398437500e+03
3.958552120867189217e+00 1.048738403320312500e+03
3.961986873249720542e+00 1.033731201171875000e+03
3.965421625632251867e+00 1.020145446777343750e+03
3.968856378014783193e+00 1.018356018066406250e+03
3.972291130397314074e+00 1.026401611328125000e+03
3.975725882779845399e+00 1.031510375976562500e+03
3.979160635162376725e+00 1.026311889648437500e+03
3.982595387544908050e+00 1.019325134277343750e+03
3.986030139927438487e+00 1.026326904296875000e+03
3.989464892309969812e+00 1.029271972656250000e+03
3.992899644692501138e+00 1.028526489257812500e+03
3.996334397075032463e+00 1.036845825195312500e+03
3.999769149457563788e+00 1.039793212890625000e+03
4.003203901840095114e+00 1.031378051757812500e+03
4.006638654222625995e+00 1.029203735351562500e+03
4.010073406605156876e+00 1.036910888671875000e+03
4.013508158987687757e+00 1.047487182617187500e+03
4.016942911370219527e+00 1.048751831054687500e+03
4.020377663752750408e+00 1.047619628906250000e+03
4.023812416135282177e+00 1.041799072265625000e+03
4.027247168517813058e+00 1.039262573242187500e+03
4.030681920900344828e+00 1.047570556640625000e+03
4.034116673282874821e+00 1.057872436523437500e+03
4.037551425665406590e+00 1.067196899414062500e+03
4.040986178047937472e+00 1.067710449218750000e+03
4.044420930430469241e+00 1.074522094726562500e+03
4.047855682813000122e+00 1.082221923828125000e+03
4.051290435195531892e+00 1.089266479492187500e+03
4.054725187578062773e+00 1.089050659179687500e+03
4.058159939960594542e+00 1.100765380859375000e+03
4.061594692343124535e+00 1.113421752929687500e+03
4.065029444725656305e+00 1.115911132812500000e+03
4.068464197108187186e+00 1.119550781250000000e+03
4.071898949490718955e+00 1.146381469726562500e+03
4.075333701873249836e+00 1.165535644531250000e+03
4.078768454255781606e+00 1.177849121093750000e+03
4.082203206638312487e+00 1.198424804687500000e+03
4.085637959020843368e+00 1.237839843750000000e+03
4.089072711403374250e+00 1.284003295898437500e+03
4.092507463785905131e+00 1.336360595703125000e+03
4.095942216168436900e+00 1.411610961914062500e+03
4.099376968550967781e+00 1.606309204101562500e+03
4.102811720933499551e+00 1.927416381835937500e+03
4.106246473316030432e+00 2.646732910156250000e+03
4.109681225698561313e+00 4.094052734375000000e+03
4.113115978081092194e+00 7.318415039062500000e+03
4.116550730463623964e+00 1.272281933593750000e+04
4.119985482846154845e+00 1.911336523437500000e+04
4.123420235228686614e+00 2.349430468750000000e+04
4.126854987611217496e+00 2.760529882812500000e+04
4.130289739993749265e+00 2.580453320312500000e+04
4.133724492376280146e+00 2.223094531250000000e+04
4.137159244758811028e+00 1.659963085937500000e+04
4.140593997141341909e+00 1.149192968750000000e+04
4.144028749523873678e+00 7.040099121093750000e+03
4.147463501906404559e+00 4.889874023437500000e+03
4.150898254288936329e+00 3.148974609375000000e+03
4.154333006671467210e+00 2.327554199218750000e+03
4.157767759053998091e+00 1.733681274414062500e+03
4.161202511436528972e+00 1.517397949218750000e+03
4.164637263819060742e+00 1.388767700195312500e+03
4.168072016201591623e+00 1.313209350585937500e+03
4.171506768584122504e+00 1.242492065429687500e+03
4.174941520966654274e+00 1.205766479492187500e+03
4.178376273349185155e+00 1.175359375000000000e+03
4.181811025731716924e+00 1.156894897460937500e+03
4.185245778114246917e+00 1.141225463867187500e+03
4.188680530496778687e+00 1.123718017578125000e+03
4.192115282879309568e+00 1.099770996093750000e+03
4.195550035261841337e+00 1.078803222656250000e+03
4.198984787644372219e+00 1.062919433593750000e+03
4.202419540026903988e+00 1.051692260742187500e+03
4.205854292409434869e+00 1.038312866210937500e+03
4.209289044791966639e+00 1.030330078125000000e+03
4.212723797174496632e+00 1.025036254882812500e+03
4.216158549557028401e+00 1.016901184082031250e+03
4.219593301939559282e+00 1.014656555175781250e+03
4.223028054322091052e+00 1.007656433105468750e+03
4.226462806704621933e+00 9.951012573242187500e+02
4.229897559087153702e+00 9.895893554687500000e+02
4.233332311469684583e+00 9.780757446289062500e+02
4.236767063852215465e+00 9.750925903320312500e+02
4.240201816234746346e+00 9.834497070312500000e+02
4.243636568617277227e+00 9.858486328125000000e+02
4.247071320999808997e+00 9.775936889648437500e+02
4.250506073382339878e+00 9.764254150390625000e+02
4.253940825764871647e+00 9.625366210937500000e+02
4.257375578147402528e+00 9.531950683593750000e+02
4.260810330529933410e+00 9.556954956054687500e+02
4.264245082912464291e+00 9.513785400390625000e+02
4.267679835294996060e+00 9.339389038085937500e+02
4.271114587677526941e+00 9.345479736328125000e+02
4.274549340060058711e+00 9.407529907226562500e+02
4.277984092442589592e+00 9.391498413085937500e+02
4.281418844825121361e+00 9.331034545898437500e+02
4.284853597207652243e+00 9.282551879882812500e+02
4.288288349590183124e+00 9.302890014648437500e+02
4.291723101972714005e+00 9.316050415039062500e+02
4.295157854355245775e+00 9.260874023437500000e+02
4.298592606737776656e+00 9.209265747070312500e+02
4.302027359120308425e+00 9.165364990234375000e+02
4.305462111502839306e+00 9.117755126953125000e+02
4.308896863885370188e+00 9.058894653320312500e+02
4.312331616267901069e+00 9.102388305664062500e+02
4.315766368650432838e+00 9.192576293945312500e+02
4.319201121032963719e+00 9.186734619140625000e+02
4.322635873415494601e+00 9.149948730468750000e+02
4.326070625798026370e+00 9.169774169921875000e+02
4.329505378180557251e+00 9.261134033203125000e+02
4.332940130563089021e+00 9.269530639648437500e+02
4.336374882945619014e+00 9.189197387695312500e+02
4.339809635328150783e+00 9.114375610351562500e+02
4.343244387710681664e+00 9.022710571289062500e+02
4.346679140093213434e+00 8.950613403320312500e+02
4.350113892475744315e+00 8.952760009765625000e+02
4.353548644858276084e+00 8.919806518554687500e+02
4.356983397240806966e+00 8.938827514648437500e+02
4.360418149623338735e+00 8.997361450195312500e+02
4.363852902005868728e+00 8.928347167968750000e+02
4.367287654388400497e+00 8.936252441406250000e+02
4.370722406770931379e+00 8.938084716796875000e+02
4.374157159153463148e+00 8.942430419921875000e+02
4.377591911535994029e+00 8.875972900390625000e+02
4.381026663918525799e+00 8.871920166015625000e+02
4.384461416301056680e+00 8.858814697265625000e+02
4.387896168683587561e+00 8.838893432617187500e+02
4.391330921066118442e+00 8.906440429687500000e+02
4.394765673448649324e+00 8.828897705078125000e+02
4.398200425831181093e+00 8.803437500000000000e+02
4.401635178213711974e+00 8.878499145507812500e+02
4.405069930596243744e+00 8.859299316406250000e+02
4.408504682978774625e+00 8.880864868164062500e+02
4.411939435361305506e+00 8.950668945312500000e+02
4.415374187743836387e+00 9.037955932617187500e+02
4.418808940126368157e+00 9.080396118164062500e+02
4.422243692508899038e+00 9.013435058593750000e+02
4.425678444891430807e+00 9.012039184570312500e+02
4.429113197273961688e+00 9.017719726562500000e+02
4.432547949656493458e+00 8.985919189453125000e+02
4.435982702039023451e+00 8.829671020507812500e+02
4.439417454421555220e+00 8.800297241210937500e+02
4.442852206804086101e+00 8.872268066406250000e+02
4.446286959186617871e+00 8.839182128906250000e+02
4.449721711569148752e+00 8.760551147460937500e+02
4.453156463951680522e+00 8.756810302734375000e+02
4.456591216334211403e+00 8.753354492187500000e+02
4.460025968716742284e+00 8.706879272460937500e+02
4.463460721099273165e+00 8.771905517578125000e+02
4.466895473481804935e+00 8.797075195312500000e+02
4.470330225864335816e+00 8.845267333984375000e+02
4.473764978246866697e+00 8.871478271484375000e+02
4.477199730629398466e+00 8.887688598632812500e+02
4.480634483011929348e+00 8.789230957031250000e+02
4.484069235394461117e+00 8.731893310546875000e+02
4.487503987776991110e+00 8.744150390625000000e+02
4.490938740159522879e+00 8.889684448242187500e+02
4.494373492542053761e+00 8.882869262695312500e+02
4.497808244924585530e+00 8.832901611328125000e+02
4.501242997307116411e+00 8.771409912109375000e+02
4.504677749689648181e+00 8.653024902343750000e+02
4.508112502072179062e+00 8.561258544921875000e+02
4.511547254454709943e+00 8.639972534179687500e+02
4.514982006837240824e+00 8.664357299804687500e+02
4.518416759219772594e+00 8.583341674804687500e+02
4.521851511602303475e+00 8.595399169921875000e+02
4.525286263984835244e+00 8.648253784179687500e+02
4.528721016367366126e+00 8.700130615234375000e+02
4.532155768749897895e+00 8.710834960937500000e+02
4.535590521132428776e+00 8.772675781250000000e+02
4.539025273514959657e+00 8.780510864257812500e+02
4.542460025897490539e+00 8.691029663085937500e+02
4.545894778280021420e+00 8.592138671875000000e+02
4.549329530662553189e+00 8.565438232421875000e+02
4.552764283045084071e+00 8.597001342773437500e+02
4.556199035427615840e+00 8.662932128906250000e+02
4.559633787810146721e+00 8.611192016601562500e+02
4.563068540192677602e+00 8.654583740234375000e+02
4.566503292575208484e+00 8.661905517578125000e+02
4.569938044957740253e+00 8.671857910156250000e+02
4.573372797340271134e+00 8.666494750976562500e+02
4.576807549722802904e+00 8.709332275390625000e+02
4.580242302105333785e+00 8.621705322265625000e+02
4.583677054487865554e+00 8.706727294921875000e+02
4.587111806870395547e+00 8.789043579101562500e+02
4.590546559252927317e+00 8.737806396484375000e+02
4.593981311635458198e+00 8.750397949218750000e+02
4.597416064017989967e+00 8.789527587890625000e+02
4.600850816400520849e+00 8.811978759765625000e+02
4.604285568783052618e+00 8.824750976562500000e+02
4.607720321165583499e+00 8.745621948242187500e+02
4.611155073548115269e+00 8.672785644531250000e+02
4.614589825930645262e+00 8.757395019531250000e+02
4.618024578313177031e+00 8.798519897460937500e+02
4.621459330695707912e+00 8.759451293945312500e+02
4.624894083078238793e+00 8.723415527343750000e+02
4.628328835460770563e+00 8.825982666015625000e+02
4.631763587843301444e+00 8.849633178710937500e+02
4.635198340225833213e+00 8.841401367187500000e+02
4.638633092608363206e+00 8.876806640625000000e+02
4.642067844990894976e+00 8.809052734375000000e+02
4.645502597373425857e+00 8.792205200195312500e+02
4.648937349755957626e+00 8.955311279296875000e+02
4.652372102138488508e+00 9.007490234375000000e+02
4.655806854521020277e+00 8.875586547851562500e+02
4.659241606903551158e+00 8.877232055664062500e+02
4.662676359286082040e+00 8.941685791015625000e+02
4.666111111668612921e+00 8.953662109375000000e+02
4.669545864051144690e+00 8.936413574218750000e+02
4.672980616433675571e+00 9.005500488281250000e+02
4.676415368816207341e+00 9.072329711914062500e+02
4.679850121198738222e+00 8.962005615234375000e+02
4.683284873581269991e+00 8.932025756835937500e+02
4.686719625963800873e+00 9.077684936523437500e+02
4.690154378346331754e+00 9.095091552734375000e+02
4.693589130728862635e+00 9.095485839843750000e+02
4.697023883111393516e+00 8.845197753906250000e+02
4.700458635493925286e+00 8.801105346679687500e+02
4.703893387876456167e+00 8.885919799804687500e+02
4.707328140258987936e+00 9.051796264648437500e+02
4.710762892641518818e+00 9.221457519531250000e+02
4.714197645024049699e+00 9.393973388671875000e+02
4.717632397406580580e+00 9.427671508789062500e+02
4.721067149789112349e+00 9.561818847656250000e+02
4.724501902171643231e+00 9.754253540039062500e+02
4.727936654554175000e+00 9.986138916015625000e+02
4.731371406936705881e+00 1.014791870117187500e+03
4.734806159319237651e+00 1.033247680664062500e+03
4.738240911701767644e+00 1.069957275390625000e+03
4.741675664084299413e+00 1.177976318359375000e+03
4.745110416466830294e+00 1.348924316406250000e+03
4.748545168849362064e+00 1.875381958007812500e+03
4.751979921231892945e+00 2.596134033203125000e+03
4.755414673614424714e+00 4.156482421875000000e+03
4.758849425996955596e+00 5.433970214843750000e+03
4.762284178379487365e+00 7.103343261718750000e+03
4.765718930762017358e+00 7.578606933593750000e+03
4.769153683144549127e+00 7.544923339843750000e+03
4.772588435527080009e+00 6.891641113281250000e+03
4.776023187909610890e+00 5.663938964843750000e+03
4.779457940292142659e+00 4.199892089843750000e+03
4.782892692674673540e+00 3.286629882812500000e+03
4.786327445057205310e+00 2.338912353515625000e+03
4.789762197439735303e+00 1.852748168945312500e+03
4.793196949822267072e+00 1.404305908203125000e+03
4.796631702204797953e+00 1.197506225585937500e+03
4.800066454587329723e+00 1.092518554687500000e+03
4.803501206969860604e+00 1.045675292968750000e+03
4.806935959352392373e+00 1.010821044921875000e+03
4.810370711734923255e+00 9.899306030273437500e+02
4.813805464117454136e+00 9.637848510742187500e+02
4.817240216499985017e+00 9.549197998046875000e+02
4.820674968882516787e+00 9.484900512695312500e+02
4.824109721265047668e+00 9.471332397460937500e+02
4.827544473647579437e+00 9.383577880859375000e+02
4.830979226030110318e+00 9.247442626953125000e+02
4.834413978412642088e+00 9.246928100585937500e+02
4.837848730795172969e+00 9.314701538085937500e+02
4.841283483177703850e+00 9.322083740234375000e+02
4.844718235560234731e+00 9.312738647460937500e+02
4.848152987942766501e+00 9.265249633789062500e+02
4.851587740325297382e+00 9.183717041015625000e+02
4.855022492707828263e+00 9.205435791015625000e+02
4.858457245090360033e+00 9.219252319335937500e+02
4.861891997472890914e+00 9.211142578125000000e+02
4.865326749855421795e+00 9.244717407226562500e+02
4.868761502237952676e+00 9.195254516601562500e+02
4.872196254620484446e+00 9.260285644531250000e+02
4.875631007003015327e+00 9.252547607421875000e+02
4.879065759385547096e+00 9.183273925781250000e+02
4.882500511768077978e+00 9.095174560546875000e+02
4.885935264150609747e+00 9.122279052734375000e+02
4.889370016533139740e+00 9.146592407226562500e+02
4.892804768915671509e+00 9.124009399414062500e+02
4.896239521298202391e+00 9.110027465820312500e+02
4.899674273680734160e+00 9.086239013671875000e+02
4.903109026063265041e+00 9.093703613281250000e+02
4.906543778445796811e+00 9.166227416992187500e+02
4.909978530828327692e+00 9.176838378906250000e+02
4.913413283210858573e+00 9.194880371093750000e+02
4.916848035593389454e+00 9.181213378906250000e+02
4.920282787975921224e+00 9.053534545898437500e+02
4.923717540358452105e+00 9.019003906250000000e+02
4.927152292740982986e+00 9.120382690429687500e+02
4.930587045123514756e+00 9.148756103515625000e+02
4.934021797506045637e+00 9.216992797851562500e+02
4.937456549888577406e+00 9.266083984375000000e+02
4.940891302271107399e+00 9.289984741210937500e+02
4.944326054653639169e+00 9.339035644531250000e+02
4.947760807036170050e+00 9.407912597656250000e+02
4.951195559418701819e+00 9.495767211914062500e+02
4.954630311801232700e+00 9.480561523437500000e+02
4.958065064183764470e+00 9.508761596679687500e+02
4.961499816566295351e+00 9.627234497070312500e+02
4.964934568948826232e+00 9.743569335937500000e+02
4.968369321331357114e+00 9.783073120117187500e+02
4.971804073713888883e+00 9.835902099609375000e+02
4.975238826096419764e+00 9.870767822265625000e+02
4.978673578478951534e+00 9.926948852539062500e+02
4.982108330861482415e+00 9.985789794921875000e+02
4.985543083244014184e+00 1.005605712890625000e+03
4.988977835626544177e+00 1.020126220703125000e+03
4.992412588009075947e+00 1.042304199218750000e+03
4.995847340391606828e+00 1.052030883789062500e+03
4.999282092774138597e+00 1.065514160156250000e+03
5.002716845156669478e+00 1.085197143554687500e+03
5.006151597539200360e+00 1.102309692382812500e+03
5.009586349921732129e+00 1.133480346679687500e+03
5.013021102304263010e+00 1.174950439453125000e+03
5.016455854686793892e+00 1.214385131835937500e+03
5.019890607069324773e+00 1.286858398437500000e+03
5.023325359451856542e+00 1.388814941406250000e+03
5.026760111834387423e+00 1.542299560546875000e+03
5.030194864216919193e+00 1.879141967773437500e+03
5.033629616599450074e+00 2.503505126953125000e+03
5.037064368981981843e+00 4.090360595703125000e+03
5.040499121364511836e+00 6.828151855468750000e+03
5.043933873747043606e+00 1.159865820312500000e+04
5.047368626129574487e+00 1.733192578125000000e+04
5.050803378512106256e+00 2.228935351562500000e+04
5.054238130894637138e+00 2.425447265625000000e+04
5.057672883277168907e+00 2.427233203125000000e+04
5.061107635659699788e+00 2.113612890625000000e+04
5.064542388042230669e+00 1.683368359375000000e+04
5.067977140424761551e+00 1.243149218750000000e+04
5.071411892807293320e+00 8.663025390625000000e+03
5.074846645189824201e+00 6.020130371093750000e+03
5.078281397572355083e+00 4.050708984375000000e+03
5.081716149954886852e+00 2.856122558593750000e+03
5.085150902337417733e+00 2.060529052734375000e+03
5.088585654719949503e+00 1.640184204101562500e+03
5.092020407102479496e+00 1.412068237304687500e+03
5.095455159485011265e+00 1.306431518554687500e+03
5.098889911867542146e+00 1.237107788085937500e+03
5.102324664250073916e+00 1.193098876953125000e+03
5.105759416632604797e+00 1.163391723632812500e+03
5.109194169015136566e+00 1.140082275390625000e+03
5.112628921397667447e+00 1.114106079101562500e+03
5.116063673780198329e+00 1.088792968750000000e+03
5.119498426162729210e+00 1.073586303710937500e+03
5.122933178545260979e+00 1.051497436523437500e+03
5.126367930927791861e+00 1.033019531250000000e+03
5.129802683310323630e+00 1.015501708984375000e+03
5.133237435692854511e+00 1.009454162597656250e+03
5.136672188075386281e+00 1.009602966308593750e+03
5.140106940457916274e+00 1.004507446289062500e+03
5.143541692840448043e+00 9.887136230468750000e+02
5.146976445222978924e+00 9.767368774414062500e+02
5.150411197605510694e+00 9.754177246093750000e+02
5.153845949988041575e+00 9.755330200195312500e+02
5.157280702370572456e+00 9.706788940429687500e+02
5.160715454753104225e+00 9.639418945312500000e+02
5.164150207135635107e+00 9.467371215820312500e+02
5.167584959518165988e+00 9.396213378906250000e+02
5.171019711900696869e+00 9.367014160156250000e+02
5.174454464283228639e+00 9.404141235351562500e+02
5.177889216665759520e+00 9.450756835937500000e+02
5.181323969048291289e+00 9.489957885742187500e+02
5.184758721430822170e+00 9.469798583984375000e+02
5.188193473813353940e+00 9.324249267578125000e+02
5.191628226195883933e+00 9.182472534179687500e+02
5.195062978578415702e+00 9.174683227539062500e+02
5.198497730960946583e+00 9.235156250000000000e+02
5.201932483343478353e+00 9.311277465820312500e+02
5.205367235726009234e+00 9.358125000000000000e+02
5.208801988108541003e+00 9.273931274414062500e+02
5.212236740491071885e+00 9.224533691406250000e+02
5.215671492873602766e+00 9.271386108398437500e+02
5.219106245256133647e+00 9.252755126953125000e+02
5.222540997638665417e+00 9.250151977539062500e+02
5.225975750021196298e+00 9.243142089843750000e+02
5.229410502403727179e+00 9.252946777343750000e+02
5.232845254786258948e+00 9.295930175781250000e+02
5.236280007168789830e+00 9.329512939453125000e+02
5.239714759551321599e+00 9.338364868164062500e+02
5.243149511933851592e+00 9.392443847656250000e+02
5.246584264316383361e+00 9.434321899414062500e+02
5.250019016698914243e+00 9.360258789062500000e+02
5.253453769081446012e+00 9.310466308593750000e+02
5.256888521463976893e+00 9.456308593750000000e+02
5.260323273846508663e+00 9.632074584960937500e+02
5.263758026229039544e+00 9.775871582031250000e+02
5.267192778611570425e+00 9.847433471679687500e+02
5.270627530994101306e+00 9.902344360351562500e+02
5.274062283376633076e+00 1.004560791015625000e+03
5.277497035759163957e+00 1.012412536621093750e+03
5.280931788141695726e+00 1.016183776855468750e+03
5.284366540524226608e+00 1.028911499023437500e+03
5.287801292906758377e+00 1.046934814453125000e+03
5.291236045289288370e+00 1.083484497070312500e+03
5.294670797671820139e+00 1.120924316406250000e+03
5.298105550054351021e+00 1.192881958007812500e+03
5.301540302436882790e+00 1.296445922851562500e+03
5.304975054819413671e+00 1.515929443359375000e+03
5.308409807201944552e+00 1.928076538085937500e+03
5.311844559584476322e+00 2.975254394531250000e+03
5.315279311967006315e+00 4.823891601562500000e+03
5.318714064349538084e+00 7.746807128906250000e+03
5.322148816732068966e+00 1.102012695312500000e+04
5.325583569114600735e+00 1.363557421875000000e+04
5.329018321497131616e+00 1.534791894531250000e+04
5.332453073879663386e+00 1.543330664062500000e+04
5.335887826262194267e+00 1.409724218750000000e+04
5.339322578644726036e+00 1.182769433593750000e+04
5.342757331027256029e+00 8.847078125000000000e+03
5.346192083409787799e+00 6.791857910156250000e+03
5.349626835792318680e+00 4.606316894531250000e+03
5.353061588174850449e+00 3.475161621093750000e+03
5.356496340557381330e+00 2.269640625000000000e+03
5.359931092939913100e+00 1.762783081054687500e+03
5.363365845322443981e+00 1.392547241210937500e+03
5.366800597704974862e+00 1.237423950195312500e+03
5.370235350087505743e+00 1.133407104492187500e+03
5.373670102470037513e+00 1.090500488281250000e+03
5.377104854852568394e+00 1.058006835937500000e+03
5.380539607235100164e+00 1.031340087890625000e+03
5.383974359617631045e+00 1.001644531250000000e+03
5.387409112000161926e+00 9.864354248046875000e+02
5.390843864382692807e+00 9.813711547851562500e+02
5.394278616765223688e+00 9.747115478515625000e+02
5.397713369147755458e+00 9.641012573242187500e+02
5.401148121530286339e+00 9.547579956054687500e+02
5.404582873912818108e+00 9.525032958984375000e+02
5.408017626295348990e+00 9.515363159179687500e+02
5.411452378677880759e+00 9.450177001953125000e+02
5.414887131060411640e+00 9.419460449218750000e+02
5.418321883442942521e+00 9.463170166015625000e+02
5.421756635825473403e+00 9.426259155273437500e+02
5.425191388208005172e+00 9.308226928710937500e+02
5.428626140590536053e+00 9.243612670898437500e+02
5.432060892973067823e+00 9.190578002929687500e+02
5.435495645355598704e+00 9.074603881835937500e+02
5.438930397738130473e+00 9.057972412109375000e+02
5.442365150120660466e+00 9.184746704101562500e+02
5.445799902503192236e+00 9.159060058593750000e+02
5.449234654885723117e+00 9.054168090820312500e+02
5.452669407268254886e+00 9.001340942382812500e+02
5.456104159650785768e+00 8.997114868164062500e+02
5.459538912033316649e+00 8.986691284179687500e+02
5.462973664415848418e+00 8.923294067382812500e+02
5.466408416798379299e+00 8.821240844726562500e+02
5.469843169180910181e+00 8.919841918945312500e+02
5.473277921563441062e+00 9.004748535156250000e+02
5.476712673945972831e+00 8.915238647460937500e+02
5.480147426328503713e+00 8.889131469726562500e+02
5.483582178711035482e+00 9.008717041015625000e+02
5.487016931093566363e+00 8.974996948242187500e+02
5.490451683476098133e+00 8.976276245117187500e+02
5.493886435858628126e+00 9.068447265625000000e+02
5.497321188241159895e+00 9.002387084960937500e+02
5.500755940623690776e+00 9.023376464843750000e+02
5.504190693006222546e+00 9.067728881835937500e+02
5.507625445388753427e+00 9.052930908203125000e+02
5.511060197771285196e+00 9.090876464843750000e+02
5.514494950153816077e+00 9.150614624023437500e+02
5.517929702536346959e+00 9.136492309570312500e+02
5.521364454918877840e+00 9.098740234375000000e+02
5.524799207301409609e+00 9.183957519531250000e+02
5.528233959683940490e+00 9.210954589843750000e+02
5.531668712066472260e+00 9.310355834960937500e+02
5.535103464449003141e+00 9.395114746093750000e+02
5.538538216831534022e+00 9.433267822265625000e+02
5.541972969214064904e+00 9.553596191406250000e+02
5.545407721596595785e+00 9.712015380859375000e+02
5.548842473979127554e+00 9.814589233398437500e+02
5.552277226361658435e+00 9.996992187500000000e+02
5.555711978744190205e+00 1.030102294921875000e+03
5.559146731126721086e+00 1.076937988281250000e+03
5.562581483509252855e+00 1.163741455078125000e+03
5.566016235891783737e+00 1.314928710937500000e+03
5.569450988274314618e+00 1.669583618164062500e+03
5.572885740656845499e+00 2.377625976562500000e+03
5.576320493039377268e+00 3.847379638671875000e+03
5.579755245421908150e+00 6.003263671875000000e+03
5.583189997804439919e+00 8.210095703125000000e+03
5.586624750186970800e+00 1.023151953125000000e+04
5.590059502569502570e+00 1.065782226562500000e+04
5.593494254952032563e+00 1.051732617187500000e+04
5.596929007334564332e+00 9.178452148437500000e+03
5.600363759717095213e+00 7.211916503906250000e+03
5.603798512099626983e+00 5.430819824218750000e+03
5.607233264482157864e+00 3.862521728515625000e+03
5.610668016864688745e+00 2.794686279296875000e+03
5.614102769247220515e+00 2.080691162109375000e+03
5.617537521629751396e+00 1.610445312500000000e+03
5.620972274012282277e+00 1.311586914062500000e+03
5.624407026394813158e+00 1.154846801757812500e+03
5.627841778777344928e+00 1.071341308593750000e+03
5.631276531159875809e+00 1.030029663085937500e+03
5.634711283542407578e+00 9.989207763671875000e+02
5.638146035924938460e+00 9.754237060546875000e+02
5.641580788307470229e+00 9.639270629882812500e+02
5.645015540690000222e+00 9.570994262695312500e+02
5.648450293072531991e+00 9.504943847656250000e+02
5.651885045455062873e+00 9.439135131835937500e+02
5.655319797837594642e+00 9.317704467773437500e+02
5.658754550220125523e+00 9.210131835937500000e+02
5.662189302602657293e+00 9.092619628906250000e+02
5.665624054985188174e+00 9.097932128906250000e+02
5.669058807367719055e+00 9.048906250000000000e+02
5.672493559750249936e+00 8.978445434570312500e+02
5.675928312132781706e+00 8.967708129882812500e+02
5.679363064515312587e+00 8.881128540039062500e+02
5.682797816897844356e+00 8.854279785156250000e+02
5.686232569280375237e+00 8.801453247070312500e+02
5.689667321662906119e+00 8.823479003906250000e+02
5.693102074045437000e+00 8.819090576171875000e+02
5.696536826427967881e+00 8.737105102539062500e+02
5.699971578810499651e+00 8.717250366210937500e+02
5.703406331193030532e+00 8.729130249023437500e+02
5.706841083575562301e+00 8.636378784179687500e+02
5.710275835958093182e+00 8.659068603515625000e+02
5.713710588340624952e+00 8.674633178710937500e+02
5.717145340723154945e+00 8.652544555664062500e+02
5.720580093105686714e+00 8.635621948242187500e+02
5.724014845488217595e+00 8.613858642578125000e+02
5.727449597870749365e+00 8.596780395507812500e+02
5.730884350253280246e+00 8.589044799804687500e+02
5.734319102635812015e+00 8.614089965820312500e+02
5.737753855018342897e+00 8.621394042968750000e+02
5.741188607400874666e+00 8.693334960937500000e+02
5.744623359783404659e+00 8.855341186523437500e+02
5.748058112165936429e+00 8.820026245117187500e+02
5.751492864548467310e+00 8.709239501953125000e+02
5.754927616930999079e+00 8.643176269531250000e+02
5.758362369313529960e+00 8.603822021484375000e+02
5.761797121696060842e+00 8.532290039062500000e+02
5.765231874078592611e+00 8.528829345703125000e+02
5.768666626461123492e+00 8.591105957031250000e+02
5.772101378843654373e+00 8.633494262695312500e+02
5.775536131226185255e+00 8.613473510742187500e+02
5.778970883608717024e+00 8.605535278320312500e+02
5.782405635991247905e+00 8.705023803710937500e+02
5.785840388373779675e+00 8.639151611328125000e+02
5.789275140756310556e+00 8.663051147460937500e+02
5.792709893138841437e+00 8.714553222656250000e+02
5.796144645521372318e+00 8.676472167968750000e+02
5.799579397903904088e+00 8.591668701171875000e+02
5.803014150286434969e+00 8.607753295898437500e+02
5.806448902668966738e+00 8.682335205078125000e+02
5.809883655051497620e+00 8.823135375976562500e+02
5.813318407434029389e+00 9.022249755859375000e+02
5.816753159816560270e+00 9.451980590820312500e+02
5.820187912199091151e+00 1.012975585937500000e+03
5.823622664581622033e+00 1.191120483398437500e+03
5.827057416964153802e+00 1.439077636718750000e+03
5.830492169346684683e+00 1.742285034179687500e+03
5.833926921729216453e+00 2.070335693359375000e+03
5.837361674111747334e+00 2.268306640625000000e+03
5.840796426494278215e+00 2.327101806640625000e+03
5.844231178876809096e+00 2.338989746093750000e+03
5.847665931259339978e+00 2.072691650390625000e+03
5.851100683641871747e+00 1.830721191406250000e+03
5.854535436024402628e+00 1.542437011718750000e+03
5.857970188406934398e+00 1.355787231445312500e+03
5.861404940789465279e+00 1.194014770507812500e+03
5.864839693171997048e+00 1.087019409179687500e+03
5.868274445554527041e+00 9.606378784179687500e+02
5.871709197937058811e+00 9.221176147460937500e+02
5.875143950319589692e+00 8.885691528320312500e+02
5.878578702702121461e+00 8.823211669921875000e+02
5.882013455084652342e+00 8.691040039062500000e+02
5.885448207467184112e+00 8.601532592773437500e+02
5.888882959849714993e+00 8.502349243164062500e+02
5.892317712232246762e+00 8.401743164062500000e+02
5.895752464614776756e+00 8.417730712890625000e+02
5.899187216997308525e+00 8.499545898437500000e+02
5.902621969379839406e+00 8.515348510742187500e+02
5.906056721762371176e+00 8.552642822265625000e+02
5.909491474144902057e+00 8.602562255859375000e+02
5.912926226527432938e+00 8.625737304687500000e+02
5.916360978909964707e+00 8.590164184570312500e+02
5.919795731292495589e+00 8.510560302734375000e+02
5.923230483675026470e+00 8.433656616210937500e+02
5.926665236057557351e+00 8.507295532226562500e+02
5.930099988440089120e+00 8.586587524414062500e+02
5.933534740822620002e+00 8.553530883789062500e+02
5.936969493205151771e+00 8.527035522460937500e+02
5.940404245587682652e+00 8.534289550781250000e+02
5.943838997970213534e+00 8.549503784179687500e+02
5.947273750352744415e+00 8.595178833007812500e+02
5.950708502735276184e+00 8.673460083007812500e+02
5.954143255117807065e+00 8.673908081054687500e+02
5.957578007500338835e+00 8.621404418945312500e+02
5.961012759882869716e+00 8.606077880859375000e+02
5.964447512265401485e+00 8.604140014648437500e+02
5.967882264647932367e+00 8.579271240234375000e+02
5.971317017030463248e+00 8.575353393554687500e+02
5.974751769412994129e+00 8.581505126953125000e+02
5.978186521795525898e+00 8.602362060546875000e+02
5.981621274178056780e+00 8.609791870117187500e+02
5.985056026560588549e+00 8.645460205078125000e+02
5.988490778943119430e+00 8.706640014648437500e+02
5.991925531325650311e+00 8.801703491210937500e+02
5.995360283708181193e+00 8.848684692382812500e+02
5.998795036090712074e+00 8.909058227539062500e+02
6.002229788473243843e+00 8.888215942382812500e+02
6.005664540855774725e+00 8.858831176757812500e+02
6.009099293238306494e+00 8.910727539062500000e+02
6.012534045620837375e+00 8.954468994140625000e+02
6.015968798003369145e+00 8.988084716796875000e+02
6.019403550385899138e+00 9.052391357421875000e+02
6.022838302768430907e+00 9.149922485351562500e+02
6.026273055150961788e+00 9.104804687500000000e+02
6.029707807533493558e+00 9.160432739257812500e+02
6.033142559916024439e+00 9.233333129882812500e+02
6.036577312298556208e+00 9.398264160156250000e+02
6.040012064681087089e+00 9.587006835937500000e+02
6.043446817063618859e+00 9.862148437500000000e+02
6.046881569446148852e+00 1.028969970703125000e+03
6.050316321828680621e+00 1.084194091796875000e+03
6.053751074211211503e+00 1.197980224609375000e+03
6.057185826593743272e+00 1.449989257812500000e+03
6.060620578976274153e+00 1.979799926757812500e+03
6.064055331358805923e+00 3.021499755859375000e+03
6.067490083741336804e+00 4.610483886718750000e+03
6.070924836123867685e+00 6.523425781250000000e+03
6.074359588506398566e+00 8.286119140625000000e+03
6.077794340888929447e+00 8.899723632812500000e+03
6.081229093271461217e+00 9.216652343750000000e+03
6.084663845653992098e+00 7.867430175781250000e+03
6.088098598036523867e+00 6.517702636718750000e+03
6.091533350419054749e+00 4.963663574218750000e+03
6.094968102801585630e+00 3.710648681640625000e+03
6.098402855184116511e+00 2.673203613281250000e+03
6.101837607566648281e+00 2.009813598632812500e+03
6.105272359949179162e+00 1.516272949218750000e+03
6.108707112331710931e+00 1.267013671875000000e+03
6.112141864714241812e+00 1.107941406250000000e+03
6.115576617096773582e+00 1.021651184082031250e+03
6.119011369479304463e+00 9.860689697265625000e+02
6.122446121861835344e+00 9.741262207031250000e+02
6.125880874244366225e+00 9.560335693359375000e+02
6.129315626626897995e+00 9.397293701171875000e+02
6.132750379009428876e+00 9.325366210937500000e+02
6.136185131391960645e+00 9.241857910156250000e+02
6.139619883774491527e+00 9.136204833984375000e+02
6.143054636157022408e+00 9.101991577148437500e+02
6.146489388539553289e+00 9.063699951171875000e+02
6.149924140922085058e+00 9.053147583007812500e+02
6.153358893304615940e+00 9.024433593750000000e+02
6.156793645687146821e+00 8.913016357421875000e+02
6.160228398069678590e+00 8.936693725585937500e+02
6.163663150452209472e+00 8.942140502929687500e+02
6.167097902834741241e+00 8.890876464843750000e+02
6.170532655217271234e+00 8.839129028320312500e+02
6.173967407599803003e+00 8.813605957031250000e+02
6.177402159982333885e+00 8.845037231445312500e+02
6.180836912364865654e+00 8.853797607421875000e+02
6.184271664747396535e+00 8.827929077148437500e+02
6.187706417129928305e+00 8.826840209960937500e+02
6.191141169512459186e+00 8.820255737304687500e+02
6.194575921894990067e+00 8.902923583984375000e+02
6.198010674277520948e+00 9.044489135742187500e+02
6.201445426660052718e+00 9.021274414062500000e+02
6.204880179042583599e+00 8.893368530273437500e+02
6.208314931425115368e+00 8.860343017578125000e+02
6.211749683807646250e+00 8.930953979492187500e+02
6.215184436190178019e+00 8.994619750976562500e+02
6.218619188572708900e+00 9.006162109375000000e+02
6.222053940955239781e+00 9.061773681640625000e+02
6.225488693337770663e+00 9.076665039062500000e+02
6.228923445720301544e+00 9.084652709960937500e+02
6.232358198102833313e+00 9.145714111328125000e+02
6.235792950485364194e+00 9.234149780273437500e+02
6.239227702867895964e+00 9.282386474609375000e+02
6.242662455250426845e+00 9.291047973632812500e+02
6.246097207632957726e+00 9.390740966796875000e+02
6.249531960015488607e+00 9.581949462890625000e+02
6.252966712398020377e+00 9.745369873046875000e+02
6.256401464780551258e+00 9.853212280273437500e+02
6.259836217163083028e+00 9.973792114257812500e+02
6.263270969545613909e+00 1.010640197753906250e+03
6.266705721928145678e+00 1.023161865234375000e+03
6.270140474310675671e+00 1.050712280273437500e+03
6.273575226693207441e+00 1.104589599609375000e+03
6.277009979075738322e+00 1.179292968750000000e+03
6.280444731458270091e+00 1.314958129882812500e+03
6.283879483840800972e+00 1.545702270507812500e+03
6.287314236223332742e+00 2.099869384765625000e+03
6.290748988605863623e+00 3.102956787109375000e+03
6.294183740988394504e+00 5.321340820312500000e+03
6.297618493370925385e+00 7.822269531250000000e+03
6.301053245753457155e+00 1.086632031250000000e+04
6.304487998135988036e+00 1.286947949218750000e+04
6.307922750518518917e+00 1.404277929687500000e+04
6.311357502901050687e+00 1.389952636718750000e+04
6.314792255283581568e+00 1.232261230468750000e+04
6.318227007666113337e+00 1.033773046875000000e+04
6.321661760048643330e+00 7.844195800781250000e+03
6.325096512431175100e+00 5.755197265625000000e+03
6.328531264813705981e+00 4.158981445312500000e+03
6.331966017196237750e+00 3.099983642578125000e+03
6.335400769578768632e+00 2.263031005859375000e+03
6.338835521961300401e+00 1.721561767578125000e+03
6.342270274343831282e+00 1.380647216796875000e+03
6.345705026726362163e+00 1.206397583007812500e+03
6.349139779108893045e+00 1.109826049804687500e+03
6.352574531491424814e+00 1.044076904296875000e+03
6.356009283873955695e+00 1.011467834472656250e+03
6.359444036256487465e+00 9.997781372070312500e+02
6.362878788639018346e+00 9.848419189453125000e+02
6.366313541021550115e+00 9.719617919921875000e+02
6.369748293404080997e+00 9.668507080078125000e+02
6.373183045786611878e+00 9.575750122070312500e+02
6.376617798169142759e+00 9.428555908203125000e+02
6.380052550551673640e+00 9.309494018554687500e+02
6.383487302934205410e+00 9.231167602539062500e+02
6.386922055316736291e+00 8.471295776367187500e+02
6.390356807699268060e+00 2.586067504882812500e+02
6.393791560081798941e+00 2.591677246093750000e+02
6.397226312464329823e+00 8.665795288085937500e+02
6.400661064846860704e+00 8.935657348632812500e+02
6.404095817229392473e+00 8.805876464843750000e+02
6.407530569611923355e+00 8.643628540039062500e+02
6.410965321994455124e+00 8.624029541015625000e+02
6.414400074376986005e+00 8.673862304687500000e+02
6.417834826759517775e+00 8.632428588867187500e+02
6.421269579142047768e+00 8.521715087890625000e+02
6.424704331524579537e+00 8.482255859375000000e+02
6.428139083907110418e+00 8.429401245117187500e+02
6.431573836289642188e+00 8.398274536132812500e+02
6.435008588672173069e+00 8.466862792968750000e+02
6.438443341054704838e+00 8.459300537109375000e+02
6.441878093437235719e+00 8.374637451171875000e+02
6.445312845819766601e+00 8.376475219726562500e+02
6.448747598202297482e+00 8.375823364257812500e+02
6.452182350584829251e+00 8.376752929687500000e+02
6.455617102967360132e+00 8.364561767578125000e+02
6.459051855349891014e+00 8.318923950195312500e+02
6.462486607732422783e+00 8.221806030273437500e+02
6.465921360114953664e+00 8.115227661132812500e+02
6.469356112497485434e+00 8.138699340820312500e+02
6.472790864880015427e+00 8.183538818359375000e+02
6.476225617262547196e+00 8.189194946289062500e+02
6.479660369645078077e+00 8.240980224609375000e+02
6.483095122027609847e+00 8.263695678710937500e+02
6.486529874410140728e+00 8.230664672851562500e+02
6.489964626792672497e+00 8.211027832031250000e+02
6.493399379175203379e+00 8.157616577148437500e+02
6.496834131557734260e+00 8.118359985351562500e+02
6.500268883940265141e+00 8.011851196289062500e+02
6.503703636322796910e+00 7.950920410156250000e+02
6.507138388705327792e+00 8.082983398437500000e+02
6.510573141087859561e+00 8.201928710937500000e+02
6.514007893470390442e+00 8.218336791992187500e+02
6.517442645852922212e+00 8.133320922851562500e+02
6.520877398235453093e+00 8.164869995117187500e+02
6.524312150617983974e+00 8.244859008789062500e+02
6.527746903000514855e+00 8.301307983398437500e+02
6.531181655383045737e+00 8.206157226562500000e+02
6.534616407765577506e+00 8.211253662109375000e+02
6.538051160148108387e+00 8.187790527343750000e+02
6.541485912530640157e+00 8.222803344726562500e+02
6.544920664913171038e+00 8.260145874023437500e+02
6.548355417295701919e+00 8.236520385742187500e+02
6.551790169678232800e+00 8.169402465820312500e+02
6.555224922060764570e+00 8.136646118164062500e+02
6.558659674443295451e+00 8.097026977539062500e+02
6.562094426825827220e+00 8.062958374023437500e+02
6.565529179208358102e+00 8.076831054687500000e+02
6.568963931590889871e+00 8.124458618164062500e+02
6.572398683973419864e+00 8.161276245117187500e+02
6.575833436355951633e+00 8.206178588867187500e+02
6.579268188738482515e+00 8.185475463867187500e+02
6.582702941121014284e+00 8.143720092773437500e+02
6.586137693503545165e+00 8.117322998046875000e+02
6.589572445886076935e+00 8.087849731445312500e+02
6.593007198268607816e+00 8.068460693359375000e+02
6.596441950651138697e+00 8.103361816406250000e+02
6.599876703033669578e+00 8.060656738281250000e+02
6.603311455416201348e+00 8.039809570312500000e+02
6.606746207798732229e+00 8.103927001953125000e+02
6.610180960181263110e+00 8.144088134765625000e+02
6.613615712563794879e+00 8.104262695312500000e+02
6.617050464946325761e+00 8.167052612304687500e+02
6.620485217328857530e+00 8.145449829101562500e+02
6.623919969711387523e+00 8.092088623046875000e+02
6.627354722093919293e+00 8.085211791992187500e+02
6.630789474476450174e+00 8.138922119140625000e+02
6.634224226858981943e+00 8.158415527343750000e+02
6.637658979241512824e+00 8.143402709960937500e+02
6.641093731624044594e+00 8.119201660156250000e+02
6.644528484006575475e+00 8.088276367187500000e+02
6.647963236389106356e+00 8.101682128906250000e+02
6.651397988771637237e+00 8.188853759765625000e+02
6.654832741154169007e+00 8.230930786132812500e+02
6.658267493536699888e+00 8.180382080078125000e+02
6.661702245919231657e+00 8.106097412109375000e+02
6.665136998301762539e+00 8.121491699218750000e+02
6.668571750684294308e+00 8.148835449218750000e+02
6.672006503066824301e+00 8.190712890625000000e+02
6.675441255449356071e+00 8.247988891601562500e+02
6.678876007831886952e+00 8.155873413085937500e+02
6.682310760214417833e+00 8.170013427734375000e+02
6.685745512596949602e+00 8.217575683593750000e+02
6.689180264979480484e+00 8.258964843750000000e+02
6.692615017362012253e+00 8.242913208007812500e+02
6.696049769744543134e+00 8.305830688476562500e+02
6.699484522127074015e+00 8.427565917968750000e+02
6.702919274509604897e+00 8.471164550781250000e+02
6.706354026892136666e+00 8.491731567382812500e+02
6.709788779274667547e+00 8.518649291992187500e+02
6.713223531657199317e+00 8.793638305664062500e+02
6.716658284039730198e+00 9.245127563476562500e+02
6.720093036422261967e+00 9.618234863281250000e+02
6.723527788804791960e+00 1.003974853515625000e+03
6.726962541187323730e+00 1.105931762695312500e+03
6.730397293569854611e+00 1.226295532226562500e+03
6.733832045952386380e+00 1.585284057617187500e+03
6.737266798334917262e+00 1.966881958007812500e+03
6.740701550717449031e+00 2.429211669921875000e+03
6.744136303099979912e+00 2.805688964843750000e+03
6.747571055482510793e+00 2.912085205078125000e+03
6.751005807865041675e+00 2.841079833984375000e+03
6.754440560247573444e+00 2.505945800781250000e+03
6.757875312630104325e+00 2.117632568359375000e+03
6.761310065012635206e+00 1.715640991210937500e+03
6.764744817395166976e+00 1.444567138671875000e+03
6.768179569777697857e+00 1.232712280273437500e+03
6.771614322160229626e+00 1.103777709960937500e+03
6.775049074542759620e+00 9.828065795898437500e+02
6.778483826925291389e+00 9.183338623046875000e+02
6.781918579307822270e+00 8.840515747070312500e+02
6.785353331690354040e+00 8.713471069335937500e+02
6.788788084072884921e+00 8.610949096679687500e+02
6.792222836455416690e+00 8.516830444335937500e+02
6.795657588837947571e+00 8.508535156250000000e+02
6.799092341220478453e+00 8.460664062500000000e+02
6.802527093603009334e+00 8.417463378906250000e+02
6.805961845985541103e+00 8.428165283203125000e+02
6.809396598368071984e+00 8.435687866210937500e+02
6.812831350750603754e+00 8.432587890625000000e+02
6.816266103133134635e+00 8.370019531250000000e+02
6.819700855515666404e+00 8.401220703125000000e+02
6.823135607898196398e+00 8.421055908203125000e+02
6.826570360280728167e+00 8.422963256835937500e+02
6.830005112663259048e+00 8.482753295898437500e+02
6.833439865045790818e+00 8.483123779296875000e+02
6.836874617428321699e+00 8.437608642578125000e+02
6.840309369810852580e+00 8.407401733398437500e+02
6.843744122193384349e+00 8.373560180664062500e+02
6.847178874575915231e+00 8.429771118164062500e+02
6.850613626958446112e+00 8.431934204101562500e+02
6.854048379340976993e+00 8.473680419921875000e+02
6.857483131723508762e+00 8.513773193359375000e+02
6.860917884106039644e+00 8.483895874023437500e+02
6.864352636488571413e+00 8.520790405273437500e+02
6.867787388871102294e+00 8.586826782226562500e+02
6.871222141253634064e+00 8.627315673828125000e+02
6.874656893636164057e+00 8.683791503906250000e+02
6.878091646018695826e+00 8.749627685546875000e+02
6.881526398401226707e+00 8.794331054687500000e+02
6.884961150783758477e+00 8.823739624023437500e+02
6.888395903166289358e+00 8.813994750976562500e+02
6.891830655548821127e+00 8.821481323242187500e+02
6.895265407931352009e+00 8.901079101562500000e+02
6.898700160313882890e+00 9.008541259765625000e+02
6.902134912696413771e+00 9.161355590820312500e+02
6.905569665078945540e+00 9.339220581054687500e+02
6.909004417461476422e+00 9.453555908203125000e+02
6.912439169844007303e+00 9.602589111328125000e+02
6.915873922226539072e+00 9.956472167968750000e+02
6.919308674609069953e+00 1.043897827148437500e+03
6.922743426991601723e+00 1.109324584960937500e+03
6.926178179374131716e+00 1.242793579101562500e+03
6.929612931756663485e+00 1.488817260742187500e+03
6.933047684139194367e+00 2.075661621093750000e+03
6.936482436521726136e+00 3.095368408203125000e+03
6.939917188904257017e+00 4.954733886718750000e+03
6.943351941286788787e+00 7.103933105468750000e+03
6.946786693669319668e+00 8.995248046875000000e+03
6.950221446051850549e+00 1.039272949218750000e+04
6.953656198434381430e+00 1.073918359375000000e+04
6.957090950816913200e+00 1.045697070312500000e+04
6.960525703199444081e+00 9.012254882812500000e+03
6.963960455581975850e+00 7.554650390625000000e+03
6.967395207964506731e+00 5.623197753906250000e+03
6.970829960347038501e+00 4.399980957031250000e+03
6.974264712729568494e+00 3.155959472656250000e+03
6.977699465112100263e+00 2.480643066406250000e+03
6.981134217494631145e+00 1.870543701171875000e+03
6.984568969877162914e+00 1.511200317382812500e+03
6.988003722259693795e+00 1.238112915039062500e+03
6.991438474642224676e+00 1.113774536132812500e+03
6.994873227024756446e+00 1.041286499023437500e+03
6.998307979407287327e+00 1.002406738281250000e+03
7.001742731789818208e+00 9.742631835937500000e+02
7.005177484172349089e+00 9.646751708984375000e+02
7.008612236554880859e+00 9.533562011718750000e+02
7.012046988937411740e+00 9.345601196289062500e+02
7.015481741319943509e+00 9.220728759765625000e+02
7.018916493702474391e+00 9.112896728515625000e+02
7.022351246085006160e+00 9.042698364257812500e+02
7.025785998467536153e+00 8.997422485351562500e+02
7.029220750850067922e+00 8.934245605468750000e+02
7.032655503232598804e+00 8.921647949218750000e+02
7.036090255615130573e+00 8.922362060546875000e+02
7.039525007997661454e+00 8.820832519531250000e+02
7.042959760380193224e+00 8.727407226562500000e+02
7.046394512762724105e+00 8.758329467773437500e+02
7.049829265145254986e+00 8.770469360351562500e+02
7.053264017527785867e+00 8.744648437500000000e+02
7.056698769910317637e+00 8.722658081054687500e+02
7.060133522292848518e+00 8.612777709960937500e+02
7.063568274675379399e+00 8.576109619140625000e+02
7.067003027057911169e+00 8.667445678710937500e+02
7.070437779440442050e+00 8.742044677734375000e+02
7.073872531822972931e+00 8.723691406250000000e+02
7.077307284205503812e+00 8.726030883789062500e+02
7.080742036588035582e+00 8.778369750976562500e+02
7.084176788970566463e+00 8.786826171875000000e+02
7.087611541353098232e+00 8.754763793945312500e+02
7.091046293735629114e+00 8.796425781250000000e+02
7.094481046118160883e+00 8.838901977539062500e+02
7.097915798500691764e+00 8.875440063476562500e+02
7.101350550883222645e+00 8.907066040039062500e+02
7.104785303265753527e+00 8.959024658203125000e+02
7.108220055648285296e+00 9.083806762695312500e+02
7.111654808030816177e+00 9.236768798828125000e+02
7.115089560413347947e+00 9.372660522460937500e+02
7.118524312795878828e+00 9.566447143554687500e+02
7.121959065178410597e+00 9.958846435546875000e+02
7.125393817560940590e+00 1.043984619140625000e+03
7.128828569943472360e+00 1.139700439453125000e+03
7.132263322326003241e+00 1.339310791015625000e+03
7.135698074708535010e+00 1.766753784179687500e+03
7.139132827091065892e+00 2.596870361328125000e+03
7.142567579473596773e+00 3.969090576171875000e+03
7.146002331856128542e+00 5.617243652343750000e+03
7.149437084238658535e+00 7.047358886718750000e+03
7.152871836621190305e+00 7.883566406250000000e+03
7.156306589003721186e+00 7.646123535156250000e+03
7.159741341386252955e+00 6.976986328125000000e+03
7.163176093768782948e+00 5.704803222656250000e+03
7.166610846151314718e+00 4.586893066406250000e+03
7.170045598533845599e+00 3.592695800781250000e+03
7.173480350916377368e+00 2.739020996093750000e+03
7.176915103298908249e+00 2.198906982421875000e+03
7.180349855681440019e+00 1.724873168945312500e+03
7.183784608063970900e+00 1.402459594726562500e+03
7.187219360446502670e+00 1.189454345703125000e+03
7.190654112829033551e+00 1.058071655273437500e+03
7.194088865211565320e+00 9.806082763671875000e+02
7.197523617594096201e+00 9.523822021484375000e+02
7.200958369976627971e+00 9.309707641601562500e+02
7.204393122359158852e+00 9.146070556640625000e+02
7.207827874741689733e+00 8.983224487304687500e+02
7.211262627124221503e+00 8.911625976562500000e+02
7.214697379506751496e+00 8.895554809570312500e+02
7.218132131889282377e+00 8.748063964843750000e+02
7.221566884271814146e+00 8.620251464843750000e+02
7.225001636654345027e+00 8.633393554687500000e+02
7.228436389036875909e+00 8.677116699218750000e+02
7.231871141419407678e+00 8.610072631835937500e+02
7.235305893801938559e+00 8.555523681640625000e+02
7.238740646184470329e+00 8.496357421875000000e+02
7.242175398567001210e+00 8.476463623046875000e+02
7.245610150949532979e+00 8.417091064453125000e+02
7.249044903332063861e+00 8.382577514648437500e+02
7.252479655714595630e+00 8.379608764648437500e+02
7.255914408097126511e+00 8.314734497070312500e+02
7.259349160479658281e+00 8.248699340820312500e+02
7.262783912862187385e+00 8.194481201171875000e+02
7.266218665244719155e+00 8.055640869140625000e+02
7.269653417627250036e+00 7.954535522460937500e+02
7.273088170009781805e+00 7.776311035156250000e+02
7.276522922392312687e+00 7.653453979492187500e+02
7.279957674774844456e+00 7.424786376953125000e+02
7.283392427157375337e+00 7.259154663085937500e+02
7.286827179539907107e+00 7.094765014648437500e+02
7.290261931922437988e+00 7.037041625976562500e+02
7.293696684304968869e+00 7.016876220703125000e+02
7.297131436687500639e+00 6.902432861328125000e+02
7.300566189070031520e+00 6.719752197265625000e+02
7.304000941452563289e+00 6.624657592773437500e+02
7.307435693835094170e+00 6.787974243164062500e+02
7.310870446217625940e+00 6.843342285156250000e+02
7.314305198600155045e+00 6.883854370117187500e+02
7.317739950982686814e+00 6.957268066406250000e+02
7.321174703365217695e+00 7.068392333984375000e+02
7.324609455747749465e+00 7.214335327148437500e+02
7.328044208130280346e+00 7.522977905273437500e+02
7.331478960512812115e+00 8.249830932617187500e+02
7.334913712895342996e+00 9.665072021484375000e+02
7.338348465277874766e+00 1.223787841796875000e+03
7.341783217660405647e+00 1.553621337890625000e+03
7.345217970042937417e+00 1.850190917968750000e+03
7.348652722425468298e+00 2.047999023437500000e+03
7.352087474808000067e+00 2.135754882812500000e+03
7.355522227190530948e+00 2.074633789062500000e+03
7.358956979573061830e+00 1.969689575195312500e+03
7.362391731955593599e+00 1.747674804687500000e+03
7.365826484338123592e+00 1.484130371093750000e+03
7.369261236720654473e+00 1.179205810546875000e+03
7.372695989103186243e+00 9.736190185546875000e+02
7.376130741485717124e+00 8.171854858398437500e+02
7.379565493868248005e+00 7.198239135742187500e+02
7.383000246250779774e+00 6.273657836914062500e+02
7.386434998633310656e+00 5.720003662109375000e+02
7.389869751015842425e+00 5.435205688476562500e+02
7.393304503398373306e+00 5.335467529296875000e+02
7.396739255780905076e+00 5.062037963867187500e+02
7.400174008163435957e+00 4.556766662597656250e+02
7.403608760545967726e+00 4.674946594238281250e+02
7.407043512928498608e+00 4.940035400390625000e+02
7.410478265311030377e+00 4.994849548339843750e+02
7.413913017693559482e+00 5.076181945800781250e+02
7.417347770076091251e+00 5.197115478515625000e+02
7.420782522458622132e+00 0.000000000000000000e+00
7.424217274841153902e+00 0.000000000000000000e+00
7.427652027223684783e+00 0.000000000000000000e+00
7.431086779606216552e+00 0.000000000000000000e+00
7.434521531988747434e+00 0.000000000000000000e+00
7.437956284371279203e+00 0.000000000000000000e+00
