# # sector 21: chi = 34.98 deg (range [30, 40))
# # columns: 2theta(deg)  intensity
9.943608147427778210e-01 3.233050048828125000e+03
9.977955671253089243e-01 3.222234130859375000e+03
1.001230319507840250e+00 3.221512695312500000e+03
1.004665071890371353e+00 3.230381347656250000e+03
1.008099824272902678e+00 3.233933593750000000e+03
1.011534576655433781e+00 3.226354736328125000e+03
1.014969329037964885e+00 3.203357421875000000e+03
1.018404081420495988e+00 3.198423339843750000e+03
1.021838833803027313e+00 3.197566650390625000e+03
1.025273586185558417e+00 3.196839843750000000e+03
1.028708338568089520e+00 3.206473144531250000e+03
1.032143090950620845e+00 3.217601074218750000e+03
1.035577843333151948e+00 3.233605957031250000e+03
1.039012595715683274e+00 3.219493164062500000e+03
1.042447348098214377e+00 3.206007324218750000e+03
1.045882100480745702e+00 3.185607421875000000e+03
1.049316852863276806e+00 3.182154541015625000e+03
1.052751605245807909e+00 3.187357910156250000e+03
1.056186357628339012e+00 3.196956787109375000e+03
1.059621110010870337e+00 3.202937988281250000e+03
1.063055862393401441e+00 3.191393310546875000e+03
1.066490614775932544e+00 3.182095947265625000e+03
1.069925367158463869e+00 3.159911621093750000e+03
1.073360119540994972e+00 3.133488281250000000e+03
1.076794871923526298e+00 3.122173095703125000e+03
1.080229624306057401e+00 3.125770751953125000e+03
1.083664376688588726e+00 3.132272216796875000e+03
1.087099129071119830e+00 3.138956787109375000e+03
1.090533881453650933e+00 3.130182861328125000e+03
1.093968633836182036e+00 3.137614013671875000e+03
1.097403386218713361e+00 3.143785156250000000e+03
1.100838138601244465e+00 3.163634765625000000e+03
1.104272890983775568e+00 3.185181884765625000e+03
1.107707643366306893e+00 3.205040283203125000e+03
1.111142395748837997e+00 3.213875976562500000e+03
1.114577148131369322e+00 3.210807861328125000e+03
1.118011900513900425e+00 3.186648193359375000e+03
1.121446652896431750e+00 3.190854003906250000e+03
1.124881405278962854e+00 3.196953125000000000e+03
1.128316157661493957e+00 3.207427734375000000e+03
1.131750910044025060e+00 3.199600097656250000e+03
1.135185662426556386e+00 3.194948242187500000e+03
1.138620414809087489e+00 3.193735107421875000e+03
1.142055167191618592e+00 3.191878906250000000e+03
1.145489919574149917e+00 3.191197753906250000e+03
1.148924671956681021e+00 3.193564453125000000e+03
1.152359424339212346e+00 3.189441406250000000e+03
1.155794176721743449e+00 3.187510253906250000e+03
1.159228929104274775e+00 3.201593017578125000e+03
1.162663681486805878e+00 3.196051513671875000e+03
1.166098433869336981e+00 3.187469726562500000e+03
1.169533186251868084e+00 3.176954833984375000e+03
1.172967938634399410e+00 3.179636230468750000e+03
1.176402691016930513e+00 3.188711425781250000e+03
1.179837443399461616e+00 3.187459228515625000e+03
1.183272195781992941e+00 3.184642578125000000e+03
1.186706948164524045e+00 3.165685546875000000e+03
1.190141700547055370e+00 3.140875244140625000e+03
1.193576452929586473e+00 3.131670410156250000e+03
1.197011205312117799e+00 3.128636962890625000e+03
1.200445957694648902e+00 3.137480957031250000e+03
1.203880710077180005e+00 3.149561523437500000e+03
1.207315462459711108e+00 3.165830810546875000e+03
1.210750214842242434e+00 3.192959228515625000e+03
1.214184967224773537e+00 3.193579345703125000e+03
1.217619719607304640e+00 3.185766113281250000e+03
1.221054471989835966e+00 3.166811035156250000e+03
1.224489224372367069e+00 3.172425537109375000e+03
1.227923976754898394e+00 3.179563964843750000e+03
1.231358729137429497e+00 3.173367431640625000e+03
1.234793481519960823e+00 3.166697509765625000e+03
1.238228233902491926e+00 3.162297851562500000e+03
1.241662986285023029e+00 3.164823730468750000e+03
1.245097738667554133e+00 3.151983642578125000e+03
1.248532491050085236e+00 3.148559326171875000e+03
1.251967243432616561e+00 3.156721923828125000e+03
1.255401995815147664e+00 3.158444580078125000e+03
1.258836748197678990e+00 3.166155761718750000e+03
1.262271500580210093e+00 3.171735107421875000e+03
1.265706252962741418e+00 3.170439453125000000e+03
1.269141005345272522e+00 3.169107421875000000e+03
1.272575757727803847e+00 3.150673339843750000e+03
1.276010510110334950e+00 3.148372802734375000e+03
1.279445262492866053e+00 3.136442138671875000e+03
1.282880014875397157e+00 3.135002197265625000e+03
1.286314767257928260e+00 3.142621582031250000e+03
1.289749519640459585e+00 3.154809570312500000e+03
1.293184272022990688e+00 3.165947509765625000e+03
1.296619024405522014e+00 3.154202636718750000e+03
1.300053776788053117e+00 3.145656982421875000e+03
1.303488529170584442e+00 3.132960449218750000e+03
1.306923281553115546e+00 3.123835693359375000e+03
1.310358033935646871e+00 3.117812744140625000e+03
1.313792786318177974e+00 3.123859130859375000e+03
1.317227538700709077e+00 3.135981445312500000e+03
1.320662291083240181e+00 3.137423095703125000e+03
1.324097043465771284e+00 3.143052978515625000e+03
1.327531795848302609e+00 3.140459716796875000e+03
1.330966548230833713e+00 3.124275878906250000e+03
1.334401300613365038e+00 3.112933105468750000e+03
1.337836052995896141e+00 3.095289794921875000e+03
1.341270805378427466e+00 3.091817626953125000e+03
1.344705557760958570e+00 3.083800292968750000e+03
1.348140310143489895e+00 3.095300292968750000e+03
1.351575062526020998e+00 3.099837646484375000e+03
1.355009814908552102e+00 3.105259521484375000e+03
1.358444567291083205e+00 3.093324218750000000e+03
1.361879319673614308e+00 3.075793212890625000e+03
1.365314072056145633e+00 3.042372802734375000e+03
1.368748824438676737e+00 3.046176025390625000e+03
1.372183576821208062e+00 3.042851806640625000e+03
1.375618329203739165e+00 3.048738769531250000e+03
1.379053081586270491e+00 3.030376953125000000e+03
1.382487833968801594e+00 3.024705322265625000e+03
1.385922586351332919e+00 3.034996337890625000e+03
1.389357338733864022e+00 3.056364746093750000e+03
1.392792091116395126e+00 3.073673339843750000e+03
1.396226843498926229e+00 3.074194824218750000e+03
1.399661595881457332e+00 3.063335205078125000e+03
1.403096348263988657e+00 3.063019287109375000e+03
1.406531100646519761e+00 3.062097656250000000e+03
1.409965853029051086e+00 3.064159667968750000e+03
1.413400605411582189e+00 3.051287353515625000e+03
1.416835357794113515e+00 3.036462402343750000e+03
1.420270110176644618e+00 3.009792724609375000e+03
1.423704862559175943e+00 2.994912841796875000e+03
1.427139614941707046e+00 2.992445068359375000e+03
1.430574367324238150e+00 3.000454101562500000e+03
1.434009119706769253e+00 3.010289550781250000e+03
1.437443872089300356e+00 3.023290771484375000e+03
1.440878624471831682e+00 3.032124511718750000e+03
1.444313376854362785e+00 3.026351806640625000e+03
1.447748129236894110e+00 3.025220703125000000e+03
1.451182881619425213e+00 3.028841552734375000e+03
1.454617634001956539e+00 3.025113525390625000e+03
1.458052386384487642e+00 3.012843750000000000e+03
1.461487138767018967e+00 3.003996582031250000e+03
1.464921891149550071e+00 3.016697265625000000e+03
1.468356643532081174e+00 3.018320068359375000e+03
1.471791395914612277e+00 3.023763916015625000e+03
1.475226148297143380e+00 3.023178710937500000e+03
1.478660900679674706e+00 3.020066406250000000e+03
1.482095653062205809e+00 3.006428710937500000e+03
1.485530405444737134e+00 2.985701904296875000e+03
1.488965157827268238e+00 2.963278076171875000e+03
1.492399910209799563e+00 2.949090087890625000e+03
1.495834662592330666e+00 2.945760009765625000e+03
1.499269414974861991e+00 2.955243408203125000e+03
1.502704167357393095e+00 2.942406738281250000e+03
1.506138919739924198e+00 2.931378906250000000e+03
1.509573672122455301e+00 2.928704833984375000e+03
1.513008424504986404e+00 2.936677001953125000e+03
1.516443176887517730e+00 2.948133300781250000e+03
1.519877929270048833e+00 2.949949951171875000e+03
1.523312681652580158e+00 2.940336181640625000e+03
1.526747434035111262e+00 2.925661132812500000e+03
1.530182186417642587e+00 2.909525390625000000e+03
1.533616938800173690e+00 2.913918701171875000e+03
1.537051691182705015e+00 2.906780029296875000e+03
1.540486443565236119e+00 2.897642822265625000e+03
1.543921195947767222e+00 2.893172851562500000e+03
1.547355948330298325e+00 2.891087890625000000e+03
1.550790700712829429e+00 2.897056884765625000e+03
1.554225453095360754e+00 2.893218994140625000e+03
1.557660205477891857e+00 2.897904052734375000e+03
1.561094957860423182e+00 2.886917724609375000e+03
1.564529710242954286e+00 2.873190673828125000e+03
1.567964462625485611e+00 2.877888671875000000e+03
1.571399215008016714e+00 2.884113525390625000e+03
1.574833967390548040e+00 2.892153320312500000e+03
1.578268719773079143e+00 2.884763183593750000e+03
1.581703472155610246e+00 2.887765136718750000e+03
1.585138224538141349e+00 2.894262451171875000e+03
1.588572976920672453e+00 2.904203369140625000e+03
1.592007729303203778e+00 2.915787353515625000e+03
1.595442481685734881e+00 2.917126220703125000e+03
1.598877234068266207e+00 2.918645996093750000e+03
1.602311986450797310e+00 2.932640380859375000e+03
1.605746738833328635e+00 2.944413818359375000e+03
1.609181491215859738e+00 2.939064697265625000e+03
1.612616243598391064e+00 2.916328125000000000e+03
1.616050995980922167e+00 2.915805908203125000e+03
1.619485748363453270e+00 2.920428710937500000e+03
1.622920500745984373e+00 2.931599609375000000e+03
1.626355253128515477e+00 2.940049560546875000e+03
1.629790005511046802e+00 2.951971191406250000e+03
1.633224757893577905e+00 2.972332031250000000e+03
1.636659510276109231e+00 2.989085937500000000e+03
1.640094262658640334e+00 3.002366943359375000e+03
1.643529015041171659e+00 3.036233398437500000e+03
1.646963767423702762e+00 3.093942138671875000e+03
1.650398519806234088e+00 3.186600585937500000e+03
1.653833272188765191e+00 3.324804931640625000e+03
1.657268024571296294e+00 3.557544433593750000e+03
1.660702776953827398e+00 4.039123046875000000e+03
1.664137529336358501e+00 5.129320800781250000e+03
1.667572281718889826e+00 7.517390625000000000e+03
1.671007034101420929e+00 1.314725292968750000e+04
1.674441786483952255e+00 2.190767773437500000e+04
1.677876538866483358e+00 3.397029687500000000e+04
1.681311291249014683e+00 4.025267968750000000e+04
1.684746043631545787e+00 4.025958593750000000e+04
1.688180796014076890e+00 3.214803125000000000e+04
1.691615548396608215e+00 2.345215039062500000e+04
1.695050300779139318e+00 1.513668261718750000e+04
1.698485053161670422e+00 8.979479492187500000e+03
1.701919805544201525e+00 5.694955566406250000e+03
1.705354557926732850e+00 4.299780273437500000e+03
1.708789310309263954e+00 3.652604980468750000e+03
1.712224062691795279e+00 3.332275878906250000e+03
1.715658815074326382e+00 3.160944091796875000e+03
1.719093567456857707e+00 3.048610351562500000e+03
1.722528319839388811e+00 2.993907958984375000e+03
1.725963072221919914e+00 2.954704101562500000e+03
1.729397824604451239e+00 2.953322021484375000e+03
1.732832576986982343e+00 2.958903564453125000e+03
1.736267329369513446e+00 2.964288330078125000e+03
1.739702081752044549e+00 2.960279296875000000e+03
1.743136834134575874e+00 2.902586914062500000e+03
1.746571586517106978e+00 2.825090332031250000e+03
1.750006338899638303e+00 2.753542480468750000e+03
1.753441091282169406e+00 2.719200195312500000e+03
1.756875843664700731e+00 2.691969726562500000e+03
1.760310596047231835e+00 2.673518066406250000e+03
1.763745348429762938e+00 2.672710937500000000e+03
1.767180100812294263e+00 2.673388427734375000e+03
1.770614853194825367e+00 2.669725341796875000e+03
1.774049605577356470e+00 2.656305419921875000e+03
1.777484357959887573e+00 2.641816406250000000e+03
1.780919110342418898e+00 2.628879150390625000e+03
1.784353862724950002e+00 2.612292236328125000e+03
1.787788615107481327e+00 2.609075683593750000e+03
1.791223367490012208e+00 2.597145263671875000e+03
1.794658119872543534e+00 2.583861328125000000e+03
1.798092872255074859e+00 2.554182128906250000e+03
1.801527624637606184e+00 2.534682128906250000e+03
1.804962377020137065e+00 2.524818603515625000e+03
1.808397129402668391e+00 2.520311279296875000e+03
1.811831881785199494e+00 2.513787353515625000e+03
1.815266634167730819e+00 2.507831542968750000e+03
1.818701386550261700e+00 2.502198730468750000e+03
1.822136138932793026e+00 2.500241943359375000e+03
1.825570891315324351e+00 2.503073974609375000e+03
1.829005643697855676e+00 2.504646972656250000e+03
1.832440396080386558e+00 2.502960449218750000e+03
1.835875148462917883e+00 2.489120605468750000e+03
1.839309900845449208e+00 2.478813720703125000e+03
1.842744653227980089e+00 2.465457763671875000e+03
1.846179405610511415e+00 2.454093017578125000e+03
1.849614157993042740e+00 2.450940917968750000e+03
1.853048910375573843e+00 2.442145751953125000e+03
1.856483662758104725e+00 2.449739990234375000e+03
1.859918415140636050e+00 2.441918212890625000e+03
1.863353167523167375e+00 2.436653076171875000e+03
1.866787919905698701e+00 2.420650878906250000e+03
1.870222672288229582e+00 2.413428466796875000e+03
1.873657424670760907e+00 2.409909423828125000e+03
1.877092177053292232e+00 2.411731933593750000e+03
1.880526929435823114e+00 2.402721191406250000e+03
1.883961681818354439e+00 2.393570556640625000e+03
1.887396434200885764e+00 2.379410156250000000e+03
1.890831186583416867e+00 2.369788085937500000e+03
1.894265938965947749e+00 2.359803222656250000e+03
1.897700691348479074e+00 2.343652099609375000e+03
1.901135443731010399e+00 2.341395996093750000e+03
1.904570196113541725e+00 2.337206787109375000e+03
1.908004948496072606e+00 2.332380126953125000e+03
1.911439700878603931e+00 2.330821533203125000e+03
1.914874453261135256e+00 2.326400390625000000e+03
1.918309205643666138e+00 2.335304687500000000e+03
1.921743958026197463e+00 2.335494873046875000e+03
1.925178710408728788e+00 2.336199951171875000e+03
1.928613462791259892e+00 2.329493896484375000e+03
1.932048215173790773e+00 2.315194824218750000e+03
1.935482967556322098e+00 2.304614257812500000e+03
1.938917719938853423e+00 2.294697021484375000e+03
1.942352472321384749e+00 2.291843505859375000e+03
1.945787224703915630e+00 2.282805664062500000e+03
1.949221977086446955e+00 2.269017333984375000e+03
1.952656729468978281e+00 2.264041992187500000e+03
1.956091481851509162e+00 2.258445800781250000e+03
1.959526234234040487e+00 2.260536621093750000e+03
1.962960986616571812e+00 2.250416992187500000e+03
1.966395738999102916e+00 2.242346191406250000e+03
1.969830491381633797e+00 2.237560791015625000e+03
1.973265243764165122e+00 2.249440673828125000e+03
1.976699996146696447e+00 2.263595458984375000e+03
1.980134748529227329e+00 2.260320556640625000e+03
1.983569500911758654e+00 2.237869628906250000e+03
1.987004253294289979e+00 2.221028564453125000e+03
1.990439005676821305e+00 2.218760986328125000e+03
1.993873758059352186e+00 2.220805664062500000e+03
1.997308510441883511e+00 2.226465576171875000e+03
2.000743262824414614e+00 2.228417480468750000e+03
2.004178015206945940e+00 2.228382080078125000e+03
2.007612767589476821e+00 2.221716796875000000e+03
2.011047519972008146e+00 2.217168212890625000e+03
2.014482272354539472e+00 2.208346191406250000e+03
2.017917024737070353e+00 2.193068847656250000e+03
2.021351777119601678e+00 2.184489746093750000e+03
2.024786529502133003e+00 2.192131835937500000e+03
2.028221281884664329e+00 2.200641113281250000e+03
2.031656034267195210e+00 2.200739257812500000e+03
2.035090786649726535e+00 2.192976074218750000e+03
2.038525539032257861e+00 2.181697265625000000e+03
2.041960291414789186e+00 2.177539794921875000e+03
2.045395043797320067e+00 2.180854248046875000e+03
2.048829796179851392e+00 2.185684326171875000e+03
2.052264548562382718e+00 2.178163330078125000e+03
2.055699300944913599e+00 2.172648925781250000e+03
2.059134053327444924e+00 2.166767089843750000e+03
2.062568805709975805e+00 2.166572753906250000e+03
2.066003558092507131e+00 2.151988525390625000e+03
2.069438310475038012e+00 2.152446777343750000e+03
2.072873062857569337e+00 2.152768798828125000e+03
2.076307815240100663e+00 2.159299316406250000e+03
2.079742567622631988e+00 2.152110839843750000e+03
2.083177320005162869e+00 2.144490478515625000e+03
2.086612072387694194e+00 2.134920898437500000e+03
2.090046824770225520e+00 2.128065185546875000e+03
2.093481577152756401e+00 2.127115234375000000e+03
2.096916329535287726e+00 2.132376708984375000e+03
2.100351081917819052e+00 2.134936523437500000e+03
2.103785834300350377e+00 2.132538085937500000e+03
2.107220586682881258e+00 2.131812500000000000e+03
2.110655339065412583e+00 2.137909667968750000e+03
2.114090091447943909e+00 2.126364257812500000e+03
2.117524843830475234e+00 2.121147216796875000e+03
2.120959596213006115e+00 2.114981689453125000e+03
2.124394348595537441e+00 2.119374755859375000e+03
2.127829100978068766e+00 2.115367919921875000e+03
2.131263853360599647e+00 2.110605712890625000e+03
2.134698605743130972e+00 2.103083984375000000e+03
2.138133358125661854e+00 2.107889160156250000e+03
2.141568110508193179e+00 2.118405029296875000e+03
2.145002862890724060e+00 2.121428955078125000e+03
2.148437615273255386e+00 2.114268310546875000e+03
2.151872367655786711e+00 2.104846923828125000e+03
2.155307120038318036e+00 2.104702636718750000e+03
2.158741872420848917e+00 2.110051269531250000e+03
2.162176624803380243e+00 2.115716064453125000e+03
2.165611377185911568e+00 2.109076416015625000e+03
2.169046129568442449e+00 2.100331787109375000e+03
2.172480881950973775e+00 2.088775878906250000e+03
2.175915634333505100e+00 2.085486083984375000e+03
2.179350386716036425e+00 2.084553955078125000e+03
2.182785139098567306e+00 2.076222900390625000e+03
2.186219891481098632e+00 2.080020019531250000e+03
2.189654643863629957e+00 2.077041748046875000e+03
2.193089396246161282e+00 2.089493896484375000e+03
2.196524148628692163e+00 2.090241455078125000e+03
2.199958901011223489e+00 2.090959960937500000e+03
2.203393653393754814e+00 2.084706542968750000e+03
2.206828405776285695e+00 2.075072021484375000e+03
2.210263158158817021e+00 2.073772705078125000e+03
2.213697910541347902e+00 2.068791992187500000e+03
2.217132662923879227e+00 2.066855712890625000e+03
2.220567415306410108e+00 2.069458251953125000e+03
2.224002167688941434e+00 2.081841064453125000e+03
2.227436920071472759e+00 2.093902832031250000e+03
2.230871672454004084e+00 2.088730957031250000e+03
2.234306424836534966e+00 2.088805419921875000e+03
2.237741177219066291e+00 2.093090820312500000e+03
2.241175929601597616e+00 2.109325439453125000e+03
2.244610681984128497e+00 2.115874755859375000e+03
2.248045434366659823e+00 2.115114746093750000e+03
2.251480186749191148e+00 2.105803710937500000e+03
2.254914939131722473e+00 2.107590087890625000e+03
2.258349691514253355e+00 2.110225341796875000e+03
2.261784443896784680e+00 2.114067138671875000e+03
2.265219196279316005e+00 2.115119873046875000e+03
2.268653948661847330e+00 2.127090087890625000e+03
2.272088701044378212e+00 2.136031738281250000e+03
2.275523453426909537e+00 2.142213134765625000e+03
2.278958205809440862e+00 2.149034912109375000e+03
2.282392958191971744e+00 2.165042724609375000e+03
2.285827710574503069e+00 2.187425048828125000e+03
2.289262462957033950e+00 2.196811279296875000e+03
2.292697215339565275e+00 2.211741455078125000e+03
2.296131967722096157e+00 2.230968994140625000e+03
2.299566720104627482e+00 2.252238769531250000e+03
2.303001472487158807e+00 2.260405273437500000e+03
2.306436224869690133e+00 2.272508056640625000e+03
2.309870977252221014e+00 2.302132324218750000e+03
2.313305729634752339e+00 2.340464599609375000e+03
2.316740482017283664e+00 2.379409423828125000e+03
2.320175234399814546e+00 2.415648925781250000e+03
2.323609986782345871e+00 2.454454833984375000e+03
2.327044739164877196e+00 2.483566894531250000e+03
2.330479491547408522e+00 2.528050048828125000e+03
2.333914243929939403e+00 2.579889160156250000e+03
2.337348996312470728e+00 2.657046630859375000e+03
2.340783748695002053e+00 2.752899414062500000e+03
2.344218501077533379e+00 2.878336669921875000e+03
2.347653253460064260e+00 3.062871826171875000e+03
2.351088005842595585e+00 3.342283447265625000e+03
2.354522758225126911e+00 3.858339843750000000e+03
2.357957510607657792e+00 4.813898437500000000e+03
2.361392262990189117e+00 6.818415039062500000e+03
2.364827015372720442e+00 1.182915429687500000e+04
2.368261767755251324e+00 2.230589648437500000e+04
2.371696520137782205e+00 4.219591406250000000e+04
2.375131272520313530e+00 6.578787500000000000e+04
2.378566024902844855e+00 8.596036718750000000e+04
2.382000777285376181e+00 9.438272656250000000e+04
2.385435529667907062e+00 8.373385937500000000e+04
2.388870282050438387e+00 6.132178125000000000e+04
2.392305034432969713e+00 3.531000781250000000e+04
2.395739786815500594e+00 1.875080468750000000e+04
2.399174539198031919e+00 1.012593164062500000e+04
2.402609291580563244e+00 6.285257324218750000e+03
2.406044043963094570e+00 4.502554687500000000e+03
2.409478796345625451e+00 3.687913085937500000e+03
2.412913548728156776e+00 3.253575439453125000e+03
2.416348301110688102e+00 2.993233154296875000e+03
2.419783053493219427e+00 2.822037841796875000e+03
2.423217805875750308e+00 2.691574462890625000e+03
2.426652558258281633e+00 2.590894287109375000e+03
2.430087310640812959e+00 2.502547851562500000e+03
2.433522063023343840e+00 2.435990478515625000e+03
2.436956815405875165e+00 2.379518310546875000e+03
2.440391567788406491e+00 2.336690917968750000e+03
2.443826320170937372e+00 2.291464355468750000e+03
2.447261072553468253e+00 2.257389160156250000e+03
2.450695824935999578e+00 2.216364746093750000e+03
2.454130577318530904e+00 2.185229980468750000e+03
2.457565329701061785e+00 2.144836181640625000e+03
2.461000082083593110e+00 2.119018066406250000e+03
2.464434834466124435e+00 2.090339599609375000e+03
2.467869586848655761e+00 2.078369628906250000e+03
2.471304339231186642e+00 2.059783447265625000e+03
2.474739091613717967e+00 2.043559936523437500e+03
2.478173843996249293e+00 2.003859863281250000e+03
2.481608596378780618e+00 1.983547485351562500e+03
2.485043348761311499e+00 1.957536743164062500e+03
2.488478101143842824e+00 1.951336547851562500e+03
2.491912853526374150e+00 1.942779418945312500e+03
2.495347605908905031e+00 1.944496826171875000e+03
2.498782358291436356e+00 1.935567138671875000e+03
2.502217110673967682e+00 1.916498535156250000e+03
2.505651863056499007e+00 1.899679199218750000e+03
2.509086615439029888e+00 1.887654663085937500e+03
2.512521367821561213e+00 1.875965454101562500e+03
2.515956120204092539e+00 1.859401367187500000e+03
2.519390872586623420e+00 1.850650390625000000e+03
2.522825624969154301e+00 1.834775512695312500e+03
2.526260377351685626e+00 1.823863403320312500e+03
2.529695129734216952e+00 1.802362182617187500e+03
2.533129882116747833e+00 1.799078002929687500e+03
2.536564634499279158e+00 1.806455688476562500e+03
2.539999386881810484e+00 1.806171020507812500e+03
2.543434139264341809e+00 1.795473754882812500e+03
2.546868891646872690e+00 1.776967041015625000e+03
2.550303644029404015e+00 1.773241333007812500e+03
2.553738396411935341e+00 1.768062011718750000e+03
2.557173148794466666e+00 1.763891601562500000e+03
2.560607901176997547e+00 1.757222412109375000e+03
2.564042653559528873e+00 1.751741210937500000e+03
2.567477405942060198e+00 1.741967285156250000e+03
2.570912158324591079e+00 1.730693725585937500e+03
2.574346910707122404e+00 1.710667724609375000e+03
2.577781663089653730e+00 1.695929931640625000e+03
2.581216415472185055e+00 1.680354248046875000e+03
2.584651167854715936e+00 1.685814575195312500e+03
2.588085920237247262e+00 1.694689575195312500e+03
2.591520672619778587e+00 1.697792358398437500e+03
2.594955425002309468e+00 1.702198120117187500e+03
2.598390177384840349e+00 1.699200195312500000e+03
2.601824929767371675e+00 1.697412963867187500e+03
2.605259682149903000e+00 1.678023071289062500e+03
2.608694434532433881e+00 1.666532592773437500e+03
2.612129186914965207e+00 1.662153442382812500e+03
2.615563939297496532e+00 1.663075195312500000e+03
2.618998691680027857e+00 1.651746582031250000e+03
2.622433444062558738e+00 1.640313720703125000e+03
2.625868196445090064e+00 1.642537963867187500e+03
2.629302948827621389e+00 1.649338134765625000e+03
2.632737701210152714e+00 1.649155273437500000e+03
2.636172453592683596e+00 1.643084106445312500e+03
2.639607205975214921e+00 1.637584716796875000e+03
2.643041958357746246e+00 1.631350952148437500e+03
2.646476710740277127e+00 1.621685302734375000e+03
2.649911463122808453e+00 1.609455688476562500e+03
2.653346215505339778e+00 1.606915771484375000e+03
2.656780967887871103e+00 1.605342895507812500e+03
2.660215720270401984e+00 1.609666015625000000e+03
2.663650472652933310e+00 1.610686767578125000e+03
2.667085225035464635e+00 1.606987426757812500e+03
2.670519977417995516e+00 1.605255859375000000e+03
2.673954729800526398e+00 1.596598510742187500e+03
2.677389482183057723e+00 1.591484130859375000e+03
2.680824234565589048e+00 1.579234130859375000e+03
2.684258986948119929e+00 1.580498291015625000e+03
2.687693739330651255e+00 1.582473144531250000e+03
2.691128491713182580e+00 1.588049194335937500e+03
2.694563244095713905e+00 1.578089843750000000e+03
2.697997996478244787e+00 1.572235107421875000e+03
2.701432748860776112e+00 1.570074829101562500e+03
2.704867501243307437e+00 1.571777465820312500e+03
2.708302253625838762e+00 1.570806518554687500e+03
2.711737006008369644e+00 1.568119018554687500e+03
2.715171758390900969e+00 1.565906616210937500e+03
2.718606510773432294e+00 1.559611694335937500e+03
2.722041263155963176e+00 1.554889160156250000e+03
2.725476015538494501e+00 1.542707885742187500e+03
2.728910767921025826e+00 1.545150512695312500e+03
2.732345520303557151e+00 1.547211181640625000e+03
2.735780272686088033e+00 1.557602172851562500e+03
2.739215025068619358e+00 1.551685791015625000e+03
2.742649777451150683e+00 1.552185424804687500e+03
2.746084529833681565e+00 1.550417114257812500e+03
2.749519282216212890e+00 1.544730834960937500e+03
2.752954034598743771e+00 1.534261230468750000e+03
2.756388786981275096e+00 1.525577148437500000e+03
2.759823539363805978e+00 1.519809448242187500e+03
2.763258291746337303e+00 1.519951538085937500e+03
2.766693044128868628e+00 1.522029663085937500e+03
2.770127796511399954e+00 1.531219970703125000e+03
2.773562548893930835e+00 1.528288208007812500e+03
2.776997301276462160e+00 1.526215820312500000e+03
2.780432053658993485e+00 1.519785644531250000e+03
2.783866806041524811e+00 1.517902709960937500e+03
2.787301558424055692e+00 1.519637451171875000e+03
2.790736310806587017e+00 1.517598510742187500e+03
2.794171063189118343e+00 1.524478149414062500e+03
2.797605815571649224e+00 1.521781982421875000e+03
2.801040567954180549e+00 1.519569335937500000e+03
2.804475320336711874e+00 1.521669799804687500e+03
2.807910072719243200e+00 1.522937988281250000e+03
2.811344825101774081e+00 1.538377563476562500e+03
2.814779577484305406e+00 1.536749511718750000e+03
2.818214329866836731e+00 1.537783325195312500e+03
2.821649082249367613e+00 1.524777099609375000e+03
2.825083834631898938e+00 1.526933715820312500e+03
2.828518587014429819e+00 1.527831298828125000e+03
2.831953339396961145e+00 1.532723999023437500e+03
2.835388091779492026e+00 1.539624633789062500e+03
2.838822844162023351e+00 1.555359741210937500e+03
2.842257596544554676e+00 1.567160278320312500e+03
2.845692348927086002e+00 1.572868041992187500e+03
2.849127101309616883e+00 1.567509887695312500e+03
2.852561853692148208e+00 1.573845092773437500e+03
2.855996606074679534e+00 1.586738891601562500e+03
2.859431358457210415e+00 1.600739501953125000e+03
2.862866110839741740e+00 1.615290039062500000e+03
2.866300863222273065e+00 1.628088867187500000e+03
2.869735615604804391e+00 1.653549926757812500e+03
2.873170367987335272e+00 1.684983764648437500e+03
2.876605120369866597e+00 1.720524169921875000e+03
2.880039872752397923e+00 1.766393066406250000e+03
2.883474625134929248e+00 1.819227172851562500e+03
2.886909377517460129e+00 1.922490722656250000e+03
2.890344129899991454e+00 2.088340820312500000e+03
2.893778882282522780e+00 2.400313964843750000e+03
2.897213634665053661e+00 3.031622802734375000e+03
2.900648387047584986e+00 4.381771484375000000e+03
2.904083139430115867e+00 7.648114257812500000e+03
2.907517891812647193e+00 1.359930468750000000e+04
2.910952644195178074e+00 2.208924218750000000e+04
2.914387396577709399e+00 2.992292382812500000e+04
2.917822148960240725e+00 3.292837890625000000e+04
2.921256901342772050e+00 2.945070898437500000e+04
2.924691653725302931e+00 2.161980468750000000e+04
2.928126406107834256e+00 1.353522363281250000e+04
2.931561158490365582e+00 7.742915039062500000e+03
2.934995910872896463e+00 4.453773925781250000e+03
2.938430663255427788e+00 3.044006835937500000e+03
2.941865415637959114e+00 2.382885253906250000e+03
2.945300168020490439e+00 2.074668212890625000e+03
2.948734920403021320e+00 1.903736572265625000e+03
2.952169672785552645e+00 1.812712036132812500e+03
2.955604425168083971e+00 1.742961669921875000e+03
2.959039177550615296e+00 1.688078002929687500e+03
2.962473929933146177e+00 1.631789550781250000e+03
2.965908682315677503e+00 1.601402587890625000e+03
2.969343434698208828e+00 1.578584106445312500e+03
2.972778187080739709e+00 1.562620239257812500e+03
2.976212939463271034e+00 1.536345825195312500e+03
2.979647691845801916e+00 1.521156860351562500e+03
2.983082444228333241e+00 1.502485107421875000e+03
2.986517196610864122e+00 1.496746459960937500e+03
2.989951948993395447e+00 1.487629272460937500e+03
2.993386701375926773e+00 1.481156005859375000e+03
2.996821453758458098e+00 1.468960327148437500e+03
3.000256206140988979e+00 1.462834106445312500e+03
3.003690958523520305e+00 1.449428588867187500e+03
3.007125710906051630e+00 1.434336059570312500e+03
3.010560463288582511e+00 1.418586425781250000e+03
3.013995215671113836e+00 1.416157104492187500e+03
3.017429968053645162e+00 1.410783813476562500e+03
3.020864720436176487e+00 1.396813598632812500e+03
3.024299472818707368e+00 1.381280517578125000e+03
3.027734225201238694e+00 1.366405761718750000e+03
3.031168977583770019e+00 1.367030029296875000e+03
3.034603729966301344e+00 1.361106201171875000e+03
3.038038482348832225e+00 1.356091308593750000e+03
3.041473234731363551e+00 1.344410766601562500e+03
3.044907987113894876e+00 1.344916137695312500e+03
3.048342739496425757e+00 1.346811889648437500e+03
3.051777491878957083e+00 1.342278442382812500e+03
3.055212244261487964e+00 1.323528198242187500e+03
3.058646996644019289e+00 1.314733886718750000e+03
3.062081749026550170e+00 1.315199340820312500e+03
3.065516501409081496e+00 1.324586425781250000e+03
3.068951253791612821e+00 1.315990844726562500e+03
3.072386006174144146e+00 1.307546020507812500e+03
3.075820758556675028e+00 1.304818237304687500e+03
3.079255510939206353e+00 1.311077758789062500e+03
3.082690263321737678e+00 1.315783691406250000e+03
3.086125015704268559e+00 1.314525878906250000e+03
3.089559768086799885e+00 1.311381469726562500e+03
3.092994520469331210e+00 1.299324707031250000e+03
3.096429272851862535e+00 1.289691040039062500e+03
3.099864025234393416e+00 1.285465087890625000e+03
3.103298777616924742e+00 1.290369506835937500e+03
3.106733529999456067e+00 1.290445068359375000e+03
3.110168282381987392e+00 1.290746582031250000e+03
3.113603034764518274e+00 1.288877075195312500e+03
3.117037787147049599e+00 1.287621459960937500e+03
3.120472539529580924e+00 1.292017211914062500e+03
3.123907291912111805e+00 1.297344360351562500e+03
3.127342044294643131e+00 1.300432373046875000e+03
3.130776796677174012e+00 1.298080810546875000e+03
3.134211549059705337e+00 1.294723388671875000e+03
3.137646301442236219e+00 1.293874877929687500e+03
3.141081053824767544e+00 1.288687988281250000e+03
3.144515806207298869e+00 1.273272460937500000e+03
3.147950558589830194e+00 1.267049194335937500e+03
3.151385310972361076e+00 1.261372070312500000e+03
3.154820063354892401e+00 1.266640747070312500e+03
3.158254815737423726e+00 1.259518066406250000e+03
3.161689568119954608e+00 1.251562988281250000e+03
3.165124320502485933e+00 1.246783935546875000e+03
3.168559072885017258e+00 1.243439453125000000e+03
3.171993825267548583e+00 1.253704101562500000e+03
3.175428577650079465e+00 1.249097534179687500e+03
3.178863330032610790e+00 1.247682250976562500e+03
3.182298082415142115e+00 1.241730468750000000e+03
3.185732834797673441e+00 1.244470947265625000e+03
3.189167587180204322e+00 1.245039672851562500e+03
3.192602339562735647e+00 1.243363891601562500e+03
3.196037091945266972e+00 1.241497192382812500e+03
3.199471844327797854e+00 1.240841674804687500e+03
3.202906596710329179e+00 1.235864501953125000e+03
3.206341349092860060e+00 1.228240112304687500e+03
3.209776101475391386e+00 1.226876464843750000e+03
3.213210853857922267e+00 1.230505126953125000e+03
3.216645606240453592e+00 1.232533813476562500e+03
3.220080358622984917e+00 1.234173217773437500e+03
3.223515111005516243e+00 1.238817382812500000e+03
3.226949863388047124e+00 1.231128662109375000e+03
3.230384615770578449e+00 1.217113891601562500e+03
3.233819368153109775e+00 1.216090698242187500e+03
3.237254120535640656e+00 1.224894653320312500e+03
3.240688872918171981e+00 1.231671752929687500e+03
3.244123625300703306e+00 1.234639770507812500e+03
3.247558377683234632e+00 1.244334106445312500e+03
3.250993130065765513e+00 1.249333007812500000e+03
3.254427882448296838e+00 1.245616821289062500e+03
3.257862634830828164e+00 1.241036376953125000e+03
3.261297387213359489e+00 1.242042114257812500e+03
3.264732139595890370e+00 1.251163696289062500e+03
3.268166891978421695e+00 1.247940185546875000e+03
3.271601644360953021e+00 1.241379150390625000e+03
3.275036396743483902e+00 1.239958374023437500e+03
3.278471149126015227e+00 1.248974975585937500e+03
3.281905901508546108e+00 1.258108520507812500e+03
3.285340653891077434e+00 1.262497192382812500e+03
3.288775406273608315e+00 1.268850341796875000e+03
3.292210158656139640e+00 1.266407470703125000e+03
3.295644911038670966e+00 1.266150512695312500e+03
3.299079663421202291e+00 1.263849365234375000e+03
3.302514415803733172e+00 1.281361083984375000e+03
3.305949168186264497e+00 1.288764282226562500e+03
3.309383920568795823e+00 1.303543090820312500e+03
3.312818672951326704e+00 1.309001342773437500e+03
3.316253425333858029e+00 1.320171142578125000e+03
3.319688177716389355e+00 1.337936767578125000e+03
3.323122930098920680e+00 1.351041748046875000e+03
3.326557682481451561e+00 1.379138305664062500e+03
3.329992434863982886e+00 1.396424438476562500e+03
3.333427187246514212e+00 1.442434814453125000e+03
3.336861939629045093e+00 1.505713134765625000e+03
3.340296692011576418e+00 1.611330566406250000e+03
3.343731444394107744e+00 1.793330932617187500e+03
3.347166196776639069e+00 2.175421142578125000e+03
3.350600949159169950e+00 2.956549316406250000e+03
3.354035701541701275e+00 4.892220703125000000e+03
3.357470453924232601e+00 9.055357421875000000e+03
3.360905206306763482e+00 1.537525292968750000e+04
3.364339958689294363e+00 2.233237109375000000e+04
3.367774711071825688e+00 2.500815820312500000e+04
3.371209463454357014e+00 2.229777734375000000e+04
3.374644215836887895e+00 1.621159765625000000e+04
3.378078968219419220e+00 1.025385937500000000e+04
3.381513720601950546e+00 6.109111328125000000e+03
3.384948472984481871e+00 3.719884277343750000e+03
3.388383225367012752e+00 2.463199707031250000e+03
3.391817977749544077e+00 1.933643066406250000e+03
3.395252730132075403e+00 1.681455322265625000e+03
3.398687482514606728e+00 1.551699462890625000e+03
3.402122234897137609e+00 1.464610717773437500e+03
3.405556987279668935e+00 1.405776977539062500e+03
3.408991739662200260e+00 1.363054687500000000e+03
3.412426492044731141e+00 1.342379882812500000e+03
3.415861244427262466e+00 1.330214965820312500e+03
3.419295996809793792e+00 1.309765747070312500e+03
3.422730749192325117e+00 1.293691284179687500e+03
3.426165501574855998e+00 1.281460205078125000e+03
3.429600253957387324e+00 1.279085693359375000e+03
3.433035006339918649e+00 1.272504516601562500e+03
3.436469758722449530e+00 1.259017089843750000e+03
3.439904511104980411e+00 1.247982788085937500e+03
3.443339263487511737e+00 1.242310180664062500e+03
3.446774015870043062e+00 1.231889404296875000e+03
3.450208768252573943e+00 1.216827270507812500e+03
3.453643520635105268e+00 1.205406127929687500e+03
3.457078273017636594e+00 1.198754150390625000e+03
3.460513025400167919e+00 1.200652709960937500e+03
3.463947777782698800e+00 1.195484008789062500e+03
3.467382530165230126e+00 1.190369873046875000e+03
3.470817282547761451e+00 1.183917480468750000e+03
3.474252034930292776e+00 1.178047119140625000e+03
3.477686787312823657e+00 1.173226562500000000e+03
3.481121539695354983e+00 1.161171752929687500e+03
3.484556292077886308e+00 1.155515502929687500e+03
3.487991044460417189e+00 1.165023071289062500e+03
3.491425796842948515e+00 1.172028930664062500e+03
3.494860549225479840e+00 1.173540771484375000e+03
3.498295301608011165e+00 1.165747436523437500e+03
3.501730053990542046e+00 1.159191894531250000e+03
3.505164806373073372e+00 1.157924682617187500e+03
3.508599558755604697e+00 1.154453857421875000e+03
3.512034311138135578e+00 1.157173461914062500e+03
3.515469063520666460e+00 1.152926635742187500e+03
3.518903815903197785e+00 1.146477172851562500e+03
3.522338568285729110e+00 1.134184692382812500e+03
3.525773320668259991e+00 1.132048339843750000e+03
3.529208073050791317e+00 1.130876586914062500e+03
3.532642825433322642e+00 1.131283325195312500e+03
3.536077577815853967e+00 1.130708251953125000e+03
3.539512330198384849e+00 1.129850219726562500e+03
3.542947082580916174e+00 1.124042724609375000e+03
3.546381834963447499e+00 1.123558593750000000e+03
3.549816587345978824e+00 1.127234741210937500e+03
3.553251339728509706e+00 1.134442016601562500e+03
3.556686092111041031e+00 1.140787597656250000e+03
3.560120844493572356e+00 1.138490844726562500e+03
3.563555596876103237e+00 1.142406616210937500e+03
3.566990349258634563e+00 1.143233642578125000e+03
3.570425101641165888e+00 1.146979614257812500e+03
3.573859854023697213e+00 1.146061157226562500e+03
3.577294606406228095e+00 1.141932373046875000e+03
3.580729358788759420e+00 1.136871093750000000e+03
3.584164111171290301e+00 1.130297973632812500e+03
3.587598863553821626e+00 1.123228515625000000e+03
3.591033615936352508e+00 1.121855346679687500e+03
3.594468368318883833e+00 1.124079956054687500e+03
3.597903120701415158e+00 1.127989746093750000e+03
3.601337873083946484e+00 1.128728027343750000e+03
3.604772625466477809e+00 1.127323730468750000e+03
3.608207377849008246e+00 1.133170288085937500e+03
3.611642130231539571e+00 1.128482543945312500e+03
3.615076882614070897e+00 1.125368408203125000e+03
3.618511634996602222e+00 1.122388061523437500e+03
3.621946387379133547e+00 1.129872192382812500e+03
3.625381139761664873e+00 1.134569702148437500e+03
3.628815892144196198e+00 1.138038940429687500e+03
3.632250644526726635e+00 1.136192016601562500e+03
3.635685396909257960e+00 1.146252563476562500e+03
3.639120149291789286e+00 1.148503662109375000e+03
3.642554901674320611e+00 1.155349121093750000e+03
3.645989654056851936e+00 1.156948852539062500e+03
3.649424406439383262e+00 1.164774169921875000e+03
3.652859158821914587e+00 1.168553955078125000e+03
3.656293911204445912e+00 1.164520019531250000e+03
3.659728663586976349e+00 1.160778564453125000e+03
3.663163415969507675e+00 1.163123657226562500e+03
3.666598168352038556e+00 1.172845703125000000e+03
3.670032920734569881e+00 1.184047363281250000e+03
3.673467673117101207e+00 1.196521606445312500e+03
3.676902425499632532e+00 1.202069213867187500e+03
3.680337177882163857e+00 1.213795288085937500e+03
3.683771930264694294e+00 1.219185913085937500e+03
3.687206682647225620e+00 1.230956176757812500e+03
3.690641435029756945e+00 1.238621459960937500e+03
3.694076187412288270e+00 1.254649291992187500e+03
3.697510939794819596e+00 1.266769653320312500e+03
3.700945692177350921e+00 1.275725585937500000e+03
3.704380444559882246e+00 1.283458007812500000e+03
3.707815196942412683e+00 1.299717407226562500e+03
3.711249949324944009e+00 1.327285278320312500e+03
3.714684701707475334e+00 1.354046752929687500e+03
3.718119454090006659e+00 1.385715820312500000e+03
3.721554206472537984e+00 1.418791137695312500e+03
3.724988958855069310e+00 1.465219238281250000e+03
3.728423711237600635e+00 1.525929687500000000e+03
3.731858463620131960e+00 1.603596191406250000e+03
3.735293216002662398e+00 1.707554565429687500e+03
3.738727968385193723e+00 1.872642333984375000e+03
3.742162720767725048e+00 2.185633300781250000e+03
3.745597473150255929e+00 2.793400146484375000e+03
3.749032225532787255e+00 4.109356933593750000e+03
3.752466977915318580e+00 7.063190917968750000e+03
3.755901730297849905e+00 1.322935449218750000e+04
3.759336482680380342e+00 2.394060156250000000e+04
3.762771235062911668e+00 3.787298437500000000e+04
3.766205987445442993e+00 4.692137500000000000e+04
3.769640739827974318e+00 4.669985156250000000e+04
3.773075492210505644e+00 3.654836718750000000e+04
3.776510244593036969e+00 2.338489648437500000e+04
3.779944996975568294e+00 1.278647949218750000e+04
3.783379749358098731e+00 6.727206542968750000e+03
3.786814501740630057e+00 4.004401855468750000e+03
3.790249254123161382e+00 2.781719482421875000e+03
3.793684006505692707e+00 2.207205322265625000e+03
3.797118758888224033e+00 1.914073730468750000e+03
3.800553511270755358e+00 1.735922851562500000e+03
3.803988263653286683e+00 1.618770996093750000e+03
3.807423016035818009e+00 1.533561035156250000e+03
3.810857768418348446e+00 1.465662475585937500e+03
3.814292520800879771e+00 1.421935424804687500e+03
3.817727273183411096e+00 1.380357299804687500e+03
3.821162025565941978e+00 1.349966308593750000e+03
3.824596777948473303e+00 1.316989868164062500e+03
3.828031530331004628e+00 1.298850463867187500e+03
3.831466282713535954e+00 1.274964111328125000e+03
3.834901035096066391e+00 1.253718994140625000e+03
3.838335787478597716e+00 1.230521362304687500e+03
3.841770539861129041e+00 1.210680541992187500e+03
3.845205292243660367e+00 1.197883544921875000e+03
3.848640044626191692e+00 1.189922241210937500e+03
3.852074797008723017e+00 1.185749755859375000e+03
3.855509549391254343e+00 1.181017578125000000e+03
3.858944301773784780e+00 1.165347045898437500e+03
3.862379054156316105e+00 1.150655029296875000e+03
3.865813806538847430e+00 1.133427612304687500e+03
3.869248558921378756e+00 1.120415283203125000e+03
3.872683311303910081e+00 1.114842529296875000e+03
3.876118063686441406e+00 1.115397583007812500e+03
3.879552816068972732e+00 1.110618774414062500e+03
3.882987568451504057e+00 1.098071166992187500e+03
3.886422320834034494e+00 1.084434936523437500e+03
3.889857073216565819e+00 1.076493286132812500e+03
3.893291825599097145e+00 1.074902343750000000e+03
3.896726577981628026e+00 1.070331054687500000e+03
3.900161330364159351e+00 1.071071289062500000e+03
3.903596082746690676e+00 1.062376220703125000e+03
3.907030835129222002e+00 1.055531005859375000e+03
3.910465587511752439e+00 1.047856323242187500e+03
3.913900339894283764e+00 1.045976928710937500e+03
3.917335092276815089e+00 1.045594116210937500e+03
3.920769844659346415e+00 1.041661010742187500e+03
3.924204597041877740e+00 1.042079833984375000e+03
3.927639349424409065e+00 1.041130493164062500e+03
3.931074101806940391e+00 1.041715332031250000e+03
3.934508854189470828e+00 1.037593017578125000e+03
3.937943606572002153e+00 1.036595825195312500e+03
3.941378358954533478e+00 1.032923706054687500e+03
3.944813111337064804e+00 1.032731811523437500e+03
3.948247863719596129e+00 1.032549194335937500e+03
3.951682616102127454e+00 1.029802368164062500e+03
3.955117368484658780e+00 1.030581054687500000e+03
3.958552120867189217e+00 1.029319458007812500e+03
3.961986873249720542e+00 1.036413818359375000e+03
3.965421625632251867e+00 1.035527709960937500e+03
3.968856378014783193e+00 1.032678710937500000e+03
3.972291130397314074e+00 1.019141357421875000e+03
3.975725882779845399e+00 1.016239257812500000e+03
3.979160635162376725e+00 1.013306701660156250e+03
3.982595387544908050e+00 1.013590270996093750e+03
3.986030139927438487e+00 1.007461181640625000e+03
3.989464892309969812e+00 1.005926513671875000e+03
3.992899644692501138e+00 1.007947265625000000e+03
3.996334397075032463e+00 1.013882690429687500e+03
3.999769149457563788e+00 1.023143066406250000e+03
4.003203901840095114e+00 1.027554809570312500e+03
4.006638654222625995e+00 1.023835083007812500e+03
4.010073406605156876e+00 1.018790222167968750e+03
4.013508158987687757e+00 1.022046936035156250e+03
4.016942911370219527e+00 1.029914428710937500e+03
4.020377663752750408e+00 1.038876098632812500e+03
4.023812416135282177e+00 1.047784790039062500e+03
4.027247168517813058e+00 1.054982543945312500e+03
4.030681920900344828e+00 1.060164428710937500e+03
4.034116673282874821e+00 1.054981933593750000e+03
4.037551425665406590e+00 1.060454833984375000e+03
4.040986178047937472e+00 1.063372192382812500e+03
4.044420930430469241e+00 1.064361938476562500e+03
4.047855682813000122e+00 1.066876586914062500e+03
4.051290435195531892e+00 1.081069091796875000e+03
4.054725187578062773e+00 1.095148925781250000e+03
4.058159939960594542e+00 1.102668701171875000e+03
4.061594692343124535e+00 1.104123901367187500e+03
4.065029444725656305e+00 1.109756103515625000e+03
4.068464197108187186e+00 1.116068847656250000e+03
4.071898949490718955e+00 1.121159179687500000e+03
4.075333701873249836e+00 1.137898925781250000e+03
4.078768454255781606e+00 1.157593383789062500e+03
4.082203206638312487e+00 1.187089111328125000e+03
4.085637959020843368e+00 1.211790405273437500e+03
4.089072711403374250e+00 1.251253417968750000e+03
4.092507463785905131e+00 1.298348144531250000e+03
4.095942216168436900e+00 1.371432373046875000e+03
4.099376968550967781e+00 1.493538940429687500e+03
4.102811720933499551e+00 1.738895507812500000e+03
4.106246473316030432e+00 2.235441650390625000e+03
4.109681225698561313e+00 3.320671142578125000e+03
4.113115978081092194e+00 5.877958007812500000e+03
4.116550730463623964e+00 1.039834082031250000e+04
4.119985482846154845e+00 1.659099609375000000e+04
4.123420235228686614e+00 2.273714648437500000e+04
4.126854987611217496e+00 2.644585351562500000e+04
4.130289739993749265e+00 2.527629492187500000e+04
4.133724492376280146e+00 1.952012500000000000e+04
4.137159244758811028e+00 1.230544726562500000e+04
4.140593997141341909e+00 6.909137207031250000e+03
4.144028749523873678e+00 3.859575439453125000e+03
4.147463501906404559e+00 2.453588134765625000e+03
4.150898254288936329e+00 1.852891113281250000e+03
4.154333006671467210e+00 1.560035766601562500e+03
4.157767759053998091e+00 1.404528808593750000e+03
4.161202511436528972e+00 1.321957031250000000e+03
4.164637263819060742e+00 1.269514526367187500e+03
4.168072016201591623e+00 1.236284545898437500e+03
4.171506768584122504e+00 1.200822509765625000e+03
4.174941520966654274e+00 1.176892822265625000e+03
4.178376273349185155e+00 1.155343872070312500e+03
4.181811025731716924e+00 1.145964233398437500e+03
4.185245778114246917e+00 1.126802856445312500e+03
4.188680530496778687e+00 1.110558227539062500e+03
4.192115282879309568e+00 1.093486694335937500e+03
4.195550035261841337e+00 1.085638183593750000e+03
4.198984787644372219e+00 1.072957153320312500e+03
4.202419540026903988e+00 1.058625366210937500e+03
4.205854292409434869e+00 1.050877929687500000e+03
4.209289044791966639e+00 1.041471801757812500e+03
4.212723797174496632e+00 1.031087524414062500e+03
4.216158549557028401e+00 1.014680480957031250e+03
4.219593301939559282e+00 1.000725036621093750e+03
4.223028054322091052e+00 9.928698730468750000e+02
4.226462806704621933e+00 9.897991943359375000e+02
4.229897559087153702e+00 9.897736816406250000e+02
4.233332311469684583e+00 9.862754516601562500e+02
4.236767063852215465e+00 9.826478881835937500e+02
4.240201816234746346e+00 9.816080322265625000e+02
4.243636568617277227e+00 9.803426513671875000e+02
4.247071320999808997e+00 9.782832641601562500e+02
4.250506073382339878e+00 9.664722900390625000e+02
4.253940825764871647e+00 9.533790283203125000e+02
4.257375578147402528e+00 9.459607543945312500e+02
4.260810330529933410e+00 9.475977172851562500e+02
4.264245082912464291e+00 9.515537719726562500e+02
4.267679835294996060e+00 9.420341796875000000e+02
4.271114587677526941e+00 9.333947143554687500e+02
4.274549340060058711e+00 9.289094848632812500e+02
4.277984092442589592e+00 9.304589233398437500e+02
4.281418844825121361e+00 9.371211547851562500e+02
4.284853597207652243e+00 9.393644409179687500e+02
4.288288349590183124e+00 9.455847778320312500e+02
4.291723101972714005e+00 9.390565795898437500e+02
4.295157854355245775e+00 9.252769775390625000e+02
4.298592606737776656e+00 9.160545043945312500e+02
4.302027359120308425e+00 9.149931030273437500e+02
4.305462111502839306e+00 9.207316284179687500e+02
4.308896863885370188e+00 9.237783813476562500e+02
4.312331616267901069e+00 9.294712524414062500e+02
4.315766368650432838e+00 9.334839477539062500e+02
4.319201121032963719e+00 9.354813232421875000e+02
4.322635873415494601e+00 9.320773925781250000e+02
4.326070625798026370e+00 9.325245361328125000e+02
4.329505378180557251e+00 9.329515380859375000e+02
4.332940130563089021e+00 9.271651611328125000e+02
4.336374882945619014e+00 9.202808227539062500e+02
4.339809635328150783e+00 9.130816040039062500e+02
4.343244387710681664e+00 9.163762817382812500e+02
4.346679140093213434e+00 9.183089599609375000e+02
4.350113892475744315e+00 9.196365356445312500e+02
4.353548644858276084e+00 9.119623413085937500e+02
4.356983397240806966e+00 9.076849975585937500e+02
4.360418149623338735e+00 9.045656738281250000e+02
4.363852902005868728e+00 9.067111206054687500e+02
4.367287654388400497e+00 9.040468139648437500e+02
4.370722406770931379e+00 9.020601196289062500e+02
4.374157159153463148e+00 9.075133056640625000e+02
4.377591911535994029e+00 9.065485229492187500e+02
4.381026663918525799e+00 9.066501464843750000e+02
4.384461416301056680e+00 8.961430053710937500e+02
4.387896168683587561e+00 9.002761840820312500e+02
4.391330921066118442e+00 9.027758789062500000e+02
4.394765673448649324e+00 9.073725585937500000e+02
4.398200425831181093e+00 8.998599853515625000e+02
4.401635178213711974e+00 8.948912963867187500e+02
4.405069930596243744e+00 8.941372070312500000e+02
4.408504682978774625e+00 8.997179565429687500e+02
4.411939435361305506e+00 8.953097534179687500e+02
4.415374187743836387e+00 8.917922973632812500e+02
4.418808940126368157e+00 8.940839233398437500e+02
4.422243692508899038e+00 8.955250854492187500e+02
4.425678444891430807e+00 8.934509277343750000e+02
4.429113197273961688e+00 8.801517944335937500e+02
4.432547949656493458e+00 8.758656616210937500e+02
4.435982702039023451e+00 8.675414428710937500e+02
4.439417454421555220e+00 8.693433227539062500e+02
4.442852206804086101e+00 8.675141601562500000e+02
4.446286959186617871e+00 8.702020874023437500e+02
4.449721711569148752e+00 8.645543823242187500e+02
4.453156463951680522e+00 8.607175292968750000e+02
4.456591216334211403e+00 8.658480834960937500e+02
4.460025968716742284e+00 8.781536254882812500e+02
4.463460721099273165e+00 8.867703857421875000e+02
4.466895473481804935e+00 8.902359619140625000e+02
4.470330225864335816e+00 8.854042968750000000e+02
4.473764978246866697e+00 8.782546386718750000e+02
4.477199730629398466e+00 8.659987182617187500e+02
4.480634483011929348e+00 8.630959472656250000e+02
4.484069235394461117e+00 8.693716430664062500e+02
4.487503987776991110e+00 8.721216430664062500e+02
4.490938740159522879e+00 8.704723510742187500e+02
4.494373492542053761e+00 8.633128051757812500e+02
4.497808244924585530e+00 8.596542358398437500e+02
4.501242997307116411e+00 8.623283081054687500e+02
4.504677749689648181e+00 8.759034423828125000e+02
4.508112502072179062e+00 8.805766601562500000e+02
4.511547254454709943e+00 8.727780151367187500e+02
4.514982006837240824e+00 8.592998046875000000e+02
4.518416759219772594e+00 8.576852416992187500e+02
4.521851511602303475e+00 8.566968994140625000e+02
4.525286263984835244e+00 8.527889404296875000e+02
4.528721016367366126e+00 8.560792236328125000e+02
4.532155768749897895e+00 8.645604248046875000e+02
4.535590521132428776e+00 8.724448242187500000e+02
4.539025273514959657e+00 8.735085449218750000e+02
4.542460025897490539e+00 8.691952514648437500e+02
4.545894778280021420e+00 8.691786499023437500e+02
4.549329530662553189e+00 8.723934936523437500e+02
4.552764283045084071e+00 8.735187988281250000e+02
4.556199035427615840e+00 8.694437255859375000e+02
4.559633787810146721e+00 8.660295410156250000e+02
4.563068540192677602e+00 8.701171264648437500e+02
4.566503292575208484e+00 8.784584350585937500e+02
4.569938044957740253e+00 8.747241210937500000e+02
4.573372797340271134e+00 8.646951904296875000e+02
4.576807549722802904e+00 8.584349975585937500e+02
4.580242302105333785e+00 8.638311157226562500e+02
4.583677054487865554e+00 8.677539672851562500e+02
4.587111806870395547e+00 8.679306030273437500e+02
4.590546559252927317e+00 8.699984130859375000e+02
4.593981311635458198e+00 8.679907836914062500e+02
4.597416064017989967e+00 8.673393554687500000e+02
4.600850816400520849e+00 8.628646240234375000e+02
4.604285568783052618e+00 8.657825317382812500e+02
4.607720321165583499e+00 8.706218261718750000e+02
4.611155073548115269e+00 8.705039062500000000e+02
4.614589825930645262e+00 8.652312011718750000e+02
4.618024578313177031e+00 8.533951416015625000e+02
4.621459330695707912e+00 8.498196411132812500e+02
4.624894083078238793e+00 8.528702392578125000e+02
4.628328835460770563e+00 8.561339721679687500e+02
4.631763587843301444e+00 8.591532592773437500e+02
4.635198340225833213e+00 8.634687500000000000e+02
4.638633092608363206e+00 8.702197875976562500e+02
4.642067844990894976e+00 8.747332763671875000e+02
4.645502597373425857e+00 8.719318847656250000e+02
4.648937349755957626e+00 8.724543457031250000e+02
4.652372102138488508e+00 8.684996337890625000e+02
4.655806854521020277e+00 8.745541381835937500e+02
4.659241606903551158e+00 8.815495605468750000e+02
4.662676359286082040e+00 8.864882812500000000e+02
4.666111111668612921e+00 8.924208374023437500e+02
4.669545864051144690e+00 9.104792480468750000e+02
4.672980616433675571e+00 9.254101562500000000e+02
4.676415368816207341e+00 9.306355590820312500e+02
4.679850121198738222e+00 9.142564086914062500e+02
4.683284873581269991e+00 9.065925292968750000e+02
4.686719625963800873e+00 8.979638671875000000e+02
4.690154378346331754e+00 8.933171386718750000e+02
4.693589130728862635e+00 8.901372680664062500e+02
4.697023883111393516e+00 8.929827270507812500e+02
4.700458635493925286e+00 8.967993774414062500e+02
4.703893387876456167e+00 8.962222900390625000e+02
4.707328140258987936e+00 9.045221557617187500e+02
4.710762892641518818e+00 9.145901489257812500e+02
4.714197645024049699e+00 9.275851440429687500e+02
4.717632397406580580e+00 9.355677490234375000e+02
4.721067149789112349e+00 9.358352661132812500e+02
4.724501902171643231e+00 9.425250854492187500e+02
4.727936654554175000e+00 9.438407592773437500e+02
4.731371406936705881e+00 9.644635620117187500e+02
4.734806159319237651e+00 9.935516967773437500e+02
4.738240911701767644e+00 1.041370605468750000e+03
4.741675664084299413e+00 1.108883544921875000e+03
4.745110416466830294e+00 1.259804199218750000e+03
4.748545168849362064e+00 1.582065063476562500e+03
4.751979921231892945e+00 2.262669189453125000e+03
4.755414673614424714e+00 3.665015625000000000e+03
4.758849425996955596e+00 5.692656250000000000e+03
4.762284178379487365e+00 7.955187500000000000e+03
4.765718930762017358e+00 9.428950195312500000e+03
4.769153683144549127e+00 9.272413085937500000e+03
4.772588435527080009e+00 7.780367187500000000e+03
4.776023187909610890e+00 5.532604980468750000e+03
4.779457940292142659e+00 3.603479736328125000e+03
4.782892692674673540e+00 2.241826660156250000e+03
4.786327445057205310e+00 1.569579589843750000e+03
4.789762197439735303e+00 1.273490234375000000e+03
4.793196949822267072e+00 1.133463623046875000e+03
4.796631702204797953e+00 1.057516845703125000e+03
4.800066454587329723e+00 1.012858154296875000e+03
4.803501206969860604e+00 9.898267211914062500e+02
4.806935959352392373e+00 9.696515502929687500e+02
4.810370711734923255e+00 9.557348022460937500e+02
4.813805464117454136e+00 9.470158691406250000e+02
4.817240216499985017e+00 9.374028930664062500e+02
4.820674968882516787e+00 9.291832275390625000e+02
4.824109721265047668e+00 9.283619384765625000e+02
4.827544473647579437e+00 9.360289306640625000e+02
4.830979226030110318e+00 9.324797973632812500e+02
4.834413978412642088e+00 9.233206787109375000e+02
4.837848730795172969e+00 9.125100708007812500e+02
4.841283483177703850e+00 9.111301269531250000e+02
4.844718235560234731e+00 9.126436767578125000e+02
4.848152987942766501e+00 9.154122314453125000e+02
4.851587740325297382e+00 9.087351074218750000e+02
4.855022492707828263e+00 8.940288696289062500e+02
4.858457245090360033e+00 8.876534423828125000e+02
4.861891997472890914e+00 8.828223266601562500e+02
4.865326749855421795e+00 8.893311157226562500e+02
4.868761502237952676e+00 8.904631347656250000e+02
4.872196254620484446e+00 8.957984008789062500e+02
4.875631007003015327e+00 8.888504028320312500e+02
4.879065759385547096e+00 8.823717651367187500e+02
4.882500511768077978e+00 8.746546630859375000e+02
4.885935264150609747e+00 8.778757324218750000e+02
4.889370016533139740e+00 8.820895385742187500e+02
4.892804768915671509e+00 8.908371582031250000e+02
4.896239521298202391e+00 8.899821777343750000e+02
4.899674273680734160e+00 8.949601440429687500e+02
4.903109026063265041e+00 8.913029785156250000e+02
4.906543778445796811e+00 8.916512451171875000e+02
4.909978530828327692e+00 8.912570190429687500e+02
4.913413283210858573e+00 8.964087524414062500e+02
4.916848035593389454e+00 9.056480712890625000e+02
4.920282787975921224e+00 9.046224365234375000e+02
4.923717540358452105e+00 9.018424682617187500e+02
4.927152292740982986e+00 8.979333496093750000e+02
4.930587045123514756e+00 9.020386352539062500e+02
4.934021797506045637e+00 9.107584838867187500e+02
4.937456549888577406e+00 9.158586425781250000e+02
4.940891302271107399e+00 9.143098754882812500e+02
4.944326054653639169e+00 9.089703369140625000e+02
4.947760807036170050e+00 9.076481323242187500e+02
4.951195559418701819e+00 9.074953002929687500e+02
4.954630311801232700e+00 9.079128417968750000e+02
4.958065064183764470e+00 9.084738769531250000e+02
4.961499816566295351e+00 9.230626220703125000e+02
4.964934568948826232e+00 9.347857666015625000e+02
4.968369321331357114e+00 9.420753173828125000e+02
4.971804073713888883e+00 9.382764282226562500e+02
4.975238826096419764e+00 9.438352661132812500e+02
4.978673578478951534e+00 9.537903442382812500e+02
4.982108330861482415e+00 9.685755004882812500e+02
4.985543083244014184e+00 9.808276977539062500e+02
4.988977835626544177e+00 9.929351196289062500e+02
4.992412588009075947e+00 1.001435913085937500e+03
4.995847340391606828e+00 1.008749938964843750e+03
4.999282092774138597e+00 1.017493896484375000e+03
5.002716845156669478e+00 1.032522705078125000e+03
5.006151597539200360e+00 1.053290039062500000e+03
5.009586349921732129e+00 1.079333984375000000e+03
5.013021102304263010e+00 1.107551025390625000e+03
5.016455854686793892e+00 1.142731567382812500e+03
5.019890607069324773e+00 1.191891113281250000e+03
5.023325359451856542e+00 1.257302124023437500e+03
5.026760111834387423e+00 1.358599243164062500e+03
5.030194864216919193e+00 1.529070922851562500e+03
5.033629616599450074e+00 1.851005126953125000e+03
5.037064368981981843e+00 2.509638671875000000e+03
5.040499121364511836e+00 4.025344970703125000e+03
5.043933873747043606e+00 6.977847656250000000e+03
5.047368626129574487e+00 1.202412207031250000e+04
5.050803378512106256e+00 1.905715625000000000e+04
5.054238130894637138e+00 2.512364843750000000e+04
5.057672883277168907e+00 2.724274609375000000e+04
5.061107635659699788e+00 2.303211718750000000e+04
5.064542388042230669e+00 1.608787500000000000e+04
5.067977140424761551e+00 9.409079101562500000e+03
5.071411892807293320e+00 5.286215820312500000e+03
5.074846645189824201e+00 3.080493652343750000e+03
5.078281397572355083e+00 2.109264648437500000e+03
5.081716149954886852e+00 1.655866699218750000e+03
5.085150902337417733e+00 1.436552490234375000e+03
5.088585654719949503e+00 1.318480468750000000e+03
5.092020407102479496e+00 1.242959472656250000e+03
5.095455159485011265e+00 1.187421142578125000e+03
5.098889911867542146e+00 1.143491699218750000e+03
5.102324664250073916e+00 1.109408325195312500e+03
5.105759416632604797e+00 1.080174804687500000e+03
5.109194169015136566e+00 1.058406616210937500e+03
5.112628921397667447e+00 1.042186523437500000e+03
5.116063673780198329e+00 1.027313110351562500e+03
5.119498426162729210e+00 1.016511169433593750e+03
5.122933178545260979e+00 1.008188903808593750e+03
5.126367930927791861e+00 9.981255493164062500e+02
5.129802683310323630e+00 9.876369628906250000e+02
5.133237435692854511e+00 9.763471679687500000e+02
5.136672188075386281e+00 9.744085083007812500e+02
5.140106940457916274e+00 9.707520751953125000e+02
5.143541692840448043e+00 9.610852050781250000e+02
5.146976445222978924e+00 9.531882934570312500e+02
5.150411197605510694e+00 9.496106567382812500e+02
5.153845949988041575e+00 9.531400756835937500e+02
5.157280702370572456e+00 9.465740356445312500e+02
5.160715454753104225e+00 9.398045043945312500e+02
5.164150207135635107e+00 9.326186523437500000e+02
5.167584959518165988e+00 9.300401000976562500e+02
5.171019711900696869e+00 9.261159057617187500e+02
5.174454464283228639e+00 9.252946166992187500e+02
5.177889216665759520e+00 9.261072998046875000e+02
5.181323969048291289e+00 9.260956420898437500e+02
5.184758721430822170e+00 9.254083251953125000e+02
5.188193473813353940e+00 9.196491699218750000e+02
5.191628226195883933e+00 9.179454345703125000e+02
5.195062978578415702e+00 9.201894531250000000e+02
5.198497730960946583e+00 9.183305664062500000e+02
5.201932483343478353e+00 9.164954223632812500e+02
5.205367235726009234e+00 9.123156738281250000e+02
5.208801988108541003e+00 9.154633789062500000e+02
5.212236740491071885e+00 9.194334716796875000e+02
5.215671492873602766e+00 9.221802368164062500e+02
5.219106245256133647e+00 9.249736938476562500e+02
5.222540997638665417e+00 9.232331542968750000e+02
5.225975750021196298e+00 9.231430664062500000e+02
5.229410502403727179e+00 9.203230590820312500e+02
5.232845254786258948e+00 9.272227172851562500e+02
5.236280007168789830e+00 9.350938720703125000e+02
5.239714759551321599e+00 9.424163208007812500e+02
5.243149511933851592e+00 9.467843017578125000e+02
5.246584264316383361e+00 9.487816772460937500e+02
5.250019016698914243e+00 9.561079101562500000e+02
5.253453769081446012e+00 9.653207397460937500e+02
5.256888521463976893e+00 9.718517456054687500e+02
5.260323273846508663e+00 9.794486694335937500e+02
5.263758026229039544e+00 9.873995971679687500e+02
5.267192778611570425e+00 9.997230834960937500e+02
5.270627530994101306e+00 1.003699707031250000e+03
5.274062283376633076e+00 1.007294006347656250e+03
5.277497035759163957e+00 1.016457702636718750e+03
5.280931788141695726e+00 1.031367675781250000e+03
5.284366540524226608e+00 1.056458496093750000e+03
5.287801292906758377e+00 1.080376586914062500e+03
5.291236045289288370e+00 1.103153076171875000e+03
5.294670797671820139e+00 1.130921142578125000e+03
5.298105550054351021e+00 1.178940551757812500e+03
5.301540302436882790e+00 1.267069824218750000e+03
5.304975054819413671e+00 1.428357543945312500e+03
5.308409807201944552e+00 1.734312622070312500e+03
5.311844559584476322e+00 2.357362792968750000e+03
5.315279311967006315e+00 3.763218261718750000e+03
5.318714064349538084e+00 6.645208984375000000e+03
5.322148816732068966e+00 1.216887597656250000e+04
5.325583569114600735e+00 1.900499414062500000e+04
5.329018321497131616e+00 2.599360937500000000e+04
5.332453073879663386e+00 2.734888476562500000e+04
5.335887826262194267e+00 2.229408398437500000e+04
5.339322578644726036e+00 1.425946679687500000e+04
5.342757331027256029e+00 7.686159179687500000e+03
5.346192083409787799e+00 4.241069335937500000e+03
5.349626835792318680e+00 2.569902587890625000e+03
5.353061588174850449e+00 1.835113281250000000e+03
5.356496340557381330e+00 1.494119140625000000e+03
5.359931092939913100e+00 1.317545776367187500e+03
5.363365845322443981e+00 1.219297119140625000e+03
5.366800597704974862e+00 1.155741333007812500e+03
5.370235350087505743e+00 1.115516601562500000e+03
5.373670102470037513e+00 1.092848999023437500e+03
5.377104854852568394e+00 1.068416992187500000e+03
5.380539607235100164e+00 1.040810546875000000e+03
5.383974359617631045e+00 1.021047546386718750e+03
5.387409112000161926e+00 1.013132019042968750e+03
5.390843864382692807e+00 1.005671569824218750e+03
5.394278616765223688e+00 9.960261230468750000e+02
5.397713369147755458e+00 9.835830688476562500e+02
5.401148121530286339e+00 9.727292480468750000e+02
5.404582873912818108e+00 9.582645874023437500e+02
5.408017626295348990e+00 9.533845825195312500e+02
5.411452378677880759e+00 9.510468139648437500e+02
5.414887131060411640e+00 9.418931274414062500e+02
5.418321883442942521e+00 9.330582275390625000e+02
5.421756635825473403e+00 9.250110473632812500e+02
5.425191388208005172e+00 9.259961547851562500e+02
5.428626140590536053e+00 9.207686767578125000e+02
5.432060892973067823e+00 9.162534179687500000e+02
5.435495645355598704e+00 9.090441894531250000e+02
5.438930397738130473e+00 9.019316406250000000e+02
5.442365150120660466e+00 8.972068481445312500e+02
5.445799902503192236e+00 8.913734741210937500e+02
5.449234654885723117e+00 8.848729858398437500e+02
5.452669407268254886e+00 8.806921997070312500e+02
5.456104159650785768e+00 8.780767822265625000e+02
5.459538912033316649e+00 8.764180908203125000e+02
5.462973664415848418e+00 8.737845458984375000e+02
5.466408416798379299e+00 8.753077392578125000e+02
5.469843169180910181e+00 8.772071533203125000e+02
5.473277921563441062e+00 8.855311889648437500e+02
5.476712673945972831e+00 8.870059204101562500e+02
5.480147426328503713e+00 8.841736450195312500e+02
5.483582178711035482e+00 8.801444091796875000e+02
5.487016931093566363e+00 8.822597045898437500e+02
5.490451683476098133e+00 8.816593017578125000e+02
5.493886435858628126e+00 8.822374267578125000e+02
5.497321188241159895e+00 8.798798217773437500e+02
5.500755940623690776e+00 8.864301757812500000e+02
5.504190693006222546e+00 8.895510253906250000e+02
5.507625445388753427e+00 8.919030761718750000e+02
5.511060197771285196e+00 8.969617309570312500e+02
5.514494950153816077e+00 9.071278076171875000e+02
5.517929702536346959e+00 9.149898681640625000e+02
5.521364454918877840e+00 9.180089721679687500e+02
5.524799207301409609e+00 9.213170776367187500e+02
5.528233959683940490e+00 9.254031372070312500e+02
5.531668712066472260e+00 9.272928466796875000e+02
5.535103464449003141e+00 9.274519653320312500e+02
5.538538216831534022e+00 9.338821411132812500e+02
5.541972969214064904e+00 9.440147094726562500e+02
5.545407721596595785e+00 9.504159545898437500e+02
5.548842473979127554e+00 9.591802978515625000e+02
5.552277226361658435e+00 9.789312133789062500e+02
5.555711978744190205e+00 1.011302307128906250e+03
5.559146731126721086e+00 1.054232421875000000e+03
5.562581483509252855e+00 1.120057861328125000e+03
5.566016235891783737e+00 1.236742675781250000e+03
5.569450988274314618e+00 1.462302612304687500e+03
5.572885740656845499e+00 1.943533447265625000e+03
5.576320493039377268e+00 2.944524169921875000e+03
5.579755245421908150e+00 4.903232910156250000e+03
5.583189997804439919e+00 8.087007324218750000e+03
5.586624750186970800e+00 1.141072070312500000e+04
5.590059502569502570e+00 1.407738476562500000e+04
5.593494254952032563e+00 1.417334960937500000e+04
5.596929007334564332e+00 1.192962109375000000e+04
5.600363759717095213e+00 8.146363281250000000e+03
5.603798512099626983e+00 4.819382324218750000e+03
5.607233264482157864e+00 2.805944335937500000e+03
5.610668016864688745e+00 1.824860595703125000e+03
5.614102769247220515e+00 1.408412719726562500e+03
5.617537521629751396e+00 1.209739990234375000e+03
5.620972274012282277e+00 1.105192138671875000e+03
5.624407026394813158e+00 1.051200317382812500e+03
5.627841778777344928e+00 1.015951232910156250e+03
5.631276531159875809e+00 9.976504516601562500e+02
5.634711283542407578e+00 9.819863281250000000e+02
5.638146035924938460e+00 9.652740478515625000e+02
5.641580788307470229e+00 9.462451171875000000e+02
5.645015540690000222e+00 9.301852416992187500e+02
5.648450293072531991e+00 9.200139160156250000e+02
5.651885045455062873e+00 9.147033081054687500e+02
5.655319797837594642e+00 9.086548461914062500e+02
5.658754550220125523e+00 9.057235107421875000e+02
5.662189302602657293e+00 8.975496826171875000e+02
5.665624054985188174e+00 8.915187377929687500e+02
5.669058807367719055e+00 8.883478393554687500e+02
5.672493559750249936e+00 8.834559936523437500e+02
5.675928312132781706e+00 8.748897094726562500e+02
5.679363064515312587e+00 8.644223022460937500e+02
5.682797816897844356e+00 8.609260864257812500e+02
5.686232569280375237e+00 8.675823974609375000e+02
5.689667321662906119e+00 8.648034057617187500e+02
5.693102074045437000e+00 8.670350341796875000e+02
5.696536826427967881e+00 8.640065917968750000e+02
5.699971578810499651e+00 8.671326293945312500e+02
5.703406331193030532e+00 8.652778930664062500e+02
5.706841083575562301e+00 8.621271362304687500e+02
5.710275835958093182e+00 8.571616821289062500e+02
5.713710588340624952e+00 8.501589355468750000e+02
5.717145340723154945e+00 8.438884887695312500e+02
5.720580093105686714e+00 8.390075073242187500e+02
5.724014845488217595e+00 8.342022094726562500e+02
5.727449597870749365e+00 8.320930786132812500e+02
5.730884350253280246e+00 8.361015014648437500e+02
5.734319102635812015e+00 8.421041259765625000e+02
5.737753855018342897e+00 8.372196655273437500e+02
5.741188607400874666e+00 8.329011230468750000e+02
5.744623359783404659e+00 8.330072021484375000e+02
5.748058112165936429e+00 8.418120727539062500e+02
5.751492864548467310e+00 8.401465454101562500e+02
5.754927616930999079e+00 8.360942382812500000e+02
5.758362369313529960e+00 8.342261962890625000e+02
5.761797121696060842e+00 8.362677612304687500e+02
5.765231874078592611e+00 8.435702514648437500e+02
5.768666626461123492e+00 8.459654541015625000e+02
5.772101378843654373e+00 8.429910888671875000e+02
5.775536131226185255e+00 8.364129028320312500e+02
5.778970883608717024e+00 8.331281738281250000e+02
5.782405635991247905e+00 8.406209716796875000e+02
5.785840388373779675e+00 8.431625366210937500e+02
5.789275140756310556e+00 8.420886230468750000e+02
5.792709893138841437e+00 8.458443603515625000e+02
5.796144645521372318e+00 8.444757080078125000e+02
5.799579397903904088e+00 8.481945190429687500e+02
5.803014150286434969e+00 8.447858886718750000e+02
5.806448902668966738e+00 8.509620971679687500e+02
5.809883655051497620e+00 8.599901733398437500e+02
5.813318407434029389e+00 8.775655517578125000e+02
5.816753159816560270e+00 9.021386108398437500e+02
5.820187912199091151e+00 9.573381347656250000e+02
5.823622664581622033e+00 1.084504394531250000e+03
5.827057416964153802e+00 1.351130126953125000e+03
5.830492169346684683e+00 1.809326660156250000e+03
5.833926921729216453e+00 2.300501953125000000e+03
5.837361674111747334e+00 2.729124023437500000e+03
5.840796426494278215e+00 2.818188476562500000e+03
5.844231178876809096e+00 2.522211669921875000e+03
5.847665931259339978e+00 1.949576416015625000e+03
5.851100683641871747e+00 1.428684814453125000e+03
5.854535436024402628e+00 1.137791870117187500e+03
5.857970188406934398e+00 9.897050781250000000e+02
5.861404940789465279e+00 9.131871948242187500e+02
5.864839693171997048e+00 8.856363525390625000e+02
5.868274445554527041e+00 8.754011230468750000e+02
5.871709197937058811e+00 8.662733154296875000e+02
5.875143950319589692e+00 8.560051879882812500e+02
5.878578702702121461e+00 8.445808105468750000e+02
5.882013455084652342e+00 8.429074707031250000e+02
5.885448207467184112e+00 8.444122314453125000e+02
5.888882959849714993e+00 8.441420898437500000e+02
5.892317712232246762e+00 8.441812133789062500e+02
5.895752464614776756e+00 8.394078979492187500e+02
5.899187216997308525e+00 8.378353881835937500e+02
5.902621969379839406e+00 8.348534545898437500e+02
5.906056721762371176e+00 8.370745239257812500e+02
5.909491474144902057e+00 8.403127441406250000e+02
5.912926226527432938e+00 8.380953369140625000e+02
5.916360978909964707e+00 8.299514160156250000e+02
5.919795731292495589e+00 8.301022338867187500e+02
5.923230483675026470e+00 8.329784545898437500e+02
5.926665236057557351e+00 8.370507812500000000e+02
5.930099988440089120e+00 8.309454956054687500e+02
5.933534740822620002e+00 8.267372436523437500e+02
5.936969493205151771e+00 8.320660400390625000e+02
5.940404245587682652e+00 8.412686767578125000e+02
5.943838997970213534e+00 8.474577026367187500e+02
5.947273750352744415e+00 8.432084350585937500e+02
5.950708502735276184e+00 8.383242187500000000e+02
5.954143255117807065e+00 8.392361450195312500e+02
5.957578007500338835e+00 8.418360595703125000e+02
5.961012759882869716e+00 8.457282104492187500e+02
5.964447512265401485e+00 8.435722656250000000e+02
5.967882264647932367e+00 8.434895629882812500e+02
5.971317017030463248e+00 8.450781860351562500e+02
5.974751769412994129e+00 8.471690673828125000e+02
5.978186521795525898e+00 8.504805297851562500e+02
5.981621274178056780e+00 8.570197143554687500e+02
5.985056026560588549e+00 8.615501098632812500e+02
5.988490778943119430e+00 8.637432250976562500e+02
5.991925531325650311e+00 8.649423828125000000e+02
5.995360283708181193e+00 8.723717041015625000e+02
5.998795036090712074e+00 8.707247314453125000e+02
6.002229788473243843e+00 8.721437377929687500e+02
6.005664540855774725e+00 8.681019897460937500e+02
6.009099293238306494e+00 8.704525146484375000e+02
6.012534045620837375e+00 8.721820068359375000e+02
6.015968798003369145e+00 8.747332763671875000e+02
6.019403550385899138e+00 8.845662231445312500e+02
6.022838302768430907e+00 8.877613525390625000e+02
6.026273055150961788e+00 8.915264282226562500e+02
6.029707807533493558e+00 8.986865844726562500e+02
6.033142559916024439e+00 9.075798339843750000e+02
6.036577312298556208e+00 9.185883789062500000e+02
6.040012064681087089e+00 9.236310424804687500e+02
6.043446817063618859e+00 9.385526733398437500e+02
6.046881569446148852e+00 9.609626464843750000e+02
6.050316321828680621e+00 1.000213500976562500e+03
6.053751074211211503e+00 1.069188964843750000e+03
6.057185826593743272e+00 1.190860839843750000e+03
6.060620578976274153e+00 1.439511352539062500e+03
6.064055331358805923e+00 1.981194946289062500e+03
6.067490083741336804e+00 3.062275878906250000e+03
6.070924836123867685e+00 4.686478027343750000e+03
6.074359588506398566e+00 6.834312011718750000e+03
6.077794340888929447e+00 8.246791015625000000e+03
6.081229093271461217e+00 8.639774414062500000e+03
6.084663845653992098e+00 7.332324707031250000e+03
6.088098598036523867e+00 5.314290039062500000e+03
6.091533350419054749e+00 3.316357421875000000e+03
6.094968102801585630e+00 2.058935058593750000e+03
6.098402855184116511e+00 1.461487792968750000e+03
6.101837607566648281e+00 1.199156005859375000e+03
6.105272359949179162e+00 1.079695434570312500e+03
6.108707112331710931e+00 1.021500488281250000e+03
6.112141864714241812e+00 9.935292968750000000e+02
6.115576617096773582e+00 9.695929565429687500e+02
6.119011369479304463e+00 9.512219238281250000e+02
6.122446121861835344e+00 9.330061645507812500e+02
6.125880874244366225e+00 9.241516723632812500e+02
6.129315626626897995e+00 9.161627197265625000e+02
6.132750379009428876e+00 9.174531860351562500e+02
6.136185131391960645e+00 9.134663085937500000e+02
6.139619883774491527e+00 9.136529541015625000e+02
6.143054636157022408e+00 9.066592407226562500e+02
6.146489388539553289e+00 9.044542236328125000e+02
6.149924140922085058e+00 8.995202026367187500e+02
6.153358893304615940e+00 8.999391479492187500e+02
6.156793645687146821e+00 8.923278808593750000e+02
6.160228398069678590e+00 8.889067382812500000e+02
6.163663150452209472e+00 8.827524414062500000e+02
6.167097902834741241e+00 8.848358764648437500e+02
6.170532655217271234e+00 8.851658325195312500e+02
6.173967407599803003e+00 8.846889648437500000e+02
6.177402159982333885e+00 8.785538330078125000e+02
6.180836912364865654e+00 8.769176025390625000e+02
6.184271664747396535e+00 8.785763549804687500e+02
6.187706417129928305e+00 8.870448608398437500e+02
6.191141169512459186e+00 8.830040283203125000e+02
6.194575921894990067e+00 8.822366943359375000e+02
6.198010674277520948e+00 8.763453369140625000e+02
6.201445426660052718e+00 8.794790039062500000e+02
6.204880179042583599e+00 8.808806152343750000e+02
6.208314931425115368e+00 8.875100708007812500e+02
6.211749683807646250e+00 8.963001708984375000e+02
6.215184436190178019e+00 9.041065673828125000e+02
6.218619188572708900e+00 9.038579711914062500e+02
6.222053940955239781e+00 8.999030761718750000e+02
6.225488693337770663e+00 9.047286987304687500e+02
6.228923445720301544e+00 9.088416748046875000e+02
6.232358198102833313e+00 9.157288818359375000e+02
6.235792950485364194e+00 9.206777343750000000e+02
6.239227702867895964e+00 9.334970703125000000e+02
6.242662455250426845e+00 9.421537475585937500e+02
6.246097207632957726e+00 9.473212890625000000e+02
6.249531960015488607e+00 9.475002441406250000e+02
6.252966712398020377e+00 9.593103637695312500e+02
6.256401464780551258e+00 9.730999145507812500e+02
6.259836217163083028e+00 9.904670410156250000e+02
6.263270969545613909e+00 1.005087341308593750e+03
6.266705721928145678e+00 1.016518920898437500e+03
6.270140474310675671e+00 1.038742675781250000e+03
6.273575226693207441e+00 1.072117797851562500e+03
6.277009979075738322e+00 1.131195312500000000e+03
6.280444731458270091e+00 1.212603271484375000e+03
6.283879483840800972e+00 1.356252319335937500e+03
6.287314236223332742e+00 1.638918823242187500e+03
6.290748988605863623e+00 2.234711425781250000e+03
6.294183740988394504e+00 3.493859130859375000e+03
6.297618493370925385e+00 6.034439453125000000e+03
6.301053245753457155e+00 9.839327148437500000e+03
6.304487998135988036e+00 1.441687695312500000e+04
6.307922750518518917e+00 1.768044921875000000e+04
6.311357502901050687e+00 1.771763476562500000e+04
6.314792255283581568e+00 1.463683593750000000e+04
6.318227007666113337e+00 9.737529296875000000e+03
6.321661760048643330e+00 5.754086914062500000e+03
6.325096512431175100e+00 3.242025634765625000e+03
6.328531264813705981e+00 2.088009521484375000e+03
6.331966017196237750e+00 1.580005981445312500e+03
6.335400769578768632e+00 1.338590209960937500e+03
6.338835521961300401e+00 1.208125244140625000e+03
6.342270274343831282e+00 1.132790527343750000e+03
6.345705026726362163e+00 1.086489990234375000e+03
6.349139779108893045e+00 1.049941772460937500e+03
6.352574531491424814e+00 1.023485412597656250e+03
6.356009283873955695e+00 1.003313415527343750e+03
6.359444036256487465e+00 9.901248779296875000e+02
6.362878788639018346e+00 9.804343261718750000e+02
6.366313541021550115e+00 9.636920776367187500e+02
6.369748293404080997e+00 9.535450439453125000e+02
6.373183045786611878e+00 9.420278930664062500e+02
6.376617798169142759e+00 9.339079589843750000e+02
6.380052550551673640e+00 9.263259277343750000e+02
6.383487302934205410e+00 9.199652709960937500e+02
6.386922055316736291e+00 9.181111450195312500e+02
6.390356807699268060e+00 9.136165161132812500e+02
6.393791560081798941e+00 9.097871093750000000e+02
6.397226312464329823e+00 9.092541503906250000e+02
6.400661064846860704e+00 8.993975219726562500e+02
6.404095817229392473e+00 8.961287841796875000e+02
6.407530569611923355e+00 8.913693847656250000e+02
6.410965321994455124e+00 8.946405029296875000e+02
6.414400074376986005e+00 8.847922363281250000e+02
6.417834826759517775e+00 8.760841674804687500e+02
6.421269579142047768e+00 8.673464355468750000e+02
6.424704331524579537e+00 8.633159179687500000e+02
6.428139083907110418e+00 8.591629028320312500e+02
6.431573836289642188e+00 8.581966552734375000e+02
6.435008588672173069e+00 8.525100097656250000e+02
6.438443341054704838e+00 8.513825683593750000e+02
6.441878093437235719e+00 8.551555175781250000e+02
6.445312845819766601e+00 8.594538574218750000e+02
6.448747598202297482e+00 8.605757446289062500e+02
6.452182350584829251e+00 8.594124755859375000e+02
6.455617102967360132e+00 8.606027832031250000e+02
6.459051855349891014e+00 8.556872558593750000e+02
6.462486607732422783e+00 8.505289916992187500e+02
6.465921360114953664e+00 8.443653564453125000e+02
6.469356112497485434e+00 8.448576049804687500e+02
6.472790864880015427e+00 8.448785400390625000e+02
6.476225617262547196e+00 8.416764526367187500e+02
6.479660369645078077e+00 8.432446899414062500e+02
6.483095122027609847e+00 8.449620361328125000e+02
6.486529874410140728e+00 8.427510375976562500e+02
6.489964626792672497e+00 8.359609985351562500e+02
6.493399379175203379e+00 8.292384643554687500e+02
6.496834131557734260e+00 8.300350341796875000e+02
6.500268883940265141e+00 8.273096923828125000e+02
6.503703636322796910e+00 8.263089599609375000e+02
6.507138388705327792e+00 8.293335571289062500e+02
6.510573141087859561e+00 8.370131835937500000e+02
6.514007893470390442e+00 8.387195434570312500e+02
6.517442645852922212e+00 8.408669433593750000e+02
6.520877398235453093e+00 8.360858764648437500e+02
6.524312150617983974e+00 8.368398437500000000e+02
6.527746903000514855e+00 8.367680664062500000e+02
6.531181655383045737e+00 8.335362548828125000e+02
6.534616407765577506e+00 8.300573120117187500e+02
6.538051160148108387e+00 8.268905639648437500e+02
6.541485912530640157e+00 8.320138549804687500e+02
6.544920664913171038e+00 8.285656127929687500e+02
6.548355417295701919e+00 8.214927978515625000e+02
6.551790169678232800e+00 8.179631958007812500e+02
6.555224922060764570e+00 8.245535278320312500e+02
6.558659674443295451e+00 8.273282470703125000e+02
6.562094426825827220e+00 8.284343872070312500e+02
6.565529179208358102e+00 8.201062622070312500e+02
6.568963931590889871e+00 8.198111572265625000e+02
6.572398683973419864e+00 8.204499511718750000e+02
6.575833436355951633e+00 8.257017211914062500e+02
6.579268188738482515e+00 8.262954711914062500e+02
6.582702941121014284e+00 8.298517456054687500e+02
6.586137693503545165e+00 8.310780029296875000e+02
6.589572445886076935e+00 8.342180786132812500e+02
6.593007198268607816e+00 8.285615844726562500e+02
6.596441950651138697e+00 8.271538085937500000e+02
6.599876703033669578e+00 8.205128784179687500e+02
6.603311455416201348e+00 8.254617309570312500e+02
6.606746207798732229e+00 8.272686767578125000e+02
6.610180960181263110e+00 8.310346679687500000e+02
6.613615712563794879e+00 8.327207031250000000e+02
6.617050464946325761e+00 8.312954101562500000e+02
6.620485217328857530e+00 8.302987670898437500e+02
6.623919969711387523e+00 8.243839111328125000e+02
6.627354722093919293e+00 8.272512207031250000e+02
6.630789474476450174e+00 8.237791748046875000e+02
6.634224226858981943e+00 8.305666503906250000e+02
6.637658979241512824e+00 8.319434814453125000e+02
6.641093731624044594e+00 8.336022949218750000e+02
6.644528484006575475e+00 8.278414916992187500e+02
6.647963236389106356e+00 8.204799194335937500e+02
6.651397988771637237e+00 8.235114135742187500e+02
6.654832741154169007e+00 8.244746704101562500e+02
6.658267493536699888e+00 8.307792358398437500e+02
6.661702245919231657e+00 8.320300903320312500e+02
6.665136998301762539e+00 8.319103393554687500e+02
6.668571750684294308e+00 8.272077636718750000e+02
6.672006503066824301e+00 8.199642944335937500e+02
6.675441255449356071e+00 8.216756591796875000e+02
6.678876007831886952e+00 8.280073852539062500e+02
6.682310760214417833e+00 8.316419677734375000e+02
6.685745512596949602e+00 8.307201538085937500e+02
6.689180264979480484e+00 8.329948120117187500e+02
6.692615017362012253e+00 8.382144165039062500e+02
6.696049769744543134e+00 8.358542480468750000e+02
6.699484522127074015e+00 8.312263183593750000e+02
6.702919274509604897e+00 8.333653564453125000e+02
6.706354026892136666e+00 8.460242309570312500e+02
6.709788779274667547e+00 8.632217407226562500e+02
6.713223531657199317e+00 8.752159423828125000e+02
6.716658284039730198e+00 8.833624877929687500e+02
6.720093036422261967e+00 8.924863891601562500e+02
6.723527788804791960e+00 9.251762084960937500e+02
6.726962541187323730e+00 9.914704589843750000e+02
6.730397293569854611e+00 1.166584228515625000e+03
6.733832045952386380e+00 1.493965332031250000e+03
6.737266798334917262e+00 2.087161376953125000e+03
6.740701550717449031e+00 2.783822509765625000e+03
6.744136303099979912e+00 3.307414794921875000e+03
6.747571055482510793e+00 3.306539062500000000e+03
6.751005807865041675e+00 2.806815429687500000e+03
6.754440560247573444e+00 2.119673339843750000e+03
6.757875312630104325e+00 1.555022338867187500e+03
6.761310065012635206e+00 1.212688232421875000e+03
6.764744817395166976e+00 1.023580932617187500e+03
6.768179569777697857e+00 9.434517822265625000e+02
6.771614322160229626e+00 9.005374145507812500e+02
6.775049074542759620e+00 8.784802246093750000e+02
6.778483826925291389e+00 8.708652343750000000e+02
6.781918579307822270e+00 8.672978515625000000e+02
6.785353331690354040e+00 8.691822509765625000e+02
6.788788084072884921e+00 8.653379516601562500e+02
6.792222836455416690e+00 8.584409179687500000e+02
6.795657588837947571e+00 8.498530883789062500e+02
6.799092341220478453e+00 8.504147338867187500e+02
6.802527093603009334e+00 8.499628295898437500e+02
6.805961845985541103e+00 8.486063842773437500e+02
6.809396598368071984e+00 8.452152709960937500e+02
6.812831350750603754e+00 8.478579711914062500e+02
6.816266103133134635e+00 8.538397216796875000e+02
6.819700855515666404e+00 8.545115966796875000e+02
6.823135607898196398e+00 8.527224731445312500e+02
6.826570360280728167e+00 8.496979980468750000e+02
6.830005112663259048e+00 8.517391357421875000e+02
6.833439865045790818e+00 8.546929321289062500e+02
6.836874617428321699e+00 8.572992553710937500e+02
6.840309369810852580e+00 8.614136962890625000e+02
6.843744122193384349e+00 8.645054931640625000e+02
6.847178874575915231e+00 8.651289062500000000e+02
6.850613626958446112e+00 8.613937377929687500e+02
6.854048379340976993e+00 8.561055297851562500e+02
6.857483131723508762e+00 8.503417968750000000e+02
6.860917884106039644e+00 8.531343383789062500e+02
6.864352636488571413e+00 8.591192016601562500e+02
6.867787388871102294e+00 8.608045654296875000e+02
6.871222141253634064e+00 8.627502441406250000e+02
6.874656893636164057e+00 8.696909179687500000e+02
6.878091646018695826e+00 8.788364257812500000e+02
6.881526398401226707e+00 8.822482299804687500e+02
6.884961150783758477e+00 8.874823608398437500e+02
6.888395903166289358e+00 8.970752563476562500e+02
6.891830655548821127e+00 9.063566284179687500e+02
6.895265407931352009e+00 9.067084960937500000e+02
6.898700160313882890e+00 9.065510253906250000e+02
6.902134912696413771e+00 9.060115356445312500e+02
6.905569665078945540e+00 9.139617309570312500e+02
6.909004417461476422e+00 9.242993164062500000e+02
6.912439169844007303e+00 9.421232299804687500e+02
6.915873922226539072e+00 9.644062500000000000e+02
6.919308674609069953e+00 9.906569824218750000e+02
6.922743426991601723e+00 1.033838012695312500e+03
6.926178179374131716e+00 1.106370849609375000e+03
6.929612931756663485e+00 1.239555786132812500e+03
6.933047684139194367e+00 1.500572998046875000e+03
6.936482436521726136e+00 2.029536621093750000e+03
6.939917188904257017e+00 3.157314208984375000e+03
6.943351941286788787e+00 5.227809082031250000e+03
6.946786693669319668e+00 8.087084960937500000e+03
6.950221446051850549e+00 1.097702441406250000e+04
6.953656198434381430e+00 1.260958300781250000e+04
6.957090950816913200e+00 1.205765722656250000e+04
6.960525703199444081e+00 9.555697265625000000e+03
6.963960455581975850e+00 6.349253417968750000e+03
6.967395207964506731e+00 3.830357421875000000e+03
6.970829960347038501e+00 2.342504150390625000e+03
6.974264712729568494e+00 1.642537109375000000e+03
6.977699465112100263e+00 1.322300781250000000e+03
6.981134217494631145e+00 1.170419799804687500e+03
6.984568969877162914e+00 1.087569702148437500e+03
6.988003722259693795e+00 1.041090209960937500e+03
6.991438474642224676e+00 1.009752624511718750e+03
6.994873227024756446e+00 9.896787109375000000e+02
6.998307979407287327e+00 9.676661987304687500e+02
7.001742731789818208e+00 9.560848999023437500e+02
7.005177484172349089e+00 9.394796142578125000e+02
7.008612236554880859e+00 9.328593139648437500e+02
7.012046988937411740e+00 9.207432250976562500e+02
7.015481741319943509e+00 9.230855102539062500e+02
7.018916493702474391e+00 9.197934570312500000e+02
7.022351246085006160e+00 9.132777709960937500e+02
7.025785998467536153e+00 9.069396362304687500e+02
7.029220750850067922e+00 9.012964477539062500e+02
7.032655503232598804e+00 9.013867797851562500e+02
7.036090255615130573e+00 9.006871337890625000e+02
7.039525007997661454e+00 8.975874023437500000e+02
7.042959760380193224e+00 8.939842529296875000e+02
7.046394512762724105e+00 8.926062011718750000e+02
7.049829265145254986e+00 8.881469726562500000e+02
7.053264017527785867e+00 8.805358886718750000e+02
7.056698769910317637e+00 8.695422363281250000e+02
7.060133522292848518e+00 8.626354980468750000e+02
7.063568274675379399e+00 8.601282958984375000e+02
7.067003027057911169e+00 8.694392089843750000e+02
7.070437779440442050e+00 8.777302856445312500e+02
7.073872531822972931e+00 8.818166503906250000e+02
7.077307284205503812e+00 8.854193115234375000e+02
7.080742036588035582e+00 8.897391967773437500e+02
7.084176788970566463e+00 8.933507080078125000e+02
7.087611541353098232e+00 8.943989868164062500e+02
7.091046293735629114e+00 9.021394653320312500e+02
7.094481046118160883e+00 9.101860351562500000e+02
7.097915798500691764e+00 9.120722656250000000e+02
7.101350550883222645e+00 9.097755126953125000e+02
7.104785303265753527e+00 9.159880981445312500e+02
7.108220055648285296e+00 9.254260864257812500e+02
7.111654808030816177e+00 9.354324951171875000e+02
7.115089560413347947e+00 9.499290161132812500e+02
7.118524312795878828e+00 9.739101562500000000e+02
7.121959065178410597e+00 1.009190002441406250e+03
7.125393817560940590e+00 1.049407714843750000e+03
7.128828569943472360e+00 1.119171142578125000e+03
7.132263322326003241e+00 1.252801391601562500e+03
7.135698074708535010e+00 1.526245117187500000e+03
7.139132827091065892e+00 2.110097167968750000e+03
7.142567579473596773e+00 3.321090332031250000e+03
7.146002331856128542e+00 5.698045410156250000e+03
7.149437084238658535e+00 9.396928710937500000e+03
7.152871836621190305e+00 1.301570410156250000e+04
7.156306589003721186e+00 1.478154296875000000e+04
7.159741341386252955e+00 1.384645312500000000e+04
7.163176093768782948e+00 1.045608593750000000e+04
7.166610846151314718e+00 6.691471191406250000e+03
7.170045598533845599e+00 3.783192382812500000e+03
7.173480350916377368e+00 2.280585449218750000e+03
7.176915103298908249e+00 1.618242431640625000e+03
7.180349855681440019e+00 1.306862548828125000e+03
7.183784608063970900e+00 1.160338867187500000e+03
7.187219360446502670e+00 1.080320800781250000e+03
7.190654112829033551e+00 1.029493774414062500e+03
7.194088865211565320e+00 9.987352294921875000e+02
7.197523617594096201e+00 9.793937377929687500e+02
7.200958369976627971e+00 9.630721435546875000e+02
7.204393122359158852e+00 9.469554443359375000e+02
7.207827874741689733e+00 9.239556274414062500e+02
7.211262627124221503e+00 9.131483154296875000e+02
7.214697379506751496e+00 9.059513549804687500e+02
7.218132131889282377e+00 9.050725097656250000e+02
7.221566884271814146e+00 8.969175415039062500e+02
7.225001636654345027e+00 8.891924438476562500e+02
7.228436389036875909e+00 8.815563354492187500e+02
7.231871141419407678e+00 8.729922485351562500e+02
7.235305893801938559e+00 8.655191650390625000e+02
7.238740646184470329e+00 8.583838500976562500e+02
7.242175398567001210e+00 8.563431396484375000e+02
7.245610150949532979e+00 8.541478271484375000e+02
7.249044903332063861e+00 8.542109985351562500e+02
7.252479655714595630e+00 8.522095336914062500e+02
7.255914408097126511e+00 8.543073120117187500e+02
7.259349160479658281e+00 8.568372192382812500e+02
7.262783912862187385e+00 8.579552612304687500e+02
7.266218665244719155e+00 8.556654663085937500e+02
7.269653417627250036e+00 8.523474121093750000e+02
7.273088170009781805e+00 8.508143920898437500e+02
7.276522922392312687e+00 8.495680541992187500e+02
7.279957674774844456e+00 8.519340209960937500e+02
7.283392427157375337e+00 8.510544433593750000e+02
7.286827179539907107e+00 8.525162963867187500e+02
7.290261931922437988e+00 8.482452392578125000e+02
7.293696684304968869e+00 8.458274536132812500e+02
7.297131436687500639e+00 8.427138671875000000e+02
7.300566189070031520e+00 8.437699584960937500e+02
7.304000941452563289e+00 8.483030395507812500e+02
7.307435693835094170e+00 8.556903686523437500e+02
7.310870446217625940e+00 8.627745971679687500e+02
7.314305198600155045e+00 8.661250000000000000e+02
7.317739950982686814e+00 8.664862670898437500e+02
7.321174703365217695e+00 8.790798950195312500e+02
7.324609455747749465e+00 8.992927856445312500e+02
7.328044208130280346e+00 9.420944213867187500e+02
7.331478960512812115e+00 1.010154663085937500e+03
7.334913712895342996e+00 1.148180541992187500e+03
7.338348465277874766e+00 1.440672485351562500e+03
7.341783217660405647e+00 1.983979736328125000e+03
7.345217970042937417e+00 2.884457031250000000e+03
7.348652722425468298e+00 3.833300781250000000e+03
7.352087474808000067e+00 4.448980957031250000e+03
7.355522227190530948e+00 4.332897949218750000e+03
7.358956979573061830e+00 3.570026611328125000e+03
7.362391731955593599e+00 2.592539794921875000e+03
7.365826484338123592e+00 1.782880981445312500e+03
7.369261236720654473e+00 1.298519897460937500e+03
7.372695989103186243e+00 1.078685058593750000e+03
7.376130741485717124e+00 9.761990356445312500e+02
7.379565493868248005e+00 9.222867431640625000e+02
7.383000246250779774e+00 8.943165893554687500e+02
7.386434998633310656e+00 8.790829467773437500e+02
7.389869751015842425e+00 8.717703247070312500e+02
7.393304503398373306e+00 8.647186889648437500e+02
7.396739255780905076e+00 8.590950927734375000e+02
7.400174008163435957e+00 8.595416870117187500e+02
7.403608760545967726e+00 8.556539306640625000e+02
7.407043512928498608e+00 8.526474609375000000e+02
7.410478265311030377e+00 8.468096313476562500e+02
7.413913017693559482e+00 8.446210327148437500e+02
7.417347770076091251e+00 8.422283325195312500e+02
7.420782522458622132e+00 8.394479370117187500e+02
7.424217274841153902e+00 8.371082763671875000e+02
7.427652027223684783e+00 8.314219360351562500e+02
7.431086779606216552e+00 8.348848876953125000e+02
7.434521531988747434e+00 8.374058837890625000e+02
7.437956284371279203e+00 8.357138061523437500e+02
