# # sector 03: chi = -145.00 deg (range [-150, -140))
# # columns: 2theta(deg)  intensity
9.943608147427778210e-01 3.278948486328125000e+03
9.977955671253089243e-01 3.288114990234375000e+03
1.001230319507840250e+00 3.294120849609375000e+03
1.004665071890371353e+00 3.291927978515625000e+03
1.008099824272902678e+00 3.299054199218750000e+03
1.011534576655433781e+00 3.294189208984375000e+03
1.014969329037964885e+00 3.278752685546875000e+03
1.018404081420495988e+00 3.265538818359375000e+03
1.021838833803027313e+00 3.270550781250000000e+03
1.025273586185558417e+00 3.271248291015625000e+03
1.028708338568089520e+00 3.273974853515625000e+03
1.032143090950620845e+00 3.266231201171875000e+03
1.035577843333151948e+00 3.255072509765625000e+03
1.039012595715683274e+00 3.248507568359375000e+03
1.042447348098214377e+00 3.249029541015625000e+03
1.045882100480745702e+00 3.266485595703125000e+03
1.049316852863276806e+00 3.283716552734375000e+03
1.052751605245807909e+00 3.288371093750000000e+03
1.056186357628339012e+00 3.269375244140625000e+03
1.059621110010870337e+00 3.241268310546875000e+03
1.063055862393401441e+00 3.213882324218750000e+03
1.066490614775932544e+00 3.205465087890625000e+03
1.069925367158463869e+00 3.213633056640625000e+03
1.073360119540994972e+00 3.220655517578125000e+03
1.076794871923526298e+00 3.225062744140625000e+03
1.080229624306057401e+00 3.210202148437500000e+03
1.083664376688588726e+00 3.202683837890625000e+03
1.087099129071119830e+00 3.200794921875000000e+03
1.090533881453650933e+00 3.200779541015625000e+03
1.093968633836182036e+00 3.197255859375000000e+03
1.097403386218713361e+00 3.179592285156250000e+03
1.100838138601244465e+00 3.164843750000000000e+03
1.104272890983775568e+00 3.153631103515625000e+03
1.107707643366306893e+00 3.169974853515625000e+03
1.111142395748837997e+00 3.184373779296875000e+03
1.114577148131369322e+00 3.192889404296875000e+03
1.118011900513900425e+00 3.169462158203125000e+03
1.121446652896431750e+00 3.163763916015625000e+03
1.124881405278962854e+00 3.164700683593750000e+03
1.128316157661493957e+00 3.186608642578125000e+03
1.131750910044025060e+00 3.187111083984375000e+03
1.135185662426556386e+00 3.173728515625000000e+03
1.138620414809087489e+00 3.149242431640625000e+03
1.142055167191618592e+00 3.124070068359375000e+03
1.145489919574149917e+00 3.124582275390625000e+03
1.148924671956681021e+00 3.138479492187500000e+03
1.152359424339212346e+00 3.172354492187500000e+03
1.155794176721743449e+00 3.198044677734375000e+03
1.159228929104274775e+00 3.218986083984375000e+03
1.162663681486805878e+00 3.213922119140625000e+03
1.166098433869336981e+00 3.200761474609375000e+03
1.169533186251868084e+00 3.186615966796875000e+03
1.172967938634399410e+00 3.175935791015625000e+03
1.176402691016930513e+00 3.162481445312500000e+03
1.179837443399461616e+00 3.146464111328125000e+03
1.183272195781992941e+00 3.128737548828125000e+03
1.186706948164524045e+00 3.114960937500000000e+03
1.190141700547055370e+00 3.101331542968750000e+03
1.193576452929586473e+00 3.097166015625000000e+03
1.197011205312117799e+00 3.082568603515625000e+03
1.200445957694648902e+00 3.081754150390625000e+03
1.203880710077180005e+00 3.082614501953125000e+03
1.207315462459711108e+00 3.092114013671875000e+03
1.210750214842242434e+00 3.095239746093750000e+03
1.214184967224773537e+00 3.117909667968750000e+03
1.217619719607304640e+00 3.155211669921875000e+03
1.221054471989835966e+00 3.180497558593750000e+03
1.224489224372367069e+00 3.177292480468750000e+03
1.227923976754898394e+00 3.169992431640625000e+03
1.231358729137429497e+00 3.161459960937500000e+03
1.234793481519960823e+00 3.146957519531250000e+03
1.238228233902491926e+00 3.134647705078125000e+03
1.241662986285023029e+00 3.141442626953125000e+03
1.245097738667554133e+00 3.143932373046875000e+03
1.248532491050085236e+00 3.138293212890625000e+03
1.251967243432616561e+00 3.129275390625000000e+03
1.255401995815147664e+00 3.134357910156250000e+03
1.258836748197678990e+00 3.141295166015625000e+03
1.262271500580210093e+00 3.161795654296875000e+03
1.265706252962741418e+00 3.166324707031250000e+03
1.269141005345272522e+00 3.158449218750000000e+03
1.272575757727803847e+00 3.157609375000000000e+03
1.276010510110334950e+00 3.148636962890625000e+03
1.279445262492866053e+00 3.144112060546875000e+03
1.282880014875397157e+00 3.132599609375000000e+03
1.286314767257928260e+00 3.140500000000000000e+03
1.289749519640459585e+00 3.132483398437500000e+03
1.293184272022990688e+00 3.112713867187500000e+03
1.296619024405522014e+00 3.107216308593750000e+03
1.300053776788053117e+00 3.104311767578125000e+03
1.303488529170584442e+00 3.115117675781250000e+03
1.306923281553115546e+00 3.111443359375000000e+03
1.310358033935646871e+00 3.107745117187500000e+03
1.313792786318177974e+00 3.101589111328125000e+03
1.317227538700709077e+00 3.102976806640625000e+03
1.320662291083240181e+00 3.108093017578125000e+03
1.324097043465771284e+00 3.110530029296875000e+03
1.327531795848302609e+00 3.116549072265625000e+03
1.330966548230833713e+00 3.120848876953125000e+03
1.334401300613365038e+00 3.124413085937500000e+03
1.337836052995896141e+00 3.136611572265625000e+03
1.341270805378427466e+00 3.134682617187500000e+03
1.344705557760958570e+00 3.138963378906250000e+03
1.348140310143489895e+00 3.130342041015625000e+03
1.351575062526020998e+00 3.130586181640625000e+03
1.355009814908552102e+00 3.111995849609375000e+03
1.358444567291083205e+00 3.100556640625000000e+03
1.361879319673614308e+00 3.097580322265625000e+03
1.365314072056145633e+00 3.104046875000000000e+03
1.368748824438676737e+00 3.106018066406250000e+03
1.372183576821208062e+00 3.111183105468750000e+03
1.375618329203739165e+00 3.107598144531250000e+03
1.379053081586270491e+00 3.104401367187500000e+03
1.382487833968801594e+00 3.085288330078125000e+03
1.385922586351332919e+00 3.071797119140625000e+03
1.389357338733864022e+00 3.069691406250000000e+03
1.392792091116395126e+00 3.088292480468750000e+03
1.396226843498926229e+00 3.096165771484375000e+03
1.399661595881457332e+00 3.088565917968750000e+03
1.403096348263988657e+00 3.077898437500000000e+03
1.406531100646519761e+00 3.075342529296875000e+03
1.409965853029051086e+00 3.066482421875000000e+03
1.413400605411582189e+00 3.044050292968750000e+03
1.416835357794113515e+00 3.033831054687500000e+03
1.420270110176644618e+00 3.032680908203125000e+03
1.423704862559175943e+00 3.044093261718750000e+03
1.427139614941707046e+00 3.046673828125000000e+03
1.430574367324238150e+00 3.045746093750000000e+03
1.434009119706769253e+00 3.040511230468750000e+03
1.437443872089300356e+00 3.046514892578125000e+03
1.440878624471831682e+00 3.063313476562500000e+03
1.444313376854362785e+00 3.078307128906250000e+03
1.447748129236894110e+00 3.071312988281250000e+03
1.451182881619425213e+00 3.062624267578125000e+03
1.454617634001956539e+00 3.062228027343750000e+03
1.458052386384487642e+00 3.058926757812500000e+03
1.461487138767018967e+00 3.051662597656250000e+03
1.464921891149550071e+00 3.040063720703125000e+03
1.468356643532081174e+00 3.042468994140625000e+03
1.471791395914612277e+00 3.044969482421875000e+03
1.475226148297143380e+00 3.038921142578125000e+03
1.478660900679674706e+00 3.022985107421875000e+03
1.482095653062205809e+00 3.007798095703125000e+03
1.485530405444737134e+00 3.004861816406250000e+03
1.488965157827268238e+00 2.999799316406250000e+03
1.492399910209799563e+00 2.998707031250000000e+03
1.495834662592330666e+00 2.990804687500000000e+03
1.499269414974861991e+00 2.996422363281250000e+03
1.502704167357393095e+00 2.994810546875000000e+03
1.506138919739924198e+00 2.995758056640625000e+03
1.509573672122455301e+00 2.986942138671875000e+03
1.513008424504986404e+00 2.980334228515625000e+03
1.516443176887517730e+00 2.987533691406250000e+03
1.519877929270048833e+00 3.009960937500000000e+03
1.523312681652580158e+00 3.030309814453125000e+03
1.526747434035111262e+00 3.037556884765625000e+03
1.530182186417642587e+00 3.034270019531250000e+03
1.533616938800173690e+00 3.025864746093750000e+03
1.537051691182705015e+00 3.012471923828125000e+03
1.540486443565236119e+00 2.996408203125000000e+03
1.543921195947767222e+00 2.988589599609375000e+03
1.547355948330298325e+00 2.981762207031250000e+03
1.550790700712829429e+00 2.983208984375000000e+03
1.554225453095360754e+00 2.989619140625000000e+03
1.557660205477891857e+00 3.010003906250000000e+03
1.561094957860423182e+00 3.012860595703125000e+03
1.564529710242954286e+00 3.012677490234375000e+03
1.567964462625485611e+00 3.001897705078125000e+03
1.571399215008016714e+00 2.991947509765625000e+03
1.574833967390548040e+00 2.986519287109375000e+03
1.578268719773079143e+00 2.987017089843750000e+03
1.581703472155610246e+00 3.004091308593750000e+03
1.585138224538141349e+00 3.013076904296875000e+03
1.588572976920672453e+00 3.025085693359375000e+03
1.592007729303203778e+00 3.031498535156250000e+03
1.595442481685734881e+00 3.042049804687500000e+03
1.598877234068266207e+00 3.046099853515625000e+03
1.602311986450797310e+00 3.049147949218750000e+03
1.605746738833328635e+00 3.047195312500000000e+03
1.609181491215859738e+00 3.035222167968750000e+03
1.612616243598391064e+00 3.026963134765625000e+03
1.616050995980922167e+00 3.028307128906250000e+03
1.619485748363453270e+00 3.041915771484375000e+03
1.622920500745984373e+00 3.055829345703125000e+03
1.626355253128515477e+00 3.061734375000000000e+03
1.629790005511046802e+00 3.074372558593750000e+03
1.633224757893577905e+00 3.092950683593750000e+03
1.636659510276109231e+00 3.125190185546875000e+03
1.640094262658640334e+00 3.163353759765625000e+03
1.643529015041171659e+00 3.196778076171875000e+03
1.646963767423702762e+00 3.244450439453125000e+03
1.650398519806234088e+00 3.311302246093750000e+03
1.653833272188765191e+00 3.429928466796875000e+03
1.657268024571296294e+00 3.624224609375000000e+03
1.660702776953827398e+00 4.001015625000000000e+03
1.664137529336358501e+00 4.840840332031250000e+03
1.667572281718889826e+00 6.727643554687500000e+03
1.671007034101420929e+00 1.045295410156250000e+04
1.674441786483952255e+00 1.708317382812500000e+04
1.677876538866483358e+00 2.603884375000000000e+04
1.681311291249014683e+00 3.351753125000000000e+04
1.684746043631545787e+00 3.703320312500000000e+04
1.688180796014076890e+00 3.375530468750000000e+04
1.691615548396608215e+00 2.889420507812500000e+04
1.695050300779139318e+00 2.132666015625000000e+04
1.698485053161670422e+00 1.473760742187500000e+04
1.701919805544201525e+00 9.134016601562500000e+03
1.705354557926732850e+00 6.204618652343750000e+03
1.708789310309263954e+00 4.620996582031250000e+03
1.712224062691795279e+00 3.852084472656250000e+03
1.715658815074326382e+00 3.512210205078125000e+03
1.719093567456857707e+00 3.327653320312500000e+03
1.722528319839388811e+00 3.216673339843750000e+03
1.725963072221919914e+00 3.157406005859375000e+03
1.729397824604451239e+00 3.121344482421875000e+03
1.732832576986982343e+00 3.079452148437500000e+03
1.736267329369513446e+00 3.042709472656250000e+03
1.739702081752044549e+00 3.013974365234375000e+03
1.743136834134575874e+00 3.006441406250000000e+03
1.746571586517106978e+00 2.997305419921875000e+03
1.750006338899638303e+00 2.994515380859375000e+03
1.753441091282169406e+00 3.005516113281250000e+03
1.756875843664700731e+00 2.991301513671875000e+03
1.760310596047231835e+00 2.959364501953125000e+03
1.763745348429762938e+00 2.917553710937500000e+03
1.767180100812294263e+00 2.897113525390625000e+03
1.770614853194825367e+00 2.885541259765625000e+03
1.774049605577356470e+00 2.868219726562500000e+03
1.777484357959887573e+00 2.865546386718750000e+03
1.780919110342418898e+00 2.856027099609375000e+03
1.784353862724950002e+00 2.844154052734375000e+03
1.787788615107481327e+00 2.825070556640625000e+03
1.791223367490012208e+00 2.819433349609375000e+03
1.794658119872543534e+00 2.807516601562500000e+03
1.798092872255074859e+00 2.793501220703125000e+03
1.801527624637606184e+00 2.781810058593750000e+03
1.804962377020137065e+00 2.781627197265625000e+03
1.808397129402668391e+00 2.773162109375000000e+03
1.811831881785199494e+00 2.762440185546875000e+03
1.815266634167730819e+00 2.753000732421875000e+03
1.818701386550261700e+00 2.741369140625000000e+03
1.822136138932793026e+00 2.736564208984375000e+03
1.825570891315324351e+00 2.729383789062500000e+03
1.829005643697855676e+00 2.726757080078125000e+03
1.832440396080386558e+00 2.719390136718750000e+03
1.835875148462917883e+00 2.711785644531250000e+03
1.839309900845449208e+00 2.714265380859375000e+03
1.842744653227980089e+00 2.702506835937500000e+03
1.846179405610511415e+00 2.708661132812500000e+03
1.849614157993042740e+00 2.710305175781250000e+03
1.853048910375573843e+00 2.723095703125000000e+03
1.856483662758104725e+00 2.708387451171875000e+03
1.859918415140636050e+00 2.707103759765625000e+03
1.863353167523167375e+00 2.697369628906250000e+03
1.866787919905698701e+00 2.696886230468750000e+03
1.870222672288229582e+00 2.682009765625000000e+03
1.873657424670760907e+00 2.672744628906250000e+03
1.877092177053292232e+00 2.654226318359375000e+03
1.880526929435823114e+00 2.644590332031250000e+03
1.883961681818354439e+00 2.610340087890625000e+03
1.887396434200885764e+00 2.569523193359375000e+03
1.890831186583416867e+00 2.536399902343750000e+03
1.894265938965947749e+00 2.571561279296875000e+03
1.897700691348479074e+00 2.609523925781250000e+03
1.901135443731010399e+00 2.628620117187500000e+03
1.904570196113541725e+00 2.624206054687500000e+03
1.908004948496072606e+00 2.630929443359375000e+03
1.911439700878603931e+00 2.629630615234375000e+03
1.914874453261135256e+00 2.622805664062500000e+03
1.918309205643666138e+00 2.612112304687500000e+03
1.921743958026197463e+00 2.599086669921875000e+03
1.925178710408728788e+00 2.591083740234375000e+03
1.928613462791259892e+00 2.585836181640625000e+03
1.932048215173790773e+00 2.595332031250000000e+03
1.935482967556322098e+00 2.597819091796875000e+03
1.938917719938853423e+00 2.598392089843750000e+03
1.942352472321384749e+00 2.592230712890625000e+03
1.945787224703915630e+00 2.589112792968750000e+03
1.949221977086446955e+00 2.591038330078125000e+03
1.952656729468978281e+00 2.590037597656250000e+03
1.956091481851509162e+00 2.591197509765625000e+03
1.959526234234040487e+00 2.580966552734375000e+03
1.962960986616571812e+00 2.574648437500000000e+03
1.966395738999102916e+00 2.562872314453125000e+03
1.969830491381633797e+00 2.558510986328125000e+03
1.973265243764165122e+00 2.554988525390625000e+03
1.976699996146696447e+00 2.537028320312500000e+03
1.980134748529227329e+00 2.531020996093750000e+03
1.983569500911758654e+00 2.531661865234375000e+03
1.987004253294289979e+00 2.536981689453125000e+03
1.990439005676821305e+00 2.533946044921875000e+03
1.993873758059352186e+00 2.533677978515625000e+03
1.997308510441883511e+00 2.540904052734375000e+03
2.000743262824414614e+00 2.529476806640625000e+03
2.004178015206945940e+00 2.521952392578125000e+03
2.007612767589476821e+00 2.518975341796875000e+03
2.011047519972008146e+00 2.518692871093750000e+03
2.014482272354539472e+00 2.514016357421875000e+03
2.017917024737070353e+00 2.516809570312500000e+03
2.021351777119601678e+00 2.531908203125000000e+03
2.024786529502133003e+00 2.528287353515625000e+03
2.028221281884664329e+00 2.517636230468750000e+03
2.031656034267195210e+00 2.503026367187500000e+03
2.035090786649726535e+00 2.503222412109375000e+03
2.038525539032257861e+00 2.486834716796875000e+03
2.041960291414789186e+00 2.470781494140625000e+03
2.045395043797320067e+00 2.463115966796875000e+03
2.048829796179851392e+00 2.467406250000000000e+03
2.052264548562382718e+00 2.474713623046875000e+03
2.055699300944913599e+00 2.478530273437500000e+03
2.059134053327444924e+00 2.475877441406250000e+03
2.062568805709975805e+00 2.461964111328125000e+03
2.066003558092507131e+00 2.436785400390625000e+03
2.069438310475038012e+00 2.431976806640625000e+03
2.072873062857569337e+00 2.437112060546875000e+03
2.076307815240100663e+00 2.448395263671875000e+03
2.079742567622631988e+00 2.446044189453125000e+03
2.083177320005162869e+00 2.441058837890625000e+03
2.086612072387694194e+00 2.431603515625000000e+03
2.090046824770225520e+00 2.426783691406250000e+03
2.093481577152756401e+00 2.420398437500000000e+03
2.096916329535287726e+00 2.424178955078125000e+03
2.100351081917819052e+00 2.430701660156250000e+03
2.103785834300350377e+00 2.434519531250000000e+03
2.107220586682881258e+00 2.420667724609375000e+03
2.110655339065412583e+00 2.420733642578125000e+03
2.114090091447943909e+00 2.427524414062500000e+03
2.117524843830475234e+00 2.422595214843750000e+03
2.120959596213006115e+00 2.407250732421875000e+03
2.124394348595537441e+00 2.391896728515625000e+03
2.127829100978068766e+00 2.385626464843750000e+03
2.131263853360599647e+00 2.373236083984375000e+03
2.134698605743130972e+00 2.359197021484375000e+03
2.138133358125661854e+00 2.349320312500000000e+03
2.141568110508193179e+00 2.344952148437500000e+03
2.145002862890724060e+00 2.340170410156250000e+03
2.148437615273255386e+00 2.340805175781250000e+03
2.151872367655786711e+00 2.340866210937500000e+03
2.155307120038318036e+00 2.339556640625000000e+03
2.158741872420848917e+00 2.337720947265625000e+03
2.162176624803380243e+00 2.340073486328125000e+03
2.165611377185911568e+00 2.349549316406250000e+03
2.169046129568442449e+00 2.356496093750000000e+03
2.172480881950973775e+00 2.353089843750000000e+03
2.175915634333505100e+00 2.344663085937500000e+03
2.179350386716036425e+00 2.328409667968750000e+03
2.182785139098567306e+00 2.319902099609375000e+03
2.186219891481098632e+00 2.319348388671875000e+03
2.189654643863629957e+00 2.323131591796875000e+03
2.193089396246161282e+00 2.313738037109375000e+03
2.196524148628692163e+00 2.297255615234375000e+03
2.199958901011223489e+00 2.288061523437500000e+03
2.203393653393754814e+00 2.295216552734375000e+03
2.206828405776285695e+00 2.307331054687500000e+03
2.210263158158817021e+00 2.311810058593750000e+03
2.213697910541347902e+00 2.310989257812500000e+03
2.217132662923879227e+00 2.298679199218750000e+03
2.220567415306410108e+00 2.300772216796875000e+03
2.224002167688941434e+00 2.303663085937500000e+03
2.227436920071472759e+00 2.313038330078125000e+03
2.230871672454004084e+00 2.308909912109375000e+03
2.234306424836534966e+00 2.300476562500000000e+03
2.237741177219066291e+00 2.298608398437500000e+03
2.241175929601597616e+00 2.295272216796875000e+03
2.244610681984128497e+00 2.298096191406250000e+03
2.248045434366659823e+00 2.297257568359375000e+03
2.251480186749191148e+00 2.303443847656250000e+03
2.254914939131722473e+00 2.308805908203125000e+03
2.258349691514253355e+00 2.304584960937500000e+03
2.261784443896784680e+00 2.301577148437500000e+03
2.265219196279316005e+00 2.302762451171875000e+03
2.268653948661847330e+00 2.302116455078125000e+03
2.272088701044378212e+00 2.302777587890625000e+03
2.275523453426909537e+00 2.315326904296875000e+03
2.278958205809440862e+00 2.334222167968750000e+03
2.282392958191971744e+00 2.341634277343750000e+03
2.285827710574503069e+00 2.337492675781250000e+03
2.289262462957033950e+00 2.344063232421875000e+03
2.292697215339565275e+00 2.355678222656250000e+03
2.296131967722096157e+00 2.369254150390625000e+03
2.299566720104627482e+00 2.377745605468750000e+03
2.303001472487158807e+00 2.399221923828125000e+03
2.306436224869690133e+00 2.428379394531250000e+03
2.309870977252221014e+00 2.450325683593750000e+03
2.313305729634752339e+00 2.461190673828125000e+03
2.316740482017283664e+00 2.476560058593750000e+03
2.320175234399814546e+00 2.499676757812500000e+03
2.323609986782345871e+00 2.521086181640625000e+03
2.327044739164877196e+00 2.547021240234375000e+03
2.330479491547408522e+00 2.577495849609375000e+03
2.333914243929939403e+00 2.619788085937500000e+03
2.337348996312470728e+00 2.673064208984375000e+03
2.340783748695002053e+00 2.743361816406250000e+03
2.344218501077533379e+00 2.845117919921875000e+03
2.347653253460064260e+00 2.990708496093750000e+03
2.351088005842595585e+00 3.230317382812500000e+03
2.354522758225126911e+00 3.637991699218750000e+03
2.357957510607657792e+00 4.425857910156250000e+03
2.361392262990189117e+00 6.238414550781250000e+03
2.364827015372720442e+00 1.020978027343750000e+04
2.368261767755251324e+00 1.805254882812500000e+04
2.371696520137782205e+00 3.133995898437500000e+04
2.375131272520313530e+00 4.605999609375000000e+04
2.378566024902844855e+00 5.807834765625000000e+04
2.382000777285376181e+00 6.171697265625000000e+04
2.385435529667907062e+00 5.744133984375000000e+04
2.388870282050438387e+00 4.839236328125000000e+04
2.392305034432969713e+00 3.598092578125000000e+04
2.395739786815500594e+00 2.530951367187500000e+04
2.399174539198031919e+00 1.584044726562500000e+04
2.402609291580563244e+00 9.929350585937500000e+03
2.406044043963094570e+00 6.441778808593750000e+03
2.409478796345625451e+00 4.529805664062500000e+03
2.412913548728156776e+00 3.607303222656250000e+03
2.416348301110688102e+00 3.144051757812500000e+03
2.419783053493219427e+00 2.895791748046875000e+03
2.423217805875750308e+00 2.749587646484375000e+03
2.426652558258281633e+00 2.653478515625000000e+03
2.430087310640812959e+00 2.578698730468750000e+03
2.433522063023343840e+00 2.524880859375000000e+03
2.436956815405875165e+00 2.470859375000000000e+03
2.440391567788406491e+00 2.426851806640625000e+03
2.443826320170937372e+00 2.382410644531250000e+03
2.447261072553468253e+00 2.350452880859375000e+03
2.450695824935999578e+00 2.318592529296875000e+03
2.454130577318530904e+00 2.287922363281250000e+03
2.457565329701061785e+00 2.258773925781250000e+03
2.461000082083593110e+00 2.234750244140625000e+03
2.464434834466124435e+00 2.206735595703125000e+03
2.467869586848655761e+00 2.185804443359375000e+03
2.471304339231186642e+00 2.167808593750000000e+03
2.474739091613717967e+00 2.158524414062500000e+03
2.478173843996249293e+00 2.142535644531250000e+03
2.481608596378780618e+00 2.119333007812500000e+03
2.485043348761311499e+00 2.103795166015625000e+03
2.488478101143842824e+00 2.087216308593750000e+03
2.491912853526374150e+00 2.076142578125000000e+03
2.495347605908905031e+00 2.060071044921875000e+03
2.498782358291436356e+00 2.040801269531250000e+03
2.502217110673967682e+00 2.022162109375000000e+03
2.505651863056499007e+00 2.008472900390625000e+03
2.509086615439029888e+00 2.000656127929687500e+03
2.512521367821561213e+00 1.989089965820312500e+03
2.515956120204092539e+00 1.973595336914062500e+03
2.519390872586623420e+00 1.967565673828125000e+03
2.522825624969154301e+00 1.974255249023437500e+03
2.526260377351685626e+00 1.975000122070312500e+03
2.529695129734216952e+00 1.963155517578125000e+03
2.533129882116747833e+00 1.945450683593750000e+03
2.536564634499279158e+00 1.936146728515625000e+03
2.539999386881810484e+00 1.927293701171875000e+03
2.543434139264341809e+00 1.922192504882812500e+03
2.546868891646872690e+00 1.911460693359375000e+03
2.550303644029404015e+00 1.905560058593750000e+03
2.553738396411935341e+00 1.892727905273437500e+03
2.557173148794466666e+00 1.885548583984375000e+03
2.560607901176997547e+00 1.873825073242187500e+03
2.564042653559528873e+00 1.869145385742187500e+03
2.567477405942060198e+00 1.870222412109375000e+03
2.570912158324591079e+00 1.868974487304687500e+03
2.574346910707122404e+00 1.868627929687500000e+03
2.577781663089653730e+00 1.859723266601562500e+03
2.581216415472185055e+00 1.855051025390625000e+03
2.584651167854715936e+00 1.843814941406250000e+03
2.588085920237247262e+00 1.840237792968750000e+03
2.591520672619778587e+00 1.822586669921875000e+03
2.594955425002309468e+00 1.812801269531250000e+03
2.598390177384840349e+00 1.808192016601562500e+03
2.601824929767371675e+00 1.807916870117187500e+03
2.605259682149903000e+00 1.802061401367187500e+03
2.608694434532433881e+00 1.789307617187500000e+03
2.612129186914965207e+00 1.786921508789062500e+03
2.615563939297496532e+00 1.786086914062500000e+03
2.618998691680027857e+00 1.789978393554687500e+03
2.622433444062558738e+00 1.793968750000000000e+03
2.625868196445090064e+00 1.783432250976562500e+03
2.629302948827621389e+00 1.772811401367187500e+03
2.632737701210152714e+00 1.759180786132812500e+03
2.636172453592683596e+00 1.757927978515625000e+03
2.639607205975214921e+00 1.755044433593750000e+03
2.643041958357746246e+00 1.753168945312500000e+03
2.646476710740277127e+00 1.745036621093750000e+03
2.649911463122808453e+00 1.734621826171875000e+03
2.653346215505339778e+00 1.732162597656250000e+03
2.656780967887871103e+00 1.737646362304687500e+03
2.660215720270401984e+00 1.750734863281250000e+03
2.663650472652933310e+00 1.750275878906250000e+03
2.667085225035464635e+00 1.746615966796875000e+03
2.670519977417995516e+00 1.741638305664062500e+03
2.673954729800526398e+00 1.742255249023437500e+03
2.677389482183057723e+00 1.736632812500000000e+03
2.680824234565589048e+00 1.717824707031250000e+03
2.684258986948119929e+00 1.710323974609375000e+03
2.687693739330651255e+00 1.706755004882812500e+03
2.691128491713182580e+00 1.708593139648437500e+03
2.694563244095713905e+00 1.702558593750000000e+03
2.697997996478244787e+00 1.706520751953125000e+03
2.701432748860776112e+00 1.705098754882812500e+03
2.704867501243307437e+00 1.700265625000000000e+03
2.708302253625838762e+00 1.697399169921875000e+03
2.711737006008369644e+00 1.694779541015625000e+03
2.715171758390900969e+00 1.697646240234375000e+03
2.718606510773432294e+00 1.691365722656250000e+03
2.722041263155963176e+00 1.692311401367187500e+03
2.725476015538494501e+00 1.688404174804687500e+03
2.728910767921025826e+00 1.686360473632812500e+03
2.732345520303557151e+00 1.691205688476562500e+03
2.735780272686088033e+00 1.686860473632812500e+03
2.739215025068619358e+00 1.677326660156250000e+03
2.742649777451150683e+00 1.671578247070312500e+03
2.746084529833681565e+00 1.675189331054687500e+03
2.749519282216212890e+00 1.680560424804687500e+03
2.752954034598743771e+00 1.676661865234375000e+03
2.756388786981275096e+00 1.678504394531250000e+03
2.759823539363805978e+00 1.687282592773437500e+03
2.763258291746337303e+00 1.691233154296875000e+03
2.766693044128868628e+00 1.688943847656250000e+03
2.770127796511399954e+00 1.678883911132812500e+03
2.773562548893930835e+00 1.676557739257812500e+03
2.776997301276462160e+00 1.663661376953125000e+03
2.780432053658993485e+00 1.664264038085937500e+03
2.783866806041524811e+00 1.663052490234375000e+03
2.787301558424055692e+00 1.674668212890625000e+03
2.790736310806587017e+00 1.677147094726562500e+03
2.794171063189118343e+00 1.672995849609375000e+03
2.797605815571649224e+00 1.680637573242187500e+03
2.801040567954180549e+00 1.691472656250000000e+03
2.804475320336711874e+00 1.695630371093750000e+03
2.807910072719243200e+00 1.687343139648437500e+03
2.811344825101774081e+00 1.682509277343750000e+03
2.814779577484305406e+00 1.688095825195312500e+03
2.818214329866836731e+00 1.693316406250000000e+03
2.821649082249367613e+00 1.695539306640625000e+03
2.825083834631898938e+00 1.706323852539062500e+03
2.828518587014429819e+00 1.711139160156250000e+03
2.831953339396961145e+00 1.719199096679687500e+03
2.835388091779492026e+00 1.729951171875000000e+03
2.838822844162023351e+00 1.748449951171875000e+03
2.842257596544554676e+00 1.763236694335937500e+03
2.845692348927086002e+00 1.770161010742187500e+03
2.849127101309616883e+00 1.784444946289062500e+03
2.852561853692148208e+00 1.801709594726562500e+03
2.855996606074679534e+00 1.817797851562500000e+03
2.859431358457210415e+00 1.829530517578125000e+03
2.862866110839741740e+00 1.844922241210937500e+03
2.866300863222273065e+00 1.874109863281250000e+03
2.869735615604804391e+00 1.905103027343750000e+03
2.873170367987335272e+00 1.939189331054687500e+03
2.876605120369866597e+00 1.970263427734375000e+03
2.880039872752397923e+00 2.026563842773437500e+03
2.883474625134929248e+00 2.107699218750000000e+03
2.886909377517460129e+00 2.245023681640625000e+03
2.890344129899991454e+00 2.451306396484375000e+03
2.893778882282522780e+00 2.861530517578125000e+03
2.897213634665053661e+00 3.676286621093750000e+03
2.900648387047584986e+00 5.463697265625000000e+03
2.904083139430115867e+00 9.519536132812500000e+03
2.907517891812647193e+00 1.554615039062500000e+04
2.910952644195178074e+00 2.465441796875000000e+04
2.914387396577709399e+00 3.241325390625000000e+04
2.917822148960240725e+00 3.809345312500000000e+04
2.921256901342772050e+00 3.829933984375000000e+04
2.924691653725302931e+00 3.467636328125000000e+04
2.928126406107834256e+00 2.801146484375000000e+04
2.931561158490365582e+00 2.012595117187500000e+04
2.934995910872896463e+00 1.350420996093750000e+04
2.938430663255427788e+00 8.579006835937500000e+03
2.941865415637959114e+00 5.818046875000000000e+03
2.945300168020490439e+00 4.069058349609375000e+03
2.948734920403021320e+00 3.092903564453125000e+03
2.952169672785552645e+00 2.541955078125000000e+03
2.955604425168083971e+00 2.238970703125000000e+03
2.959039177550615296e+00 2.082142822265625000e+03
2.962473929933146177e+00 1.990393310546875000e+03
2.965908682315677503e+00 1.928375366210937500e+03
2.969343434698208828e+00 1.876817260742187500e+03
2.972778187080739709e+00 1.841303955078125000e+03
2.976212939463271034e+00 1.806893920898437500e+03
2.979647691845801916e+00 1.783509277343750000e+03
2.983082444228333241e+00 1.764487915039062500e+03
2.986517196610864122e+00 1.750538940429687500e+03
2.989951948993395447e+00 1.727959716796875000e+03
2.993386701375926773e+00 1.696509887695312500e+03
2.996821453758458098e+00 1.656980468750000000e+03
3.000256206140988979e+00 1.633637451171875000e+03
3.003690958523520305e+00 1.625153442382812500e+03
3.007125710906051630e+00 1.619900390625000000e+03
3.010560463288582511e+00 1.609022460937500000e+03
3.013995215671113836e+00 1.589086791992187500e+03
3.017429968053645162e+00 1.579216674804687500e+03
3.020864720436176487e+00 1.570452392578125000e+03
3.024299472818707368e+00 1.563902465820312500e+03
3.027734225201238694e+00 1.550924560546875000e+03
3.031168977583770019e+00 1.536913818359375000e+03
3.034603729966301344e+00 1.521091186523437500e+03
3.038038482348832225e+00 1.513409057617187500e+03
3.041473234731363551e+00 1.512947998046875000e+03
3.044907987113894876e+00 1.517957031250000000e+03
3.048342739496425757e+00 1.509038696289062500e+03
3.051777491878957083e+00 1.497773071289062500e+03
3.055212244261487964e+00 1.488181640625000000e+03
3.058646996644019289e+00 1.487693115234375000e+03
3.062081749026550170e+00 1.481533691406250000e+03
3.065516501409081496e+00 1.479774047851562500e+03
3.068951253791612821e+00 1.470936767578125000e+03
3.072386006174144146e+00 1.469266723632812500e+03
3.075820758556675028e+00 1.461087036132812500e+03
3.079255510939206353e+00 1.463941894531250000e+03
3.082690263321737678e+00 1.470836547851562500e+03
3.086125015704268559e+00 1.469525390625000000e+03
3.089559768086799885e+00 1.456259765625000000e+03
3.092994520469331210e+00 1.449909790039062500e+03
3.096429272851862535e+00 1.455394775390625000e+03
3.099864025234393416e+00 1.457487060546875000e+03
3.103298777616924742e+00 1.450384277343750000e+03
3.106733529999456067e+00 1.440875244140625000e+03
3.110168282381987392e+00 1.434542114257812500e+03
3.113603034764518274e+00 1.436979248046875000e+03
3.117037787147049599e+00 1.449138549804687500e+03
3.120472539529580924e+00 1.458426513671875000e+03
3.123907291912111805e+00 1.460496215820312500e+03
3.127342044294643131e+00 1.458981079101562500e+03
3.130776796677174012e+00 1.462918334960937500e+03
3.134211549059705337e+00 1.455260986328125000e+03
3.137646301442236219e+00 1.448391845703125000e+03
3.141081053824767544e+00 1.436238037109375000e+03
3.144515806207298869e+00 1.424178955078125000e+03
3.147950558589830194e+00 1.413522949218750000e+03
3.151385310972361076e+00 1.409641845703125000e+03
3.154820063354892401e+00 1.412631591796875000e+03
3.158254815737423726e+00 1.411910278320312500e+03
3.161689568119954608e+00 1.404607421875000000e+03
3.165124320502485933e+00 1.399363159179687500e+03
3.168559072885017258e+00 1.396826049804687500e+03
3.171993825267548583e+00 1.395749877929687500e+03
3.175428577650079465e+00 1.400054565429687500e+03
3.178863330032610790e+00 1.400290405273437500e+03
3.182298082415142115e+00 1.402405639648437500e+03
3.185732834797673441e+00 1.395384033203125000e+03
3.189167587180204322e+00 1.395469848632812500e+03
3.192602339562735647e+00 1.398411743164062500e+03
3.196037091945266972e+00 1.393686645507812500e+03
3.199471844327797854e+00 1.379592163085937500e+03
3.202906596710329179e+00 1.368579711914062500e+03
3.206341349092860060e+00 1.371629516601562500e+03
3.209776101475391386e+00 1.379992797851562500e+03
3.213210853857922267e+00 1.385021362304687500e+03
3.216645606240453592e+00 1.379017578125000000e+03
3.220080358622984917e+00 1.373412475585937500e+03
3.223515111005516243e+00 1.363999389648437500e+03
3.226949863388047124e+00 1.367094360351562500e+03
3.230384615770578449e+00 1.369202148437500000e+03
3.233819368153109775e+00 1.372988159179687500e+03
3.237254120535640656e+00 1.376401733398437500e+03
3.240688872918171981e+00 1.377956542968750000e+03
3.244123625300703306e+00 1.375841186523437500e+03
3.247558377683234632e+00 1.363055541992187500e+03
3.250993130065765513e+00 1.356099487304687500e+03
3.254427882448296838e+00 1.354764526367187500e+03
3.257862634830828164e+00 1.364763061523437500e+03
3.261297387213359489e+00 1.367241455078125000e+03
3.264732139595890370e+00 1.374464965820312500e+03
3.268166891978421695e+00 1.378422241210937500e+03
3.271601644360953021e+00 1.379321777343750000e+03
3.275036396743483902e+00 1.377298828125000000e+03
3.278471149126015227e+00 1.380503906250000000e+03
3.281905901508546108e+00 1.386677612304687500e+03
3.285340653891077434e+00 1.386697387695312500e+03
3.288775406273608315e+00 1.386354248046875000e+03
3.292210158656139640e+00 1.393598022460937500e+03
3.295644911038670966e+00 1.392687744140625000e+03
3.299079663421202291e+00 1.393510986328125000e+03
3.302514415803733172e+00 1.395656005859375000e+03
3.305949168186264497e+00 1.411388793945312500e+03
3.309383920568795823e+00 1.421070678710937500e+03
3.312818672951326704e+00 1.429560058593750000e+03
3.316253425333858029e+00 1.436662963867187500e+03
3.319688177716389355e+00 1.452177856445312500e+03
3.323122930098920680e+00 1.461661865234375000e+03
3.326557682481451561e+00 1.476877319335937500e+03
3.329992434863982886e+00 1.496393066406250000e+03
3.333427187246514212e+00 1.536366333007812500e+03
3.336861939629045093e+00 1.583402832031250000e+03
3.340296692011576418e+00 1.661144653320312500e+03
3.343731444394107744e+00 1.807925048828125000e+03
3.347166196776639069e+00 2.115168945312500000e+03
3.350600949159169950e+00 2.794148193359375000e+03
3.354035701541701275e+00 4.171206054687500000e+03
3.357470453924232601e+00 6.653651855468750000e+03
3.360905206306763482e+00 9.619350585937500000e+03
3.364339958689294363e+00 1.304572265625000000e+04
3.367774711071825688e+00 1.584268359375000000e+04
3.371209463454357014e+00 1.679195117187500000e+04
3.374644215836887895e+00 1.722855468750000000e+04
3.378078968219419220e+00 1.582220312500000000e+04
3.381513720601950546e+00 1.494218261718750000e+04
3.384948472984481871e+00 1.220961914062500000e+04
3.388383225367012752e+00 9.768325195312500000e+03
3.391817977749544077e+00 7.400522460937500000e+03
3.395252730132075403e+00 4.830230957031250000e+03
3.398687482514606728e+00 3.558619873046875000e+03
3.402122234897137609e+00 2.290682373046875000e+03
3.405556987279668935e+00 1.902897094726562500e+03
3.408991739662200260e+00 1.684823730468750000e+03
3.412426492044731141e+00 1.581687744140625000e+03
3.415861244427262466e+00 1.524575073242187500e+03
3.419295996809793792e+00 1.497988403320312500e+03
3.422730749192325117e+00 1.480891723632812500e+03
3.426165501574855998e+00 1.467875976562500000e+03
3.429600253957387324e+00 1.446131103515625000e+03
3.433035006339918649e+00 1.446175170898437500e+03
3.436469758722449530e+00 1.429721191406250000e+03
3.439904511104980411e+00 1.415533935546875000e+03
3.443339263487511737e+00 1.388421508789062500e+03
3.446774015870043062e+00 1.370671875000000000e+03
3.450208768252573943e+00 1.355660400390625000e+03
3.453643520635105268e+00 1.340629760742187500e+03
3.457078273017636594e+00 1.332036132812500000e+03
3.460513025400167919e+00 1.323190429687500000e+03
3.463947777782698800e+00 1.313320556640625000e+03
3.467382530165230126e+00 1.301774414062500000e+03
3.470817282547761451e+00 1.295001953125000000e+03
3.474252034930292776e+00 1.296695556640625000e+03
3.477686787312823657e+00 1.291358642578125000e+03
3.481121539695354983e+00 1.291828369140625000e+03
3.484556292077886308e+00 1.278193847656250000e+03
3.487991044460417189e+00 1.276454467773437500e+03
3.491425796842948515e+00 1.269066284179687500e+03
3.494860549225479840e+00 1.270964477539062500e+03
3.498295301608011165e+00 1.260673339843750000e+03
3.501730053990542046e+00 1.250625732421875000e+03
3.505164806373073372e+00 1.243932373046875000e+03
3.508599558755604697e+00 1.243373535156250000e+03
3.512034311138135578e+00 1.249614746093750000e+03
3.515469063520666460e+00 1.255578002929687500e+03
3.518903815903197785e+00 1.252461059570312500e+03
3.522338568285729110e+00 1.236878784179687500e+03
3.525773320668259991e+00 1.235525512695312500e+03
3.529208073050791317e+00 1.240861083984375000e+03
3.532642825433322642e+00 1.248300170898437500e+03
3.536077577815853967e+00 1.234983642578125000e+03
3.539512330198384849e+00 1.227860595703125000e+03
3.542947082580916174e+00 1.220686401367187500e+03
3.546381834963447499e+00 1.222119628906250000e+03
3.549816587345978824e+00 1.217673950195312500e+03
3.553251339728509706e+00 1.217953369140625000e+03
3.556686092111041031e+00 1.217576293945312500e+03
3.560120844493572356e+00 1.226031250000000000e+03
3.563555596876103237e+00 1.223809448242187500e+03
3.566990349258634563e+00 1.224797973632812500e+03
3.570425101641165888e+00 1.228045654296875000e+03
3.573859854023697213e+00 1.241734130859375000e+03
3.577294606406228095e+00 1.240904296875000000e+03
3.580729358788759420e+00 1.234519409179687500e+03
3.584164111171290301e+00 1.218080200195312500e+03
3.587598863553821626e+00 1.213945434570312500e+03
3.591033615936352508e+00 1.213040283203125000e+03
3.594468368318883833e+00 1.212064208984375000e+03
3.597903120701415158e+00 1.212370971679687500e+03
3.601337873083946484e+00 1.203846435546875000e+03
3.604772625466477809e+00 1.208323364257812500e+03
3.608207377849008246e+00 1.210858886718750000e+03
3.611642130231539571e+00 1.215118896484375000e+03
3.615076882614070897e+00 1.222338134765625000e+03
3.618511634996602222e+00 1.226497314453125000e+03
3.621946387379133547e+00 1.227632080078125000e+03
3.625381139761664873e+00 1.226404174804687500e+03
3.628815892144196198e+00 1.223877563476562500e+03
3.632250644526726635e+00 1.230224365234375000e+03
3.635685396909257960e+00 1.236295043945312500e+03
3.639120149291789286e+00 1.241157470703125000e+03
3.642554901674320611e+00 1.243242065429687500e+03
3.645989654056851936e+00 1.248952270507812500e+03
3.649424406439383262e+00 1.250898803710937500e+03
3.652859158821914587e+00 1.254764526367187500e+03
3.656293911204445912e+00 1.253807495117187500e+03
3.659728663586976349e+00 1.262168701171875000e+03
3.663163415969507675e+00 1.268737304687500000e+03
3.666598168352038556e+00 1.279586791992187500e+03
3.670032920734569881e+00 1.293578979492187500e+03
3.673467673117101207e+00 1.299585449218750000e+03
3.676902425499632532e+00 1.305800781250000000e+03
3.680337177882163857e+00 1.313908813476562500e+03
3.683771930264694294e+00 1.333715942382812500e+03
3.687206682647225620e+00 1.344812744140625000e+03
3.690641435029756945e+00 1.350462158203125000e+03
3.694076187412288270e+00 1.354851562500000000e+03
3.697510939794819596e+00 1.362333251953125000e+03
3.700945692177350921e+00 1.375291748046875000e+03
3.704380444559882246e+00 1.394990478515625000e+03
3.707815196942412683e+00 1.420324096679687500e+03
3.711249949324944009e+00 1.446813232421875000e+03
3.714684701707475334e+00 1.474312866210937500e+03
3.718119454090006659e+00 1.508848510742187500e+03
3.721554206472537984e+00 1.547726806640625000e+03
3.724988958855069310e+00 1.601988647460937500e+03
3.728423711237600635e+00 1.660658813476562500e+03
3.731858463620131960e+00 1.743139526367187500e+03
3.735293216002662398e+00 1.874997436523437500e+03
3.738727968385193723e+00 2.108297607421875000e+03
3.742162720767725048e+00 2.530217285156250000e+03
3.745597473150255929e+00 3.381755859375000000e+03
3.749032225532787255e+00 5.225490722656250000e+03
3.752466977915318580e+00 9.097914062500000000e+03
3.755901730297849905e+00 1.549613671875000000e+04
3.759336482680380342e+00 2.441150195312500000e+04
3.762771235062911668e+00 3.441676953125000000e+04
3.766205987445442993e+00 4.100841406250000000e+04
3.769640739827974318e+00 4.515926562500000000e+04
3.773075492210505644e+00 4.096509765625000000e+04
3.776510244593036969e+00 3.448227343750000000e+04
3.779944996975568294e+00 2.430130273437500000e+04
3.783379749358098731e+00 1.632881054687500000e+04
3.786814501740630057e+00 1.012744628906250000e+04
3.790249254123161382e+00 6.227028320312500000e+03
3.793684006505692707e+00 4.102533203125000000e+03
3.797118758888224033e+00 2.834180175781250000e+03
3.800553511270755358e+00 2.249684570312500000e+03
3.803988263653286683e+00 1.944464721679687500e+03
3.807423016035818009e+00 1.775803588867187500e+03
3.810857768418348446e+00 1.666692871093750000e+03
3.814292520800879771e+00 1.598076049804687500e+03
3.817727273183411096e+00 1.547613891601562500e+03
3.821162025565941978e+00 1.509968872070312500e+03
3.824596777948473303e+00 1.471521606445312500e+03
3.828031530331004628e+00 1.434089111328125000e+03
3.831466282713535954e+00 1.398888793945312500e+03
3.834901035096066391e+00 1.376077880859375000e+03
3.838335787478597716e+00 1.351685058593750000e+03
3.841770539861129041e+00 1.332748779296875000e+03
3.845205292243660367e+00 1.306663818359375000e+03
3.848640044626191692e+00 1.293613281250000000e+03
3.852074797008723017e+00 1.278030517578125000e+03
3.855509549391254343e+00 1.270194580078125000e+03
3.858944301773784780e+00 1.250420532226562500e+03
3.862379054156316105e+00 1.233339233398437500e+03
3.865813806538847430e+00 1.226511718750000000e+03
3.869248558921378756e+00 1.220690795898437500e+03
3.872683311303910081e+00 1.218229248046875000e+03
3.876118063686441406e+00 1.206071899414062500e+03
3.879552816068972732e+00 1.200704833984375000e+03
3.882987568451504057e+00 1.187566040039062500e+03
3.886422320834034494e+00 1.173087402343750000e+03
3.889857073216565819e+00 1.167114501953125000e+03
3.893291825599097145e+00 1.162795166015625000e+03
3.896726577981628026e+00 1.159845581054687500e+03
3.900161330364159351e+00 1.148283569335937500e+03
3.903596082746690676e+00 1.144968872070312500e+03
3.907030835129222002e+00 1.146450805664062500e+03
3.910465587511752439e+00 1.141477905273437500e+03
3.913900339894283764e+00 1.136639404296875000e+03
3.917335092276815089e+00 1.125564819335937500e+03
3.920769844659346415e+00 1.121966552734375000e+03
3.924204597041877740e+00 1.115111572265625000e+03
3.927639349424409065e+00 1.117691040039062500e+03
3.931074101806940391e+00 1.115108886718750000e+03
3.934508854189470828e+00 1.117678100585937500e+03
3.937943606572002153e+00 1.115762207031250000e+03
3.941378358954533478e+00 1.115832153320312500e+03
3.944813111337064804e+00 1.107585571289062500e+03
3.948247863719596129e+00 1.107725952148437500e+03
3.951682616102127454e+00 1.108022094726562500e+03
3.955117368484658780e+00 1.106053222656250000e+03
3.958552120867189217e+00 1.100323974609375000e+03
3.961986873249720542e+00 1.098113769531250000e+03
3.965421625632251867e+00 1.095766113281250000e+03
3.968856378014783193e+00 1.094335815429687500e+03
3.972291130397314074e+00 1.092874023437500000e+03
3.975725882779845399e+00 1.092218627929687500e+03
3.979160635162376725e+00 1.085943725585937500e+03
3.982595387544908050e+00 1.088616577148437500e+03
3.986030139927438487e+00 1.098179931640625000e+03
3.989464892309969812e+00 1.102386108398437500e+03
3.992899644692501138e+00 1.096584228515625000e+03
3.996334397075032463e+00 1.094670288085937500e+03
3.999769149457563788e+00 1.092950195312500000e+03
4.003203901840095114e+00 1.089220825195312500e+03
4.006638654222625995e+00 1.086253417968750000e+03
4.010073406605156876e+00 1.090640625000000000e+03
4.013508158987687757e+00 1.101358154296875000e+03
4.016942911370219527e+00 1.104846679687500000e+03
4.020377663752750408e+00 1.107041015625000000e+03
4.023812416135282177e+00 1.105310668945312500e+03
4.027247168517813058e+00 1.100514770507812500e+03
4.030681920900344828e+00 1.096589233398437500e+03
4.034116673282874821e+00 1.094498046875000000e+03
4.037551425665406590e+00 1.103929809570312500e+03
4.040986178047937472e+00 1.114751953125000000e+03
4.044420930430469241e+00 1.127675048828125000e+03
4.047855682813000122e+00 1.137689208984375000e+03
4.051290435195531892e+00 1.145123291015625000e+03
4.054725187578062773e+00 1.140471679687500000e+03
4.058159939960594542e+00 1.139909667968750000e+03
4.061594692343124535e+00 1.149335327148437500e+03
4.065029444725656305e+00 1.164939453125000000e+03
4.068464197108187186e+00 1.174902221679687500e+03
4.071898949490718955e+00 1.182239868164062500e+03
4.075333701873249836e+00 1.200706909179687500e+03
4.078768454255781606e+00 1.222525512695312500e+03
4.082203206638312487e+00 1.250357910156250000e+03
4.085637959020843368e+00 1.273153320312500000e+03
4.089072711403374250e+00 1.309388305664062500e+03
4.092507463785905131e+00 1.357580078125000000e+03
4.095942216168436900e+00 1.439636962890625000e+03
4.099376968550967781e+00 1.578294189453125000e+03
4.102811720933499551e+00 1.852172729492187500e+03
4.106246473316030432e+00 2.429552734375000000e+03
4.109681225698561313e+00 3.764515869140625000e+03
4.113115978081092194e+00 6.141641113281250000e+03
4.116550730463623964e+00 1.004748730468750000e+04
4.119985482846154845e+00 1.506103710937500000e+04
4.123420235228686614e+00 1.944496484375000000e+04
4.126854987611217496e+00 2.205712500000000000e+04
4.130289739993749265e+00 2.102390429687500000e+04
4.133724492376280146e+00 1.833801757812500000e+04
4.137159244758811028e+00 1.395712792968750000e+04
4.140593997141341909e+00 1.025677929687500000e+04
4.144028749523873678e+00 7.237871093750000000e+03
4.147463501906404559e+00 5.087760253906250000e+03
4.150898254288936329e+00 3.638387695312500000e+03
4.154333006671467210e+00 2.615712890625000000e+03
4.157767759053998091e+00 1.997961059570312500e+03
4.161202511436528972e+00 1.604371215820312500e+03
4.164637263819060742e+00 1.439910400390625000e+03
4.168072016201591623e+00 1.339740966796875000e+03
4.171506768584122504e+00 1.284669677734375000e+03
4.174941520966654274e+00 1.252723999023437500e+03
4.178376273349185155e+00 1.227025390625000000e+03
4.181811025731716924e+00 1.203651977539062500e+03
4.185245778114246917e+00 1.186304809570312500e+03
4.188680530496778687e+00 1.172943115234375000e+03
4.192115282879309568e+00 1.152753295898437500e+03
4.195550035261841337e+00 1.137505981445312500e+03
4.198984787644372219e+00 1.124077636718750000e+03
4.202419540026903988e+00 1.117458374023437500e+03
4.205854292409434869e+00 1.104559448242187500e+03
4.209289044791966639e+00 1.095695312500000000e+03
4.212723797174496632e+00 1.081873168945312500e+03
4.216158549557028401e+00 1.071073364257812500e+03
4.219593301939559282e+00 1.063716674804687500e+03
4.223028054322091052e+00 1.063449829101562500e+03
4.226462806704621933e+00 1.064193481445312500e+03
4.229897559087153702e+00 1.060385864257812500e+03
4.233332311469684583e+00 1.050615234375000000e+03
4.236767063852215465e+00 1.039806518554687500e+03
4.240201816234746346e+00 1.036112915039062500e+03
4.243636568617277227e+00 1.045153442382812500e+03
4.247071320999808997e+00 1.044285522460937500e+03
4.250506073382339878e+00 1.041573730468750000e+03
4.253940825764871647e+00 1.031292114257812500e+03
4.257375578147402528e+00 1.029271484375000000e+03
4.260810330529933410e+00 1.020277160644531250e+03
4.264245082912464291e+00 1.013276855468750000e+03
4.267679835294996060e+00 1.012381286621093750e+03
4.271114587677526941e+00 1.013033874511718750e+03
4.274549340060058711e+00 1.007427612304687500e+03
4.277984092442589592e+00 9.934868774414062500e+02
4.281418844825121361e+00 9.876783447265625000e+02
4.284853597207652243e+00 9.883907470703125000e+02
4.288288349590183124e+00 9.872470703125000000e+02
4.291723101972714005e+00 9.826922607421875000e+02
4.295157854355245775e+00 9.881896362304687500e+02
4.298592606737776656e+00 9.934281616210937500e+02
4.302027359120308425e+00 1.000415588378906250e+03
4.305462111502839306e+00 9.923587646484375000e+02
4.308896863885370188e+00 9.871775512695312500e+02
4.312331616267901069e+00 9.842345581054687500e+02
4.315766368650432838e+00 9.890717773437500000e+02
4.319201121032963719e+00 9.877694702148437500e+02
4.322635873415494601e+00 9.795172119140625000e+02
4.326070625798026370e+00 9.708927612304687500e+02
4.329505378180557251e+00 9.706508178710937500e+02
4.332940130563089021e+00 9.703927001953125000e+02
4.336374882945619014e+00 9.729962768554687500e+02
4.339809635328150783e+00 9.640560913085937500e+02
4.343244387710681664e+00 9.630526123046875000e+02
4.346679140093213434e+00 9.544530029296875000e+02
4.350113892475744315e+00 9.586672973632812500e+02
4.353548644858276084e+00 9.525000610351562500e+02
4.356983397240806966e+00 9.584512939453125000e+02
4.360418149623338735e+00 9.590960083007812500e+02
4.363852902005868728e+00 9.572278442382812500e+02
4.367287654388400497e+00 9.571323852539062500e+02
4.370722406770931379e+00 9.595909423828125000e+02
4.374157159153463148e+00 9.662020263671875000e+02
4.377591911535994029e+00 9.674644165039062500e+02
4.381026663918525799e+00 9.608502197265625000e+02
4.384461416301056680e+00 9.523339843750000000e+02
4.387896168683587561e+00 9.432220458984375000e+02
4.391330921066118442e+00 9.475622558593750000e+02
4.394765673448649324e+00 9.529213256835937500e+02
4.398200425831181093e+00 9.577011718750000000e+02
4.401635178213711974e+00 9.546845703125000000e+02
4.405069930596243744e+00 9.526738281250000000e+02
4.408504682978774625e+00 9.554114990234375000e+02
4.411939435361305506e+00 9.615949096679687500e+02
4.415374187743836387e+00 9.562280883789062500e+02
4.418808940126368157e+00 9.450298461914062500e+02
4.422243692508899038e+00 9.365067749023437500e+02
4.425678444891430807e+00 9.444880371093750000e+02
4.429113197273961688e+00 9.503072509765625000e+02
4.432547949656493458e+00 9.524489135742187500e+02
4.435982702039023451e+00 9.480438842773437500e+02
4.439417454421555220e+00 9.467795410156250000e+02
4.442852206804086101e+00 9.444783935546875000e+02
4.446286959186617871e+00 9.391442871093750000e+02
4.449721711569148752e+00 9.371815795898437500e+02
4.453156463951680522e+00 9.264283447265625000e+02
4.456591216334211403e+00 9.291186523437500000e+02
4.460025968716742284e+00 9.323930664062500000e+02
4.463460721099273165e+00 9.423875122070312500e+02
4.466895473481804935e+00 9.396505126953125000e+02
4.470330225864335816e+00 9.400587158203125000e+02
4.473764978246866697e+00 9.373660888671875000e+02
4.477199730629398466e+00 9.383342895507812500e+02
4.480634483011929348e+00 9.343840942382812500e+02
4.484069235394461117e+00 9.358930053710937500e+02
4.487503987776991110e+00 9.387058715820312500e+02
4.490938740159522879e+00 9.396558837890625000e+02
4.494373492542053761e+00 9.386226196289062500e+02
4.497808244924585530e+00 9.339179687500000000e+02
4.501242997307116411e+00 9.397131958007812500e+02
4.504677749689648181e+00 9.452881469726562500e+02
4.508112502072179062e+00 9.493557739257812500e+02
4.511547254454709943e+00 9.441950073242187500e+02
4.514982006837240824e+00 9.395484619140625000e+02
4.518416759219772594e+00 9.338750000000000000e+02
4.521851511602303475e+00 9.256857910156250000e+02
4.525286263984835244e+00 9.207603759765625000e+02
4.528721016367366126e+00 9.183649291992187500e+02
4.532155768749897895e+00 9.237656860351562500e+02
4.535590521132428776e+00 9.261171264648437500e+02
4.539025273514959657e+00 9.245346679687500000e+02
4.542460025897490539e+00 9.280747070312500000e+02
4.545894778280021420e+00 9.261593627929687500e+02
4.549329530662553189e+00 9.266542968750000000e+02
4.552764283045084071e+00 9.206323242187500000e+02
4.556199035427615840e+00 9.222623901367187500e+02
4.559633787810146721e+00 9.252966308593750000e+02
4.563068540192677602e+00 9.319773559570312500e+02
4.566503292575208484e+00 9.349844970703125000e+02
4.569938044957740253e+00 9.421341552734375000e+02
4.573372797340271134e+00 9.382651367187500000e+02
4.576807549722802904e+00 9.379749755859375000e+02
4.580242302105333785e+00 9.361226806640625000e+02
4.583677054487865554e+00 9.300676269531250000e+02
4.587111806870395547e+00 9.249501953125000000e+02
4.590546559252927317e+00 9.189598388671875000e+02
4.593981311635458198e+00 9.144190673828125000e+02
4.597416064017989967e+00 9.067266235351562500e+02
4.600850816400520849e+00 9.083200073242187500e+02
4.604285568783052618e+00 9.214057617187500000e+02
4.607720321165583499e+00 9.309317626953125000e+02
4.611155073548115269e+00 9.321426391601562500e+02
4.614589825930645262e+00 9.277346801757812500e+02
4.618024578313177031e+00 9.212955322265625000e+02
4.621459330695707912e+00 9.230975341796875000e+02
4.624894083078238793e+00 9.253983764648437500e+02
4.628328835460770563e+00 9.270827026367187500e+02
4.631763587843301444e+00 9.235870361328125000e+02
4.635198340225833213e+00 9.223363647460937500e+02
4.638633092608363206e+00 9.253743896484375000e+02
4.642067844990894976e+00 9.239049072265625000e+02
4.645502597373425857e+00 9.283654785156250000e+02
4.648937349755957626e+00 9.294341430664062500e+02
4.652372102138488508e+00 9.295652465820312500e+02
4.655806854521020277e+00 9.240363159179687500e+02
4.659241606903551158e+00 9.148190917968750000e+02
4.662676359286082040e+00 9.118513793945312500e+02
4.666111111668612921e+00 9.149949340820312500e+02
4.669545864051144690e+00 9.229544067382812500e+02
4.672980616433675571e+00 9.251104125976562500e+02
4.676415368816207341e+00 9.225631103515625000e+02
4.679850121198738222e+00 9.228378906250000000e+02
4.683284873581269991e+00 9.324323730468750000e+02
4.686719625963800873e+00 9.396383666992187500e+02
4.690154378346331754e+00 9.424874267578125000e+02
4.693589130728862635e+00 9.459577636718750000e+02
4.697023883111393516e+00 9.538945312500000000e+02
4.700458635493925286e+00 9.614349975585937500e+02
4.703893387876456167e+00 9.710077514648437500e+02
4.707328140258987936e+00 9.777366943359375000e+02
4.710762892641518818e+00 9.814252319335937500e+02
4.714197645024049699e+00 9.829983520507812500e+02
4.717632397406580580e+00 9.833274536132812500e+02
4.721067149789112349e+00 9.960457763671875000e+02
4.724501902171643231e+00 1.014564514160156250e+03
4.727936654554175000e+00 1.037775512695312500e+03
4.731371406936705881e+00 1.060706909179687500e+03
4.734806159319237651e+00 1.097188110351562500e+03
4.738240911701767644e+00 1.160156738281250000e+03
4.741675664084299413e+00 1.288619750976562500e+03
4.745110416466830294e+00 1.547130615234375000e+03
4.748545168849362064e+00 2.108261230468750000e+03
4.751979921231892945e+00 3.124353027343750000e+03
4.755414673614424714e+00 4.577582031250000000e+03
4.758849425996955596e+00 6.258076660156250000e+03
4.762284178379487365e+00 8.018939941406250000e+03
4.765718930762017358e+00 9.072205078125000000e+03
4.769153683144549127e+00 9.098752929687500000e+03
4.772588435527080009e+00 8.400016601562500000e+03
4.776023187909610890e+00 6.854525878906250000e+03
4.779457940292142659e+00 5.509550781250000000e+03
4.782892692674673540e+00 3.850000488281250000e+03
4.786327445057205310e+00 2.850943847656250000e+03
4.789762197439735303e+00 2.106090820312500000e+03
4.793196949822267072e+00 1.623226684570312500e+03
4.796631702204797953e+00 1.363975952148437500e+03
4.800066454587329723e+00 1.182838989257812500e+03
4.803501206969860604e+00 1.095575683593750000e+03
4.806935959352392373e+00 1.046702880859375000e+03
4.810370711734923255e+00 1.027193969726562500e+03
4.813805464117454136e+00 1.014594238281250000e+03
4.817240216499985017e+00 1.007897033691406250e+03
4.820674968882516787e+00 9.892702026367187500e+02
4.824109721265047668e+00 9.811447143554687500e+02
4.827544473647579437e+00 9.735811767578125000e+02
4.830979226030110318e+00 9.742150268554687500e+02
4.834413978412642088e+00 9.703026733398437500e+02
4.837848730795172969e+00 9.632795410156250000e+02
4.841283483177703850e+00 9.624960937500000000e+02
4.844718235560234731e+00 9.613826293945312500e+02
4.848152987942766501e+00 9.550967407226562500e+02
4.851587740325297382e+00 9.474376831054687500e+02
4.855022492707828263e+00 9.414067382812500000e+02
4.858457245090360033e+00 9.416906127929687500e+02
4.861891997472890914e+00 9.437562255859375000e+02
4.865326749855421795e+00 9.479963989257812500e+02
4.868761502237952676e+00 9.506993408203125000e+02
4.872196254620484446e+00 9.435774536132812500e+02
4.875631007003015327e+00 9.335820922851562500e+02
4.879065759385547096e+00 9.250815429687500000e+02
4.882500511768077978e+00 9.265228881835937500e+02
4.885935264150609747e+00 9.329552612304687500e+02
4.889370016533139740e+00 9.359783935546875000e+02
4.892804768915671509e+00 9.362070312500000000e+02
4.896239521298202391e+00 9.284485473632812500e+02
4.899674273680734160e+00 9.278706665039062500e+02
4.903109026063265041e+00 9.281734008789062500e+02
4.906543778445796811e+00 9.361608886718750000e+02
4.909978530828327692e+00 9.457616577148437500e+02
4.913413283210858573e+00 9.532292480468750000e+02
4.916848035593389454e+00 9.527315063476562500e+02
4.920282787975921224e+00 9.445429687500000000e+02
4.923717540358452105e+00 9.424794921875000000e+02
4.927152292740982986e+00 9.516292724609375000e+02
4.930587045123514756e+00 9.581635742187500000e+02
4.934021797506045637e+00 9.568062133789062500e+02
4.937456549888577406e+00 9.509843139648437500e+02
4.940891302271107399e+00 9.507273559570312500e+02
4.944326054653639169e+00 9.583010253906250000e+02
4.947760807036170050e+00 9.669105224609375000e+02
4.951195559418701819e+00 9.692244262695312500e+02
4.954630311801232700e+00 9.671405029296875000e+02
4.958065064183764470e+00 9.654309692382812500e+02
4.961499816566295351e+00 9.684107055664062500e+02
4.964934568948826232e+00 9.805015258789062500e+02
4.968369321331357114e+00 9.858540039062500000e+02
4.971804073713888883e+00 9.898493041992187500e+02
4.975238826096419764e+00 9.889877929687500000e+02
4.978673578478951534e+00 9.964797363281250000e+02
4.982108330861482415e+00 1.008606384277343750e+03
4.985543083244014184e+00 1.011887084960937500e+03
4.988977835626544177e+00 1.018368103027343750e+03
4.992412588009075947e+00 1.022069885253906250e+03
4.995847340391606828e+00 1.039826171875000000e+03
4.999282092774138597e+00 1.061108886718750000e+03
5.002716845156669478e+00 1.082974365234375000e+03
5.006151597539200360e+00 1.103154052734375000e+03
5.009586349921732129e+00 1.120538330078125000e+03
5.013021102304263010e+00 1.145085571289062500e+03
5.016455854686793892e+00 1.174161621093750000e+03
5.019890607069324773e+00 1.219290771484375000e+03
5.023325359451856542e+00 1.297165405273437500e+03
5.026760111834387423e+00 1.437675659179687500e+03
5.030194864216919193e+00 1.695687500000000000e+03
5.033629616599450074e+00 2.237358642578125000e+03
5.037064368981981843e+00 3.359745849609375000e+03
5.040499121364511836e+00 5.560197265625000000e+03
5.043933873747043606e+00 9.076697265625000000e+03
5.047368626129574487e+00 1.346427246093750000e+04
5.050803378512106256e+00 1.757286523437500000e+04
5.054238130894637138e+00 1.993404882812500000e+04
5.057672883277168907e+00 1.961732617187500000e+04
5.061107635659699788e+00 1.737969531250000000e+04
5.064542388042230669e+00 1.393928906250000000e+04
5.067977140424761551e+00 1.047910156250000000e+04
5.071411892807293320e+00 7.447877441406250000e+03
5.074846645189824201e+00 5.100045410156250000e+03
5.078281397572355083e+00 3.528495849609375000e+03
5.081716149954886852e+00 2.496923583984375000e+03
5.085150902337417733e+00 1.894586914062500000e+03
5.088585654719949503e+00 1.549873779296875000e+03
5.092020407102479496e+00 1.358348632812500000e+03
5.095455159485011265e+00 1.260114868164062500e+03
5.098889911867542146e+00 1.202882324218750000e+03
5.102324664250073916e+00 1.164411987304687500e+03
5.105759416632604797e+00 1.130966918945312500e+03
5.109194169015136566e+00 1.116854248046875000e+03
5.112628921397667447e+00 1.098572509765625000e+03
5.116063673780198329e+00 1.085813110351562500e+03
5.119498426162729210e+00 1.063368164062500000e+03
5.122933178545260979e+00 1.046041381835937500e+03
5.126367930927791861e+00 1.032604370117187500e+03
5.129802683310323630e+00 1.021631896972656250e+03
5.133237435692854511e+00 1.014389404296875000e+03
5.136672188075386281e+00 1.005015319824218750e+03
5.140106940457916274e+00 1.000252197265625000e+03
5.143541692840448043e+00 9.917217407226562500e+02
5.146976445222978924e+00 9.788640136718750000e+02
5.150411197605510694e+00 9.650036010742187500e+02
5.153845949988041575e+00 9.595275268554687500e+02
5.157280702370572456e+00 9.631953735351562500e+02
5.160715454753104225e+00 9.622699584960937500e+02
5.164150207135635107e+00 9.587178344726562500e+02
5.167584959518165988e+00 9.545410766601562500e+02
5.171019711900696869e+00 9.573391113281250000e+02
5.174454464283228639e+00 9.597810668945312500e+02
5.177889216665759520e+00 9.621397094726562500e+02
5.181323969048291289e+00 9.633132934570312500e+02
5.184758721430822170e+00 9.634395141601562500e+02
5.188193473813353940e+00 9.565614013671875000e+02
5.191628226195883933e+00 9.522150268554687500e+02
5.195062978578415702e+00 9.499863891601562500e+02
5.198497730960946583e+00 9.526755371093750000e+02
5.201932483343478353e+00 9.492543945312500000e+02
5.205367235726009234e+00 9.437379760742187500e+02
5.208801988108541003e+00 9.413616333007812500e+02
5.212236740491071885e+00 9.437822265625000000e+02
5.215671492873602766e+00 9.488366088867187500e+02
5.219106245256133647e+00 9.467893066406250000e+02
5.222540997638665417e+00 9.417501220703125000e+02
5.225975750021196298e+00 9.406452636718750000e+02
5.229410502403727179e+00 9.429595947265625000e+02
5.232845254786258948e+00 9.488224487304687500e+02
5.236280007168789830e+00 9.509517211914062500e+02
5.239714759551321599e+00 9.560242309570312500e+02
5.243149511933851592e+00 9.619844360351562500e+02
5.246584264316383361e+00 9.666805419921875000e+02
5.250019016698914243e+00 9.735920410156250000e+02
5.253453769081446012e+00 9.759747924804687500e+02
5.256888521463976893e+00 9.814520263671875000e+02
5.260323273846508663e+00 9.800563354492187500e+02
5.263758026229039544e+00 9.841933593750000000e+02
5.267192778611570425e+00 9.955659179687500000e+02
5.270627530994101306e+00 1.014185180664062500e+03
5.274062283376633076e+00 1.034257568359375000e+03
5.277497035759163957e+00 1.047045532226562500e+03
5.280931788141695726e+00 1.063237915039062500e+03
5.284366540524226608e+00 1.085064697265625000e+03
5.287801292906758377e+00 1.115513427734375000e+03
5.291236045289288370e+00 1.147092529296875000e+03
5.294670797671820139e+00 1.181572387695312500e+03
5.298105550054351021e+00 1.241149291992187500e+03
5.301540302436882790e+00 1.356296508789062500e+03
5.304975054819413671e+00 1.594287353515625000e+03
5.308409807201944552e+00 2.092708251953125000e+03
5.311844559584476322e+00 3.134638916015625000e+03
5.315279311967006315e+00 5.096603027343750000e+03
5.318714064349538084e+00 8.091523925781250000e+03
5.322148816732068966e+00 1.158895214843750000e+04
5.325583569114600735e+00 1.460384472656250000e+04
5.329018321497131616e+00 1.621296191406250000e+04
5.332453073879663386e+00 1.654177148437500000e+04
5.335887826262194267e+00 1.533852539062500000e+04
5.339322578644726036e+00 1.356737011718750000e+04
5.342757331027256029e+00 1.099275878906250000e+04
5.346192083409787799e+00 8.477261718750000000e+03
5.349626835792318680e+00 6.308784179687500000e+03
5.353061588174850449e+00 4.365586425781250000e+03
5.356496340557381330e+00 3.160024414062500000e+03
5.359931092939913100e+00 2.141655029296875000e+03
5.363365845322443981e+00 1.651085083007812500e+03
5.366800597704974862e+00 1.376681396484375000e+03
5.370235350087505743e+00 1.232902832031250000e+03
5.373670102470037513e+00 1.161683105468750000e+03
5.377104854852568394e+00 1.118464721679687500e+03
5.380539607235100164e+00 1.093057128906250000e+03
5.383974359617631045e+00 1.077223632812500000e+03
5.387409112000161926e+00 1.068263916015625000e+03
5.390843864382692807e+00 1.057050415039062500e+03
5.394278616765223688e+00 1.036302368164062500e+03
5.397713369147755458e+00 1.023559875488281250e+03
5.401148121530286339e+00 1.012481201171875000e+03
5.404582873912818108e+00 1.005051208496093750e+03
5.408017626295348990e+00 9.938814697265625000e+02
5.411452378677880759e+00 9.919432373046875000e+02
5.414887131060411640e+00 9.866908569335937500e+02
5.418321883442942521e+00 9.865897827148437500e+02
5.421756635825473403e+00 9.809822998046875000e+02
5.425191388208005172e+00 9.761663208007812500e+02
5.428626140590536053e+00 9.656419067382812500e+02
5.432060892973067823e+00 9.599063720703125000e+02
5.435495645355598704e+00 9.575346069335937500e+02
5.438930397738130473e+00 9.538241577148437500e+02
5.442365150120660466e+00 9.516109619140625000e+02
5.445799902503192236e+00 9.438302001953125000e+02
5.449234654885723117e+00 9.444970092773437500e+02
5.452669407268254886e+00 9.404938354492187500e+02
5.456104159650785768e+00 9.385892333984375000e+02
5.459538912033316649e+00 9.368055419921875000e+02
5.462973664415848418e+00 9.315288696289062500e+02
5.466408416798379299e+00 9.336553955078125000e+02
5.469843169180910181e+00 9.373605957031250000e+02
5.473277921563441062e+00 9.444864501953125000e+02
5.476712673945972831e+00 9.420259399414062500e+02
5.480147426328503713e+00 9.354095458984375000e+02
5.483582178711035482e+00 9.321946411132812500e+02
5.487016931093566363e+00 9.342274169921875000e+02
5.490451683476098133e+00 9.333018188476562500e+02
5.493886435858628126e+00 9.305421752929687500e+02
5.497321188241159895e+00 9.245836791992187500e+02
5.500755940623690776e+00 9.278714599609375000e+02
5.504190693006222546e+00 9.297477416992187500e+02
5.507625445388753427e+00 9.374500732421875000e+02
5.511060197771285196e+00 9.373671264648437500e+02
5.514494950153816077e+00 9.407180786132812500e+02
5.517929702536346959e+00 9.393983154296875000e+02
5.521364454918877840e+00 9.422211303710937500e+02
5.524799207301409609e+00 9.479972534179687500e+02
5.528233959683940490e+00 9.586978759765625000e+02
5.531668712066472260e+00 9.706575317382812500e+02
5.535103464449003141e+00 9.815779418945312500e+02
5.538538216831534022e+00 9.890828247070312500e+02
5.541972969214064904e+00 9.929838256835937500e+02
5.545407721596595785e+00 9.961173706054687500e+02
5.548842473979127554e+00 1.003633605957031250e+03
5.552277226361658435e+00 1.024496582031250000e+03
5.555711978744190205e+00 1.054071411132812500e+03
5.559146731126721086e+00 1.104207275390625000e+03
5.562581483509252855e+00 1.201294311523437500e+03
5.566016235891783737e+00 1.417110717773437500e+03
5.569450988274314618e+00 1.851779541015625000e+03
5.572885740656845499e+00 2.685489257812500000e+03
5.576320493039377268e+00 4.152120605468750000e+03
5.579755245421908150e+00 5.920633300781250000e+03
5.583189997804439919e+00 7.934769531250000000e+03
5.586624750186970800e+00 9.273054687500000000e+03
5.590059502569502570e+00 1.003498535156250000e+04
5.593494254952032563e+00 9.517083007812500000e+03
5.596929007334564332e+00 8.455671875000000000e+03
5.600363759717095213e+00 6.829140136718750000e+03
5.603798512099626983e+00 5.200648437500000000e+03
5.607233264482157864e+00 3.857933105468750000e+03
5.610668016864688745e+00 2.789229492187500000e+03
5.614102769247220515e+00 2.103820068359375000e+03
5.617537521629751396e+00 1.640996093750000000e+03
5.620972274012282277e+00 1.355460693359375000e+03
5.624407026394813158e+00 1.193991333007812500e+03
5.627841778777344928e+00 1.102582153320312500e+03
5.631276531159875809e+00 1.051033935546875000e+03
5.634711283542407578e+00 1.023265563964843750e+03
5.638146035924938460e+00 9.997171020507812500e+02
5.641580788307470229e+00 9.811644897460937500e+02
5.645015540690000222e+00 9.669868164062500000e+02
5.648450293072531991e+00 9.574809570312500000e+02
5.651885045455062873e+00 9.541702880859375000e+02
5.655319797837594642e+00 9.496751708984375000e+02
5.658754550220125523e+00 9.472997436523437500e+02
5.662189302602657293e+00 9.400923461914062500e+02
5.665624054985188174e+00 9.301760253906250000e+02
5.669058807367719055e+00 9.224881591796875000e+02
5.672493559750249936e+00 9.121357421875000000e+02
5.675928312132781706e+00 9.090897216796875000e+02
5.679363064515312587e+00 9.043579101562500000e+02
5.682797816897844356e+00 9.081483154296875000e+02
5.686232569280375237e+00 9.097907714843750000e+02
5.689667321662906119e+00 9.079303588867187500e+02
5.693102074045437000e+00 8.994190673828125000e+02
5.696536826427967881e+00 8.899462280273437500e+02
5.699971578810499651e+00 8.938296508789062500e+02
5.703406331193030532e+00 8.942017822265625000e+02
5.706841083575562301e+00 8.972315673828125000e+02
5.710275835958093182e+00 8.967433471679687500e+02
5.713710588340624952e+00 8.988553466796875000e+02
5.717145340723154945e+00 8.940263061523437500e+02
5.720580093105686714e+00 8.931878051757812500e+02
5.724014845488217595e+00 8.957114257812500000e+02
5.727449597870749365e+00 8.923571777343750000e+02
5.730884350253280246e+00 8.884061889648437500e+02
5.734319102635812015e+00 8.876493530273437500e+02
5.737753855018342897e+00 8.945513305664062500e+02
5.741188607400874666e+00 8.926300659179687500e+02
5.744623359783404659e+00 8.912962036132812500e+02
5.748058112165936429e+00 8.830928344726562500e+02
5.751492864548467310e+00 8.748680419921875000e+02
5.754927616930999079e+00 8.700189819335937500e+02
5.758362369313529960e+00 8.663929443359375000e+02
5.761797121696060842e+00 8.718297729492187500e+02
5.765231874078592611e+00 8.713023681640625000e+02
5.768666626461123492e+00 8.807274169921875000e+02
5.772101378843654373e+00 8.814419555664062500e+02
5.775536131226185255e+00 8.899445190429687500e+02
5.778970883608717024e+00 8.840300292968750000e+02
5.782405635991247905e+00 8.831279907226562500e+02
5.785840388373779675e+00 8.811788330078125000e+02
5.789275140756310556e+00 8.852234497070312500e+02
5.792709893138841437e+00 8.859419555664062500e+02
5.796144645521372318e+00 8.866029052734375000e+02
5.799579397903904088e+00 8.933749389648437500e+02
5.803014150286434969e+00 8.996357421875000000e+02
5.806448902668966738e+00 9.068829345703125000e+02
5.809883655051497620e+00 9.108615722656250000e+02
5.813318407434029389e+00 9.199149780273437500e+02
5.816753159816560270e+00 9.482423095703125000e+02
5.820187912199091151e+00 1.021386596679687500e+03
5.823622664581622033e+00 1.168073730468750000e+03
5.827057416964153802e+00 1.394692749023437500e+03
5.830492169346684683e+00 1.694137573242187500e+03
5.833926921729216453e+00 2.063330078125000000e+03
5.837361674111747334e+00 2.351254638671875000e+03
5.840796426494278215e+00 2.525776611328125000e+03
5.844231178876809096e+00 2.457768798828125000e+03
5.847665931259339978e+00 2.229077148437500000e+03
5.851100683641871747e+00 1.926418945312500000e+03
5.854535436024402628e+00 1.642106323242187500e+03
5.857970188406934398e+00 1.413701538085937500e+03
5.861404940789465279e+00 1.238970092773437500e+03
5.864839693171997048e+00 1.097653442382812500e+03
5.868274445554527041e+00 1.002333862304687500e+03
5.871709197937058811e+00 9.451035766601562500e+02
5.875143950319589692e+00 9.157743530273437500e+02
5.878578702702121461e+00 9.031743774414062500e+02
5.882013455084652342e+00 8.911432495117187500e+02
5.885448207467184112e+00 8.896698608398437500e+02
5.888882959849714993e+00 8.852921142578125000e+02
5.892317712232246762e+00 8.881278076171875000e+02
5.895752464614776756e+00 8.831539916992187500e+02
5.899187216997308525e+00 8.882320556640625000e+02
5.902621969379839406e+00 8.843661499023437500e+02
5.906056721762371176e+00 8.857591552734375000e+02
5.909491474144902057e+00 8.803428955078125000e+02
5.912926226527432938e+00 8.778190307617187500e+02
5.916360978909964707e+00 8.707210693359375000e+02
5.919795731292495589e+00 8.664411010742187500e+02
5.923230483675026470e+00 8.682221069335937500e+02
5.926665236057557351e+00 8.763598022460937500e+02
5.930099988440089120e+00 8.771178588867187500e+02
5.933534740822620002e+00 8.808559570312500000e+02
5.936969493205151771e+00 8.875444946289062500e+02
5.940404245587682652e+00 8.873182373046875000e+02
5.943838997970213534e+00 8.824963378906250000e+02
5.947273750352744415e+00 8.740951538085937500e+02
5.950708502735276184e+00 8.785407714843750000e+02
5.954143255117807065e+00 8.792918701171875000e+02
5.957578007500338835e+00 8.816481323242187500e+02
5.961012759882869716e+00 8.814597167968750000e+02
5.964447512265401485e+00 8.838742675781250000e+02
5.967882264647932367e+00 8.843430786132812500e+02
5.971317017030463248e+00 8.840903320312500000e+02
5.974751769412994129e+00 8.839931640625000000e+02
5.978186521795525898e+00 8.899912719726562500e+02
5.981621274178056780e+00 8.904237060546875000e+02
5.985056026560588549e+00 8.904237060546875000e+02
5.988490778943119430e+00 8.878843994140625000e+02
5.991925531325650311e+00 8.890390014648437500e+02
5.995360283708181193e+00 8.914059448242187500e+02
5.998795036090712074e+00 8.891458740234375000e+02
6.002229788473243843e+00 8.922888183593750000e+02
6.005664540855774725e+00 8.940138549804687500e+02
6.009099293238306494e+00 8.979373779296875000e+02
6.012534045620837375e+00 8.993632202148437500e+02
6.015968798003369145e+00 9.028582763671875000e+02
6.019403550385899138e+00 9.137731933593750000e+02
6.022838302768430907e+00 9.218894042968750000e+02
6.026273055150961788e+00 9.264447021484375000e+02
6.029707807533493558e+00 9.261484375000000000e+02
6.033142559916024439e+00 9.275368041992187500e+02
6.036577312298556208e+00 9.382289428710937500e+02
6.040012064681087089e+00 9.513532104492187500e+02
6.043446817063618859e+00 9.766818847656250000e+02
6.046881569446148852e+00 1.006879699707031250e+03
6.050316321828680621e+00 1.063070800781250000e+03
6.053751074211211503e+00 1.170105102539062500e+03
6.057185826593743272e+00 1.394844360351562500e+03
6.060620578976274153e+00 1.845052490234375000e+03
6.064055331358805923e+00 2.608878906250000000e+03
6.067490083741336804e+00 3.694365722656250000e+03
6.070924836123867685e+00 4.952673828125000000e+03
6.074359588506398566e+00 6.008499511718750000e+03
6.077794340888929447e+00 6.553126953125000000e+03
6.081229093271461217e+00 6.444173828125000000e+03
6.084663845653992098e+00 5.824830566406250000e+03
6.088098598036523867e+00 4.822079589843750000e+03
6.091533350419054749e+00 3.864547119140625000e+03
6.094968102801585630e+00 2.955692138671875000e+03
6.098402855184116511e+00 2.293956054687500000e+03
6.101837607566648281e+00 1.794549438476562500e+03
6.105272359949179162e+00 1.439250366210937500e+03
6.108707112331710931e+00 1.226571533203125000e+03
6.112141864714241812e+00 1.094230957031250000e+03
6.115576617096773582e+00 1.019567504882812500e+03
6.119011369479304463e+00 9.803403930664062500e+02
6.122446121861835344e+00 9.633488769531250000e+02
6.125880874244366225e+00 9.478709106445312500e+02
6.129315626626897995e+00 9.425659179687500000e+02
6.132750379009428876e+00 9.328867797851562500e+02
6.136185131391960645e+00 9.284117431640625000e+02
6.139619883774491527e+00 9.220592651367187500e+02
6.143054636157022408e+00 9.201124877929687500e+02
6.146489388539553289e+00 9.158272705078125000e+02
6.149924140922085058e+00 9.116837768554687500e+02
6.153358893304615940e+00 9.087867431640625000e+02
6.156793645687146821e+00 9.104161987304687500e+02
6.160228398069678590e+00 9.039962158203125000e+02
6.163663150452209472e+00 9.019840698242187500e+02
6.167097902834741241e+00 8.981155395507812500e+02
6.170532655217271234e+00 8.939747924804687500e+02
6.173967407599803003e+00 8.907570800781250000e+02
6.177402159982333885e+00 8.883284912109375000e+02
6.180836912364865654e+00 8.917279663085937500e+02
6.184271664747396535e+00 8.896940307617187500e+02
6.187706417129928305e+00 8.888563232421875000e+02
6.191141169512459186e+00 8.919091186523437500e+02
6.194575921894990067e+00 8.944268798828125000e+02
6.198010674277520948e+00 8.971137084960937500e+02
6.201445426660052718e+00 8.930123901367187500e+02
6.204880179042583599e+00 9.015130004882812500e+02
6.208314931425115368e+00 9.086033935546875000e+02
6.211749683807646250e+00 9.124707641601562500e+02
6.215184436190178019e+00 9.146127319335937500e+02
6.218619188572708900e+00 9.145502319335937500e+02
6.222053940955239781e+00 9.174954223632812500e+02
6.225488693337770663e+00 9.136228637695312500e+02
6.228923445720301544e+00 9.195748291015625000e+02
6.232358198102833313e+00 9.281433715820312500e+02
6.235792950485364194e+00 9.388748779296875000e+02
6.239227702867895964e+00 9.377923583984375000e+02
6.242662455250426845e+00 9.405549316406250000e+02
6.246097207632957726e+00 9.454922485351562500e+02
6.249531960015488607e+00 9.586514892578125000e+02
6.252966712398020377e+00 9.677217407226562500e+02
6.256401464780551258e+00 9.769359741210937500e+02
6.259836217163083028e+00 9.882958984375000000e+02
6.263270969545613909e+00 1.010302246093750000e+03
6.266705721928145678e+00 1.030949829101562500e+03
6.270140474310675671e+00 1.056409912109375000e+03
6.273575226693207441e+00 1.088660156250000000e+03
6.277009979075738322e+00 1.155699829101562500e+03
6.280444731458270091e+00 1.277274291992187500e+03
6.283879483840800972e+00 1.518757812500000000e+03
6.287314236223332742e+00 1.995610839843750000e+03
6.290748988605863623e+00 2.975576416015625000e+03
6.294183740988394504e+00 4.507373535156250000e+03
6.297618493370925385e+00 6.722518554687500000e+03
6.301053245753457155e+00 9.041752929687500000e+03
6.304487998135988036e+00 1.099136816406250000e+04
6.307922750518518917e+00 1.184747949218750000e+04
6.311357502901050687e+00 1.149124902343750000e+04
6.314792255283581568e+00 1.016910058593750000e+04
6.318227007666113337e+00 8.330433593750000000e+03
6.321661760048643330e+00 6.466779296875000000e+03
6.325096512431175100e+00 4.840481933593750000e+03
6.328531264813705981e+00 3.579337402343750000e+03
6.331966017196237750e+00 2.684251953125000000e+03
6.335400769578768632e+00 2.031208984375000000e+03
6.338835521961300401e+00 1.602404785156250000e+03
6.342270274343831282e+00 1.329348754882812500e+03
6.345705026726362163e+00 1.179725341796875000e+03
6.349139779108893045e+00 1.105839233398437500e+03
6.352574531491424814e+00 1.065000854492187500e+03
6.356009283873955695e+00 1.033206787109375000e+03
6.359444036256487465e+00 1.010500732421875000e+03
6.362878788639018346e+00 9.879788818359375000e+02
6.366313541021550115e+00 9.758117675781250000e+02
6.369748293404080997e+00 9.611253662109375000e+02
6.373183045786611878e+00 9.523817138671875000e+02
6.376617798169142759e+00 9.464895629882812500e+02
6.380052550551673640e+00 9.416688842773437500e+02
6.383487302934205410e+00 9.412319335937500000e+02
6.386922055316736291e+00 9.299984130859375000e+02
6.390356807699268060e+00 9.223146972656250000e+02
6.393791560081798941e+00 9.106732788085937500e+02
6.397226312464329823e+00 9.036373901367187500e+02
6.400661064846860704e+00 8.939221191406250000e+02
6.404095817229392473e+00 8.920158691406250000e+02
6.407530569611923355e+00 8.945120849609375000e+02
6.410965321994455124e+00 8.952503662109375000e+02
6.414400074376986005e+00 8.921063842773437500e+02
6.417834826759517775e+00 8.914034423828125000e+02
6.421269579142047768e+00 8.923273925781250000e+02
6.424704331524579537e+00 8.883698730468750000e+02
6.428139083907110418e+00 8.824652099609375000e+02
6.431573836289642188e+00 8.775593261718750000e+02
6.435008588672173069e+00 8.716630249023437500e+02
6.438443341054704838e+00 8.680984497070312500e+02
6.441878093437235719e+00 8.646359863281250000e+02
6.445312845819766601e+00 8.707234497070312500e+02
6.448747598202297482e+00 8.730547485351562500e+02
6.452182350584829251e+00 8.702261352539062500e+02
6.455617102967360132e+00 8.628424072265625000e+02
6.459051855349891014e+00 8.631730957031250000e+02
6.462486607732422783e+00 8.630014648437500000e+02
6.465921360114953664e+00 8.608275146484375000e+02
6.469356112497485434e+00 8.590384521484375000e+02
6.472790864880015427e+00 8.446700439453125000e+02
6.476225617262547196e+00 8.354111938476562500e+02
6.479660369645078077e+00 8.273183593750000000e+02
6.483095122027609847e+00 8.416979370117187500e+02
6.486529874410140728e+00 8.471320800781250000e+02
6.489964626792672497e+00 8.510449829101562500e+02
6.493399379175203379e+00 8.517672119140625000e+02
6.496834131557734260e+00 8.577655639648437500e+02
6.500268883940265141e+00 8.583077392578125000e+02
6.503703636322796910e+00 8.582187500000000000e+02
6.507138388705327792e+00 8.528930053710937500e+02
6.510573141087859561e+00 8.538046264648437500e+02
6.514007893470390442e+00 8.549920043945312500e+02
6.517442645852922212e+00 8.524777832031250000e+02
6.520877398235453093e+00 8.480177001953125000e+02
6.524312150617983974e+00 8.433012084960937500e+02
6.527746903000514855e+00 8.479782104492187500e+02
6.531181655383045737e+00 8.516845092773437500e+02
6.534616407765577506e+00 8.523532104492187500e+02
6.538051160148108387e+00 8.491632080078125000e+02
6.541485912530640157e+00 8.485979003906250000e+02
6.544920664913171038e+00 8.470026245117187500e+02
6.548355417295701919e+00 8.448345947265625000e+02
6.551790169678232800e+00 8.449188842773437500e+02
6.555224922060764570e+00 8.498857421875000000e+02
6.558659674443295451e+00 8.563508300781250000e+02
6.562094426825827220e+00 8.530076293945312500e+02
6.565529179208358102e+00 8.475348510742187500e+02
6.568963931590889871e+00 8.423607788085937500e+02
6.572398683973419864e+00 8.453122558593750000e+02
6.575833436355951633e+00 8.468298950195312500e+02
6.579268188738482515e+00 8.443992919921875000e+02
6.582702941121014284e+00 8.458236694335937500e+02
6.586137693503545165e+00 8.456674804687500000e+02
6.589572445886076935e+00 8.523275756835937500e+02
6.593007198268607816e+00 8.511503295898437500e+02
6.596441950651138697e+00 8.586062622070312500e+02
6.599876703033669578e+00 8.608626098632812500e+02
6.603311455416201348e+00 8.605857543945312500e+02
6.606746207798732229e+00 8.579760742187500000e+02
6.610180960181263110e+00 8.549355468750000000e+02
6.613615712563794879e+00 8.518632812500000000e+02
6.617050464946325761e+00 8.431434936523437500e+02
6.620485217328857530e+00 8.449510498046875000e+02
6.623919969711387523e+00 8.487272338867187500e+02
6.627354722093919293e+00 8.559729614257812500e+02
6.630789474476450174e+00 8.573377685546875000e+02
6.634224226858981943e+00 8.576943359375000000e+02
6.637658979241512824e+00 8.570827026367187500e+02
6.641093731624044594e+00 8.545266723632812500e+02
6.644528484006575475e+00 8.512218627929687500e+02
6.647963236389106356e+00 8.473468627929687500e+02
6.651397988771637237e+00 8.474126586914062500e+02
6.654832741154169007e+00 8.479431152343750000e+02
6.658267493536699888e+00 8.485678100585937500e+02
6.661702245919231657e+00 8.496492919921875000e+02
6.665136998301762539e+00 8.522570190429687500e+02
6.668571750684294308e+00 8.520881347656250000e+02
6.672006503066824301e+00 8.534835815429687500e+02
6.675441255449356071e+00 8.585576782226562500e+02
6.678876007831886952e+00 8.624380493164062500e+02
6.682310760214417833e+00 8.640855102539062500e+02
6.685745512596949602e+00 8.598958740234375000e+02
6.689180264979480484e+00 8.379959106445312500e+02
6.692615017362012253e+00 8.270739746093750000e+02
6.696049769744543134e+00 8.338556518554687500e+02
6.699484522127074015e+00 8.577159423828125000e+02
6.702919274509604897e+00 8.699759521484375000e+02
6.706354026892136666e+00 8.797564697265625000e+02
6.709788779274667547e+00 8.971929931640625000e+02
6.713223531657199317e+00 9.031441040039062500e+02
6.716658284039730198e+00 9.144368286132812500e+02
6.720093036422261967e+00 9.528911132812500000e+02
6.723527788804791960e+00 1.051868652343750000e+03
6.726962541187323730e+00 1.231826416015625000e+03
6.730397293569854611e+00 1.509160522460937500e+03
6.733832045952386380e+00 1.920523803710937500e+03
6.737266798334917262e+00 2.338908447265625000e+03
6.740701550717449031e+00 2.684795654296875000e+03
6.744136303099979912e+00 2.843407958984375000e+03
6.747571055482510793e+00 2.763555419921875000e+03
6.751005807865041675e+00 2.554749267578125000e+03
6.754440560247573444e+00 2.185291992187500000e+03
6.757875312630104325e+00 1.876601806640625000e+03
6.761310065012635206e+00 1.586398559570312500e+03
6.764744817395166976e+00 1.359570678710937500e+03
6.768179569777697857e+00 1.189321166992187500e+03
6.771614322160229626e+00 1.072782470703125000e+03
6.775049074542759620e+00 9.983813476562500000e+02
6.778483826925291389e+00 9.540200195312500000e+02
6.781918579307822270e+00 9.237290649414062500e+02
6.785353331690354040e+00 9.125599365234375000e+02
6.788788084072884921e+00 8.966589355468750000e+02
6.792222836455416690e+00 8.878002319335937500e+02
6.795657588837947571e+00 8.880295410156250000e+02
6.799092341220478453e+00 8.901812744140625000e+02
6.802527093603009334e+00 8.904375000000000000e+02
6.805961845985541103e+00 8.817521972656250000e+02
6.809396598368071984e+00 8.783269042968750000e+02
6.812831350750603754e+00 8.781951293945312500e+02
6.816266103133134635e+00 8.803798217773437500e+02
6.819700855515666404e+00 8.810872192382812500e+02
6.823135607898196398e+00 8.766560668945312500e+02
6.826570360280728167e+00 8.725269165039062500e+02
6.830005112663259048e+00 8.683472900390625000e+02
6.833439865045790818e+00 8.695975952148437500e+02
6.836874617428321699e+00 8.689131469726562500e+02
6.840309369810852580e+00 8.696792602539062500e+02
6.843744122193384349e+00 8.712258300781250000e+02
6.847178874575915231e+00 8.754786987304687500e+02
6.850613626958446112e+00 8.754230346679687500e+02
6.854048379340976993e+00 8.711837768554687500e+02
6.857483131723508762e+00 8.724415283203125000e+02
6.860917884106039644e+00 8.782327270507812500e+02
6.864352636488571413e+00 8.846964111328125000e+02
6.867787388871102294e+00 8.899128417968750000e+02
6.871222141253634064e+00 8.905209350585937500e+02
6.874656893636164057e+00 9.022620239257812500e+02
6.878091646018695826e+00 9.074860229492187500e+02
6.881526398401226707e+00 9.136004638671875000e+02
6.884961150783758477e+00 9.086584472656250000e+02
6.888395903166289358e+00 9.140699462890625000e+02
6.891830655548821127e+00 9.179696655273437500e+02
6.895265407931352009e+00 9.286300048828125000e+02
6.898700160313882890e+00 9.318554077148437500e+02
6.902134912696413771e+00 9.389718627929687500e+02
6.905569665078945540e+00 9.478291015625000000e+02
6.909004417461476422e+00 9.646337890625000000e+02
6.912439169844007303e+00 9.850791015625000000e+02
6.915873922226539072e+00 1.011679931640625000e+03
6.919308674609069953e+00 1.050182128906250000e+03
6.922743426991601723e+00 1.122466064453125000e+03
6.926178179374131716e+00 1.259795654296875000e+03
6.929612931756663485e+00 1.536055541992187500e+03
6.933047684139194367e+00 2.081870361328125000e+03
6.936482436521726136e+00 3.068543945312500000e+03
6.939917188904257017e+00 4.590970703125000000e+03
6.943351941286788787e+00 6.464563476562500000e+03
6.946786693669319668e+00 8.221309570312500000e+03
6.950221446051850549e+00 9.384239257812500000e+03
6.953656198434381430e+00 9.595277343750000000e+03
6.957090950816913200e+00 8.911305664062500000e+03
6.960525703199444081e+00 7.687686523437500000e+03
6.963960455581975850e+00 6.204937500000000000e+03
6.967395207964506731e+00 4.820381347656250000e+03
6.970829960347038501e+00 3.625109375000000000e+03
6.974264712729568494e+00 2.657769531250000000e+03
6.977699465112100263e+00 2.044036010742187500e+03
6.981134217494631145e+00 1.612819824218750000e+03
6.984568969877162914e+00 1.336903076171875000e+03
6.988003722259693795e+00 1.175547851562500000e+03
6.991438474642224676e+00 1.079645751953125000e+03
6.994873227024756446e+00 1.037532470703125000e+03
6.998307979407287327e+00 1.009725830078125000e+03
7.001742731789818208e+00 9.995137939453125000e+02
7.005177484172349089e+00 9.878480224609375000e+02
7.008612236554880859e+00 9.861636962890625000e+02
7.012046988937411740e+00 9.703665161132812500e+02
7.015481741319943509e+00 9.532905883789062500e+02
7.018916493702474391e+00 9.377695922851562500e+02
7.022351246085006160e+00 9.281320190429687500e+02
7.025785998467536153e+00 9.288599853515625000e+02
7.029220750850067922e+00 9.271713256835937500e+02
7.032655503232598804e+00 9.282550659179687500e+02
7.036090255615130573e+00 9.219809570312500000e+02
7.039525007997661454e+00 9.163852539062500000e+02
7.042959760380193224e+00 9.054296264648437500e+02
7.046394512762724105e+00 9.031586914062500000e+02
7.049829265145254986e+00 9.045446166992187500e+02
7.053264017527785867e+00 9.130361328125000000e+02
7.056698769910317637e+00 9.136505737304687500e+02
7.060133522292848518e+00 9.118059692382812500e+02
7.063568274675379399e+00 9.087590332031250000e+02
7.067003027057911169e+00 9.075430297851562500e+02
7.070437779440442050e+00 9.085076293945312500e+02
7.073872531822972931e+00 9.153362426757812500e+02
7.077307284205503812e+00 9.199893798828125000e+02
7.080742036588035582e+00 9.235588989257812500e+02
7.084176788970566463e+00 9.241197509765625000e+02
7.087611541353098232e+00 9.273398437500000000e+02
7.091046293735629114e+00 9.289813232421875000e+02
7.094481046118160883e+00 9.262531738281250000e+02
7.097915798500691764e+00 9.324713745117187500e+02
7.101350550883222645e+00 9.392777709960937500e+02
7.104785303265753527e+00 9.500494384765625000e+02
7.108220055648285296e+00 9.552397460937500000e+02
7.111654808030816177e+00 9.655327758789062500e+02
7.115089560413347947e+00 9.797912597656250000e+02
7.118524312795878828e+00 9.950221557617187500e+02
7.121959065178410597e+00 1.023017517089843750e+03
7.125393817560940590e+00 1.082364379882812500e+03
7.128828569943472360e+00 1.218858520507812500e+03
7.132263322326003241e+00 1.480235595703125000e+03
7.135698074708535010e+00 1.984155639648437500e+03
7.139132827091065892e+00 2.882037353515625000e+03
7.142567579473596773e+00 4.077500488281250000e+03
7.146002331856128542e+00 5.530929687500000000e+03
7.149437084238658535e+00 6.759903808593750000e+03
7.152871836621190305e+00 7.534209472656250000e+03
7.156306589003721186e+00 7.679628417968750000e+03
7.159741341386252955e+00 7.129708984375000000e+03
7.163176093768782948e+00 6.238683105468750000e+03
7.166610846151314718e+00 5.053564941406250000e+03
7.170045598533845599e+00 3.979665283203125000e+03
7.173480350916377368e+00 3.058034912109375000e+03
7.176915103298908249e+00 2.395780517578125000e+03
7.180349855681440019e+00 1.896735473632812500e+03
7.183784608063970900e+00 1.557885375976562500e+03
7.187219360446502670e+00 1.300109741210937500e+03
7.190654112829033551e+00 1.137509155273437500e+03
7.194088865211565320e+00 1.042157958984375000e+03
7.197523617594096201e+00 9.812840576171875000e+02
7.200958369976627971e+00 9.545046386718750000e+02
7.204393122359158852e+00 9.421643066406250000e+02
7.207827874741689733e+00 9.356728515625000000e+02
7.211262627124221503e+00 9.227471313476562500e+02
7.214697379506751496e+00 9.130726928710937500e+02
7.218132131889282377e+00 9.053989257812500000e+02
7.221566884271814146e+00 8.993727416992187500e+02
7.225001636654345027e+00 8.955318603515625000e+02
7.228436389036875909e+00 8.930822143554687500e+02
7.231871141419407678e+00 8.938560180664062500e+02
7.235305893801938559e+00 8.855416870117187500e+02
7.238740646184470329e+00 8.807740478515625000e+02
7.242175398567001210e+00 8.830925292968750000e+02
7.245610150949532979e+00 8.880744018554687500e+02
7.249044903332063861e+00 8.882651977539062500e+02
7.252479655714595630e+00 8.807902832031250000e+02
7.255914408097126511e+00 8.763810424804687500e+02
7.259349160479658281e+00 8.721600341796875000e+02
7.262783912862187385e+00 8.687289428710937500e+02
7.266218665244719155e+00 8.655722656250000000e+02
7.269653417627250036e+00 8.664937744140625000e+02
7.273088170009781805e+00 8.714458618164062500e+02
7.276522922392312687e+00 8.712362060546875000e+02
7.279957674774844456e+00 8.681005859375000000e+02
7.283392427157375337e+00 8.667976684570312500e+02
7.286827179539907107e+00 8.726572875976562500e+02
7.290261931922437988e+00 8.784553222656250000e+02
7.293696684304968869e+00 8.761372680664062500e+02
7.297131436687500639e+00 8.751179809570312500e+02
7.300566189070031520e+00 8.771660156250000000e+02
7.304000941452563289e+00 8.857949829101562500e+02
7.307435693835094170e+00 8.957753906250000000e+02
7.310870446217625940e+00 9.017413940429687500e+02
7.314305198600155045e+00 9.148060913085937500e+02
7.317739950982686814e+00 9.268716430664062500e+02
7.321174703365217695e+00 9.468540649414062500e+02
7.324609455747749465e+00 9.908810424804687500e+02
7.328044208130280346e+00 1.087430053710937500e+03
7.331478960512812115e+00 1.290669433593750000e+03
7.334913712895342996e+00 1.654965087890625000e+03
7.338348465277874766e+00 2.196111083984375000e+03
7.341783217660405647e+00 2.856580322265625000e+03
7.345217970042937417e+00 3.443443115234375000e+03
7.348652722425468298e+00 3.700432861328125000e+03
7.352087474808000067e+00 3.625127197265625000e+03
7.355522227190530948e+00 3.245752685546875000e+03
7.358956979573061830e+00 2.789512939453125000e+03
7.362391731955593599e+00 2.314579833984375000e+03
7.365826484338123592e+00 1.936066528320312500e+03
7.369261236720654473e+00 1.618397705078125000e+03
7.372695989103186243e+00 1.393455810546875000e+03
7.376130741485717124e+00 1.220909057617187500e+03
7.379565493868248005e+00 1.098927368164062500e+03
7.383000246250779774e+00 1.010831848144531250e+03
7.386434998633310656e+00 9.446567993164062500e+02
7.389869751015842425e+00 9.110640869140625000e+02
7.393304503398373306e+00 8.996585693359375000e+02
7.396739255780905076e+00 8.953155517578125000e+02
7.400174008163435957e+00 8.859542236328125000e+02
7.403608760545967726e+00 8.758610839843750000e+02
7.407043512928498608e+00 8.663499145507812500e+02
7.410478265311030377e+00 8.649860839843750000e+02
7.413913017693559482e+00 8.615294189453125000e+02
7.417347770076091251e+00 8.665021362304687500e+02
7.420782522458622132e+00 8.711127929687500000e+02
7.424217274841153902e+00 8.725411376953125000e+02
7.427652027223684783e+00 8.668981323242187500e+02
7.431086779606216552e+00 8.590208740234375000e+02
7.434521531988747434e+00 8.614075927734375000e+02
7.437956284371279203e+00 8.668016357421875000e+02
