# # sector 28: chi = 104.98 deg (range [100, 110))
# # columns: 2theta(deg)  intensity
9.943608147427778210e-01 3.266209716796875000e+03
9.977955671253089243e-01 3.268879638671875000e+03
1.001230319507840250e+00 3.268764892578125000e+03
1.004665071890371353e+00 3.279784912109375000e+03
1.008099824272902678e+00 3.279178955078125000e+03
1.011534576655433781e+00 3.278973632812500000e+03
1.014969329037964885e+00 3.269971923828125000e+03
1.018404081420495988e+00 3.271794433593750000e+03
1.021838833803027313e+00 3.293601806640625000e+03
1.025273586185558417e+00 3.313343750000000000e+03
1.028708338568089520e+00 3.302353271484375000e+03
1.032143090950620845e+00 3.269242919921875000e+03
1.035577843333151948e+00 3.276324951171875000e+03
1.039012595715683274e+00 3.263002197265625000e+03
1.042447348098214377e+00 3.242327392578125000e+03
1.045882100480745702e+00 3.243179931640625000e+03
1.049316852863276806e+00 3.261333251953125000e+03
1.052751605245807909e+00 3.261091796875000000e+03
1.056186357628339012e+00 3.274437744140625000e+03
1.059621110010870337e+00 3.274006347656250000e+03
1.063055862393401441e+00 3.263872558593750000e+03
1.066490614775932544e+00 3.224950683593750000e+03
1.069925367158463869e+00 3.212487304687500000e+03
1.073360119540994972e+00 3.205105224609375000e+03
1.076794871923526298e+00 3.209628173828125000e+03
1.080229624306057401e+00 3.196775390625000000e+03
1.083664376688588726e+00 3.210534667968750000e+03
1.087099129071119830e+00 3.241578857421875000e+03
1.090533881453650933e+00 3.270688964843750000e+03
1.093968633836182036e+00 3.284694091796875000e+03
1.097403386218713361e+00 3.304067626953125000e+03
1.100838138601244465e+00 3.295295898437500000e+03
1.104272890983775568e+00 3.270901855468750000e+03
1.107707643366306893e+00 3.238769531250000000e+03
1.111142395748837997e+00 3.228549072265625000e+03
1.114577148131369322e+00 3.229370605468750000e+03
1.118011900513900425e+00 3.239721435546875000e+03
1.121446652896431750e+00 3.248650390625000000e+03
1.124881405278962854e+00 3.240529296875000000e+03
1.128316157661493957e+00 3.232012451171875000e+03
1.131750910044025060e+00 3.227690429687500000e+03
1.135185662426556386e+00 3.224967285156250000e+03
1.138620414809087489e+00 3.248485839843750000e+03
1.142055167191618592e+00 3.275396728515625000e+03
1.145489919574149917e+00 3.282279296875000000e+03
1.148924671956681021e+00 3.265133544921875000e+03
1.152359424339212346e+00 3.232947753906250000e+03
1.155794176721743449e+00 3.204385009765625000e+03
1.159228929104274775e+00 3.210083496093750000e+03
1.162663681486805878e+00 3.205084472656250000e+03
1.166098433869336981e+00 3.207000000000000000e+03
1.169533186251868084e+00 3.215052734375000000e+03
1.172967938634399410e+00 3.229023437500000000e+03
1.176402691016930513e+00 3.222855712890625000e+03
1.179837443399461616e+00 3.205437255859375000e+03
1.183272195781992941e+00 3.201322753906250000e+03
1.186706948164524045e+00 3.213710693359375000e+03
1.190141700547055370e+00 3.218953369140625000e+03
1.193576452929586473e+00 3.209874511718750000e+03
1.197011205312117799e+00 3.212302490234375000e+03
1.200445957694648902e+00 3.205834472656250000e+03
1.203880710077180005e+00 3.197370117187500000e+03
1.207315462459711108e+00 3.180948486328125000e+03
1.210750214842242434e+00 3.179218261718750000e+03
1.214184967224773537e+00 3.190698242187500000e+03
1.217619719607304640e+00 3.189414550781250000e+03
1.221054471989835966e+00 3.179681640625000000e+03
1.224489224372367069e+00 3.183873779296875000e+03
1.227923976754898394e+00 3.198033691406250000e+03
1.231358729137429497e+00 3.206944091796875000e+03
1.234793481519960823e+00 3.206651855468750000e+03
1.238228233902491926e+00 3.204265136718750000e+03
1.241662986285023029e+00 3.203124023437500000e+03
1.245097738667554133e+00 3.194788574218750000e+03
1.248532491050085236e+00 3.197188964843750000e+03
1.251967243432616561e+00 3.211509521484375000e+03
1.255401995815147664e+00 3.225950439453125000e+03
1.258836748197678990e+00 3.213956542968750000e+03
1.262271500580210093e+00 3.191371826171875000e+03
1.265706252962741418e+00 3.180059814453125000e+03
1.269141005345272522e+00 3.186232177734375000e+03
1.272575757727803847e+00 3.176231445312500000e+03
1.276010510110334950e+00 3.162457763671875000e+03
1.279445262492866053e+00 3.155472656250000000e+03
1.282880014875397157e+00 3.164891357421875000e+03
1.286314767257928260e+00 3.190337890625000000e+03
1.289749519640459585e+00 3.199258056640625000e+03
1.293184272022990688e+00 3.191352539062500000e+03
1.296619024405522014e+00 3.192635498046875000e+03
1.300053776788053117e+00 3.203530517578125000e+03
1.303488529170584442e+00 3.202724853515625000e+03
1.306923281553115546e+00 3.184967285156250000e+03
1.310358033935646871e+00 3.191576660156250000e+03
1.313792786318177974e+00 3.181552246093750000e+03
1.317227538700709077e+00 3.166550048828125000e+03
1.320662291083240181e+00 3.161130126953125000e+03
1.324097043465771284e+00 3.165924072265625000e+03
1.327531795848302609e+00 3.183557373046875000e+03
1.330966548230833713e+00 3.197857177734375000e+03
1.334401300613365038e+00 3.189671630859375000e+03
1.337836052995896141e+00 3.175341064453125000e+03
1.341270805378427466e+00 3.160865722656250000e+03
1.344705557760958570e+00 3.155366455078125000e+03
1.348140310143489895e+00 3.165310546875000000e+03
1.351575062526020998e+00 3.162053955078125000e+03
1.355009814908552102e+00 3.154501953125000000e+03
1.358444567291083205e+00 3.132266601562500000e+03
1.361879319673614308e+00 3.138289306640625000e+03
1.365314072056145633e+00 3.153624511718750000e+03
1.368748824438676737e+00 3.147018798828125000e+03
1.372183576821208062e+00 3.110447265625000000e+03
1.375618329203739165e+00 3.108777832031250000e+03
1.379053081586270491e+00 3.121227783203125000e+03
1.382487833968801594e+00 3.113774902343750000e+03
1.385922586351332919e+00 3.094568603515625000e+03
1.389357338733864022e+00 3.113536132812500000e+03
1.392792091116395126e+00 3.114119140625000000e+03
1.396226843498926229e+00 3.105496093750000000e+03
1.399661595881457332e+00 3.092023681640625000e+03
1.403096348263988657e+00 3.084772705078125000e+03
1.406531100646519761e+00 3.093777343750000000e+03
1.409965853029051086e+00 3.084690429687500000e+03
1.413400605411582189e+00 3.069931396484375000e+03
1.416835357794113515e+00 3.046681640625000000e+03
1.420270110176644618e+00 3.048902343750000000e+03
1.423704862559175943e+00 3.058425781250000000e+03
1.427139614941707046e+00 3.053755615234375000e+03
1.430574367324238150e+00 3.051530273437500000e+03
1.434009119706769253e+00 3.051962646484375000e+03
1.437443872089300356e+00 3.042816650390625000e+03
1.440878624471831682e+00 3.015071044921875000e+03
1.444313376854362785e+00 3.003743896484375000e+03
1.447748129236894110e+00 3.010327636718750000e+03
1.451182881619425213e+00 3.011730468750000000e+03
1.454617634001956539e+00 3.019270996093750000e+03
1.458052386384487642e+00 3.017383300781250000e+03
1.461487138767018967e+00 3.009397705078125000e+03
1.464921891149550071e+00 3.003421142578125000e+03
1.468356643532081174e+00 3.014785400390625000e+03
1.471791395914612277e+00 3.011435058593750000e+03
1.475226148297143380e+00 2.994323242187500000e+03
1.478660900679674706e+00 2.973625732421875000e+03
1.482095653062205809e+00 2.975903076171875000e+03
1.485530405444737134e+00 2.976036132812500000e+03
1.488965157827268238e+00 2.967252929687500000e+03
1.492399910209799563e+00 2.961250000000000000e+03
1.495834662592330666e+00 2.962704345703125000e+03
1.499269414974861991e+00 2.979031250000000000e+03
1.502704167357393095e+00 2.976870605468750000e+03
1.506138919739924198e+00 2.963898193359375000e+03
1.509573672122455301e+00 2.950659667968750000e+03
1.513008424504986404e+00 2.947590332031250000e+03
1.516443176887517730e+00 2.951796386718750000e+03
1.519877929270048833e+00 2.958604003906250000e+03
1.523312681652580158e+00 2.950824218750000000e+03
1.526747434035111262e+00 2.939559082031250000e+03
1.530182186417642587e+00 2.937558593750000000e+03
1.533616938800173690e+00 2.936473388671875000e+03
1.537051691182705015e+00 2.943408935546875000e+03
1.540486443565236119e+00 2.946133056640625000e+03
1.543921195947767222e+00 2.927860351562500000e+03
1.547355948330298325e+00 2.919090087890625000e+03
1.550790700712829429e+00 2.907449951171875000e+03
1.554225453095360754e+00 2.912520751953125000e+03
1.557660205477891857e+00 2.912791503906250000e+03
1.561094957860423182e+00 2.922139648437500000e+03
1.564529710242954286e+00 2.904439697265625000e+03
1.567964462625485611e+00 2.905690673828125000e+03
1.571399215008016714e+00 2.900957275390625000e+03
1.574833967390548040e+00 2.910048339843750000e+03
1.578268719773079143e+00 2.896468261718750000e+03
1.581703472155610246e+00 2.883661376953125000e+03
1.585138224538141349e+00 2.870348144531250000e+03
1.588572976920672453e+00 2.872689941406250000e+03
1.592007729303203778e+00 2.886180664062500000e+03
1.595442481685734881e+00 2.910104003906250000e+03
1.598877234068266207e+00 2.925104492187500000e+03
1.602311986450797310e+00 2.925079345703125000e+03
1.605746738833328635e+00 2.930256103515625000e+03
1.609181491215859738e+00 2.950439941406250000e+03
1.612616243598391064e+00 2.969329589843750000e+03
1.616050995980922167e+00 2.984761962890625000e+03
1.619485748363453270e+00 2.992795654296875000e+03
1.622920500745984373e+00 2.993991455078125000e+03
1.626355253128515477e+00 2.989128417968750000e+03
1.629790005511046802e+00 3.006808593750000000e+03
1.633224757893577905e+00 3.031748779296875000e+03
1.636659510276109231e+00 3.073012207031250000e+03
1.640094262658640334e+00 3.112371337890625000e+03
1.643529015041171659e+00 3.145246826171875000e+03
1.646963767423702762e+00 3.183448730468750000e+03
1.650398519806234088e+00 3.250844482421875000e+03
1.653833272188765191e+00 3.377628662109375000e+03
1.657268024571296294e+00 3.624135498046875000e+03
1.660702776953827398e+00 4.159334472656250000e+03
1.664137529336358501e+00 5.379395507812500000e+03
1.667572281718889826e+00 8.222763671875000000e+03
1.671007034101420929e+00 1.522314746093750000e+04
1.674441786483952255e+00 2.424671875000000000e+04
1.677876538866483358e+00 3.416594531250000000e+04
1.681311291249014683e+00 3.998905078125000000e+04
1.684746043631545787e+00 3.950203515625000000e+04
1.688180796014076890e+00 3.526732812500000000e+04
1.691615548396608215e+00 2.710111132812500000e+04
1.695050300779139318e+00 1.821177929687500000e+04
1.698485053161670422e+00 1.049760156250000000e+04
1.701919805544201525e+00 6.517755371093750000e+03
1.705354557926732850e+00 4.638230468750000000e+03
1.708789310309263954e+00 3.833324951171875000e+03
1.712224062691795279e+00 3.418166992187500000e+03
1.715658815074326382e+00 3.222057373046875000e+03
1.719093567456857707e+00 3.100331298828125000e+03
1.722528319839388811e+00 3.024667480468750000e+03
1.725963072221919914e+00 2.960399169921875000e+03
1.729397824604451239e+00 2.914341308593750000e+03
1.732832576986982343e+00 2.881813964843750000e+03
1.736267329369513446e+00 2.861282470703125000e+03
1.739702081752044549e+00 2.848891845703125000e+03
1.743136834134575874e+00 2.820396728515625000e+03
1.746571586517106978e+00 2.798851806640625000e+03
1.750006338899638303e+00 2.790373291015625000e+03
1.753441091282169406e+00 2.777701904296875000e+03
1.756875843664700731e+00 2.745302001953125000e+03
1.760310596047231835e+00 2.729393310546875000e+03
1.763745348429762938e+00 2.717562500000000000e+03
1.767180100812294263e+00 2.716127197265625000e+03
1.770614853194825367e+00 2.699955078125000000e+03
1.774049605577356470e+00 2.688535400390625000e+03
1.777484357959887573e+00 2.670757324218750000e+03
1.780919110342418898e+00 2.663478027343750000e+03
1.784353862724950002e+00 2.637841308593750000e+03
1.787788615107481327e+00 2.615482666015625000e+03
1.791223367490012208e+00 2.606905029296875000e+03
1.794658119872543534e+00 2.607890625000000000e+03
1.798092872255074859e+00 2.609564208984375000e+03
1.801527624637606184e+00 2.603267089843750000e+03
1.804962377020137065e+00 2.596662597656250000e+03
1.808397129402668391e+00 2.579115722656250000e+03
1.811831881785199494e+00 2.581598632812500000e+03
1.815266634167730819e+00 2.580230957031250000e+03
1.818701386550261700e+00 2.565670166015625000e+03
1.822136138932793026e+00 2.534870117187500000e+03
1.825570891315324351e+00 2.529525878906250000e+03
1.829005643697855676e+00 2.532776123046875000e+03
1.832440396080386558e+00 2.523320800781250000e+03
1.835875148462917883e+00 2.504251708984375000e+03
1.839309900845449208e+00 2.499525146484375000e+03
1.842744653227980089e+00 2.471417236328125000e+03
1.846179405610511415e+00 2.471522705078125000e+03
1.849614157993042740e+00 2.472899414062500000e+03
1.853048910375573843e+00 2.478627197265625000e+03
1.856483662758104725e+00 2.470305419921875000e+03
1.859918415140636050e+00 2.468414306640625000e+03
1.863353167523167375e+00 2.456024658203125000e+03
1.866787919905698701e+00 2.444739501953125000e+03
1.870222672288229582e+00 2.433498535156250000e+03
1.873657424670760907e+00 2.428688720703125000e+03
1.877092177053292232e+00 2.425492431640625000e+03
1.880526929435823114e+00 2.413225830078125000e+03
1.883961681818354439e+00 2.403776855468750000e+03
1.887396434200885764e+00 2.407061523437500000e+03
1.890831186583416867e+00 2.406095214843750000e+03
1.894265938965947749e+00 2.393520507812500000e+03
1.897700691348479074e+00 2.385385253906250000e+03
1.901135443731010399e+00 2.381625244140625000e+03
1.904570196113541725e+00 2.383267578125000000e+03
1.908004948496072606e+00 2.382040527343750000e+03
1.911439700878603931e+00 2.369394531250000000e+03
1.914874453261135256e+00 2.356292724609375000e+03
1.918309205643666138e+00 2.346061279296875000e+03
1.921743958026197463e+00 2.332748779296875000e+03
1.925178710408728788e+00 2.319909423828125000e+03
1.928613462791259892e+00 2.328990234375000000e+03
1.932048215173790773e+00 2.334742431640625000e+03
1.935482967556322098e+00 2.339959716796875000e+03
1.938917719938853423e+00 2.324699951171875000e+03
1.942352472321384749e+00 2.323860839843750000e+03
1.945787224703915630e+00 2.323080566406250000e+03
1.949221977086446955e+00 2.321452392578125000e+03
1.952656729468978281e+00 2.308873291015625000e+03
1.956091481851509162e+00 2.302164062500000000e+03
1.959526234234040487e+00 2.307122802734375000e+03
1.962960986616571812e+00 2.319847900390625000e+03
1.966395738999102916e+00 2.330901611328125000e+03
1.969830491381633797e+00 2.330048828125000000e+03
1.973265243764165122e+00 2.323883789062500000e+03
1.976699996146696447e+00 2.315953857421875000e+03
1.980134748529227329e+00 2.297154785156250000e+03
1.983569500911758654e+00 2.275901123046875000e+03
1.987004253294289979e+00 2.265527832031250000e+03
1.990439005676821305e+00 2.265870849609375000e+03
1.993873758059352186e+00 2.273443847656250000e+03
1.997308510441883511e+00 2.280505859375000000e+03
2.000743262824414614e+00 2.290806884765625000e+03
2.004178015206945940e+00 2.291769287109375000e+03
2.007612767589476821e+00 2.286282226562500000e+03
2.011047519972008146e+00 2.271826660156250000e+03
2.014482272354539472e+00 2.263940673828125000e+03
2.017917024737070353e+00 2.272590332031250000e+03
2.021351777119601678e+00 2.273182617187500000e+03
2.024786529502133003e+00 2.257283935546875000e+03
2.028221281884664329e+00 2.241310546875000000e+03
2.031656034267195210e+00 2.245617187500000000e+03
2.035090786649726535e+00 2.240397216796875000e+03
2.038525539032257861e+00 2.222504394531250000e+03
2.041960291414789186e+00 2.198267333984375000e+03
2.045395043797320067e+00 2.182686035156250000e+03
2.048829796179851392e+00 2.184284179687500000e+03
2.052264548562382718e+00 2.199289062500000000e+03
2.055699300944913599e+00 2.218667480468750000e+03
2.059134053327444924e+00 2.214523681640625000e+03
2.062568805709975805e+00 2.205433837890625000e+03
2.066003558092507131e+00 2.196424804687500000e+03
2.069438310475038012e+00 2.198617431640625000e+03
2.072873062857569337e+00 2.196675781250000000e+03
2.076307815240100663e+00 2.186402343750000000e+03
2.079742567622631988e+00 2.177603515625000000e+03
2.083177320005162869e+00 2.188287597656250000e+03
2.086612072387694194e+00 2.175426025390625000e+03
2.090046824770225520e+00 2.166125244140625000e+03
2.093481577152756401e+00 2.159793945312500000e+03
2.096916329535287726e+00 2.166954345703125000e+03
2.100351081917819052e+00 2.163541259765625000e+03
2.103785834300350377e+00 2.163384765625000000e+03
2.107220586682881258e+00 2.173143066406250000e+03
2.110655339065412583e+00 2.165658691406250000e+03
2.114090091447943909e+00 2.154196289062500000e+03
2.117524843830475234e+00 2.151444335937500000e+03
2.120959596213006115e+00 2.144366699218750000e+03
2.124394348595537441e+00 2.132688476562500000e+03
2.127829100978068766e+00 2.120695312500000000e+03
2.131263853360599647e+00 2.105602050781250000e+03
2.134698605743130972e+00 2.098905761718750000e+03
2.138133358125661854e+00 2.097823974609375000e+03
2.141568110508193179e+00 2.118553466796875000e+03
2.145002862890724060e+00 2.139224121093750000e+03
2.148437615273255386e+00 2.141433593750000000e+03
2.151872367655786711e+00 2.124956054687500000e+03
2.155307120038318036e+00 2.122079345703125000e+03
2.158741872420848917e+00 2.118207763671875000e+03
2.162176624803380243e+00 2.114352294921875000e+03
2.165611377185911568e+00 2.106366943359375000e+03
2.169046129568442449e+00 2.099057373046875000e+03
2.172480881950973775e+00 2.099988281250000000e+03
2.175915634333505100e+00 2.113669189453125000e+03
2.179350386716036425e+00 2.117205078125000000e+03
2.182785139098567306e+00 2.106511230468750000e+03
2.186219891481098632e+00 2.100574707031250000e+03
2.189654643863629957e+00 2.097494140625000000e+03
2.193089396246161282e+00 2.115836181640625000e+03
2.196524148628692163e+00 2.119709472656250000e+03
2.199958901011223489e+00 2.129092773437500000e+03
2.203393653393754814e+00 2.120392089843750000e+03
2.206828405776285695e+00 2.116195312500000000e+03
2.210263158158817021e+00 2.105295410156250000e+03
2.213697910541347902e+00 2.111231201171875000e+03
2.217132662923879227e+00 2.113384277343750000e+03
2.220567415306410108e+00 2.114363037109375000e+03
2.224002167688941434e+00 2.119585693359375000e+03
2.227436920071472759e+00 2.124022949218750000e+03
2.230871672454004084e+00 2.132771972656250000e+03
2.234306424836534966e+00 2.127355957031250000e+03
2.237741177219066291e+00 2.139527099609375000e+03
2.241175929601597616e+00 2.143967041015625000e+03
2.244610681984128497e+00 2.154877929687500000e+03
2.248045434366659823e+00 2.149320556640625000e+03
2.251480186749191148e+00 2.161354980468750000e+03
2.254914939131722473e+00 2.166099121093750000e+03
2.258349691514253355e+00 2.183707031250000000e+03
2.261784443896784680e+00 2.182393798828125000e+03
2.265219196279316005e+00 2.198432861328125000e+03
2.268653948661847330e+00 2.202735595703125000e+03
2.272088701044378212e+00 2.207413330078125000e+03
2.275523453426909537e+00 2.215593750000000000e+03
2.278958205809440862e+00 2.228644531250000000e+03
2.282392958191971744e+00 2.233862548828125000e+03
2.285827710574503069e+00 2.252071533203125000e+03
2.289262462957033950e+00 2.274061035156250000e+03
2.292697215339565275e+00 2.289613281250000000e+03
2.296131967722096157e+00 2.302363769531250000e+03
2.299566720104627482e+00 2.329637451171875000e+03
2.303001472487158807e+00 2.366009033203125000e+03
2.306436224869690133e+00 2.398674560546875000e+03
2.309870977252221014e+00 2.421640869140625000e+03
2.313305729634752339e+00 2.437544433593750000e+03
2.316740482017283664e+00 2.459828125000000000e+03
2.320175234399814546e+00 2.490823730468750000e+03
2.323609986782345871e+00 2.553071044921875000e+03
2.327044739164877196e+00 2.610860595703125000e+03
2.330479491547408522e+00 2.662447998046875000e+03
2.333914243929939403e+00 2.736403320312500000e+03
2.337348996312470728e+00 2.823785400390625000e+03
2.340783748695002053e+00 2.932367675781250000e+03
2.344218501077533379e+00 3.070675292968750000e+03
2.347653253460064260e+00 3.286833740234375000e+03
2.351088005842595585e+00 3.647643310546875000e+03
2.354522758225126911e+00 4.266138183593750000e+03
2.357957510607657792e+00 5.582328613281250000e+03
2.361392262990189117e+00 8.485661132812500000e+03
2.364827015372720442e+00 1.569095117187500000e+04
2.368261767755251324e+00 3.056735351562500000e+04
2.371696520137782205e+00 5.898470703125000000e+04
2.375131272520313530e+00 8.274522656250000000e+04
2.378566024902844855e+00 9.801895312500000000e+04
2.382000777285376181e+00 9.181958593750000000e+04
2.385435529667907062e+00 8.151601562500000000e+04
2.388870282050438387e+00 6.121886328125000000e+04
2.392305034432969713e+00 4.048400000000000000e+04
2.395739786815500594e+00 2.216925976562500000e+04
2.399174539198031919e+00 1.302716210937500000e+04
2.402609291580563244e+00 7.341500000000000000e+03
2.406044043963094570e+00 5.104833984375000000e+03
2.409478796345625451e+00 4.038772216796875000e+03
2.412913548728156776e+00 3.491899902343750000e+03
2.416348301110688102e+00 3.178450927734375000e+03
2.419783053493219427e+00 2.958322265625000000e+03
2.423217805875750308e+00 2.809312011718750000e+03
2.426652558258281633e+00 2.693370117187500000e+03
2.430087310640812959e+00 2.613430175781250000e+03
2.433522063023343840e+00 2.529105957031250000e+03
2.436956815405875165e+00 2.473096923828125000e+03
2.440391567788406491e+00 2.421394042968750000e+03
2.443826320170937372e+00 2.368875244140625000e+03
2.447261072553468253e+00 2.325417724609375000e+03
2.450695824935999578e+00 2.297468017578125000e+03
2.454130577318530904e+00 2.261329345703125000e+03
2.457565329701061785e+00 2.218756103515625000e+03
2.461000082083593110e+00 2.198518554687500000e+03
2.464434834466124435e+00 2.174345214843750000e+03
2.467869586848655761e+00 2.150912597656250000e+03
2.471304339231186642e+00 2.111630859375000000e+03
2.474739091613717967e+00 2.090797607421875000e+03
2.478173843996249293e+00 2.066940917968750000e+03
2.481608596378780618e+00 2.047446166992187500e+03
2.485043348761311499e+00 2.023441528320312500e+03
2.488478101143842824e+00 2.005925170898437500e+03
2.491912853526374150e+00 1.991705688476562500e+03
2.495347605908905031e+00 1.979411132812500000e+03
2.498782358291436356e+00 1.966337768554687500e+03
2.502217110673967682e+00 1.941270263671875000e+03
2.505651863056499007e+00 1.927287353515625000e+03
2.509086615439029888e+00 1.894525146484375000e+03
2.512521367821561213e+00 1.874467895507812500e+03
2.515956120204092539e+00 1.871557128906250000e+03
2.519390872586623420e+00 1.860983520507812500e+03
2.522825624969154301e+00 1.839020385742187500e+03
2.526260377351685626e+00 1.813333007812500000e+03
2.529695129734216952e+00 1.801077392578125000e+03
2.533129882116747833e+00 1.799488037109375000e+03
2.536564634499279158e+00 1.803740478515625000e+03
2.539999386881810484e+00 1.798706176757812500e+03
2.543434139264341809e+00 1.789243652343750000e+03
2.546868891646872690e+00 1.792373046875000000e+03
2.550303644029404015e+00 1.778191650390625000e+03
2.553738396411935341e+00 1.765072631835937500e+03
2.557173148794466666e+00 1.763931762695312500e+03
2.560607901176997547e+00 1.774492431640625000e+03
2.564042653559528873e+00 1.770563964843750000e+03
2.567477405942060198e+00 1.770989501953125000e+03
2.570912158324591079e+00 1.773994384765625000e+03
2.574346910707122404e+00 1.757829101562500000e+03
2.577781663089653730e+00 1.737176879882812500e+03
2.581216415472185055e+00 1.725610839843750000e+03
2.584651167854715936e+00 1.727323608398437500e+03
2.588085920237247262e+00 1.716921264648437500e+03
2.591520672619778587e+00 1.712902954101562500e+03
2.594955425002309468e+00 1.708696289062500000e+03
2.598390177384840349e+00 1.709144653320312500e+03
2.601824929767371675e+00 1.707896972656250000e+03
2.605259682149903000e+00 1.697613525390625000e+03
2.608694434532433881e+00 1.690858154296875000e+03
2.612129186914965207e+00 1.685570556640625000e+03
2.615563939297496532e+00 1.673970214843750000e+03
2.618998691680027857e+00 1.669885375976562500e+03
2.622433444062558738e+00 1.670988525390625000e+03
2.625868196445090064e+00 1.666695800781250000e+03
2.629302948827621389e+00 1.662837402343750000e+03
2.632737701210152714e+00 1.655354492187500000e+03
2.636172453592683596e+00 1.644441284179687500e+03
2.639607205975214921e+00 1.640309448242187500e+03
2.643041958357746246e+00 1.641914184570312500e+03
2.646476710740277127e+00 1.632480102539062500e+03
2.649911463122808453e+00 1.625974487304687500e+03
2.653346215505339778e+00 1.609488281250000000e+03
2.656780967887871103e+00 1.606819213867187500e+03
2.660215720270401984e+00 1.607978515625000000e+03
2.663650472652933310e+00 1.608677734375000000e+03
2.667085225035464635e+00 1.607328125000000000e+03
2.670519977417995516e+00 1.605326538085937500e+03
2.673954729800526398e+00 1.593644897460937500e+03
2.677389482183057723e+00 1.601060913085937500e+03
2.680824234565589048e+00 1.609699462890625000e+03
2.684258986948119929e+00 1.600774414062500000e+03
2.687693739330651255e+00 1.590017578125000000e+03
2.691128491713182580e+00 1.591411621093750000e+03
2.694563244095713905e+00 1.592384765625000000e+03
2.697997996478244787e+00 1.584850585937500000e+03
2.701432748860776112e+00 1.582823364257812500e+03
2.704867501243307437e+00 1.574113525390625000e+03
2.708302253625838762e+00 1.561534912109375000e+03
2.711737006008369644e+00 1.565222656250000000e+03
2.715171758390900969e+00 1.571761718750000000e+03
2.718606510773432294e+00 1.577351562500000000e+03
2.722041263155963176e+00 1.570899047851562500e+03
2.725476015538494501e+00 1.561731811523437500e+03
2.728910767921025826e+00 1.552271240234375000e+03
2.732345520303557151e+00 1.546314575195312500e+03
2.735780272686088033e+00 1.545143188476562500e+03
2.739215025068619358e+00 1.548383300781250000e+03
2.742649777451150683e+00 1.551496215820312500e+03
2.746084529833681565e+00 1.538018188476562500e+03
2.749519282216212890e+00 1.530308349609375000e+03
2.752954034598743771e+00 1.535920532226562500e+03
2.756388786981275096e+00 1.536379394531250000e+03
2.759823539363805978e+00 1.538724975585937500e+03
2.763258291746337303e+00 1.538832885742187500e+03
2.766693044128868628e+00 1.541727539062500000e+03
2.770127796511399954e+00 1.538733642578125000e+03
2.773562548893930835e+00 1.530887573242187500e+03
2.776997301276462160e+00 1.532429931640625000e+03
2.780432053658993485e+00 1.531386962890625000e+03
2.783866806041524811e+00 1.534745971679687500e+03
2.787301558424055692e+00 1.541491088867187500e+03
2.790736310806587017e+00 1.537391601562500000e+03
2.794171063189118343e+00 1.517240478515625000e+03
2.797605815571649224e+00 1.509804199218750000e+03
2.801040567954180549e+00 1.506510498046875000e+03
2.804475320336711874e+00 1.521432983398437500e+03
2.807910072719243200e+00 1.529807128906250000e+03
2.811344825101774081e+00 1.537412597656250000e+03
2.814779577484305406e+00 1.536700317382812500e+03
2.818214329866836731e+00 1.530818359375000000e+03
2.821649082249367613e+00 1.522953491210937500e+03
2.825083834631898938e+00 1.528923583984375000e+03
2.828518587014429819e+00 1.546025756835937500e+03
2.831953339396961145e+00 1.559556274414062500e+03
2.835388091779492026e+00 1.565535522460937500e+03
2.838822844162023351e+00 1.566217041015625000e+03
2.842257596544554676e+00 1.570286743164062500e+03
2.845692348927086002e+00 1.576919067382812500e+03
2.849127101309616883e+00 1.577549438476562500e+03
2.852561853692148208e+00 1.580300048828125000e+03
2.855996606074679534e+00 1.584005371093750000e+03
2.859431358457210415e+00 1.601688232421875000e+03
2.862866110839741740e+00 1.619894775390625000e+03
2.866300863222273065e+00 1.646557739257812500e+03
2.869735615604804391e+00 1.665528930664062500e+03
2.873170367987335272e+00 1.695437622070312500e+03
2.876605120369866597e+00 1.731769042968750000e+03
2.880039872752397923e+00 1.783420043945312500e+03
2.883474625134929248e+00 1.859655151367187500e+03
2.886909377517460129e+00 1.966680908203125000e+03
2.890344129899991454e+00 2.161445800781250000e+03
2.893778882282522780e+00 2.553967529296875000e+03
2.897213634665053661e+00 3.429514404296875000e+03
2.900648387047584986e+00 5.528704101562500000e+03
2.904083139430115867e+00 9.665288085937500000e+03
2.907517891812647193e+00 1.613100488281250000e+04
2.910952644195178074e+00 2.346371679687500000e+04
2.914387396577709399e+00 2.757430859375000000e+04
2.917822148960240725e+00 2.853526171875000000e+04
2.921256901342772050e+00 2.495699023437500000e+04
2.924691653725302931e+00 1.859583984375000000e+04
2.928126406107834256e+00 1.112408300781250000e+04
2.931561158490365582e+00 6.801226074218750000e+03
2.934995910872896463e+00 4.275345214843750000e+03
2.938430663255427788e+00 2.935089843750000000e+03
2.941865415637959114e+00 2.354247314453125000e+03
2.945300168020490439e+00 2.046877563476562500e+03
2.948734920403021320e+00 1.880372314453125000e+03
2.952169672785552645e+00 1.778429199218750000e+03
2.955604425168083971e+00 1.725490600585937500e+03
2.959039177550615296e+00 1.684226440429687500e+03
2.962473929933146177e+00 1.643273437500000000e+03
2.965908682315677503e+00 1.612079589843750000e+03
2.969343434698208828e+00 1.586635498046875000e+03
2.972778187080739709e+00 1.564817626953125000e+03
2.976212939463271034e+00 1.541100952148437500e+03
2.979647691845801916e+00 1.521731811523437500e+03
2.983082444228333241e+00 1.504269775390625000e+03
2.986517196610864122e+00 1.490166992187500000e+03
2.989951948993395447e+00 1.475582641601562500e+03
2.993386701375926773e+00 1.464675292968750000e+03
2.996821453758458098e+00 1.459032470703125000e+03
3.000256206140988979e+00 1.451091064453125000e+03
3.003690958523520305e+00 1.437275146484375000e+03
3.007125710906051630e+00 1.426460205078125000e+03
3.010560463288582511e+00 1.419851074218750000e+03
3.013995215671113836e+00 1.415106567382812500e+03
3.017429968053645162e+00 1.391232788085937500e+03
3.020864720436176487e+00 1.380490478515625000e+03
3.024299472818707368e+00 1.375969360351562500e+03
3.027734225201238694e+00 1.381835449218750000e+03
3.031168977583770019e+00 1.379898559570312500e+03
3.034603729966301344e+00 1.379820922851562500e+03
3.038038482348832225e+00 1.374088012695312500e+03
3.041473234731363551e+00 1.368902221679687500e+03
3.044907987113894876e+00 1.352635009765625000e+03
3.048342739496425757e+00 1.337765869140625000e+03
3.051777491878957083e+00 1.330691528320312500e+03
3.055212244261487964e+00 1.334153442382812500e+03
3.058646996644019289e+00 1.331738037109375000e+03
3.062081749026550170e+00 1.337489257812500000e+03
3.065516501409081496e+00 1.335816284179687500e+03
3.068951253791612821e+00 1.337448486328125000e+03
3.072386006174144146e+00 1.327928222656250000e+03
3.075820758556675028e+00 1.323501098632812500e+03
3.079255510939206353e+00 1.321477294921875000e+03
3.082690263321737678e+00 1.327568969726562500e+03
3.086125015704268559e+00 1.326601196289062500e+03
3.089559768086799885e+00 1.327005859375000000e+03
3.092994520469331210e+00 1.314912963867187500e+03
3.096429272851862535e+00 1.309443725585937500e+03
3.099864025234393416e+00 1.297812866210937500e+03
3.103298777616924742e+00 1.296965820312500000e+03
3.106733529999456067e+00 1.294972778320312500e+03
3.110168282381987392e+00 1.289623046875000000e+03
3.113603034764518274e+00 1.296944580078125000e+03
3.117037787147049599e+00 1.308551147460937500e+03
3.120472539529580924e+00 1.320301391601562500e+03
3.123907291912111805e+00 1.316208862304687500e+03
3.127342044294643131e+00 1.308718383789062500e+03
3.130776796677174012e+00 1.302151489257812500e+03
3.134211549059705337e+00 1.298030761718750000e+03
3.137646301442236219e+00 1.287046020507812500e+03
3.141081053824767544e+00 1.268704223632812500e+03
3.144515806207298869e+00 1.258083862304687500e+03
3.147950558589830194e+00 1.254326660156250000e+03
3.151385310972361076e+00 1.266151977539062500e+03
3.154820063354892401e+00 1.268109130859375000e+03
3.158254815737423726e+00 1.268909179687500000e+03
3.161689568119954608e+00 1.262908935546875000e+03
3.165124320502485933e+00 1.257102661132812500e+03
3.168559072885017258e+00 1.248590576171875000e+03
3.171993825267548583e+00 1.246106201171875000e+03
3.175428577650079465e+00 1.245903808593750000e+03
3.178863330032610790e+00 1.240014160156250000e+03
3.182298082415142115e+00 1.233853393554687500e+03
3.185732834797673441e+00 1.244810180664062500e+03
3.189167587180204322e+00 1.252890502929687500e+03
3.192602339562735647e+00 1.251513183593750000e+03
3.196037091945266972e+00 1.243016601562500000e+03
3.199471844327797854e+00 1.240944946289062500e+03
3.202906596710329179e+00 1.244931884765625000e+03
3.206341349092860060e+00 1.252098754882812500e+03
3.209776101475391386e+00 1.254925048828125000e+03
3.213210853857922267e+00 1.254002075195312500e+03
3.216645606240453592e+00 1.256786743164062500e+03
3.220080358622984917e+00 1.246305786132812500e+03
3.223515111005516243e+00 1.236764404296875000e+03
3.226949863388047124e+00 1.243805664062500000e+03
3.230384615770578449e+00 1.257720581054687500e+03
3.233819368153109775e+00 1.258227172851562500e+03
3.237254120535640656e+00 1.257292846679687500e+03
3.240688872918171981e+00 1.247153198242187500e+03
3.244123625300703306e+00 1.236063842773437500e+03
3.247558377683234632e+00 1.224897094726562500e+03
3.250993130065765513e+00 1.223839721679687500e+03
3.254427882448296838e+00 1.232805908203125000e+03
3.257862634830828164e+00 1.238328125000000000e+03
3.261297387213359489e+00 1.237812011718750000e+03
3.264732139595890370e+00 1.247007202148437500e+03
3.268166891978421695e+00 1.243737182617187500e+03
3.271601644360953021e+00 1.242903076171875000e+03
3.275036396743483902e+00 1.247015258789062500e+03
3.278471149126015227e+00 1.258349243164062500e+03
3.281905901508546108e+00 1.265788085937500000e+03
3.285340653891077434e+00 1.270015625000000000e+03
3.288775406273608315e+00 1.265437500000000000e+03
3.292210158656139640e+00 1.268441406250000000e+03
3.295644911038670966e+00 1.276526000976562500e+03
3.299079663421202291e+00 1.278733886718750000e+03
3.302514415803733172e+00 1.282727783203125000e+03
3.305949168186264497e+00 1.285549682617187500e+03
3.309383920568795823e+00 1.292492309570312500e+03
3.312818672951326704e+00 1.290135009765625000e+03
3.316253425333858029e+00 1.293614013671875000e+03
3.319688177716389355e+00 1.299658447265625000e+03
3.323122930098920680e+00 1.319819091796875000e+03
3.326557682481451561e+00 1.340901245117187500e+03
3.329992434863982886e+00 1.365815307617187500e+03
3.333427187246514212e+00 1.392478027343750000e+03
3.336861939629045093e+00 1.434340942382812500e+03
3.340296692011576418e+00 1.516099853515625000e+03
3.343731444394107744e+00 1.675601196289062500e+03
3.347166196776639069e+00 1.962477294921875000e+03
3.350600949159169950e+00 2.762676269531250000e+03
3.354035701541701275e+00 4.098490234375000000e+03
3.357470453924232601e+00 7.662073730468750000e+03
3.360905206306763482e+00 1.157348242187500000e+04
3.364339958689294363e+00 1.609387500000000000e+04
3.367774711071825688e+00 1.862157031250000000e+04
3.371209463454357014e+00 1.873796289062500000e+04
3.374644215836887895e+00 1.640659960937500000e+04
3.378078968219419220e+00 1.199900097656250000e+04
3.381513720601950546e+00 8.229326171875000000e+03
3.384948472984481871e+00 4.608241210937500000e+03
3.388383225367012752e+00 3.034388916015625000e+03
3.391817977749544077e+00 2.110860107421875000e+03
3.395252730132075403e+00 1.745412841796875000e+03
3.398687482514606728e+00 1.557375244140625000e+03
3.402122234897137609e+00 1.463441162109375000e+03
3.405556987279668935e+00 1.401389892578125000e+03
3.408991739662200260e+00 1.355021972656250000e+03
3.412426492044731141e+00 1.315236816406250000e+03
3.415861244427262466e+00 1.302408081054687500e+03
3.419295996809793792e+00 1.289821533203125000e+03
3.422730749192325117e+00 1.273777954101562500e+03
3.426165501574855998e+00 1.251583496093750000e+03
3.429600253957387324e+00 1.240890258789062500e+03
3.433035006339918649e+00 1.241876831054687500e+03
3.436469758722449530e+00 1.236393066406250000e+03
3.439904511104980411e+00 1.234041748046875000e+03
3.443339263487511737e+00 1.223522705078125000e+03
3.446774015870043062e+00 1.214223388671875000e+03
3.450208768252573943e+00 1.220964233398437500e+03
3.453643520635105268e+00 1.226555297851562500e+03
3.457078273017636594e+00 1.216158325195312500e+03
3.460513025400167919e+00 1.210144897460937500e+03
3.463947777782698800e+00 1.206375854492187500e+03
3.467382530165230126e+00 1.205447021484375000e+03
3.470817282547761451e+00 1.187559448242187500e+03
3.474252034930292776e+00 1.174898559570312500e+03
3.477686787312823657e+00 1.164360351562500000e+03
3.481121539695354983e+00 1.166963623046875000e+03
3.484556292077886308e+00 1.169421508789062500e+03
3.487991044460417189e+00 1.168778198242187500e+03
3.491425796842948515e+00 1.160922851562500000e+03
3.494860549225479840e+00 1.155032348632812500e+03
3.498295301608011165e+00 1.153937500000000000e+03
3.501730053990542046e+00 1.153075439453125000e+03
3.505164806373073372e+00 1.147394775390625000e+03
3.508599558755604697e+00 1.139595214843750000e+03
3.512034311138135578e+00 1.140151489257812500e+03
3.515469063520666460e+00 1.152480102539062500e+03
3.518903815903197785e+00 1.153314453125000000e+03
3.522338568285729110e+00 1.146267089843750000e+03
3.525773320668259991e+00 1.137795166015625000e+03
3.529208073050791317e+00 1.141151489257812500e+03
3.532642825433322642e+00 1.145398437500000000e+03
3.536077577815853967e+00 1.144083129882812500e+03
3.539512330198384849e+00 1.143163696289062500e+03
3.542947082580916174e+00 1.136935913085937500e+03
3.546381834963447499e+00 1.131634521484375000e+03
3.549816587345978824e+00 1.129069458007812500e+03
3.553251339728509706e+00 1.130803710937500000e+03
3.556686092111041031e+00 1.125584350585937500e+03
3.560120844493572356e+00 1.125884277343750000e+03
3.563555596876103237e+00 1.129239624023437500e+03
3.566990349258634563e+00 1.128631225585937500e+03
3.570425101641165888e+00 1.125015136718750000e+03
3.573859854023697213e+00 1.127392089843750000e+03
3.577294606406228095e+00 1.121616943359375000e+03
3.580729358788759420e+00 1.116685791015625000e+03
3.584164111171290301e+00 1.112168457031250000e+03
3.587598863553821626e+00 1.123855957031250000e+03
3.591033615936352508e+00 1.130862304687500000e+03
3.594468368318883833e+00 1.123668090820312500e+03
3.597903120701415158e+00 1.125587646484375000e+03
3.601337873083946484e+00 1.120034057617187500e+03
3.604772625466477809e+00 1.119967163085937500e+03
3.608207377849008246e+00 1.121030517578125000e+03
3.611642130231539571e+00 1.124661376953125000e+03
3.615076882614070897e+00 1.121424804687500000e+03
3.618511634996602222e+00 1.119370605468750000e+03
3.621946387379133547e+00 1.126117553710937500e+03
3.625381139761664873e+00 1.135327270507812500e+03
3.628815892144196198e+00 1.139187622070312500e+03
3.632250644526726635e+00 1.136184936523437500e+03
3.635685396909257960e+00 1.137408081054687500e+03
3.639120149291789286e+00 1.140629516601562500e+03
3.642554901674320611e+00 1.144680541992187500e+03
3.645989654056851936e+00 1.138329467773437500e+03
3.649424406439383262e+00 1.137400878906250000e+03
3.652859158821914587e+00 1.138265380859375000e+03
3.656293911204445912e+00 1.146952758789062500e+03
3.659728663586976349e+00 1.156627197265625000e+03
3.663163415969507675e+00 1.166377075195312500e+03
3.666598168352038556e+00 1.165548583984375000e+03
3.670032920734569881e+00 1.159434082031250000e+03
3.673467673117101207e+00 1.171261108398437500e+03
3.676902425499632532e+00 1.185192749023437500e+03
3.680337177882163857e+00 1.197266113281250000e+03
3.683771930264694294e+00 1.204064453125000000e+03
3.687206682647225620e+00 1.220136718750000000e+03
3.690641435029756945e+00 1.238342529296875000e+03
3.694076187412288270e+00 1.254505493164062500e+03
3.697510939794819596e+00 1.252214477539062500e+03
3.700945692177350921e+00 1.255291992187500000e+03
3.704380444559882246e+00 1.270091674804687500e+03
3.707815196942412683e+00 1.289104125976562500e+03
3.711249949324944009e+00 1.307669311523437500e+03
3.714684701707475334e+00 1.327416748046875000e+03
3.718119454090006659e+00 1.351767822265625000e+03
3.721554206472537984e+00 1.378982421875000000e+03
3.724988958855069310e+00 1.413210937500000000e+03
3.728423711237600635e+00 1.468522094726562500e+03
3.731858463620131960e+00 1.539717529296875000e+03
3.735293216002662398e+00 1.640558349609375000e+03
3.738727968385193723e+00 1.803044311523437500e+03
3.742162720767725048e+00 2.132031250000000000e+03
3.745597473150255929e+00 2.801389404296875000e+03
3.749032225532787255e+00 4.286191894531250000e+03
3.752466977915318580e+00 7.648034179687500000e+03
3.755901730297849905e+00 1.358209863281250000e+04
3.759336482680380342e+00 2.157315234375000000e+04
3.762771235062911668e+00 2.971563476562500000e+04
3.766205987445442993e+00 3.491947656250000000e+04
3.769640739827974318e+00 3.421809765625000000e+04
3.773075492210505644e+00 2.888095312500000000e+04
3.776510244593036969e+00 2.123757812500000000e+04
3.779944996975568294e+00 1.313292871093750000e+04
3.783379749358098731e+00 7.645328613281250000e+03
3.786814501740630057e+00 4.646195800781250000e+03
3.790249254123161382e+00 2.975764160156250000e+03
3.793684006505692707e+00 2.227487792968750000e+03
3.797118758888224033e+00 1.848217529296875000e+03
3.800553511270755358e+00 1.658960327148437500e+03
3.803988263653286683e+00 1.541867187500000000e+03
3.807423016035818009e+00 1.473700927734375000e+03
3.810857768418348446e+00 1.415191894531250000e+03
3.814292520800879771e+00 1.372514648437500000e+03
3.817727273183411096e+00 1.338343872070312500e+03
3.821162025565941978e+00 1.313337158203125000e+03
3.824596777948473303e+00 1.281719482421875000e+03
3.828031530331004628e+00 1.251962158203125000e+03
3.831466282713535954e+00 1.232902832031250000e+03
3.834901035096066391e+00 1.218681152343750000e+03
3.838335787478597716e+00 1.211241088867187500e+03
3.841770539861129041e+00 1.204252075195312500e+03
3.845205292243660367e+00 1.190636596679687500e+03
3.848640044626191692e+00 1.179232543945312500e+03
3.852074797008723017e+00 1.159379882812500000e+03
3.855509549391254343e+00 1.140548461914062500e+03
3.858944301773784780e+00 1.122718627929687500e+03
3.862379054156316105e+00 1.106966430664062500e+03
3.865813806538847430e+00 1.088843750000000000e+03
3.869248558921378756e+00 1.082990356445312500e+03
3.872683311303910081e+00 1.076565551757812500e+03
3.876118063686441406e+00 1.075114868164062500e+03
3.879552816068972732e+00 1.077438110351562500e+03
3.882987568451504057e+00 1.085829467773437500e+03
3.886422320834034494e+00 1.078820312500000000e+03
3.889857073216565819e+00 1.070155639648437500e+03
3.893291825599097145e+00 1.059354980468750000e+03
3.896726577981628026e+00 1.058362548828125000e+03
3.900161330364159351e+00 1.055143432617187500e+03
3.903596082746690676e+00 1.048606811523437500e+03
3.907030835129222002e+00 1.039111450195312500e+03
3.910465587511752439e+00 1.028150878906250000e+03
3.913900339894283764e+00 1.018883361816406250e+03
3.917335092276815089e+00 1.018167114257812500e+03
3.920769844659346415e+00 1.022631774902343750e+03
3.924204597041877740e+00 1.022054931640625000e+03
3.927639349424409065e+00 1.022702392578125000e+03
3.931074101806940391e+00 1.017013488769531250e+03
3.934508854189470828e+00 1.019261108398437500e+03
3.937943606572002153e+00 1.014123901367187500e+03
3.941378358954533478e+00 1.016623046875000000e+03
3.944813111337064804e+00 1.011180786132812500e+03
3.948247863719596129e+00 1.019355102539062500e+03
3.951682616102127454e+00 1.023449462890625000e+03
3.955117368484658780e+00 1.014795776367187500e+03
3.958552120867189217e+00 1.004748657226562500e+03
3.961986873249720542e+00 1.000154296875000000e+03
3.965421625632251867e+00 1.008146850585937500e+03
3.968856378014783193e+00 1.011925781250000000e+03
3.972291130397314074e+00 1.010172668457031250e+03
3.975725882779845399e+00 1.009983154296875000e+03
3.979160635162376725e+00 1.016366210937500000e+03
3.982595387544908050e+00 1.017000610351562500e+03
3.986030139927438487e+00 1.007863281250000000e+03
3.989464892309969812e+00 1.004879333496093750e+03
3.992899644692501138e+00 1.014294433593750000e+03
3.996334397075032463e+00 1.023525573730468750e+03
3.999769149457563788e+00 1.024330566406250000e+03
4.003203901840095114e+00 1.026105957031250000e+03
4.006638654222625995e+00 1.028061523437500000e+03
4.010073406605156876e+00 1.024323852539062500e+03
4.013508158987687757e+00 1.020578979492187500e+03
4.016942911370219527e+00 1.019491882324218750e+03
4.020377663752750408e+00 1.011818481445312500e+03
4.023812416135282177e+00 1.003706054687500000e+03
4.027247168517813058e+00 1.013475524902343750e+03
4.030681920900344828e+00 1.016729370117187500e+03
4.034116673282874821e+00 1.033939941406250000e+03
4.037551425665406590e+00 1.042353271484375000e+03
4.040986178047937472e+00 1.049574462890625000e+03
4.044420930430469241e+00 1.052695922851562500e+03
4.047855682813000122e+00 1.060389404296875000e+03
4.051290435195531892e+00 1.067318725585937500e+03
4.054725187578062773e+00 1.070717895507812500e+03
4.058159939960594542e+00 1.079189086914062500e+03
4.061594692343124535e+00 1.082275024414062500e+03
4.065029444725656305e+00 1.089870117187500000e+03
4.068464197108187186e+00 1.098041381835937500e+03
4.071898949490718955e+00 1.110897705078125000e+03
4.075333701873249836e+00 1.123256591796875000e+03
4.078768454255781606e+00 1.142088623046875000e+03
4.082203206638312487e+00 1.167881835937500000e+03
4.085637959020843368e+00 1.205370483398437500e+03
4.089072711403374250e+00 1.251075317382812500e+03
4.092507463785905131e+00 1.301109130859375000e+03
4.095942216168436900e+00 1.375933837890625000e+03
4.099376968550967781e+00 1.517801391601562500e+03
4.102811720933499551e+00 1.806346557617187500e+03
4.106246473316030432e+00 2.479027587890625000e+03
4.109681225698561313e+00 3.883500976562500000e+03
4.113115978081092194e+00 6.885676757812500000e+03
4.116550730463623964e+00 1.184890332031250000e+04
4.119985482846154845e+00 1.695496289062500000e+04
4.123420235228686614e+00 2.051921093750000000e+04
4.126854987611217496e+00 2.302736328125000000e+04
4.130289739993749265e+00 2.240914453125000000e+04
4.133724492376280146e+00 1.807830078125000000e+04
4.137159244758811028e+00 1.219138476562500000e+04
4.140593997141341909e+00 7.939912109375000000e+03
4.144028749523873678e+00 4.613992675781250000e+03
4.147463501906404559e+00 2.907614013671875000e+03
4.150898254288936329e+00 2.087535400390625000e+03
4.154333006671467210e+00 1.666196655273437500e+03
4.157767759053998091e+00 1.446445556640625000e+03
4.161202511436528972e+00 1.327572998046875000e+03
4.164637263819060742e+00 1.247991333007812500e+03
4.168072016201591623e+00 1.202017578125000000e+03
4.171506768584122504e+00 1.167039672851562500e+03
4.174941520966654274e+00 1.149076538085937500e+03
4.178376273349185155e+00 1.131560180664062500e+03
4.181811025731716924e+00 1.117326904296875000e+03
4.185245778114246917e+00 1.104841918945312500e+03
4.188680530496778687e+00 1.088629272460937500e+03
4.192115282879309568e+00 1.073793457031250000e+03
4.195550035261841337e+00 1.060325439453125000e+03
4.198984787644372219e+00 1.046898315429687500e+03
4.202419540026903988e+00 1.031646118164062500e+03
4.205854292409434869e+00 1.020407592773437500e+03
4.209289044791966639e+00 1.017847229003906250e+03
4.212723797174496632e+00 1.008784423828125000e+03
4.216158549557028401e+00 1.006691101074218750e+03
4.219593301939559282e+00 9.997947387695312500e+02
4.223028054322091052e+00 9.893320312500000000e+02
4.226462806704621933e+00 9.839554443359375000e+02
4.229897559087153702e+00 9.828911743164062500e+02
4.233332311469684583e+00 9.857636108398437500e+02
4.236767063852215465e+00 9.860808105468750000e+02
4.240201816234746346e+00 9.843167114257812500e+02
4.243636568617277227e+00 9.766989135742187500e+02
4.247071320999808997e+00 9.654208984375000000e+02
4.250506073382339878e+00 9.529245605468750000e+02
4.253940825764871647e+00 9.421294555664062500e+02
4.257375578147402528e+00 9.369046020507812500e+02
4.260810330529933410e+00 9.257884521484375000e+02
4.264245082912464291e+00 9.211239013671875000e+02
4.267679835294996060e+00 9.225660400390625000e+02
4.271114587677526941e+00 9.248364257812500000e+02
4.274549340060058711e+00 9.282679443359375000e+02
4.277984092442589592e+00 9.331630249023437500e+02
4.281418844825121361e+00 9.265842895507812500e+02
4.284853597207652243e+00 9.203879394531250000e+02
4.288288349590183124e+00 9.161007690429687500e+02
4.291723101972714005e+00 9.195588989257812500e+02
4.295157854355245775e+00 9.156053466796875000e+02
4.298592606737776656e+00 9.110939941406250000e+02
4.302027359120308425e+00 9.075925903320312500e+02
4.305462111502839306e+00 9.111829833984375000e+02
4.308896863885370188e+00 9.144392700195312500e+02
4.312331616267901069e+00 9.195158691406250000e+02
4.315766368650432838e+00 9.220852050781250000e+02
4.319201121032963719e+00 9.230142211914062500e+02
4.322635873415494601e+00 9.162657470703125000e+02
4.326070625798026370e+00 9.078803710937500000e+02
4.329505378180557251e+00 9.041589355468750000e+02
4.332940130563089021e+00 8.962449340820312500e+02
4.336374882945619014e+00 8.989614257812500000e+02
4.339809635328150783e+00 9.030049438476562500e+02
4.343244387710681664e+00 9.012713623046875000e+02
4.346679140093213434e+00 8.933020019531250000e+02
4.350113892475744315e+00 8.872961425781250000e+02
4.353548644858276084e+00 8.886887207031250000e+02
4.356983397240806966e+00 8.919437255859375000e+02
4.360418149623338735e+00 8.968287963867187500e+02
4.363852902005868728e+00 8.956985473632812500e+02
4.367287654388400497e+00 8.991398925781250000e+02
4.370722406770931379e+00 9.032905273437500000e+02
4.374157159153463148e+00 9.076033325195312500e+02
4.377591911535994029e+00 9.054975585937500000e+02
4.381026663918525799e+00 9.017391357421875000e+02
4.384461416301056680e+00 8.993287353515625000e+02
4.387896168683587561e+00 8.948916625976562500e+02
4.391330921066118442e+00 8.885343627929687500e+02
4.394765673448649324e+00 8.891213378906250000e+02
4.398200425831181093e+00 8.873538818359375000e+02
4.401635178213711974e+00 8.858074951171875000e+02
4.405069930596243744e+00 8.879681396484375000e+02
4.408504682978774625e+00 8.916429443359375000e+02
4.411939435361305506e+00 8.913706054687500000e+02
4.415374187743836387e+00 9.017858886718750000e+02
4.418808940126368157e+00 9.067029418945312500e+02
4.422243692508899038e+00 8.999693603515625000e+02
4.425678444891430807e+00 8.857949218750000000e+02
4.429113197273961688e+00 8.797272949218750000e+02
4.432547949656493458e+00 8.756295166015625000e+02
4.435982702039023451e+00 8.785694580078125000e+02
4.439417454421555220e+00 8.793698120117187500e+02
4.442852206804086101e+00 8.871875000000000000e+02
4.446286959186617871e+00 8.879525146484375000e+02
4.449721711569148752e+00 8.795718383789062500e+02
4.453156463951680522e+00 8.742358398437500000e+02
4.456591216334211403e+00 8.701577148437500000e+02
4.460025968716742284e+00 8.675111083984375000e+02
4.463460721099273165e+00 8.626444702148437500e+02
4.466895473481804935e+00 8.670096435546875000e+02
4.470330225864335816e+00 8.789909057617187500e+02
4.473764978246866697e+00 8.817152099609375000e+02
4.477199730629398466e+00 8.819428100585937500e+02
4.480634483011929348e+00 8.801705322265625000e+02
4.484069235394461117e+00 8.781027832031250000e+02
4.487503987776991110e+00 8.716658935546875000e+02
4.490938740159522879e+00 8.762666015625000000e+02
4.494373492542053761e+00 8.796771850585937500e+02
4.497808244924585530e+00 8.797335815429687500e+02
4.501242997307116411e+00 8.723620605468750000e+02
4.504677749689648181e+00 8.736978149414062500e+02
4.508112502072179062e+00 8.734581298828125000e+02
4.511547254454709943e+00 8.687572021484375000e+02
4.514982006837240824e+00 8.657922363281250000e+02
4.518416759219772594e+00 8.662115478515625000e+02
4.521851511602303475e+00 8.646759033203125000e+02
4.525286263984835244e+00 8.685169677734375000e+02
4.528721016367366126e+00 8.757567749023437500e+02
4.532155768749897895e+00 8.698259277343750000e+02
4.535590521132428776e+00 8.613716430664062500e+02
4.539025273514959657e+00 8.632312011718750000e+02
4.542460025897490539e+00 8.717805786132812500e+02
4.545894778280021420e+00 8.732065429687500000e+02
4.549329530662553189e+00 8.681533813476562500e+02
4.552764283045084071e+00 8.641001586914062500e+02
4.556199035427615840e+00 8.663872070312500000e+02
4.559633787810146721e+00 8.620682373046875000e+02
4.563068540192677602e+00 8.639114990234375000e+02
4.566503292575208484e+00 8.644550781250000000e+02
4.569938044957740253e+00 8.698980102539062500e+02
4.573372797340271134e+00 8.822186279296875000e+02
4.576807549722802904e+00 8.859855346679687500e+02
4.580242302105333785e+00 8.797383422851562500e+02
4.583677054487865554e+00 8.751870727539062500e+02
4.587111806870395547e+00 8.672846069335937500e+02
4.590546559252927317e+00 8.693828735351562500e+02
4.593981311635458198e+00 8.704215698242187500e+02
4.597416064017989967e+00 8.682981567382812500e+02
4.600850816400520849e+00 8.612127685546875000e+02
4.604285568783052618e+00 8.639989013671875000e+02
4.607720321165583499e+00 8.670903930664062500e+02
4.611155073548115269e+00 8.641370239257812500e+02
4.614589825930645262e+00 8.681802368164062500e+02
4.618024578313177031e+00 8.695888671875000000e+02
4.621459330695707912e+00 8.701852416992187500e+02
4.624894083078238793e+00 8.616832275390625000e+02
4.628328835460770563e+00 8.660958862304687500e+02
4.631763587843301444e+00 8.712352905273437500e+02
4.635198340225833213e+00 8.698695068359375000e+02
4.638633092608363206e+00 8.625546264648437500e+02
4.642067844990894976e+00 8.641648559570312500e+02
4.645502597373425857e+00 8.726329956054687500e+02
4.648937349755957626e+00 8.766817626953125000e+02
4.652372102138488508e+00 8.756356811523437500e+02
4.655806854521020277e+00 8.787068481445312500e+02
4.659241606903551158e+00 8.842332153320312500e+02
4.662676359286082040e+00 8.833626708984375000e+02
4.666111111668612921e+00 8.795653076171875000e+02
4.669545864051144690e+00 8.894588623046875000e+02
4.672980616433675571e+00 9.036494750976562500e+02
4.676415368816207341e+00 9.107012939453125000e+02
4.679850121198738222e+00 9.053934326171875000e+02
4.683284873581269991e+00 9.020014648437500000e+02
4.686719625963800873e+00 9.018129272460937500e+02
4.690154378346331754e+00 8.979186401367187500e+02
4.693589130728862635e+00 8.955664672851562500e+02
4.697023883111393516e+00 8.931030883789062500e+02
4.700458635493925286e+00 8.912996215820312500e+02
4.703893387876456167e+00 8.947973632812500000e+02
4.707328140258987936e+00 9.002804565429687500e+02
4.710762892641518818e+00 9.051993408203125000e+02
4.714197645024049699e+00 9.209557495117187500e+02
4.717632397406580580e+00 9.328107910156250000e+02
4.721067149789112349e+00 9.410741577148437500e+02
4.724501902171643231e+00 9.571137695312500000e+02
4.727936654554175000e+00 9.682909545898437500e+02
4.731371406936705881e+00 9.794378662109375000e+02
4.734806159319237651e+00 9.956636352539062500e+02
4.738240911701767644e+00 1.035606323242187500e+03
4.741675664084299413e+00 1.120421875000000000e+03
4.745110416466830294e+00 1.287615234375000000e+03
4.748545168849362064e+00 1.657607177734375000e+03
4.751979921231892945e+00 2.387603515625000000e+03
4.755414673614424714e+00 3.713209960937500000e+03
4.758849425996955596e+00 5.515799316406250000e+03
4.762284178379487365e+00 7.337914062500000000e+03
4.765718930762017358e+00 8.362912109375000000e+03
4.769153683144549127e+00 8.601909179687500000e+03
4.772588435527080009e+00 7.658507812500000000e+03
4.776023187909610890e+00 6.004141113281250000e+03
4.779457940292142659e+00 4.057804931640625000e+03
4.782892692674673540e+00 2.708401855468750000e+03
4.786327445057205310e+00 1.868466796875000000e+03
4.789762197439735303e+00 1.417139404296875000e+03
4.793196949822267072e+00 1.190821899414062500e+03
4.796631702204797953e+00 1.086051513671875000e+03
4.800066454587329723e+00 1.033508056640625000e+03
4.803501206969860604e+00 1.009875671386718750e+03
4.806935959352392373e+00 9.905169067382812500e+02
4.810370711734923255e+00 9.764734497070312500e+02
4.813805464117454136e+00 9.650643920898437500e+02
4.817240216499985017e+00 9.532382812500000000e+02
4.820674968882516787e+00 9.384419555664062500e+02
4.824109721265047668e+00 9.285880737304687500e+02
4.827544473647579437e+00 9.178605957031250000e+02
4.830979226030110318e+00 9.151694335937500000e+02
4.834413978412642088e+00 9.150195922851562500e+02
4.837848730795172969e+00 9.201281127929687500e+02
4.841283483177703850e+00 9.226054687500000000e+02
4.844718235560234731e+00 9.231656494140625000e+02
4.848152987942766501e+00 9.135999145507812500e+02
4.851587740325297382e+00 9.099197998046875000e+02
4.855022492707828263e+00 9.007573852539062500e+02
4.858457245090360033e+00 9.020139160156250000e+02
4.861891997472890914e+00 8.969364624023437500e+02
4.865326749855421795e+00 8.900326538085937500e+02
4.868761502237952676e+00 8.834296875000000000e+02
4.872196254620484446e+00 8.761171875000000000e+02
4.875631007003015327e+00 8.808035278320312500e+02
4.879065759385547096e+00 8.886256103515625000e+02
4.882500511768077978e+00 9.018786010742187500e+02
4.885935264150609747e+00 9.029559326171875000e+02
4.889370016533139740e+00 8.977224121093750000e+02
4.892804768915671509e+00 8.893524780273437500e+02
4.896239521298202391e+00 8.890349121093750000e+02
4.899674273680734160e+00 8.923792724609375000e+02
4.903109026063265041e+00 8.951708374023437500e+02
4.906543778445796811e+00 9.050132446289062500e+02
4.909978530828327692e+00 8.999455566406250000e+02
4.913413283210858573e+00 9.041749267578125000e+02
4.916848035593389454e+00 9.086640014648437500e+02
4.920282787975921224e+00 9.067993774414062500e+02
4.923717540358452105e+00 8.978911132812500000e+02
4.927152292740982986e+00 8.968807983398437500e+02
4.930587045123514756e+00 8.947514648437500000e+02
4.934021797506045637e+00 8.988468627929687500e+02
4.937456549888577406e+00 9.115695800781250000e+02
4.940891302271107399e+00 9.168167114257812500e+02
4.944326054653639169e+00 9.167949829101562500e+02
4.947760807036170050e+00 9.119058227539062500e+02
4.951195559418701819e+00 9.107355957031250000e+02
4.954630311801232700e+00 9.247314453125000000e+02
4.958065064183764470e+00 9.383328857421875000e+02
4.961499816566295351e+00 9.450700683593750000e+02
4.964934568948826232e+00 9.437127075195312500e+02
4.968369321331357114e+00 9.530690917968750000e+02
4.971804073713888883e+00 9.592355346679687500e+02
4.975238826096419764e+00 9.709806518554687500e+02
4.978673578478951534e+00 9.756439208984375000e+02
4.982108330861482415e+00 9.752109985351562500e+02
4.985543083244014184e+00 9.743432617187500000e+02
4.988977835626544177e+00 9.855884399414062500e+02
4.992412588009075947e+00 9.995200195312500000e+02
4.995847340391606828e+00 1.023619384765625000e+03
4.999282092774138597e+00 1.038812866210937500e+03
5.002716845156669478e+00 1.051530883789062500e+03
5.006151597539200360e+00 1.065680786132812500e+03
5.009586349921732129e+00 1.091729248046875000e+03
5.013021102304263010e+00 1.123715087890625000e+03
5.016455854686793892e+00 1.161911010742187500e+03
5.019890607069324773e+00 1.209797241210937500e+03
5.023325359451856542e+00 1.294985595703125000e+03
5.026760111834387423e+00 1.412713134765625000e+03
5.030194864216919193e+00 1.626676269531250000e+03
5.033629616599450074e+00 2.073416992187500000e+03
5.037064368981981843e+00 3.052340087890625000e+03
5.040499121364511836e+00 5.278827636718750000e+03
5.043933873747043606e+00 9.043367187500000000e+03
5.047368626129574487e+00 1.515536816406250000e+04
5.050803378512106256e+00 2.093891210937500000e+04
5.054238130894637138e+00 2.464473437500000000e+04
5.057672883277168907e+00 2.452778906250000000e+04
5.061107635659699788e+00 2.171914843750000000e+04
5.064542388042230669e+00 1.660114257812500000e+04
5.067977140424761551e+00 1.155040527343750000e+04
5.071411892807293320e+00 7.108972656250000000e+03
5.074846645189824201e+00 4.530195312500000000e+03
5.078281397572355083e+00 2.784986083984375000e+03
5.081716149954886852e+00 2.008501342773437500e+03
5.085150902337417733e+00 1.596995605468750000e+03
5.088585654719949503e+00 1.388864135742187500e+03
5.092020407102479496e+00 1.283767333984375000e+03
5.095455159485011265e+00 1.226058105468750000e+03
5.098889911867542146e+00 1.179714477539062500e+03
5.102324664250073916e+00 1.138459106445312500e+03
5.105759416632604797e+00 1.104414550781250000e+03
5.109194169015136566e+00 1.077513916015625000e+03
5.112628921397667447e+00 1.053904418945312500e+03
5.116063673780198329e+00 1.034580932617187500e+03
5.119498426162729210e+00 1.018543518066406250e+03
5.122933178545260979e+00 1.005887451171875000e+03
5.126367930927791861e+00 1.003137145996093750e+03
5.129802683310323630e+00 9.994818115234375000e+02
5.133237435692854511e+00 9.929769897460937500e+02
5.136672188075386281e+00 9.819546508789062500e+02
5.140106940457916274e+00 9.748025512695312500e+02
5.143541692840448043e+00 9.663217773437500000e+02
5.146976445222978924e+00 9.628959960937500000e+02
5.150411197605510694e+00 9.593518066406250000e+02
5.153845949988041575e+00 9.486871948242187500e+02
5.157280702370572456e+00 9.350544433593750000e+02
5.160715454753104225e+00 9.353659057617187500e+02
5.164150207135635107e+00 9.414500732421875000e+02
5.167584959518165988e+00 9.408432617187500000e+02
5.171019711900696869e+00 9.432061767578125000e+02
5.174454464283228639e+00 9.408589477539062500e+02
5.177889216665759520e+00 9.393680419921875000e+02
5.181323969048291289e+00 9.320599365234375000e+02
5.184758721430822170e+00 9.313624267578125000e+02
5.188193473813353940e+00 9.358132324218750000e+02
5.191628226195883933e+00 9.386199951171875000e+02
5.195062978578415702e+00 9.269020385742187500e+02
5.198497730960946583e+00 9.247374267578125000e+02
5.201932483343478353e+00 9.254738769531250000e+02
5.205367235726009234e+00 9.313575439453125000e+02
5.208801988108541003e+00 9.369886474609375000e+02
5.212236740491071885e+00 9.442913818359375000e+02
5.215671492873602766e+00 9.501591796875000000e+02
5.219106245256133647e+00 9.554324340820312500e+02
5.222540997638665417e+00 9.608662719726562500e+02
5.225975750021196298e+00 9.574691162109375000e+02
5.229410502403727179e+00 9.569671630859375000e+02
5.232845254786258948e+00 9.532649536132812500e+02
5.236280007168789830e+00 9.523868408203125000e+02
5.239714759551321599e+00 9.592072143554687500e+02
5.243149511933851592e+00 9.737907104492187500e+02
5.246584264316383361e+00 9.796759643554687500e+02
5.250019016698914243e+00 9.871891479492187500e+02
5.253453769081446012e+00 9.976995239257812500e+02
5.256888521463976893e+00 1.014939941406250000e+03
5.260323273846508663e+00 1.018827514648437500e+03
5.263758026229039544e+00 1.032148559570312500e+03
5.267192778611570425e+00 1.036613769531250000e+03
5.270627530994101306e+00 1.044429687500000000e+03
5.274062283376633076e+00 1.057600341796875000e+03
5.277497035759163957e+00 1.082786499023437500e+03
5.280931788141695726e+00 1.105456298828125000e+03
5.284366540524226608e+00 1.129935302734375000e+03
5.287801292906758377e+00 1.163268920898437500e+03
5.291236045289288370e+00 1.210109375000000000e+03
5.294670797671820139e+00 1.283056884765625000e+03
5.298105550054351021e+00 1.382923583984375000e+03
5.301540302436882790e+00 1.549849121093750000e+03
5.304975054819413671e+00 1.847513793945312500e+03
5.308409807201944552e+00 2.563830078125000000e+03
5.311844559584476322e+00 4.034319824218750000e+03
5.315279311967006315e+00 7.634696289062500000e+03
5.318714064349538084e+00 1.426061132812500000e+04
5.322148816732068966e+00 2.154572460937500000e+04
5.325583569114600735e+00 3.077961523437500000e+04
5.329018321497131616e+00 3.512012890625000000e+04
5.332453073879663386e+00 3.324642968750000000e+04
5.335887826262194267e+00 2.683234570312500000e+04
5.339322578644726036e+00 2.036450390625000000e+04
5.342757331027256029e+00 1.296832324218750000e+04
5.346192083409787799e+00 7.432418945312500000e+03
5.349626835792318680e+00 4.361864257812500000e+03
5.353061588174850449e+00 2.789607910156250000e+03
5.356496340557381330e+00 1.997591674804687500e+03
5.359931092939913100e+00 1.626153442382812500e+03
5.363365845322443981e+00 1.426780517578125000e+03
5.366800597704974862e+00 1.315326904296875000e+03
5.370235350087505743e+00 1.247885009765625000e+03
5.373670102470037513e+00 1.205656250000000000e+03
5.377104854852568394e+00 1.168555541992187500e+03
5.380539607235100164e+00 1.138200927734375000e+03
5.383974359617631045e+00 1.110990356445312500e+03
5.387409112000161926e+00 1.086902709960937500e+03
5.390843864382692807e+00 1.063565551757812500e+03
5.394278616765223688e+00 1.043989135742187500e+03
5.397713369147755458e+00 1.035874755859375000e+03
5.401148121530286339e+00 1.025382568359375000e+03
5.404582873912818108e+00 1.013201538085937500e+03
5.408017626295348990e+00 1.007020812988281250e+03
5.411452378677880759e+00 9.994962768554687500e+02
5.414887131060411640e+00 9.829600830078125000e+02
5.418321883442942521e+00 9.642950439453125000e+02
5.421756635825473403e+00 9.584271850585937500e+02
5.425191388208005172e+00 9.532083129882812500e+02
5.428626140590536053e+00 9.409303588867187500e+02
5.432060892973067823e+00 9.352928466796875000e+02
5.435495645355598704e+00 9.345241088867187500e+02
5.438930397738130473e+00 9.332361450195312500e+02
5.442365150120660466e+00 9.254794921875000000e+02
5.445799902503192236e+00 9.192709960937500000e+02
5.449234654885723117e+00 9.148619995117187500e+02
5.452669407268254886e+00 9.146245117187500000e+02
5.456104159650785768e+00 9.114710693359375000e+02
5.459538912033316649e+00 9.103416137695312500e+02
5.462973664415848418e+00 9.076254882812500000e+02
5.466408416798379299e+00 9.075777587890625000e+02
5.469843169180910181e+00 9.006195068359375000e+02
5.473277921563441062e+00 8.927186889648437500e+02
5.476712673945972831e+00 8.898756103515625000e+02
5.480147426328503713e+00 8.894154663085937500e+02
5.483582178711035482e+00 8.896491699218750000e+02
5.487016931093566363e+00 8.825471801757812500e+02
5.490451683476098133e+00 8.783165283203125000e+02
5.493886435858628126e+00 8.813724365234375000e+02
5.497321188241159895e+00 8.882807006835937500e+02
5.500755940623690776e+00 8.873484497070312500e+02
5.504190693006222546e+00 8.830339355468750000e+02
5.507625445388753427e+00 8.914473876953125000e+02
5.511060197771285196e+00 8.944245605468750000e+02
5.514494950153816077e+00 8.991953735351562500e+02
5.517929702536346959e+00 9.039055175781250000e+02
5.521364454918877840e+00 9.053041992187500000e+02
5.524799207301409609e+00 9.049860229492187500e+02
5.528233959683940490e+00 9.067463378906250000e+02
5.531668712066472260e+00 9.038532104492187500e+02
5.535103464449003141e+00 9.009326171875000000e+02
5.538538216831534022e+00 9.045509643554687500e+02
5.541972969214064904e+00 9.160760498046875000e+02
5.545407721596595785e+00 9.287094726562500000e+02
5.548842473979127554e+00 9.400850830078125000e+02
5.552277226361658435e+00 9.603547363281250000e+02
5.555711978744190205e+00 9.898005981445312500e+02
5.559146731126721086e+00 1.030419799804687500e+03
5.562581483509252855e+00 1.094943847656250000e+03
5.566016235891783737e+00 1.206467529296875000e+03
5.569450988274314618e+00 1.462528320312500000e+03
5.572885740656845499e+00 2.005425048828125000e+03
5.576320493039377268e+00 3.176246337890625000e+03
5.579755245421908150e+00 5.071105957031250000e+03
5.583189997804439919e+00 7.348187500000000000e+03
5.586624750186970800e+00 9.594994140625000000e+03
5.590059502569502570e+00 1.075964648437500000e+04
5.593494254952032563e+00 1.057792089843750000e+04
5.596929007334564332e+00 9.024145507812500000e+03
5.600363759717095213e+00 7.000487792968750000e+03
5.603798512099626983e+00 4.805210937500000000e+03
5.607233264482157864e+00 3.280467529296875000e+03
5.610668016864688745e+00 2.225280029296875000e+03
5.614102769247220515e+00 1.651041748046875000e+03
5.617537521629751396e+00 1.327857421875000000e+03
5.620972274012282277e+00 1.158576782226562500e+03
5.624407026394813158e+00 1.057500122070312500e+03
5.627841778777344928e+00 1.008152099609375000e+03
5.631276531159875809e+00 9.748475341796875000e+02
5.634711283542407578e+00 9.522235717773437500e+02
5.638146035924938460e+00 9.344973754882812500e+02
5.641580788307470229e+00 9.205466918945312500e+02
5.645015540690000222e+00 9.139794311523437500e+02
5.648450293072531991e+00 9.143538208007812500e+02
5.651885045455062873e+00 9.066384277343750000e+02
5.655319797837594642e+00 8.999249267578125000e+02
5.658754550220125523e+00 8.939509887695312500e+02
5.662189302602657293e+00 8.913932495117187500e+02
5.665624054985188174e+00 8.871882324218750000e+02
5.669058807367719055e+00 8.802475585937500000e+02
5.672493559750249936e+00 8.727260742187500000e+02
5.675928312132781706e+00 8.651860961914062500e+02
5.679363064515312587e+00 8.620120239257812500e+02
5.682797816897844356e+00 8.518697509765625000e+02
5.686232569280375237e+00 8.486690063476562500e+02
5.689667321662906119e+00 8.464877319335937500e+02
5.693102074045437000e+00 8.498724975585937500e+02
5.696536826427967881e+00 8.512673950195312500e+02
5.699971578810499651e+00 8.487045898437500000e+02
5.703406331193030532e+00 8.477399291992187500e+02
5.706841083575562301e+00 8.412105712890625000e+02
5.710275835958093182e+00 8.375520629882812500e+02
5.713710588340624952e+00 8.370705566406250000e+02
5.717145340723154945e+00 8.359901123046875000e+02
5.720580093105686714e+00 8.289556274414062500e+02
5.724014845488217595e+00 8.331036376953125000e+02
5.727449597870749365e+00 8.419262695312500000e+02
5.730884350253280246e+00 8.435943603515625000e+02
5.734319102635812015e+00 8.372737426757812500e+02
5.737753855018342897e+00 8.363494873046875000e+02
5.741188607400874666e+00 8.327766113281250000e+02
5.744623359783404659e+00 8.278811035156250000e+02
5.748058112165936429e+00 8.259219970703125000e+02
5.751492864548467310e+00 8.276597900390625000e+02
5.754927616930999079e+00 8.244317626953125000e+02
5.758362369313529960e+00 8.236615600585937500e+02
5.761797121696060842e+00 8.260632324218750000e+02
5.765231874078592611e+00 8.280346679687500000e+02
5.768666626461123492e+00 8.303106689453125000e+02
5.772101378843654373e+00 8.369484863281250000e+02
5.775536131226185255e+00 8.383452148437500000e+02
5.778970883608717024e+00 8.356387329101562500e+02
5.782405635991247905e+00 8.343397827148437500e+02
5.785840388373779675e+00 8.307160034179687500e+02
5.789275140756310556e+00 8.294617309570312500e+02
5.792709893138841437e+00 8.295461425781250000e+02
5.796144645521372318e+00 8.330676269531250000e+02
5.799579397903904088e+00 8.397749633789062500e+02
5.803014150286434969e+00 8.446979980468750000e+02
5.806448902668966738e+00 8.536328125000000000e+02
5.809883655051497620e+00 8.616249389648437500e+02
5.813318407434029389e+00 8.788095092773437500e+02
5.816753159816560270e+00 9.173416748046875000e+02
5.820187912199091151e+00 9.859230957031250000e+02
5.823622664581622033e+00 1.152697387695312500e+03
5.827057416964153802e+00 1.440450073242187500e+03
5.830492169346684683e+00 1.781021850585937500e+03
5.833926921729216453e+00 2.255521728515625000e+03
5.837361674111747334e+00 2.519016601562500000e+03
5.840796426494278215e+00 2.627161621093750000e+03
5.844231178876809096e+00 2.471802978515625000e+03
5.847665931259339978e+00 2.223310058593750000e+03
5.851100683641871747e+00 1.752171752929687500e+03
5.854535436024402628e+00 1.431313232421875000e+03
5.857970188406934398e+00 1.135408447265625000e+03
5.861404940789465279e+00 9.992465820312500000e+02
5.864839693171997048e+00 9.229669799804687500e+02
5.868274445554527041e+00 8.726926879882812500e+02
5.871709197937058811e+00 8.512858276367187500e+02
5.875143950319589692e+00 8.430270996093750000e+02
5.878578702702121461e+00 8.415005493164062500e+02
5.882013455084652342e+00 8.416342773437500000e+02
5.885448207467184112e+00 8.445629882812500000e+02
5.888882959849714993e+00 8.449848022460937500e+02
5.892317712232246762e+00 8.464031372070312500e+02
5.895752464614776756e+00 8.418834838867187500e+02
5.899187216997308525e+00 8.329794311523437500e+02
5.902621969379839406e+00 8.300593872070312500e+02
5.906056721762371176e+00 8.339858398437500000e+02
5.909491474144902057e+00 8.318126831054687500e+02
5.912926226527432938e+00 8.342843017578125000e+02
5.916360978909964707e+00 8.392650146484375000e+02
5.919795731292495589e+00 8.366469726562500000e+02
5.923230483675026470e+00 8.345806274414062500e+02
5.926665236057557351e+00 8.361887817382812500e+02
5.930099988440089120e+00 8.382105712890625000e+02
5.933534740822620002e+00 8.399811401367187500e+02
5.936969493205151771e+00 8.425246582031250000e+02
5.940404245587682652e+00 8.409121093750000000e+02
5.943838997970213534e+00 8.295235595703125000e+02
5.947273750352744415e+00 8.154338378906250000e+02
5.950708502735276184e+00 8.184633178710937500e+02
5.954143255117807065e+00 8.232133178710937500e+02
5.957578007500338835e+00 8.245741577148437500e+02
5.961012759882869716e+00 8.218630371093750000e+02
5.964447512265401485e+00 8.176024780273437500e+02
5.967882264647932367e+00 8.169473876953125000e+02
5.971317017030463248e+00 8.193410034179687500e+02
5.974751769412994129e+00 8.234118652343750000e+02
5.978186521795525898e+00 8.302098999023437500e+02
5.981621274178056780e+00 8.430394287109375000e+02
5.985056026560588549e+00 8.499024658203125000e+02
5.988490778943119430e+00 8.528427124023437500e+02
5.991925531325650311e+00 8.537647094726562500e+02
5.995360283708181193e+00 8.582623291015625000e+02
5.998795036090712074e+00 8.568265380859375000e+02
6.002229788473243843e+00 8.525024414062500000e+02
6.005664540855774725e+00 8.583238525390625000e+02
6.009099293238306494e+00 8.582700805664062500e+02
6.012534045620837375e+00 8.582580566406250000e+02
6.015968798003369145e+00 8.577996215820312500e+02
6.019403550385899138e+00 8.649165649414062500e+02
6.022838302768430907e+00 8.767396240234375000e+02
6.026273055150961788e+00 8.853497314453125000e+02
6.029707807533493558e+00 8.902197265625000000e+02
6.033142559916024439e+00 8.928582153320312500e+02
6.036577312298556208e+00 8.978896484375000000e+02
6.040012064681087089e+00 9.138031616210937500e+02
6.043446817063618859e+00 9.298226318359375000e+02
6.046881569446148852e+00 9.634362792968750000e+02
6.050316321828680621e+00 1.009252258300781250e+03
6.053751074211211503e+00 1.101896362304687500e+03
6.057185826593743272e+00 1.267924804687500000e+03
6.060620578976274153e+00 1.687777832031250000e+03
6.064055331358805923e+00 2.431976318359375000e+03
6.067490083741336804e+00 3.770805419921875000e+03
6.070924836123867685e+00 5.286191406250000000e+03
6.074359588506398566e+00 6.728714355468750000e+03
6.077794340888929447e+00 7.677472656250000000e+03
6.081229093271461217e+00 8.061308593750000000e+03
6.084663845653992098e+00 7.212875976562500000e+03
6.088098598036523867e+00 5.674715820312500000e+03
6.091533350419054749e+00 4.182014648437500000e+03
6.094968102801585630e+00 2.832792724609375000e+03
6.098402855184116511e+00 2.049382568359375000e+03
6.101837607566648281e+00 1.536004394531250000e+03
6.105272359949179162e+00 1.242648681640625000e+03
6.108707112331710931e+00 1.081500854492187500e+03
6.112141864714241812e+00 1.008312866210937500e+03
6.115576617096773582e+00 9.678251342773437500e+02
6.119011369479304463e+00 9.392546997070312500e+02
6.122446121861835344e+00 9.266833496093750000e+02
6.125880874244366225e+00 9.255874023437500000e+02
6.129315626626897995e+00 9.142583007812500000e+02
6.132750379009428876e+00 8.980018920898437500e+02
6.136185131391960645e+00 8.863422851562500000e+02
6.139619883774491527e+00 8.893405761718750000e+02
6.143054636157022408e+00 8.911758422851562500e+02
6.146489388539553289e+00 8.853596801757812500e+02
6.149924140922085058e+00 8.746655273437500000e+02
6.153358893304615940e+00 8.656737670898437500e+02
6.156793645687146821e+00 8.644625854492187500e+02
6.160228398069678590e+00 8.695022583007812500e+02
6.163663150452209472e+00 8.713433837890625000e+02
6.167097902834741241e+00 8.723312988281250000e+02
6.170532655217271234e+00 8.692483520507812500e+02
6.173967407599803003e+00 8.652802124023437500e+02
6.177402159982333885e+00 8.553408813476562500e+02
6.180836912364865654e+00 8.548701171875000000e+02
6.184271664747396535e+00 8.596125488281250000e+02
6.187706417129928305e+00 8.646002197265625000e+02
6.191141169512459186e+00 8.627171020507812500e+02
6.194575921894990067e+00 8.576381835937500000e+02
6.198010674277520948e+00 8.590075073242187500e+02
6.201445426660052718e+00 8.677133178710937500e+02
6.204880179042583599e+00 8.751409912109375000e+02
6.208314931425115368e+00 8.764389648437500000e+02
6.211749683807646250e+00 8.792799072265625000e+02
6.215184436190178019e+00 8.791698608398437500e+02
6.218619188572708900e+00 8.722999877929687500e+02
6.222053940955239781e+00 8.700453491210937500e+02
6.225488693337770663e+00 8.724595336914062500e+02
6.228923445720301544e+00 8.786534423828125000e+02
6.232358198102833313e+00 8.804876708984375000e+02
6.235792950485364194e+00 8.877917480468750000e+02
6.239227702867895964e+00 9.019653930664062500e+02
6.242662455250426845e+00 9.133692016601562500e+02
6.246097207632957726e+00 9.200578613281250000e+02
6.249531960015488607e+00 9.194549560546875000e+02
6.252966712398020377e+00 9.183295288085937500e+02
6.256401464780551258e+00 9.189689331054687500e+02
6.259836217163083028e+00 9.269594726562500000e+02
6.263270969545613909e+00 9.610786132812500000e+02
6.266705721928145678e+00 9.787113037109375000e+02
6.270140474310675671e+00 1.007491577148437500e+03
6.273575226693207441e+00 1.040843261718750000e+03
6.277009979075738322e+00 1.089628173828125000e+03
6.280444731458270091e+00 1.182452636718750000e+03
6.283879483840800972e+00 1.363157104492187500e+03
6.287314236223332742e+00 1.740229003906250000e+03
6.290748988605863623e+00 2.574120849609375000e+03
6.294183740988394504e+00 4.063869140625000000e+03
6.297618493370925385e+00 6.411802734375000000e+03
6.301053245753457155e+00 9.145973632812500000e+03
6.304487998135988036e+00 1.157212792968750000e+04
6.307922750518518917e+00 1.316867871093750000e+04
6.311357502901050687e+00 1.319363183593750000e+04
6.314792255283581568e+00 1.190651171875000000e+04
6.318227007666113337e+00 9.560958984375000000e+03
6.321661760048643330e+00 7.066266113281250000e+03
6.325096512431175100e+00 4.531381835937500000e+03
6.328531264813705981e+00 3.073094726562500000e+03
6.331966017196237750e+00 2.089836181640625000e+03
6.335400769578768632e+00 1.555056030273437500e+03
6.338835521961300401e+00 1.298430786132812500e+03
6.342270274343831282e+00 1.155438720703125000e+03
6.345705026726362163e+00 1.082440185546875000e+03
6.349139779108893045e+00 1.033797851562500000e+03
6.352574531491424814e+00 9.996347656250000000e+02
6.356009283873955695e+00 9.782228393554687500e+02
6.359444036256487465e+00 9.772635498046875000e+02
6.362878788639018346e+00 9.695775756835937500e+02
6.366313541021550115e+00 9.540084228515625000e+02
6.369748293404080997e+00 9.417384643554687500e+02
6.373183045786611878e+00 9.353332519531250000e+02
6.376617798169142759e+00 9.293829956054687500e+02
6.380052550551673640e+00 9.207945556640625000e+02
6.383487302934205410e+00 9.114500122070312500e+02
6.386922055316736291e+00 8.992351074218750000e+02
6.390356807699268060e+00 8.896531372070312500e+02
6.393791560081798941e+00 8.820203857421875000e+02
6.397226312464329823e+00 8.752180786132812500e+02
6.400661064846860704e+00 8.751500244140625000e+02
6.404095817229392473e+00 8.659844360351562500e+02
6.407530569611923355e+00 8.588563232421875000e+02
6.410965321994455124e+00 8.615903320312500000e+02
6.414400074376986005e+00 8.601633300781250000e+02
6.417834826759517775e+00 8.551192016601562500e+02
6.421269579142047768e+00 8.443314819335937500e+02
6.424704331524579537e+00 8.456971435546875000e+02
6.428139083907110418e+00 8.479082641601562500e+02
6.431573836289642188e+00 8.501994018554687500e+02
6.435008588672173069e+00 8.470261230468750000e+02
6.438443341054704838e+00 8.337859497070312500e+02
6.441878093437235719e+00 8.319435424804687500e+02
6.445312845819766601e+00 8.287881469726562500e+02
6.448747598202297482e+00 8.312194824218750000e+02
6.452182350584829251e+00 8.317940673828125000e+02
6.455617102967360132e+00 8.271748657226562500e+02
6.459051855349891014e+00 8.279895019531250000e+02
6.462486607732422783e+00 8.312294311523437500e+02
6.465921360114953664e+00 8.351504516601562500e+02
6.469356112497485434e+00 8.297088012695312500e+02
6.472790864880015427e+00 8.253640136718750000e+02
6.476225617262547196e+00 8.220585937500000000e+02
6.479660369645078077e+00 8.228141479492187500e+02
6.483095122027609847e+00 8.302017822265625000e+02
6.486529874410140728e+00 8.316515502929687500e+02
6.489964626792672497e+00 8.265661010742187500e+02
6.493399379175203379e+00 8.197385864257812500e+02
6.496834131557734260e+00 8.218945312500000000e+02
6.500268883940265141e+00 8.239168701171875000e+02
6.503703636322796910e+00 8.208441772460937500e+02
6.507138388705327792e+00 8.190601806640625000e+02
6.510573141087859561e+00 8.251793212890625000e+02
6.514007893470390442e+00 8.298612060546875000e+02
6.517442645852922212e+00 8.264499511718750000e+02
6.520877398235453093e+00 8.268197631835937500e+02
6.524312150617983974e+00 8.276384887695312500e+02
6.527746903000514855e+00 8.245866699218750000e+02
6.531181655383045737e+00 8.222099609375000000e+02
6.534616407765577506e+00 8.167154541015625000e+02
6.538051160148108387e+00 8.130928344726562500e+02
6.541485912530640157e+00 8.105643310546875000e+02
6.544920664913171038e+00 8.126522216796875000e+02
6.548355417295701919e+00 8.165502319335937500e+02
6.551790169678232800e+00 8.193620605468750000e+02
6.555224922060764570e+00 8.176716308593750000e+02
6.558659674443295451e+00 8.201106567382812500e+02
6.562094426825827220e+00 8.213247070312500000e+02
6.565529179208358102e+00 8.215140380859375000e+02
6.568963931590889871e+00 8.131120605468750000e+02
6.572398683973419864e+00 8.153631591796875000e+02
6.575833436355951633e+00 8.137078247070312500e+02
6.579268188738482515e+00 8.122172851562500000e+02
6.582702941121014284e+00 8.177825317382812500e+02
6.586137693503545165e+00 8.194513549804687500e+02
6.589572445886076935e+00 8.183930053710937500e+02
6.593007198268607816e+00 8.119472656250000000e+02
6.596441950651138697e+00 8.060585937500000000e+02
6.599876703033669578e+00 8.041479492187500000e+02
6.603311455416201348e+00 8.095769653320312500e+02
6.606746207798732229e+00 8.132625732421875000e+02
6.610180960181263110e+00 8.153103027343750000e+02
6.613615712563794879e+00 8.153792114257812500e+02
6.617050464946325761e+00 8.157867431640625000e+02
6.620485217328857530e+00 8.188157348632812500e+02
6.623919969711387523e+00 8.200069580078125000e+02
6.627354722093919293e+00 8.167554931640625000e+02
6.630789474476450174e+00 8.169902343750000000e+02
6.634224226858981943e+00 8.120279541015625000e+02
6.637658979241512824e+00 8.144877319335937500e+02
6.641093731624044594e+00 8.188262329101562500e+02
6.644528484006575475e+00 8.211742553710937500e+02
6.647963236389106356e+00 8.136162719726562500e+02
6.651397988771637237e+00 8.111033325195312500e+02
6.654832741154169007e+00 8.170745849609375000e+02
6.658267493536699888e+00 8.215043334960937500e+02
6.661702245919231657e+00 8.210360107421875000e+02
6.665136998301762539e+00 8.211089477539062500e+02
6.668571750684294308e+00 8.249279785156250000e+02
6.672006503066824301e+00 8.224981689453125000e+02
6.675441255449356071e+00 8.248677368164062500e+02
6.678876007831886952e+00 8.297415161132812500e+02
6.682310760214417833e+00 8.286660766601562500e+02
6.685745512596949602e+00 8.282250366210937500e+02
6.689180264979480484e+00 8.283076782226562500e+02
6.692615017362012253e+00 8.318796997070312500e+02
6.696049769744543134e+00 8.370554809570312500e+02
6.699484522127074015e+00 8.434425048828125000e+02
6.702919274509604897e+00 8.469132080078125000e+02
6.706354026892136666e+00 8.443157958984375000e+02
6.709788779274667547e+00 8.388126220703125000e+02
6.713223531657199317e+00 8.432929687500000000e+02
6.716658284039730198e+00 8.558800048828125000e+02
6.720093036422261967e+00 8.864047241210937500e+02
6.723527788804791960e+00 9.426838378906250000e+02
6.726962541187323730e+00 1.099456054687500000e+03
6.730397293569854611e+00 1.322642944335937500e+03
6.733832045952386380e+00 1.815021240234375000e+03
6.737266798334917262e+00 2.259354492187500000e+03
6.740701550717449031e+00 2.704823242187500000e+03
6.744136303099979912e+00 2.824228027343750000e+03
6.747571055482510793e+00 2.823275390625000000e+03
6.751005807865041675e+00 2.451447265625000000e+03
6.754440560247573444e+00 2.093077392578125000e+03
6.757875312630104325e+00 1.655252685546875000e+03
6.761310065012635206e+00 1.337286132812500000e+03
6.764744817395166976e+00 1.104454101562500000e+03
6.768179569777697857e+00 9.785632324218750000e+02
6.771614322160229626e+00 9.121392211914062500e+02
6.775049074542759620e+00 8.868859863281250000e+02
6.778483826925291389e+00 8.745651855468750000e+02
6.781918579307822270e+00 8.628218383789062500e+02
6.785353331690354040e+00 8.582715454101562500e+02
6.788788084072884921e+00 8.526911621093750000e+02
6.792222836455416690e+00 8.519538574218750000e+02
6.795657588837947571e+00 8.505841064453125000e+02
6.799092341220478453e+00 8.565280151367187500e+02
6.802527093603009334e+00 8.531579589843750000e+02
6.805961845985541103e+00 8.522253417968750000e+02
6.809396598368071984e+00 8.538265991210937500e+02
6.812831350750603754e+00 8.548317871093750000e+02
6.816266103133134635e+00 8.482539062500000000e+02
6.819700855515666404e+00 8.377165527343750000e+02
6.823135607898196398e+00 8.352623901367187500e+02
6.826570360280728167e+00 8.376177978515625000e+02
6.830005112663259048e+00 8.396837158203125000e+02
6.833439865045790818e+00 8.453043823242187500e+02
6.836874617428321699e+00 8.496913452148437500e+02
6.840309369810852580e+00 8.522857666015625000e+02
6.843744122193384349e+00 8.559354858398437500e+02
6.847178874575915231e+00 8.566486816406250000e+02
6.850613626958446112e+00 8.546559448242187500e+02
6.854048379340976993e+00 8.524711914062500000e+02
6.857483131723508762e+00 8.642174072265625000e+02
6.860917884106039644e+00 8.744277954101562500e+02
6.864352636488571413e+00 8.773923339843750000e+02
6.867787388871102294e+00 8.680703735351562500e+02
6.871222141253634064e+00 8.653237304687500000e+02
6.874656893636164057e+00 8.696394653320312500e+02
6.878091646018695826e+00 8.853216552734375000e+02
6.881526398401226707e+00 8.935136718750000000e+02
6.884961150783758477e+00 8.984246826171875000e+02
6.888395903166289358e+00 8.967590332031250000e+02
6.891830655548821127e+00 9.017189941406250000e+02
6.895265407931352009e+00 9.048402099609375000e+02
6.898700160313882890e+00 9.125416870117187500e+02
6.902134912696413771e+00 9.169887084960937500e+02
6.905569665078945540e+00 9.303579711914062500e+02
6.909004417461476422e+00 9.458115234375000000e+02
6.912439169844007303e+00 9.576551513671875000e+02
6.915873922226539072e+00 9.771661376953125000e+02
6.919308674609069953e+00 1.010441284179687500e+03
6.922743426991601723e+00 1.061773193359375000e+03
6.926178179374131716e+00 1.159639038085937500e+03
6.929612931756663485e+00 1.347618896484375000e+03
6.933047684139194367e+00 1.759183471679687500e+03
6.936482436521726136e+00 2.658534667968750000e+03
6.939917188904257017e+00 4.195653808593750000e+03
6.943351941286788787e+00 6.422728515625000000e+03
6.946786693669319668e+00 8.793250976562500000e+03
6.950221446051850549e+00 1.049335937500000000e+04
6.953656198434381430e+00 1.105702734375000000e+04
6.957090950816913200e+00 1.061272753906250000e+04
6.960525703199444081e+00 9.086257812500000000e+03
6.963960455581975850e+00 6.940047363281250000e+03
6.967395207964506731e+00 4.776032226562500000e+03
6.970829960347038501e+00 3.250177001953125000e+03
6.974264712729568494e+00 2.203613525390625000e+03
6.977699465112100263e+00 1.639561889648437500e+03
6.981134217494631145e+00 1.313426147460937500e+03
6.984568969877162914e+00 1.157650024414062500e+03
6.988003722259693795e+00 1.071901245117187500e+03
6.991438474642224676e+00 1.024533081054687500e+03
6.994873227024756446e+00 9.928513793945312500e+02
6.998307979407287327e+00 9.702205200195312500e+02
7.001742731789818208e+00 9.596965942382812500e+02
7.005177484172349089e+00 9.504226684570312500e+02
7.008612236554880859e+00 9.404118652343750000e+02
7.012046988937411740e+00 9.285815429687500000e+02
7.015481741319943509e+00 9.300358886718750000e+02
7.018916493702474391e+00 9.238047485351562500e+02
7.022351246085006160e+00 9.144782714843750000e+02
7.025785998467536153e+00 9.050491943359375000e+02
7.029220750850067922e+00 8.995959472656250000e+02
7.032655503232598804e+00 8.915854492187500000e+02
7.036090255615130573e+00 8.843017578125000000e+02
7.039525007997661454e+00 8.856600341796875000e+02
7.042959760380193224e+00 8.803145141601562500e+02
7.046394512762724105e+00 8.764998779296875000e+02
7.049829265145254986e+00 8.755278930664062500e+02
7.053264017527785867e+00 8.723166503906250000e+02
7.056698769910317637e+00 8.705381469726562500e+02
7.060133522292848518e+00 8.729250488281250000e+02
7.063568274675379399e+00 8.790343017578125000e+02
7.067003027057911169e+00 8.814746093750000000e+02
7.070437779440442050e+00 8.807065429687500000e+02
7.073872531822972931e+00 8.820064086914062500e+02
7.077307284205503812e+00 8.897047729492187500e+02
7.080742036588035582e+00 8.970362548828125000e+02
7.084176788970566463e+00 8.987291870117187500e+02
7.087611541353098232e+00 8.979308471679687500e+02
7.091046293735629114e+00 8.942478027343750000e+02
7.094481046118160883e+00 8.963262329101562500e+02
7.097915798500691764e+00 9.045045776367187500e+02
7.101350550883222645e+00 9.108256835937500000e+02
7.104785303265753527e+00 9.117487792968750000e+02
7.108220055648285296e+00 9.156168212890625000e+02
7.111654808030816177e+00 9.231954956054687500e+02
7.115089560413347947e+00 9.406124267578125000e+02
7.118524312795878828e+00 9.679271850585937500e+02
7.121959065178410597e+00 9.956260375976562500e+02
7.125393817560940590e+00 1.040291259765625000e+03
7.128828569943472360e+00 1.116362792968750000e+03
7.132263322326003241e+00 1.282898559570312500e+03
7.135698074708535010e+00 1.632802978515625000e+03
7.139132827091065892e+00 2.409992919921875000e+03
7.142567579473596773e+00 3.681875488281250000e+03
7.146002331856128542e+00 5.529208496093750000e+03
7.149437084238658535e+00 7.333318359375000000e+03
7.152871836621190305e+00 8.597097656250000000e+03
7.156306589003721186e+00 8.796405273437500000e+03
7.159741341386252955e+00 8.053580078125000000e+03
7.163176093768782948e+00 6.487301269531250000e+03
7.166610846151314718e+00 4.862399414062500000e+03
7.170045598533845599e+00 3.467938964843750000e+03
7.173480350916377368e+00 2.449531250000000000e+03
7.176915103298908249e+00 1.777191772460937500e+03
7.180349855681440019e+00 1.399747924804687500e+03
7.183784608063970900e+00 1.189879028320312500e+03
7.187219360446502670e+00 1.072369506835937500e+03
7.190654112829033551e+00 1.004009155273437500e+03
7.194088865211565320e+00 9.673490600585937500e+02
7.197523617594096201e+00 9.468696289062500000e+02
7.200958369976627971e+00 9.353437500000000000e+02
7.204393122359158852e+00 9.245881958007812500e+02
7.207827874741689733e+00 9.169748535156250000e+02
7.211262627124221503e+00 9.071959228515625000e+02
7.214697379506751496e+00 8.905563964843750000e+02
7.218132131889282377e+00 8.785288696289062500e+02
7.221566884271814146e+00 8.768036499023437500e+02
7.225001636654345027e+00 8.816557006835937500e+02
7.228436389036875909e+00 8.863037109375000000e+02
7.231871141419407678e+00 8.874362182617187500e+02
7.235305893801938559e+00 8.765908203125000000e+02
7.238740646184470329e+00 8.637363281250000000e+02
7.242175398567001210e+00 8.546814575195312500e+02
7.245610150949532979e+00 8.468770141601562500e+02
7.249044903332063861e+00 8.438849487304687500e+02
7.252479655714595630e+00 8.460538330078125000e+02
7.255914408097126511e+00 8.468766479492187500e+02
7.259349160479658281e+00 8.491561279296875000e+02
7.262783912862187385e+00 8.445252075195312500e+02
7.266218665244719155e+00 8.465164184570312500e+02
7.269653417627250036e+00 8.512708129882812500e+02
7.273088170009781805e+00 8.526198730468750000e+02
7.276522922392312687e+00 8.453629760742187500e+02
7.279957674774844456e+00 8.454930419921875000e+02
7.283392427157375337e+00 8.472516479492187500e+02
7.286827179539907107e+00 8.433234863281250000e+02
7.290261931922437988e+00 8.391613159179687500e+02
7.293696684304968869e+00 8.395665283203125000e+02
7.297131436687500639e+00 8.390297851562500000e+02
7.300566189070031520e+00 8.344677734375000000e+02
7.304000941452563289e+00 8.412680664062500000e+02
7.307435693835094170e+00 8.494736938476562500e+02
7.310870446217625940e+00 8.600698242187500000e+02
7.314305198600155045e+00 8.665903930664062500e+02
7.317739950982686814e+00 8.838488769531250000e+02
7.321174703365217695e+00 8.931754760742187500e+02
7.324609455747749465e+00 9.125911865234375000e+02
7.328044208130280346e+00 9.534802246093750000e+02
7.331478960512812115e+00 1.060568969726562500e+03
7.334913712895342996e+00 1.253354980468750000e+03
7.338348465277874766e+00 1.651851074218750000e+03
7.341783217660405647e+00 2.143649169921875000e+03
7.345217970042937417e+00 2.736695068359375000e+03
7.348652722425468298e+00 3.234262939453125000e+03
7.352087474808000067e+00 3.454146728515625000e+03
7.355522227190530948e+00 3.285207519531250000e+03
7.358956979573061830e+00 2.871624267578125000e+03
7.362391731955593599e+00 2.318243408203125000e+03
7.365826484338123592e+00 1.834171508789062500e+03
7.369261236720654473e+00 1.447133178710937500e+03
7.372695989103186243e+00 1.200379516601562500e+03
7.376130741485717124e+00 1.051311401367187500e+03
7.379565493868248005e+00 9.649451293945312500e+02
7.383000246250779774e+00 9.136818847656250000e+02
7.386434998633310656e+00 8.843358764648437500e+02
7.389869751015842425e+00 8.653773193359375000e+02
7.393304503398373306e+00 8.557225341796875000e+02
7.396739255780905076e+00 8.521241455078125000e+02
7.400174008163435957e+00 8.473162841796875000e+02
7.403608760545967726e+00 8.403275146484375000e+02
7.407043512928498608e+00 8.319136352539062500e+02
7.410478265311030377e+00 8.348935546875000000e+02
7.413913017693559482e+00 8.296972656250000000e+02
7.417347770076091251e+00 8.210556640625000000e+02
7.420782522458622132e+00 8.160765380859375000e+02
7.424217274841153902e+00 8.114697875976562500e+02
7.427652027223684783e+00 8.041143798828125000e+02
7.431086779606216552e+00 7.973038940429687500e+02
7.434521531988747434e+00 7.855823364257812500e+02
7.437956284371279203e+00 7.795283203125000000e+02
