# # sector 20: chi = 24.98 deg (range [20, 30))
# # columns: 2theta(deg)  intensity
9.943608147427778210e-01 3.267375000000000000e+03
9.977955671253089243e-01 3.250544677734375000e+03
1.001230319507840250e+00 3.224105224609375000e+03
1.004665071890371353e+00 3.213446777343750000e+03
1.008099824272902678e+00 3.234908935546875000e+03
1.011534576655433781e+00 3.237022949218750000e+03
1.014969329037964885e+00 3.259235595703125000e+03
1.018404081420495988e+00 3.247035156250000000e+03
1.021838833803027313e+00 3.230462646484375000e+03
1.025273586185558417e+00 3.185341064453125000e+03
1.028708338568089520e+00 3.167935791015625000e+03
1.032143090950620845e+00 3.177746582031250000e+03
1.035577843333151948e+00 3.188484863281250000e+03
1.039012595715683274e+00 3.196075927734375000e+03
1.042447348098214377e+00 3.197141845703125000e+03
1.045882100480745702e+00 3.201016601562500000e+03
1.049316852863276806e+00 3.196820800781250000e+03
1.052751605245807909e+00 3.208611816406250000e+03
1.056186357628339012e+00 3.212150634765625000e+03
1.059621110010870337e+00 3.203712402343750000e+03
1.063055862393401441e+00 3.188157714843750000e+03
1.066490614775932544e+00 3.199947509765625000e+03
1.069925367158463869e+00 3.203146484375000000e+03
1.073360119540994972e+00 3.206079589843750000e+03
1.076794871923526298e+00 3.202646484375000000e+03
1.080229624306057401e+00 3.213360595703125000e+03
1.083664376688588726e+00 3.222789062500000000e+03
1.087099129071119830e+00 3.232485107421875000e+03
1.090533881453650933e+00 3.222435791015625000e+03
1.093968633836182036e+00 3.214464355468750000e+03
1.097403386218713361e+00 3.213355468750000000e+03
1.100838138601244465e+00 3.209049072265625000e+03
1.104272890983775568e+00 3.205665039062500000e+03
1.107707643366306893e+00 3.203227294921875000e+03
1.111142395748837997e+00 3.202121093750000000e+03
1.114577148131369322e+00 3.194236083984375000e+03
1.118011900513900425e+00 3.201560302734375000e+03
1.121446652896431750e+00 3.202997802734375000e+03
1.124881405278962854e+00 3.209544433593750000e+03
1.128316157661493957e+00 3.218660644531250000e+03
1.131750910044025060e+00 3.230391357421875000e+03
1.135185662426556386e+00 3.237464599609375000e+03
1.138620414809087489e+00 3.214456298828125000e+03
1.142055167191618592e+00 3.195611083984375000e+03
1.145489919574149917e+00 3.176709716796875000e+03
1.148924671956681021e+00 3.166916015625000000e+03
1.152359424339212346e+00 3.159647460937500000e+03
1.155794176721743449e+00 3.155474853515625000e+03
1.159228929104274775e+00 3.154647460937500000e+03
1.162663681486805878e+00 3.152274658203125000e+03
1.166098433869336981e+00 3.154741455078125000e+03
1.169533186251868084e+00 3.163220458984375000e+03
1.172967938634399410e+00 3.173135986328125000e+03
1.176402691016930513e+00 3.188862304687500000e+03
1.179837443399461616e+00 3.192291503906250000e+03
1.183272195781992941e+00 3.187437255859375000e+03
1.186706948164524045e+00 3.174532958984375000e+03
1.190141700547055370e+00 3.178205566406250000e+03
1.193576452929586473e+00 3.186824951171875000e+03
1.197011205312117799e+00 3.177132324218750000e+03
1.200445957694648902e+00 3.163286376953125000e+03
1.203880710077180005e+00 3.155689208984375000e+03
1.207315462459711108e+00 3.148700195312500000e+03
1.210750214842242434e+00 3.144862548828125000e+03
1.214184967224773537e+00 3.143424560546875000e+03
1.217619719607304640e+00 3.157187011718750000e+03
1.221054471989835966e+00 3.171933837890625000e+03
1.224489224372367069e+00 3.164599609375000000e+03
1.227923976754898394e+00 3.150511962890625000e+03
1.231358729137429497e+00 3.139143066406250000e+03
1.234793481519960823e+00 3.137792480468750000e+03
1.238228233902491926e+00 3.129032470703125000e+03
1.241662986285023029e+00 3.125431152343750000e+03
1.245097738667554133e+00 3.135587890625000000e+03
1.248532491050085236e+00 3.120814941406250000e+03
1.251967243432616561e+00 3.111847412109375000e+03
1.255401995815147664e+00 3.102830810546875000e+03
1.258836748197678990e+00 3.126066406250000000e+03
1.262271500580210093e+00 3.134238281250000000e+03
1.265706252962741418e+00 3.149854248046875000e+03
1.269141005345272522e+00 3.136035644531250000e+03
1.272575757727803847e+00 3.118528808593750000e+03
1.276010510110334950e+00 3.100400878906250000e+03
1.279445262492866053e+00 3.107453125000000000e+03
1.282880014875397157e+00 3.124370849609375000e+03
1.286314767257928260e+00 3.121300537109375000e+03
1.289749519640459585e+00 3.122406982421875000e+03
1.293184272022990688e+00 3.104617919921875000e+03
1.296619024405522014e+00 3.117436767578125000e+03
1.300053776788053117e+00 3.112466796875000000e+03
1.303488529170584442e+00 3.127061279296875000e+03
1.306923281553115546e+00 3.129470703125000000e+03
1.310358033935646871e+00 3.133015380859375000e+03
1.313792786318177974e+00 3.119266845703125000e+03
1.317227538700709077e+00 3.101907958984375000e+03
1.320662291083240181e+00 3.097256591796875000e+03
1.324097043465771284e+00 3.103156982421875000e+03
1.327531795848302609e+00 3.115759033203125000e+03
1.330966548230833713e+00 3.106988037109375000e+03
1.334401300613365038e+00 3.115291992187500000e+03
1.337836052995896141e+00 3.105017089843750000e+03
1.341270805378427466e+00 3.105200439453125000e+03
1.344705557760958570e+00 3.092478759765625000e+03
1.348140310143489895e+00 3.093833496093750000e+03
1.351575062526020998e+00 3.097356933593750000e+03
1.355009814908552102e+00 3.111433105468750000e+03
1.358444567291083205e+00 3.127050292968750000e+03
1.361879319673614308e+00 3.120168945312500000e+03
1.365314072056145633e+00 3.101316894531250000e+03
1.368748824438676737e+00 3.085013671875000000e+03
1.372183576821208062e+00 3.067118408203125000e+03
1.375618329203739165e+00 3.055549072265625000e+03
1.379053081586270491e+00 3.049182373046875000e+03
1.382487833968801594e+00 3.052106445312500000e+03
1.385922586351332919e+00 3.040236083984375000e+03
1.389357338733864022e+00 3.020861572265625000e+03
1.392792091116395126e+00 3.029234375000000000e+03
1.396226843498926229e+00 3.051041259765625000e+03
1.399661595881457332e+00 3.075832763671875000e+03
1.403096348263988657e+00 3.071423828125000000e+03
1.406531100646519761e+00 3.064539794921875000e+03
1.409965853029051086e+00 3.057210449218750000e+03
1.413400605411582189e+00 3.063980224609375000e+03
1.416835357794113515e+00 3.061591308593750000e+03
1.420270110176644618e+00 3.047174316406250000e+03
1.423704862559175943e+00 3.037828125000000000e+03
1.427139614941707046e+00 3.020634521484375000e+03
1.430574367324238150e+00 3.035829833984375000e+03
1.434009119706769253e+00 3.040077392578125000e+03
1.437443872089300356e+00 3.074051025390625000e+03
1.440878624471831682e+00 3.071251708984375000e+03
1.444313376854362785e+00 3.079599121093750000e+03
1.447748129236894110e+00 3.057034912109375000e+03
1.451182881619425213e+00 3.042312011718750000e+03
1.454617634001956539e+00 3.037031982421875000e+03
1.458052386384487642e+00 3.025839355468750000e+03
1.461487138767018967e+00 3.003522460937500000e+03
1.464921891149550071e+00 2.993615966796875000e+03
1.468356643532081174e+00 2.988650390625000000e+03
1.471791395914612277e+00 2.984930175781250000e+03
1.475226148297143380e+00 2.972897949218750000e+03
1.478660900679674706e+00 2.969486816406250000e+03
1.482095653062205809e+00 2.977003906250000000e+03
1.485530405444737134e+00 2.983934326171875000e+03
1.488965157827268238e+00 2.982693359375000000e+03
1.492399910209799563e+00 2.966609375000000000e+03
1.495834662592330666e+00 2.967403320312500000e+03
1.499269414974861991e+00 2.975931152343750000e+03
1.502704167357393095e+00 2.983879394531250000e+03
1.506138919739924198e+00 2.978031494140625000e+03
1.509573672122455301e+00 2.978886962890625000e+03
1.513008424504986404e+00 2.977941406250000000e+03
1.516443176887517730e+00 2.962814697265625000e+03
1.519877929270048833e+00 2.940618652343750000e+03
1.523312681652580158e+00 2.933174804687500000e+03
1.526747434035111262e+00 2.949326660156250000e+03
1.530182186417642587e+00 2.951355224609375000e+03
1.533616938800173690e+00 2.943593505859375000e+03
1.537051691182705015e+00 2.943595458984375000e+03
1.540486443565236119e+00 2.949644287109375000e+03
1.543921195947767222e+00 2.952034912109375000e+03
1.547355948330298325e+00 2.954748779296875000e+03
1.550790700712829429e+00 2.939799072265625000e+03
1.554225453095360754e+00 2.931197265625000000e+03
1.557660205477891857e+00 2.916020507812500000e+03
1.561094957860423182e+00 2.901572509765625000e+03
1.564529710242954286e+00 2.883574462890625000e+03
1.567964462625485611e+00 2.884135498046875000e+03
1.571399215008016714e+00 2.900270751953125000e+03
1.574833967390548040e+00 2.897798828125000000e+03
1.578268719773079143e+00 2.893782226562500000e+03
1.581703472155610246e+00 2.895249511718750000e+03
1.585138224538141349e+00 2.910335937500000000e+03
1.588572976920672453e+00 2.917626708984375000e+03
1.592007729303203778e+00 2.939930419921875000e+03
1.595442481685734881e+00 2.955420654296875000e+03
1.598877234068266207e+00 2.963609863281250000e+03
1.602311986450797310e+00 2.965041259765625000e+03
1.605746738833328635e+00 2.969883300781250000e+03
1.609181491215859738e+00 2.976393798828125000e+03
1.612616243598391064e+00 2.970591552734375000e+03
1.616050995980922167e+00 2.963907470703125000e+03
1.619485748363453270e+00 2.957574218750000000e+03
1.622920500745984373e+00 2.977270996093750000e+03
1.626355253128515477e+00 2.997984375000000000e+03
1.629790005511046802e+00 3.025976074218750000e+03
1.633224757893577905e+00 3.047032958984375000e+03
1.636659510276109231e+00 3.070891113281250000e+03
1.640094262658640334e+00 3.085955566406250000e+03
1.643529015041171659e+00 3.110636230468750000e+03
1.646963767423702762e+00 3.149993896484375000e+03
1.650398519806234088e+00 3.221608398437500000e+03
1.653833272188765191e+00 3.332308105468750000e+03
1.657268024571296294e+00 3.544123779296875000e+03
1.660702776953827398e+00 3.970916503906250000e+03
1.664137529336358501e+00 4.878921875000000000e+03
1.667572281718889826e+00 6.892249023437500000e+03
1.671007034101420929e+00 1.150385742187500000e+04
1.674441786483952255e+00 1.914020703125000000e+04
1.677876538866483358e+00 2.899373046875000000e+04
1.681311291249014683e+00 3.654175781250000000e+04
1.684746043631545787e+00 3.774949609375000000e+04
1.688180796014076890e+00 3.197861718750000000e+04
1.691615548396608215e+00 2.313382031250000000e+04
1.695050300779139318e+00 1.484872167968750000e+04
1.698485053161670422e+00 8.828594726562500000e+03
1.701919805544201525e+00 5.643644531250000000e+03
1.705354557926732850e+00 4.286491699218750000e+03
1.708789310309263954e+00 3.641287109375000000e+03
1.712224062691795279e+00 3.344533935546875000e+03
1.715658815074326382e+00 3.180022216796875000e+03
1.719093567456857707e+00 3.094419189453125000e+03
1.722528319839388811e+00 3.024596679687500000e+03
1.725963072221919914e+00 2.976759277343750000e+03
1.729397824604451239e+00 2.920550048828125000e+03
1.732832576986982343e+00 2.880834960937500000e+03
1.736267329369513446e+00 2.840337890625000000e+03
1.739702081752044549e+00 2.802802734375000000e+03
1.743136834134575874e+00 2.796701416015625000e+03
1.746571586517106978e+00 2.788980468750000000e+03
1.750006338899638303e+00 2.779387451171875000e+03
1.753441091282169406e+00 2.749100097656250000e+03
1.756875843664700731e+00 2.730124023437500000e+03
1.760310596047231835e+00 2.723250244140625000e+03
1.763745348429762938e+00 2.704679931640625000e+03
1.767180100812294263e+00 2.674216552734375000e+03
1.770614853194825367e+00 2.654210449218750000e+03
1.774049605577356470e+00 2.656055664062500000e+03
1.777484357959887573e+00 2.649475830078125000e+03
1.780919110342418898e+00 2.631693847656250000e+03
1.784353862724950002e+00 2.622077636718750000e+03
1.787788615107481327e+00 2.622776855468750000e+03
1.791223367490012208e+00 2.622276123046875000e+03
1.794658119872543534e+00 2.613340332031250000e+03
1.798092872255074859e+00 2.593024414062500000e+03
1.801527624637606184e+00 2.576190917968750000e+03
1.804962377020137065e+00 2.578684570312500000e+03
1.808397129402668391e+00 2.582945312500000000e+03
1.811831881785199494e+00 2.583599853515625000e+03
1.815266634167730819e+00 2.573376220703125000e+03
1.818701386550261700e+00 2.568610595703125000e+03
1.822136138932793026e+00 2.557349365234375000e+03
1.825570891315324351e+00 2.544572753906250000e+03
1.829005643697855676e+00 2.521280517578125000e+03
1.832440396080386558e+00 2.510902343750000000e+03
1.835875148462917883e+00 2.507845947265625000e+03
1.839309900845449208e+00 2.501663818359375000e+03
1.842744653227980089e+00 2.489254394531250000e+03
1.846179405610511415e+00 2.472586425781250000e+03
1.849614157993042740e+00 2.471052734375000000e+03
1.853048910375573843e+00 2.458933593750000000e+03
1.856483662758104725e+00 2.452996582031250000e+03
1.859918415140636050e+00 2.452153808593750000e+03
1.863353167523167375e+00 2.435804687500000000e+03
1.866787919905698701e+00 2.426390380859375000e+03
1.870222672288229582e+00 2.414456542968750000e+03
1.873657424670760907e+00 2.409817871093750000e+03
1.877092177053292232e+00 2.414261474609375000e+03
1.880526929435823114e+00 2.420058593750000000e+03
1.883961681818354439e+00 2.417401367187500000e+03
1.887396434200885764e+00 2.397675537109375000e+03
1.890831186583416867e+00 2.376271728515625000e+03
1.894265938965947749e+00 2.370312255859375000e+03
1.897700691348479074e+00 2.367703857421875000e+03
1.901135443731010399e+00 2.364526611328125000e+03
1.904570196113541725e+00 2.355256835937500000e+03
1.908004948496072606e+00 2.355113769531250000e+03
1.911439700878603931e+00 2.358826171875000000e+03
1.914874453261135256e+00 2.357883056640625000e+03
1.918309205643666138e+00 2.358908691406250000e+03
1.921743958026197463e+00 2.359472167968750000e+03
1.925178710408728788e+00 2.350341308593750000e+03
1.928613462791259892e+00 2.340074218750000000e+03
1.932048215173790773e+00 2.334907958984375000e+03
1.935482967556322098e+00 2.335766357421875000e+03
1.938917719938853423e+00 2.337994140625000000e+03
1.942352472321384749e+00 2.344487060546875000e+03
1.945787224703915630e+00 2.349359130859375000e+03
1.949221977086446955e+00 2.338473632812500000e+03
1.952656729468978281e+00 2.316914794921875000e+03
1.956091481851509162e+00 2.298914062500000000e+03
1.959526234234040487e+00 2.289269775390625000e+03
1.962960986616571812e+00 2.293001464843750000e+03
1.966395738999102916e+00 2.286647216796875000e+03
1.969830491381633797e+00 2.286061523437500000e+03
1.973265243764165122e+00 2.278830322265625000e+03
1.976699996146696447e+00 2.285551269531250000e+03
1.980134748529227329e+00 2.279957275390625000e+03
1.983569500911758654e+00 2.287490478515625000e+03
1.987004253294289979e+00 2.294331054687500000e+03
1.990439005676821305e+00 2.296682861328125000e+03
1.993873758059352186e+00 2.278576660156250000e+03
1.997308510441883511e+00 2.263981201171875000e+03
2.000743262824414614e+00 2.260392089843750000e+03
2.004178015206945940e+00 2.271616455078125000e+03
2.007612767589476821e+00 2.275875732421875000e+03
2.011047519972008146e+00 2.261031250000000000e+03
2.014482272354539472e+00 2.252910400390625000e+03
2.017917024737070353e+00 2.244716552734375000e+03
2.021351777119601678e+00 2.245951171875000000e+03
2.024786529502133003e+00 2.240753906250000000e+03
2.028221281884664329e+00 2.237934570312500000e+03
2.031656034267195210e+00 2.232546142578125000e+03
2.035090786649726535e+00 2.233339599609375000e+03
2.038525539032257861e+00 2.227240722656250000e+03
2.041960291414789186e+00 2.226054443359375000e+03
2.045395043797320067e+00 2.233644531250000000e+03
2.048829796179851392e+00 2.244916992187500000e+03
2.052264548562382718e+00 2.242794189453125000e+03
2.055699300944913599e+00 2.230243896484375000e+03
2.059134053327444924e+00 2.233474609375000000e+03
2.062568805709975805e+00 2.234833251953125000e+03
2.066003558092507131e+00 2.241152832031250000e+03
2.069438310475038012e+00 2.233286376953125000e+03
2.072873062857569337e+00 2.223695800781250000e+03
2.076307815240100663e+00 2.211090576171875000e+03
2.079742567622631988e+00 2.195371582031250000e+03
2.083177320005162869e+00 2.190327148437500000e+03
2.086612072387694194e+00 2.190147460937500000e+03
2.090046824770225520e+00 2.190855712890625000e+03
2.093481577152756401e+00 2.204800048828125000e+03
2.096916329535287726e+00 2.211420654296875000e+03
2.100351081917819052e+00 2.207135742187500000e+03
2.103785834300350377e+00 2.185985839843750000e+03
2.107220586682881258e+00 2.179699707031250000e+03
2.110655339065412583e+00 2.180950683593750000e+03
2.114090091447943909e+00 2.185693359375000000e+03
2.117524843830475234e+00 2.174915283203125000e+03
2.120959596213006115e+00 2.166887451171875000e+03
2.124394348595537441e+00 2.146795898437500000e+03
2.127829100978068766e+00 2.140066162109375000e+03
2.131263853360599647e+00 2.134787597656250000e+03
2.134698605743130972e+00 2.146666503906250000e+03
2.138133358125661854e+00 2.151090087890625000e+03
2.141568110508193179e+00 2.152618652343750000e+03
2.145002862890724060e+00 2.154445312500000000e+03
2.148437615273255386e+00 2.155127441406250000e+03
2.151872367655786711e+00 2.151491210937500000e+03
2.155307120038318036e+00 2.155352783203125000e+03
2.158741872420848917e+00 2.157701904296875000e+03
2.162176624803380243e+00 2.153987060546875000e+03
2.165611377185911568e+00 2.152957275390625000e+03
2.169046129568442449e+00 2.153297119140625000e+03
2.172480881950973775e+00 2.157034912109375000e+03
2.175915634333505100e+00 2.137841796875000000e+03
2.179350386716036425e+00 2.143050048828125000e+03
2.182785139098567306e+00 2.142853027343750000e+03
2.186219891481098632e+00 2.154709472656250000e+03
2.189654643863629957e+00 2.143505615234375000e+03
2.193089396246161282e+00 2.136276855468750000e+03
2.196524148628692163e+00 2.130149169921875000e+03
2.199958901011223489e+00 2.128187011718750000e+03
2.203393653393754814e+00 2.138393554687500000e+03
2.206828405776285695e+00 2.132653564453125000e+03
2.210263158158817021e+00 2.128110839843750000e+03
2.213697910541347902e+00 2.122147216796875000e+03
2.217132662923879227e+00 2.137655517578125000e+03
2.220567415306410108e+00 2.145060546875000000e+03
2.224002167688941434e+00 2.158296142578125000e+03
2.227436920071472759e+00 2.147646484375000000e+03
2.230871672454004084e+00 2.145261718750000000e+03
2.234306424836534966e+00 2.128666503906250000e+03
2.237741177219066291e+00 2.123289550781250000e+03
2.241175929601597616e+00 2.121262695312500000e+03
2.244610681984128497e+00 2.119768066406250000e+03
2.248045434366659823e+00 2.120432617187500000e+03
2.251480186749191148e+00 2.130509521484375000e+03
2.254914939131722473e+00 2.151767822265625000e+03
2.258349691514253355e+00 2.157136474609375000e+03
2.261784443896784680e+00 2.157901611328125000e+03
2.265219196279316005e+00 2.156444580078125000e+03
2.268653948661847330e+00 2.155357666015625000e+03
2.272088701044378212e+00 2.162496826171875000e+03
2.275523453426909537e+00 2.170319824218750000e+03
2.278958205809440862e+00 2.170944580078125000e+03
2.282392958191971744e+00 2.161644287109375000e+03
2.285827710574503069e+00 2.166590332031250000e+03
2.289262462957033950e+00 2.182409667968750000e+03
2.292697215339565275e+00 2.203377441406250000e+03
2.296131967722096157e+00 2.232002197265625000e+03
2.299566720104627482e+00 2.255770996093750000e+03
2.303001472487158807e+00 2.284983886718750000e+03
2.306436224869690133e+00 2.310945312500000000e+03
2.309870977252221014e+00 2.332842529296875000e+03
2.313305729634752339e+00 2.338440429687500000e+03
2.316740482017283664e+00 2.345946777343750000e+03
2.320175234399814546e+00 2.367010009765625000e+03
2.323609986782345871e+00 2.399695312500000000e+03
2.327044739164877196e+00 2.427942138671875000e+03
2.330479491547408522e+00 2.462136230468750000e+03
2.333914243929939403e+00 2.510391601562500000e+03
2.337348996312470728e+00 2.573781738281250000e+03
2.340783748695002053e+00 2.657717773437500000e+03
2.344218501077533379e+00 2.765112548828125000e+03
2.347653253460064260e+00 2.900119873046875000e+03
2.351088005842595585e+00 3.125880859375000000e+03
2.354522758225126911e+00 3.524401367187500000e+03
2.357957510607657792e+00 4.289458984375000000e+03
2.361392262990189117e+00 5.863500976562500000e+03
2.364827015372720442e+00 9.595416992187500000e+03
2.368261767755251324e+00 1.696604687500000000e+04
2.371696520137782205e+00 3.234831250000000000e+04
2.375131272520313530e+00 4.941220703125000000e+04
2.378566024902844855e+00 6.531528515625000000e+04
2.382000777285376181e+00 7.042839062500000000e+04
2.385435529667907062e+00 6.393930859375000000e+04
2.388870282050438387e+00 4.876867578125000000e+04
2.392305034432969713e+00 3.184336132812500000e+04
2.395739786815500594e+00 1.867211328125000000e+04
2.399174539198031919e+00 9.938522460937500000e+03
2.402609291580563244e+00 5.932864257812500000e+03
2.406044043963094570e+00 4.286962890625000000e+03
2.409478796345625451e+00 3.485754638671875000e+03
2.412913548728156776e+00 3.066247314453125000e+03
2.416348301110688102e+00 2.829925537109375000e+03
2.419783053493219427e+00 2.689390869140625000e+03
2.423217805875750308e+00 2.591276123046875000e+03
2.426652558258281633e+00 2.513590332031250000e+03
2.430087310640812959e+00 2.439413085937500000e+03
2.433522063023343840e+00 2.382149414062500000e+03
2.436956815405875165e+00 2.320500976562500000e+03
2.440391567788406491e+00 2.268021972656250000e+03
2.443826320170937372e+00 2.225355712890625000e+03
2.447261072553468253e+00 2.199481933593750000e+03
2.450695824935999578e+00 2.171611572265625000e+03
2.454130577318530904e+00 2.141671875000000000e+03
2.457565329701061785e+00 2.112996826171875000e+03
2.461000082083593110e+00 2.089714599609375000e+03
2.464434834466124435e+00 2.065075683593750000e+03
2.467869586848655761e+00 2.044374511718750000e+03
2.471304339231186642e+00 2.026102905273437500e+03
2.474739091613717967e+00 2.017667480468750000e+03
2.478173843996249293e+00 2.015833007812500000e+03
2.481608596378780618e+00 1.995318603515625000e+03
2.485043348761311499e+00 1.972026367187500000e+03
2.488478101143842824e+00 1.955431640625000000e+03
2.491912853526374150e+00 1.946359985351562500e+03
2.495347605908905031e+00 1.938480346679687500e+03
2.498782358291436356e+00 1.928394775390625000e+03
2.502217110673967682e+00 1.911979125976562500e+03
2.505651863056499007e+00 1.895601196289062500e+03
2.509086615439029888e+00 1.893909545898437500e+03
2.512521367821561213e+00 1.894260986328125000e+03
2.515956120204092539e+00 1.880596679687500000e+03
2.519390872586623420e+00 1.858647583007812500e+03
2.522825624969154301e+00 1.839546875000000000e+03
2.526260377351685626e+00 1.832695556640625000e+03
2.529695129734216952e+00 1.822896850585937500e+03
2.533129882116747833e+00 1.820903564453125000e+03
2.536564634499279158e+00 1.813079956054687500e+03
2.539999386881810484e+00 1.808506103515625000e+03
2.543434139264341809e+00 1.804076782226562500e+03
2.546868891646872690e+00 1.792080200195312500e+03
2.550303644029404015e+00 1.778856933593750000e+03
2.553738396411935341e+00 1.763173217773437500e+03
2.557173148794466666e+00 1.758374267578125000e+03
2.560607901176997547e+00 1.741980590820312500e+03
2.564042653559528873e+00 1.729119995117187500e+03
2.567477405942060198e+00 1.721145141601562500e+03
2.570912158324591079e+00 1.731588378906250000e+03
2.574346910707122404e+00 1.740347900390625000e+03
2.577781663089653730e+00 1.744267089843750000e+03
2.581216415472185055e+00 1.736810546875000000e+03
2.584651167854715936e+00 1.730944458007812500e+03
2.588085920237247262e+00 1.716631835937500000e+03
2.591520672619778587e+00 1.699744018554687500e+03
2.594955425002309468e+00 1.679427368164062500e+03
2.598390177384840349e+00 1.673998168945312500e+03
2.601824929767371675e+00 1.677439208984375000e+03
2.605259682149903000e+00 1.689094848632812500e+03
2.608694434532433881e+00 1.693665283203125000e+03
2.612129186914965207e+00 1.691828979492187500e+03
2.615563939297496532e+00 1.674513671875000000e+03
2.618998691680027857e+00 1.660847534179687500e+03
2.622433444062558738e+00 1.653373291015625000e+03
2.625868196445090064e+00 1.655079833984375000e+03
2.629302948827621389e+00 1.642594604492187500e+03
2.632737701210152714e+00 1.634878906250000000e+03
2.636172453592683596e+00 1.635700927734375000e+03
2.639607205975214921e+00 1.643847534179687500e+03
2.643041958357746246e+00 1.640959838867187500e+03
2.646476710740277127e+00 1.626465576171875000e+03
2.649911463122808453e+00 1.616170898437500000e+03
2.653346215505339778e+00 1.616302490234375000e+03
2.656780967887871103e+00 1.617246459960937500e+03
2.660215720270401984e+00 1.601828125000000000e+03
2.663650472652933310e+00 1.584047729492187500e+03
2.667085225035464635e+00 1.578229858398437500e+03
2.670519977417995516e+00 1.594638671875000000e+03
2.673954729800526398e+00 1.600211547851562500e+03
2.677389482183057723e+00 1.602848266601562500e+03
2.680824234565589048e+00 1.591553833007812500e+03
2.684258986948119929e+00 1.583185058593750000e+03
2.687693739330651255e+00 1.578078491210937500e+03
2.691128491713182580e+00 1.582488525390625000e+03
2.694563244095713905e+00 1.591724243164062500e+03
2.697997996478244787e+00 1.591893432617187500e+03
2.701432748860776112e+00 1.583588989257812500e+03
2.704867501243307437e+00 1.569764770507812500e+03
2.708302253625838762e+00 1.568375000000000000e+03
2.711737006008369644e+00 1.565703979492187500e+03
2.715171758390900969e+00 1.568278564453125000e+03
2.718606510773432294e+00 1.563332031250000000e+03
2.722041263155963176e+00 1.562614501953125000e+03
2.725476015538494501e+00 1.563434570312500000e+03
2.728910767921025826e+00 1.559281494140625000e+03
2.732345520303557151e+00 1.551567749023437500e+03
2.735780272686088033e+00 1.541031494140625000e+03
2.739215025068619358e+00 1.554751464843750000e+03
2.742649777451150683e+00 1.571909423828125000e+03
2.746084529833681565e+00 1.580067749023437500e+03
2.749519282216212890e+00 1.568439208984375000e+03
2.752954034598743771e+00 1.561351074218750000e+03
2.756388786981275096e+00 1.549322509765625000e+03
2.759823539363805978e+00 1.545120727539062500e+03
2.763258291746337303e+00 1.536436767578125000e+03
2.766693044128868628e+00 1.540624267578125000e+03
2.770127796511399954e+00 1.541111694335937500e+03
2.773562548893930835e+00 1.541426635742187500e+03
2.776997301276462160e+00 1.543169189453125000e+03
2.780432053658993485e+00 1.546923095703125000e+03
2.783866806041524811e+00 1.550131591796875000e+03
2.787301558424055692e+00 1.553942138671875000e+03
2.790736310806587017e+00 1.550483398437500000e+03
2.794171063189118343e+00 1.535909301757812500e+03
2.797605815571649224e+00 1.529705810546875000e+03
2.801040567954180549e+00 1.540782348632812500e+03
2.804475320336711874e+00 1.548689086914062500e+03
2.807910072719243200e+00 1.546471679687500000e+03
2.811344825101774081e+00 1.539505493164062500e+03
2.814779577484305406e+00 1.531579589843750000e+03
2.818214329866836731e+00 1.531989257812500000e+03
2.821649082249367613e+00 1.531154418945312500e+03
2.825083834631898938e+00 1.537867065429687500e+03
2.828518587014429819e+00 1.535702148437500000e+03
2.831953339396961145e+00 1.538214477539062500e+03
2.835388091779492026e+00 1.544845703125000000e+03
2.838822844162023351e+00 1.565705688476562500e+03
2.842257596544554676e+00 1.580232177734375000e+03
2.845692348927086002e+00 1.592544433593750000e+03
2.849127101309616883e+00 1.595420043945312500e+03
2.852561853692148208e+00 1.603432861328125000e+03
2.855996606074679534e+00 1.614068237304687500e+03
2.859431358457210415e+00 1.637725463867187500e+03
2.862866110839741740e+00 1.668405273437500000e+03
2.866300863222273065e+00 1.691504638671875000e+03
2.869735615604804391e+00 1.702011108398437500e+03
2.873170367987335272e+00 1.712510375976562500e+03
2.876605120369866597e+00 1.738592285156250000e+03
2.880039872752397923e+00 1.787877563476562500e+03
2.883474625134929248e+00 1.844216918945312500e+03
2.886909377517460129e+00 1.937028808593750000e+03
2.890344129899991454e+00 2.084261962890625000e+03
2.893778882282522780e+00 2.385410644531250000e+03
2.897213634665053661e+00 2.978958496093750000e+03
2.900648387047584986e+00 4.262821289062500000e+03
2.904083139430115867e+00 7.336811035156250000e+03
2.907517891812647193e+00 1.251824707031250000e+04
2.910952644195178074e+00 2.086090429687500000e+04
2.914387396577709399e+00 2.975322460937500000e+04
2.917822148960240725e+00 3.728709375000000000e+04
2.921256901342772050e+00 3.648694531250000000e+04
2.924691653725302931e+00 2.837352148437500000e+04
2.928126406107834256e+00 1.676424023437500000e+04
2.931561158490365582e+00 8.934166992187500000e+03
2.934995910872896463e+00 4.992059082031250000e+03
2.938430663255427788e+00 3.293972656250000000e+03
2.941865415637959114e+00 2.534164550781250000e+03
2.945300168020490439e+00 2.180093261718750000e+03
2.948734920403021320e+00 1.993156860351562500e+03
2.952169672785552645e+00 1.866808715820312500e+03
2.955604425168083971e+00 1.780280883789062500e+03
2.959039177550615296e+00 1.722925903320312500e+03
2.962473929933146177e+00 1.682633666992187500e+03
2.965908682315677503e+00 1.649657836914062500e+03
2.969343434698208828e+00 1.622117919921875000e+03
2.972778187080739709e+00 1.591539794921875000e+03
2.976212939463271034e+00 1.571974853515625000e+03
2.979647691845801916e+00 1.555220703125000000e+03
2.983082444228333241e+00 1.542119750976562500e+03
2.986517196610864122e+00 1.524273315429687500e+03
2.989951948993395447e+00 1.511167724609375000e+03
2.993386701375926773e+00 1.494949829101562500e+03
2.996821453758458098e+00 1.473806396484375000e+03
3.000256206140988979e+00 1.454374267578125000e+03
3.003690958523520305e+00 1.453533447265625000e+03
3.007125710906051630e+00 1.460232666015625000e+03
3.010560463288582511e+00 1.455171142578125000e+03
3.013995215671113836e+00 1.439732055664062500e+03
3.017429968053645162e+00 1.421312622070312500e+03
3.020864720436176487e+00 1.404026000976562500e+03
3.024299472818707368e+00 1.391394531250000000e+03
3.027734225201238694e+00 1.390565795898437500e+03
3.031168977583770019e+00 1.387862670898437500e+03
3.034603729966301344e+00 1.385357910156250000e+03
3.038038482348832225e+00 1.379122680664062500e+03
3.041473234731363551e+00 1.377971557617187500e+03
3.044907987113894876e+00 1.373173339843750000e+03
3.048342739496425757e+00 1.354928466796875000e+03
3.051777491878957083e+00 1.345143432617187500e+03
3.055212244261487964e+00 1.340080810546875000e+03
3.058646996644019289e+00 1.358384643554687500e+03
3.062081749026550170e+00 1.357747314453125000e+03
3.065516501409081496e+00 1.352841796875000000e+03
3.068951253791612821e+00 1.331666748046875000e+03
3.072386006174144146e+00 1.331813842773437500e+03
3.075820758556675028e+00 1.339941650390625000e+03
3.079255510939206353e+00 1.344955200195312500e+03
3.082690263321737678e+00 1.331810913085937500e+03
3.086125015704268559e+00 1.317378784179687500e+03
3.089559768086799885e+00 1.311223510742187500e+03
3.092994520469331210e+00 1.316134643554687500e+03
3.096429272851862535e+00 1.315756835937500000e+03
3.099864025234393416e+00 1.313471069335937500e+03
3.103298777616924742e+00 1.310830078125000000e+03
3.106733529999456067e+00 1.318313598632812500e+03
3.110168282381987392e+00 1.324619140625000000e+03
3.113603034764518274e+00 1.322914306640625000e+03
3.117037787147049599e+00 1.318734863281250000e+03
3.120472539529580924e+00 1.316092651367187500e+03
3.123907291912111805e+00 1.323769287109375000e+03
3.127342044294643131e+00 1.317071655273437500e+03
3.130776796677174012e+00 1.317887573242187500e+03
3.134211549059705337e+00 1.315075561523437500e+03
3.137646301442236219e+00 1.317205688476562500e+03
3.141081053824767544e+00 1.303318115234375000e+03
3.144515806207298869e+00 1.290931762695312500e+03
3.147950558589830194e+00 1.284070556640625000e+03
3.151385310972361076e+00 1.283357055664062500e+03
3.154820063354892401e+00 1.281243286132812500e+03
3.158254815737423726e+00 1.284584716796875000e+03
3.161689568119954608e+00 1.286146728515625000e+03
3.165124320502485933e+00 1.288136108398437500e+03
3.168559072885017258e+00 1.281270507812500000e+03
3.171993825267548583e+00 1.269849487304687500e+03
3.175428577650079465e+00 1.262160888671875000e+03
3.178863330032610790e+00 1.260674316406250000e+03
3.182298082415142115e+00 1.260645874023437500e+03
3.185732834797673441e+00 1.263767211914062500e+03
3.189167587180204322e+00 1.258907470703125000e+03
3.192602339562735647e+00 1.250609130859375000e+03
3.196037091945266972e+00 1.242639038085937500e+03
3.199471844327797854e+00 1.243064086914062500e+03
3.202906596710329179e+00 1.251102539062500000e+03
3.206341349092860060e+00 1.254226074218750000e+03
3.209776101475391386e+00 1.245405639648437500e+03
3.213210853857922267e+00 1.238174804687500000e+03
3.216645606240453592e+00 1.236777099609375000e+03
3.220080358622984917e+00 1.246821289062500000e+03
3.223515111005516243e+00 1.247330688476562500e+03
3.226949863388047124e+00 1.244046997070312500e+03
3.230384615770578449e+00 1.239100708007812500e+03
3.233819368153109775e+00 1.239040893554687500e+03
3.237254120535640656e+00 1.237292114257812500e+03
3.240688872918171981e+00 1.245573120117187500e+03
3.244123625300703306e+00 1.251647216796875000e+03
3.247558377683234632e+00 1.249972167968750000e+03
3.250993130065765513e+00 1.238861572265625000e+03
3.254427882448296838e+00 1.233498535156250000e+03
3.257862634830828164e+00 1.236653320312500000e+03
3.261297387213359489e+00 1.239930175781250000e+03
3.264732139595890370e+00 1.242917846679687500e+03
3.268166891978421695e+00 1.247268554687500000e+03
3.271601644360953021e+00 1.250379272460937500e+03
3.275036396743483902e+00 1.252367919921875000e+03
3.278471149126015227e+00 1.258233520507812500e+03
3.281905901508546108e+00 1.266830444335937500e+03
3.285340653891077434e+00 1.265672485351562500e+03
3.288775406273608315e+00 1.264117431640625000e+03
3.292210158656139640e+00 1.272615722656250000e+03
3.295644911038670966e+00 1.285924560546875000e+03
3.299079663421202291e+00 1.294773437500000000e+03
3.302514415803733172e+00 1.293272216796875000e+03
3.305949168186264497e+00 1.291306518554687500e+03
3.309383920568795823e+00 1.284645751953125000e+03
3.312818672951326704e+00 1.291092041015625000e+03
3.316253425333858029e+00 1.301692016601562500e+03
3.319688177716389355e+00 1.317017333984375000e+03
3.323122930098920680e+00 1.328227539062500000e+03
3.326557682481451561e+00 1.343336303710937500e+03
3.329992434863982886e+00 1.373010253906250000e+03
3.333427187246514212e+00 1.411105590820312500e+03
3.336861939629045093e+00 1.457747436523437500e+03
3.340296692011576418e+00 1.518929443359375000e+03
3.343731444394107744e+00 1.626959838867187500e+03
3.347166196776639069e+00 1.836633911132812500e+03
3.350600949159169950e+00 2.304768310546875000e+03
3.354035701541701275e+00 3.341811035156250000e+03
3.357470453924232601e+00 5.478277343750000000e+03
3.360905206306763482e+00 9.433962890625000000e+03
3.364339958689294363e+00 1.442104492187500000e+04
3.367774711071825688e+00 1.974357031250000000e+04
3.371209463454357014e+00 2.070913085937500000e+04
3.374644215836887895e+00 1.795410937500000000e+04
3.378078968219419220e+00 1.163944433593750000e+04
3.381513720601950546e+00 7.135040527343750000e+03
3.384948472984481871e+00 3.972708496093750000e+03
3.388383225367012752e+00 2.566171875000000000e+03
3.391817977749544077e+00 1.951818725585937500e+03
3.395252730132075403e+00 1.677477539062500000e+03
3.398687482514606728e+00 1.541236206054687500e+03
3.402122234897137609e+00 1.465596923828125000e+03
3.405556987279668935e+00 1.405581420898437500e+03
3.408991739662200260e+00 1.363493896484375000e+03
3.412426492044731141e+00 1.338047119140625000e+03
3.415861244427262466e+00 1.318415161132812500e+03
3.419295996809793792e+00 1.303563110351562500e+03
3.422730749192325117e+00 1.295330810546875000e+03
3.426165501574855998e+00 1.293110351562500000e+03
3.429600253957387324e+00 1.286062133789062500e+03
3.433035006339918649e+00 1.272296264648437500e+03
3.436469758722449530e+00 1.258775756835937500e+03
3.439904511104980411e+00 1.249191162109375000e+03
3.443339263487511737e+00 1.235363281250000000e+03
3.446774015870043062e+00 1.220365966796875000e+03
3.450208768252573943e+00 1.209602539062500000e+03
3.453643520635105268e+00 1.206594726562500000e+03
3.457078273017636594e+00 1.213935546875000000e+03
3.460513025400167919e+00 1.208981323242187500e+03
3.463947777782698800e+00 1.198562011718750000e+03
3.467382530165230126e+00 1.197795410156250000e+03
3.470817282547761451e+00 1.195689697265625000e+03
3.474252034930292776e+00 1.185308227539062500e+03
3.477686787312823657e+00 1.173295410156250000e+03
3.481121539695354983e+00 1.165660400390625000e+03
3.484556292077886308e+00 1.168128906250000000e+03
3.487991044460417189e+00 1.164753417968750000e+03
3.491425796842948515e+00 1.155455688476562500e+03
3.494860549225479840e+00 1.147137817382812500e+03
3.498295301608011165e+00 1.147822387695312500e+03
3.501730053990542046e+00 1.151412597656250000e+03
3.505164806373073372e+00 1.151629882812500000e+03
3.508599558755604697e+00 1.148664550781250000e+03
3.512034311138135578e+00 1.146044067382812500e+03
3.515469063520666460e+00 1.139441772460937500e+03
3.518903815903197785e+00 1.141746337890625000e+03
3.522338568285729110e+00 1.138507568359375000e+03
3.525773320668259991e+00 1.139385009765625000e+03
3.529208073050791317e+00 1.137121337890625000e+03
3.532642825433322642e+00 1.139081054687500000e+03
3.536077577815853967e+00 1.141377807617187500e+03
3.539512330198384849e+00 1.138803344726562500e+03
3.542947082580916174e+00 1.138620239257812500e+03
3.546381834963447499e+00 1.127990600585937500e+03
3.549816587345978824e+00 1.129456298828125000e+03
3.553251339728509706e+00 1.127737915039062500e+03
3.556686092111041031e+00 1.130396850585937500e+03
3.560120844493572356e+00 1.126509887695312500e+03
3.563555596876103237e+00 1.124934448242187500e+03
3.566990349258634563e+00 1.125535766601562500e+03
3.570425101641165888e+00 1.122782958984375000e+03
3.573859854023697213e+00 1.123063232421875000e+03
3.577294606406228095e+00 1.116714721679687500e+03
3.580729358788759420e+00 1.119206665039062500e+03
3.584164111171290301e+00 1.126779296875000000e+03
3.587598863553821626e+00 1.134500854492187500e+03
3.591033615936352508e+00 1.137153930664062500e+03
3.594468368318883833e+00 1.138184448242187500e+03
3.597903120701415158e+00 1.141523315429687500e+03
3.601337873083946484e+00 1.139746093750000000e+03
3.604772625466477809e+00 1.135412109375000000e+03
3.608207377849008246e+00 1.133132080078125000e+03
3.611642130231539571e+00 1.131313232421875000e+03
3.615076882614070897e+00 1.137053588867187500e+03
3.618511634996602222e+00 1.143056762695312500e+03
3.621946387379133547e+00 1.144740722656250000e+03
3.625381139761664873e+00 1.142784545898437500e+03
3.628815892144196198e+00 1.139059204101562500e+03
3.632250644526726635e+00 1.138886718750000000e+03
3.635685396909257960e+00 1.139043823242187500e+03
3.639120149291789286e+00 1.142798095703125000e+03
3.642554901674320611e+00 1.148039184570312500e+03
3.645989654056851936e+00 1.148478393554687500e+03
3.649424406439383262e+00 1.158615966796875000e+03
3.652859158821914587e+00 1.155592041015625000e+03
3.656293911204445912e+00 1.170297119140625000e+03
3.659728663586976349e+00 1.180396972656250000e+03
3.663163415969507675e+00 1.190777343750000000e+03
3.666598168352038556e+00 1.185602294921875000e+03
3.670032920734569881e+00 1.187177368164062500e+03
3.673467673117101207e+00 1.198047729492187500e+03
3.676902425499632532e+00 1.202818969726562500e+03
3.680337177882163857e+00 1.211137695312500000e+03
3.683771930264694294e+00 1.216783691406250000e+03
3.687206682647225620e+00 1.227401000976562500e+03
3.690641435029756945e+00 1.236436157226562500e+03
3.694076187412288270e+00 1.249052978515625000e+03
3.697510939794819596e+00 1.259078002929687500e+03
3.700945692177350921e+00 1.272274291992187500e+03
3.704380444559882246e+00 1.289771118164062500e+03
3.707815196942412683e+00 1.304394042968750000e+03
3.711249949324944009e+00 1.319516235351562500e+03
3.714684701707475334e+00 1.334480712890625000e+03
3.718119454090006659e+00 1.356029541015625000e+03
3.721554206472537984e+00 1.391955444335937500e+03
3.724988958855069310e+00 1.437573120117187500e+03
3.728423711237600635e+00 1.501912841796875000e+03
3.731858463620131960e+00 1.579915039062500000e+03
3.735293216002662398e+00 1.693683837890625000e+03
3.738727968385193723e+00 1.880618286132812500e+03
3.742162720767725048e+00 2.197764404296875000e+03
3.745597473150255929e+00 2.823027587890625000e+03
3.749032225532787255e+00 4.154660156250000000e+03
3.752466977915318580e+00 7.237025390625000000e+03
3.755901730297849905e+00 1.313900292968750000e+04
3.759336482680380342e+00 2.342542382812500000e+04
3.762771235062911668e+00 3.598175390625000000e+04
3.766205987445442993e+00 4.485681640625000000e+04
3.769640739827974318e+00 4.496155468750000000e+04
3.773075492210505644e+00 3.595323437500000000e+04
3.776510244593036969e+00 2.318046484375000000e+04
3.779944996975568294e+00 1.260523730468750000e+04
3.783379749358098731e+00 6.710962890625000000e+03
3.786814501740630057e+00 3.950126464843750000e+03
3.790249254123161382e+00 2.753016113281250000e+03
3.793684006505692707e+00 2.187894287109375000e+03
3.797118758888224033e+00 1.886575439453125000e+03
3.800553511270755358e+00 1.710163574218750000e+03
3.803988263653286683e+00 1.603189941406250000e+03
3.807423016035818009e+00 1.531038574218750000e+03
3.810857768418348446e+00 1.465037719726562500e+03
3.814292520800879771e+00 1.412976684570312500e+03
3.817727273183411096e+00 1.371816040039062500e+03
3.821162025565941978e+00 1.340812744140625000e+03
3.824596777948473303e+00 1.314061035156250000e+03
3.828031530331004628e+00 1.289835815429687500e+03
3.831466282713535954e+00 1.266238037109375000e+03
3.834901035096066391e+00 1.241159179687500000e+03
3.838335787478597716e+00 1.222493530273437500e+03
3.841770539861129041e+00 1.212297241210937500e+03
3.845205292243660367e+00 1.201771972656250000e+03
3.848640044626191692e+00 1.191864501953125000e+03
3.852074797008723017e+00 1.180868530273437500e+03
3.855509549391254343e+00 1.164706665039062500e+03
3.858944301773784780e+00 1.152601074218750000e+03
3.862379054156316105e+00 1.136233642578125000e+03
3.865813806538847430e+00 1.123257690429687500e+03
3.869248558921378756e+00 1.115948486328125000e+03
3.872683311303910081e+00 1.113437622070312500e+03
3.876118063686441406e+00 1.102725708007812500e+03
3.879552816068972732e+00 1.086786621093750000e+03
3.882987568451504057e+00 1.077474243164062500e+03
3.886422320834034494e+00 1.079810791015625000e+03
3.889857073216565819e+00 1.079339355468750000e+03
3.893291825599097145e+00 1.078234863281250000e+03
3.896726577981628026e+00 1.075777343750000000e+03
3.900161330364159351e+00 1.069018066406250000e+03
3.903596082746690676e+00 1.062145996093750000e+03
3.907030835129222002e+00 1.055482299804687500e+03
3.910465587511752439e+00 1.056897216796875000e+03
3.913900339894283764e+00 1.053286254882812500e+03
3.917335092276815089e+00 1.048801879882812500e+03
3.920769844659346415e+00 1.039153564453125000e+03
3.924204597041877740e+00 1.043438964843750000e+03
3.927639349424409065e+00 1.046655273437500000e+03
3.931074101806940391e+00 1.042579711914062500e+03
3.934508854189470828e+00 1.032421997070312500e+03
3.937943606572002153e+00 1.019872131347656250e+03
3.941378358954533478e+00 1.017396728515625000e+03
3.944813111337064804e+00 1.024844238281250000e+03
3.948247863719596129e+00 1.037173706054687500e+03
3.951682616102127454e+00 1.032925292968750000e+03
3.955117368484658780e+00 1.024342773437500000e+03
3.958552120867189217e+00 1.016981567382812500e+03
3.961986873249720542e+00 1.012968078613281250e+03
3.965421625632251867e+00 1.002338745117187500e+03
3.968856378014783193e+00 1.004217712402343750e+03
3.972291130397314074e+00 1.005380371093750000e+03
3.975725882779845399e+00 1.018653320312500000e+03
3.979160635162376725e+00 1.018549560546875000e+03
3.982595387544908050e+00 1.016301208496093750e+03
3.986030139927438487e+00 1.008018249511718750e+03
3.989464892309969812e+00 1.004882263183593750e+03
3.992899644692501138e+00 1.011152893066406250e+03
3.996334397075032463e+00 1.012155212402343750e+03
3.999769149457563788e+00 1.014276306152343750e+03
4.003203901840095114e+00 1.014327087402343750e+03
4.006638654222625995e+00 1.020044433593750000e+03
4.010073406605156876e+00 1.018183105468750000e+03
4.013508158987687757e+00 1.022141418457031250e+03
4.016942911370219527e+00 1.031825073242187500e+03
4.020377663752750408e+00 1.045249267578125000e+03
4.023812416135282177e+00 1.051223266601562500e+03
4.027247168517813058e+00 1.049004150390625000e+03
4.030681920900344828e+00 1.043530395507812500e+03
4.034116673282874821e+00 1.041211791992187500e+03
4.037551425665406590e+00 1.044744018554687500e+03
4.040986178047937472e+00 1.049111328125000000e+03
4.044420930430469241e+00 1.053574707031250000e+03
4.047855682813000122e+00 1.054270629882812500e+03
4.051290435195531892e+00 1.062560058593750000e+03
4.054725187578062773e+00 1.074631225585937500e+03
4.058159939960594542e+00 1.085411865234375000e+03
4.061594692343124535e+00 1.086071777343750000e+03
4.065029444725656305e+00 1.090995361328125000e+03
4.068464197108187186e+00 1.105131835937500000e+03
4.071898949490718955e+00 1.121509033203125000e+03
4.075333701873249836e+00 1.129776489257812500e+03
4.078768454255781606e+00 1.143315673828125000e+03
4.082203206638312487e+00 1.164857666015625000e+03
4.085637959020843368e+00 1.194931518554687500e+03
4.089072711403374250e+00 1.228903686523437500e+03
4.092507463785905131e+00 1.272170654296875000e+03
4.095942216168436900e+00 1.333915161132812500e+03
4.099376968550967781e+00 1.453299072265625000e+03
4.102811720933499551e+00 1.665713989257812500e+03
4.106246473316030432e+00 2.083544677734375000e+03
4.109681225698561313e+00 2.945994384765625000e+03
4.113115978081092194e+00 4.981572753906250000e+03
4.116550730463623964e+00 8.940785156250000000e+03
4.119985482846154845e+00 1.583235156250000000e+04
4.123420235228686614e+00 2.341723437500000000e+04
4.126854987611217496e+00 2.734923437500000000e+04
4.130289739993749265e+00 2.530079296875000000e+04
4.133724492376280146e+00 1.841840234375000000e+04
4.137159244758811028e+00 1.164277832031250000e+04
4.140593997141341909e+00 6.495089355468750000e+03
4.144028749523873678e+00 3.689908935546875000e+03
4.147463501906404559e+00 2.391079101562500000e+03
4.150898254288936329e+00 1.815569824218750000e+03
4.154333006671467210e+00 1.544398803710937500e+03
4.157767759053998091e+00 1.401031616210937500e+03
4.161202511436528972e+00 1.313886474609375000e+03
4.164637263819060742e+00 1.249030273437500000e+03
4.168072016201591623e+00 1.200928710937500000e+03
4.171506768584122504e+00 1.171290283203125000e+03
4.174941520966654274e+00 1.149381225585937500e+03
4.178376273349185155e+00 1.132509887695312500e+03
4.181811025731716924e+00 1.115845581054687500e+03
4.185245778114246917e+00 1.104920043945312500e+03
4.188680530496778687e+00 1.087201171875000000e+03
4.192115282879309568e+00 1.077169433593750000e+03
4.195550035261841337e+00 1.069670288085937500e+03
4.198984787644372219e+00 1.066097900390625000e+03
4.202419540026903988e+00 1.060237792968750000e+03
4.205854292409434869e+00 1.045535278320312500e+03
4.209289044791966639e+00 1.039138305664062500e+03
4.212723797174496632e+00 1.029326171875000000e+03
4.216158549557028401e+00 1.020430664062500000e+03
4.219593301939559282e+00 1.010220764160156250e+03
4.223028054322091052e+00 9.933924560546875000e+02
4.226462806704621933e+00 9.865383300781250000e+02
4.229897559087153702e+00 9.765936279296875000e+02
4.233332311469684583e+00 9.784907226562500000e+02
4.236767063852215465e+00 9.728998413085937500e+02
4.240201816234746346e+00 9.687122802734375000e+02
4.243636568617277227e+00 9.586112670898437500e+02
4.247071320999808997e+00 9.527458496093750000e+02
4.250506073382339878e+00 9.495041503906250000e+02
4.253940825764871647e+00 9.480269165039062500e+02
4.257375578147402528e+00 9.573939208984375000e+02
4.260810330529933410e+00 9.605969238281250000e+02
4.264245082912464291e+00 9.635427856445312500e+02
4.267679835294996060e+00 9.555318603515625000e+02
4.271114587677526941e+00 9.490056762695312500e+02
4.274549340060058711e+00 9.348043823242187500e+02
4.277984092442589592e+00 9.265719604492187500e+02
4.281418844825121361e+00 9.262793579101562500e+02
4.284853597207652243e+00 9.286644897460937500e+02
4.288288349590183124e+00 9.262504882812500000e+02
4.291723101972714005e+00 9.217090454101562500e+02
4.295157854355245775e+00 9.182774658203125000e+02
4.298592606737776656e+00 9.208214111328125000e+02
4.302027359120308425e+00 9.183405151367187500e+02
4.305462111502839306e+00 9.176843872070312500e+02
4.308896863885370188e+00 9.098666381835937500e+02
4.312331616267901069e+00 9.070357055664062500e+02
4.315766368650432838e+00 9.071864624023437500e+02
4.319201121032963719e+00 9.130680541992187500e+02
4.322635873415494601e+00 9.224705200195312500e+02
4.326070625798026370e+00 9.276443481445312500e+02
4.329505378180557251e+00 9.245670166015625000e+02
4.332940130563089021e+00 9.131106567382812500e+02
4.336374882945619014e+00 9.035291137695312500e+02
4.339809635328150783e+00 9.014828491210937500e+02
4.343244387710681664e+00 8.996841430664062500e+02
4.346679140093213434e+00 9.003455200195312500e+02
4.350113892475744315e+00 9.023110351562500000e+02
4.353548644858276084e+00 9.039783935546875000e+02
4.356983397240806966e+00 9.082092895507812500e+02
4.360418149623338735e+00 9.080977783203125000e+02
4.363852902005868728e+00 9.045887451171875000e+02
4.367287654388400497e+00 9.048687133789062500e+02
4.370722406770931379e+00 9.059409179687500000e+02
4.374157159153463148e+00 9.084085693359375000e+02
4.377591911535994029e+00 9.035593872070312500e+02
4.381026663918525799e+00 9.065491943359375000e+02
4.384461416301056680e+00 9.100339355468750000e+02
4.387896168683587561e+00 9.111143798828125000e+02
4.391330921066118442e+00 9.035416870117187500e+02
4.394765673448649324e+00 8.992603759765625000e+02
4.398200425831181093e+00 8.968905639648437500e+02
4.401635178213711974e+00 8.989754638671875000e+02
4.405069930596243744e+00 8.981746215820312500e+02
4.408504682978774625e+00 8.999106445312500000e+02
4.411939435361305506e+00 8.933494262695312500e+02
4.415374187743836387e+00 8.937064208984375000e+02
4.418808940126368157e+00 8.906308593750000000e+02
4.422243692508899038e+00 8.909111328125000000e+02
4.425678444891430807e+00 8.841577148437500000e+02
4.429113197273961688e+00 8.848047485351562500e+02
4.432547949656493458e+00 8.888553466796875000e+02
4.435982702039023451e+00 8.936048583984375000e+02
4.439417454421555220e+00 8.954129638671875000e+02
4.442852206804086101e+00 8.861132202148437500e+02
4.446286959186617871e+00 8.879458618164062500e+02
4.449721711569148752e+00 8.854536132812500000e+02
4.453156463951680522e+00 8.818864135742187500e+02
4.456591216334211403e+00 8.718870849609375000e+02
4.460025968716742284e+00 8.762085571289062500e+02
4.463460721099273165e+00 8.780238037109375000e+02
4.466895473481804935e+00 8.765239257812500000e+02
4.470330225864335816e+00 8.718812866210937500e+02
4.473764978246866697e+00 8.786253051757812500e+02
4.477199730629398466e+00 8.825404663085937500e+02
4.480634483011929348e+00 8.826728515625000000e+02
4.484069235394461117e+00 8.789989013671875000e+02
4.487503987776991110e+00 8.801607055664062500e+02
4.490938740159522879e+00 8.820881347656250000e+02
4.494373492542053761e+00 8.809254150390625000e+02
4.497808244924585530e+00 8.783020019531250000e+02
4.501242997307116411e+00 8.783847656250000000e+02
4.504677749689648181e+00 8.813322143554687500e+02
4.508112502072179062e+00 8.843143310546875000e+02
4.511547254454709943e+00 8.850259399414062500e+02
4.514982006837240824e+00 8.870217285156250000e+02
4.518416759219772594e+00 8.768723754882812500e+02
4.521851511602303475e+00 8.663792114257812500e+02
4.525286263984835244e+00 8.650917358398437500e+02
4.528721016367366126e+00 8.669945678710937500e+02
4.532155768749897895e+00 8.636894531250000000e+02
4.535590521132428776e+00 8.583409423828125000e+02
4.539025273514959657e+00 8.615771484375000000e+02
4.542460025897490539e+00 8.651178588867187500e+02
4.545894778280021420e+00 8.742395629882812500e+02
4.549329530662553189e+00 8.811661987304687500e+02
4.552764283045084071e+00 8.765779418945312500e+02
4.556199035427615840e+00 8.761040039062500000e+02
4.559633787810146721e+00 8.651249389648437500e+02
4.563068540192677602e+00 8.655180053710937500e+02
4.566503292575208484e+00 8.666137084960937500e+02
4.569938044957740253e+00 8.794008178710937500e+02
4.573372797340271134e+00 8.775440673828125000e+02
4.576807549722802904e+00 8.723711547851562500e+02
4.580242302105333785e+00 8.707084350585937500e+02
4.583677054487865554e+00 8.732979125976562500e+02
4.587111806870395547e+00 8.684100341796875000e+02
4.590546559252927317e+00 8.637400512695312500e+02
4.593981311635458198e+00 8.595584106445312500e+02
4.597416064017989967e+00 8.609192504882812500e+02
4.600850816400520849e+00 8.662269897460937500e+02
4.604285568783052618e+00 8.673648681640625000e+02
4.607720321165583499e+00 8.703445434570312500e+02
4.611155073548115269e+00 8.653887939453125000e+02
4.614589825930645262e+00 8.671287841796875000e+02
4.618024578313177031e+00 8.739916992187500000e+02
4.621459330695707912e+00 8.828652343750000000e+02
4.624894083078238793e+00 8.877308349609375000e+02
4.628328835460770563e+00 8.790471191406250000e+02
4.631763587843301444e+00 8.758277587890625000e+02
4.635198340225833213e+00 8.762465820312500000e+02
4.638633092608363206e+00 8.796016845703125000e+02
4.642067844990894976e+00 8.815416259765625000e+02
4.645502597373425857e+00 8.841975097656250000e+02
4.648937349755957626e+00 8.887546997070312500e+02
4.652372102138488508e+00 8.868251953125000000e+02
4.655806854521020277e+00 8.858271484375000000e+02
4.659241606903551158e+00 8.824152221679687500e+02
4.662676359286082040e+00 8.831013183593750000e+02
4.666111111668612921e+00 8.919167480468750000e+02
4.669545864051144690e+00 8.995534667968750000e+02
4.672980616433675571e+00 9.015990600585937500e+02
4.676415368816207341e+00 8.916006469726562500e+02
4.679850121198738222e+00 8.907169189453125000e+02
4.683284873581269991e+00 8.977919311523437500e+02
4.686719625963800873e+00 9.069158325195312500e+02
4.690154378346331754e+00 9.077553710937500000e+02
4.693589130728862635e+00 9.055106201171875000e+02
4.697023883111393516e+00 9.103056640625000000e+02
4.700458635493925286e+00 9.052479858398437500e+02
4.703893387876456167e+00 9.147070312500000000e+02
4.707328140258987936e+00 9.160767822265625000e+02
4.710762892641518818e+00 9.218533325195312500e+02
4.714197645024049699e+00 9.210717163085937500e+02
4.717632397406580580e+00 9.307329101562500000e+02
4.721067149789112349e+00 9.370873413085937500e+02
4.724501902171643231e+00 9.490819702148437500e+02
4.727936654554175000e+00 9.596505737304687500e+02
4.731371406936705881e+00 9.760887451171875000e+02
4.734806159319237651e+00 1.001601623535156250e+03
4.738240911701767644e+00 1.035716186523437500e+03
4.741675664084299413e+00 1.098533325195312500e+03
4.745110416466830294e+00 1.207243041992187500e+03
4.748545168849362064e+00 1.431266235351562500e+03
4.751979921231892945e+00 1.934899291992187500e+03
4.755414673614424714e+00 2.944484130859375000e+03
4.758849425996955596e+00 4.742707031250000000e+03
4.762284178379487365e+00 7.235588378906250000e+03
4.765718930762017358e+00 9.136875976562500000e+03
4.769153683144549127e+00 9.341023437500000000e+03
4.772588435527080009e+00 7.504386230468750000e+03
4.776023187909610890e+00 5.155713378906250000e+03
4.779457940292142659e+00 3.159520751953125000e+03
4.782892692674673540e+00 1.979806762695312500e+03
4.786327445057205310e+00 1.456500488281250000e+03
4.789762197439735303e+00 1.219916259765625000e+03
4.793196949822267072e+00 1.104378784179687500e+03
4.796631702204797953e+00 1.048428466796875000e+03
4.800066454587329723e+00 1.012244506835937500e+03
4.803501206969860604e+00 9.860812988281250000e+02
4.806935959352392373e+00 9.722209472656250000e+02
4.810370711734923255e+00 9.601963500976562500e+02
4.813805464117454136e+00 9.499592285156250000e+02
4.817240216499985017e+00 9.392980346679687500e+02
4.820674968882516787e+00 9.431143798828125000e+02
4.824109721265047668e+00 9.456633911132812500e+02
4.827544473647579437e+00 9.503377075195312500e+02
4.830979226030110318e+00 9.374969482421875000e+02
4.834413978412642088e+00 9.288203735351562500e+02
4.837848730795172969e+00 9.230772705078125000e+02
4.841283483177703850e+00 9.278706054687500000e+02
4.844718235560234731e+00 9.279176025390625000e+02
4.848152987942766501e+00 9.212339477539062500e+02
4.851587740325297382e+00 9.199991455078125000e+02
4.855022492707828263e+00 9.209429931640625000e+02
4.858457245090360033e+00 9.159077758789062500e+02
4.861891997472890914e+00 9.069305419921875000e+02
4.865326749855421795e+00 8.999689331054687500e+02
4.868761502237952676e+00 8.913104248046875000e+02
4.872196254620484446e+00 8.793200683593750000e+02
4.875631007003015327e+00 8.715872192382812500e+02
4.879065759385547096e+00 8.693123168945312500e+02
4.882500511768077978e+00 8.712116088867187500e+02
4.885935264150609747e+00 8.712599487304687500e+02
4.889370016533139740e+00 8.730965576171875000e+02
4.892804768915671509e+00 8.738184814453125000e+02
4.896239521298202391e+00 8.746096801757812500e+02
4.899674273680734160e+00 8.836430664062500000e+02
4.903109026063265041e+00 8.930542602539062500e+02
4.906543778445796811e+00 8.961990356445312500e+02
4.909978530828327692e+00 8.930545654296875000e+02
4.913413283210858573e+00 8.904833374023437500e+02
4.916848035593389454e+00 8.872482299804687500e+02
4.920282787975921224e+00 8.898949584960937500e+02
4.923717540358452105e+00 8.866074829101562500e+02
4.927152292740982986e+00 8.937573242187500000e+02
4.930587045123514756e+00 9.003549804687500000e+02
4.934021797506045637e+00 9.046982421875000000e+02
4.937456549888577406e+00 9.020665283203125000e+02
4.940891302271107399e+00 9.036311035156250000e+02
4.944326054653639169e+00 9.078654785156250000e+02
4.947760807036170050e+00 9.104132080078125000e+02
4.951195559418701819e+00 9.134919433593750000e+02
4.954630311801232700e+00 9.186018066406250000e+02
4.958065064183764470e+00 9.276566772460937500e+02
4.961499816566295351e+00 9.338275756835937500e+02
4.964934568948826232e+00 9.433996582031250000e+02
4.968369321331357114e+00 9.522226562500000000e+02
4.971804073713888883e+00 9.635055541992187500e+02
4.975238826096419764e+00 9.643685913085937500e+02
4.978673578478951534e+00 9.692236938476562500e+02
4.982108330861482415e+00 9.712432861328125000e+02
4.985543083244014184e+00 9.853022460937500000e+02
4.988977835626544177e+00 9.987449340820312500e+02
4.992412588009075947e+00 1.017357055664062500e+03
4.995847340391606828e+00 1.042485107421875000e+03
4.999282092774138597e+00 1.089083007812500000e+03
5.002716845156669478e+00 1.119433227539062500e+03
5.006151597539200360e+00 1.119930297851562500e+03
5.009586349921732129e+00 1.114854370117187500e+03
5.013021102304263010e+00 1.128225463867187500e+03
5.016455854686793892e+00 1.162096313476562500e+03
5.019890607069324773e+00 1.203103881835937500e+03
5.023325359451856542e+00 1.268602539062500000e+03
5.026760111834387423e+00 1.373675781250000000e+03
5.030194864216919193e+00 1.557447387695312500e+03
5.033629616599450074e+00 1.885988891601562500e+03
5.037064368981981843e+00 2.547566162109375000e+03
5.040499121364511836e+00 4.037314208984375000e+03
5.043933873747043606e+00 7.085059082031250000e+03
5.047368626129574487e+00 1.295248046875000000e+04
5.050803378512106256e+00 2.196577734375000000e+04
5.054238130894637138e+00 2.946425976562500000e+04
5.057672883277168907e+00 3.152206835937500000e+04
5.061107635659699788e+00 2.625938281250000000e+04
5.064542388042230669e+00 1.777534375000000000e+04
5.067977140424761551e+00 1.012247753906250000e+04
5.071411892807293320e+00 5.504270019531250000e+03
5.074846645189824201e+00 3.205018066406250000e+03
5.078281397572355083e+00 2.191550292968750000e+03
5.081716149954886852e+00 1.720741943359375000e+03
5.085150902337417733e+00 1.476731323242187500e+03
5.088585654719949503e+00 1.340575805664062500e+03
5.092020407102479496e+00 1.259277221679687500e+03
5.095455159485011265e+00 1.209942382812500000e+03
5.098889911867542146e+00 1.167043334960937500e+03
5.102324664250073916e+00 1.137707275390625000e+03
5.105759416632604797e+00 1.107045532226562500e+03
5.109194169015136566e+00 1.085960083007812500e+03
5.112628921397667447e+00 1.066590209960937500e+03
5.116063673780198329e+00 1.052174804687500000e+03
5.119498426162729210e+00 1.032387451171875000e+03
5.122933178545260979e+00 1.018050903320312500e+03
5.126367930927791861e+00 1.005130187988281250e+03
5.129802683310323630e+00 9.916582641601562500e+02
5.133237435692854511e+00 9.785312500000000000e+02
5.136672188075386281e+00 9.748039550781250000e+02
5.140106940457916274e+00 9.661473999023437500e+02
5.143541692840448043e+00 9.559817504882812500e+02
5.146976445222978924e+00 9.508828735351562500e+02
5.150411197605510694e+00 9.444578247070312500e+02
5.153845949988041575e+00 9.404412841796875000e+02
5.157280702370572456e+00 9.280388183593750000e+02
5.160715454753104225e+00 9.298499755859375000e+02
5.164150207135635107e+00 9.294209594726562500e+02
5.167584959518165988e+00 9.331799926757812500e+02
5.171019711900696869e+00 9.234050292968750000e+02
5.174454464283228639e+00 9.174888916015625000e+02
5.177889216665759520e+00 9.094419555664062500e+02
5.181323969048291289e+00 9.095075073242187500e+02
5.184758721430822170e+00 9.034282226562500000e+02
5.188193473813353940e+00 9.082708129882812500e+02
5.191628226195883933e+00 9.112592163085937500e+02
5.195062978578415702e+00 9.169766235351562500e+02
5.198497730960946583e+00 9.068389892578125000e+02
5.201932483343478353e+00 8.986437988281250000e+02
5.205367235726009234e+00 8.958023681640625000e+02
5.208801988108541003e+00 9.022788696289062500e+02
5.212236740491071885e+00 9.083217163085937500e+02
5.215671492873602766e+00 9.081849975585937500e+02
5.219106245256133647e+00 9.030370483398437500e+02
5.222540997638665417e+00 9.042313842773437500e+02
5.225975750021196298e+00 9.072460937500000000e+02
5.229410502403727179e+00 9.129402465820312500e+02
5.232845254786258948e+00 9.170847778320312500e+02
5.236280007168789830e+00 9.224604492187500000e+02
5.239714759551321599e+00 9.278348388671875000e+02
5.243149511933851592e+00 9.248059692382812500e+02
5.246584264316383361e+00 9.197542114257812500e+02
5.250019016698914243e+00 9.306535644531250000e+02
5.253453769081446012e+00 9.412909545898437500e+02
5.256888521463976893e+00 9.512113037109375000e+02
5.260323273846508663e+00 9.497767333984375000e+02
5.263758026229039544e+00 9.578306884765625000e+02
5.267192778611570425e+00 9.657830810546875000e+02
5.270627530994101306e+00 9.779454956054687500e+02
5.274062283376633076e+00 9.847318725585937500e+02
5.277497035759163957e+00 1.000248046875000000e+03
5.280931788141695726e+00 1.022801635742187500e+03
5.284366540524226608e+00 1.043128051757812500e+03
5.287801292906758377e+00 1.060151245117187500e+03
5.291236045289288370e+00 1.077284423828125000e+03
5.294670797671820139e+00 1.107083618164062500e+03
5.298105550054351021e+00 1.158732666015625000e+03
5.301540302436882790e+00 1.241994628906250000e+03
5.304975054819413671e+00 1.373602905273437500e+03
5.308409807201944552e+00 1.613709472656250000e+03
5.311844559584476322e+00 2.099098388671875000e+03
5.315279311967006315e+00 3.160608398437500000e+03
5.318714064349538084e+00 5.529465332031250000e+03
5.322148816732068966e+00 9.693165039062500000e+03
5.325583569114600735e+00 1.577011035156250000e+04
5.329018321497131616e+00 2.131820507812500000e+04
5.332453073879663386e+00 2.273624609375000000e+04
5.335887826262194267e+00 1.858006835937500000e+04
5.339322578644726036e+00 1.211694042968750000e+04
5.342757331027256029e+00 6.840785644531250000e+03
5.346192083409787799e+00 3.759158935546875000e+03
5.349626835792318680e+00 2.355980712890625000e+03
5.353061588174850449e+00 1.734875244140625000e+03
5.356496340557381330e+00 1.450959472656250000e+03
5.359931092939913100e+00 1.303309936523437500e+03
5.363365845322443981e+00 1.213919433593750000e+03
5.366800597704974862e+00 1.155057006835937500e+03
5.370235350087505743e+00 1.117833496093750000e+03
5.373670102470037513e+00 1.099085937500000000e+03
5.377104854852568394e+00 1.081390991210937500e+03
5.380539607235100164e+00 1.059825195312500000e+03
5.383974359617631045e+00 1.038094726562500000e+03
5.387409112000161926e+00 1.022460632324218750e+03
5.390843864382692807e+00 1.001296936035156250e+03
5.394278616765223688e+00 9.861353149414062500e+02
5.397713369147755458e+00 9.735051879882812500e+02
5.401148121530286339e+00 9.695614624023437500e+02
5.404582873912818108e+00 9.648593139648437500e+02
5.408017626295348990e+00 9.637459106445312500e+02
5.411452378677880759e+00 9.652111206054687500e+02
5.414887131060411640e+00 9.565096435546875000e+02
5.418321883442942521e+00 9.519804077148437500e+02
5.421756635825473403e+00 9.459461669921875000e+02
5.425191388208005172e+00 9.472804565429687500e+02
5.428626140590536053e+00 9.386804809570312500e+02
5.432060892973067823e+00 9.352971801757812500e+02
5.435495645355598704e+00 9.331868286132812500e+02
5.438930397738130473e+00 9.360404052734375000e+02
5.442365150120660466e+00 9.315980224609375000e+02
5.445799902503192236e+00 9.233181762695312500e+02
5.449234654885723117e+00 9.211910400390625000e+02
5.452669407268254886e+00 9.104204711914062500e+02
5.456104159650785768e+00 9.026275024414062500e+02
5.459538912033316649e+00 8.982593994140625000e+02
5.462973664415848418e+00 9.010484619140625000e+02
5.466408416798379299e+00 8.976068725585937500e+02
5.469843169180910181e+00 8.948801879882812500e+02
5.473277921563441062e+00 8.992876586914062500e+02
5.476712673945972831e+00 9.059807128906250000e+02
5.480147426328503713e+00 9.026203002929687500e+02
5.483582178711035482e+00 8.969354858398437500e+02
5.487016931093566363e+00 8.972008666992187500e+02
5.490451683476098133e+00 9.032431030273437500e+02
5.493886435858628126e+00 9.065909423828125000e+02
5.497321188241159895e+00 9.041254882812500000e+02
5.500755940623690776e+00 9.006066284179687500e+02
5.504190693006222546e+00 9.000533447265625000e+02
5.507625445388753427e+00 9.100123291015625000e+02
5.511060197771285196e+00 9.238609008789062500e+02
5.514494950153816077e+00 9.280698852539062500e+02
5.517929702536346959e+00 9.285944213867187500e+02
5.521364454918877840e+00 9.263111572265625000e+02
5.524799207301409609e+00 9.237020263671875000e+02
5.528233959683940490e+00 9.282828979492187500e+02
5.531668712066472260e+00 9.343336181640625000e+02
5.535103464449003141e+00 9.421384887695312500e+02
5.538538216831534022e+00 9.504176635742187500e+02
5.541972969214064904e+00 9.659409179687500000e+02
5.545407721596595785e+00 9.715130615234375000e+02
5.548842473979127554e+00 9.765546875000000000e+02
5.552277226361658435e+00 9.952193603515625000e+02
5.555711978744190205e+00 1.022451416015625000e+03
5.559146731126721086e+00 1.058329345703125000e+03
5.562581483509252855e+00 1.111167236328125000e+03
5.566016235891783737e+00 1.210099609375000000e+03
5.569450988274314618e+00 1.396753906250000000e+03
5.572885740656845499e+00 1.781263916015625000e+03
5.576320493039377268e+00 2.627207275390625000e+03
5.579755245421908150e+00 4.277103515625000000e+03
5.583189997804439919e+00 7.416693359375000000e+03
5.586624750186970800e+00 1.103011523437500000e+04
5.590059502569502570e+00 1.372764453125000000e+04
5.593494254952032563e+00 1.357732812500000000e+04
5.596929007334564332e+00 1.093066894531250000e+04
5.600363759717095213e+00 7.247193359375000000e+03
5.603798512099626983e+00 4.185135253906250000e+03
5.607233264482157864e+00 2.478456054687500000e+03
5.610668016864688745e+00 1.701469848632812500e+03
5.614102769247220515e+00 1.365361816406250000e+03
5.617537521629751396e+00 1.206148559570312500e+03
5.620972274012282277e+00 1.111703735351562500e+03
5.624407026394813158e+00 1.054112792968750000e+03
5.627841778777344928e+00 1.015851440429687500e+03
5.631276531159875809e+00 9.976910400390625000e+02
5.634711283542407578e+00 9.886492309570312500e+02
5.638146035924938460e+00 9.784739990234375000e+02
5.641580788307470229e+00 9.616793823242187500e+02
5.645015540690000222e+00 9.499646606445312500e+02
5.648450293072531991e+00 9.407719116210937500e+02
5.651885045455062873e+00 9.309589233398437500e+02
5.655319797837594642e+00 9.245579833984375000e+02
5.658754550220125523e+00 9.180119018554687500e+02
5.662189302602657293e+00 9.116470947265625000e+02
5.665624054985188174e+00 9.125253295898437500e+02
5.669058807367719055e+00 9.124836425781250000e+02
5.672493559750249936e+00 9.019929199218750000e+02
5.675928312132781706e+00 8.942245483398437500e+02
5.679363064515312587e+00 8.893140258789062500e+02
5.682797816897844356e+00 8.904072875976562500e+02
5.686232569280375237e+00 8.877578735351562500e+02
5.689667321662906119e+00 8.843530273437500000e+02
5.693102074045437000e+00 8.761745605468750000e+02
5.696536826427967881e+00 8.733637084960937500e+02
5.699971578810499651e+00 8.734863281250000000e+02
5.703406331193030532e+00 8.766721191406250000e+02
5.706841083575562301e+00 8.741788330078125000e+02
5.710275835958093182e+00 8.723236694335937500e+02
5.713710588340624952e+00 8.662008666992187500e+02
5.717145340723154945e+00 8.665780639648437500e+02
5.720580093105686714e+00 8.643593750000000000e+02
5.724014845488217595e+00 8.640393676757812500e+02
5.727449597870749365e+00 8.569196777343750000e+02
5.730884350253280246e+00 8.570479736328125000e+02
5.734319102635812015e+00 8.621636352539062500e+02
5.737753855018342897e+00 8.660458374023437500e+02
5.741188607400874666e+00 8.658019409179687500e+02
5.744623359783404659e+00 8.562821655273437500e+02
5.748058112165936429e+00 8.529736328125000000e+02
5.751492864548467310e+00 8.507128295898437500e+02
5.754927616930999079e+00 8.493197631835937500e+02
5.758362369313529960e+00 8.536950073242187500e+02
5.761797121696060842e+00 8.541825561523437500e+02
5.765231874078592611e+00 8.641706542968750000e+02
5.768666626461123492e+00 8.630209960937500000e+02
5.772101378843654373e+00 8.631140136718750000e+02
5.775536131226185255e+00 8.616518554687500000e+02
5.778970883608717024e+00 8.625346069335937500e+02
5.782405635991247905e+00 8.652011718750000000e+02
5.785840388373779675e+00 8.698134765625000000e+02
5.789275140756310556e+00 8.686410522460937500e+02
5.792709893138841437e+00 8.716215820312500000e+02
5.796144645521372318e+00 8.758015136718750000e+02
5.799579397903904088e+00 8.799857177734375000e+02
5.803014150286434969e+00 8.797867431640625000e+02
5.806448902668966738e+00 8.808458862304687500e+02
5.809883655051497620e+00 8.814916381835937500e+02
5.813318407434029389e+00 8.885008544921875000e+02
5.816753159816560270e+00 9.124054565429687500e+02
5.820187912199091151e+00 9.582886352539062500e+02
5.823622664581622033e+00 1.045054077148437500e+03
5.827057416964153802e+00 1.207167602539062500e+03
5.830492169346684683e+00 1.514747192382812500e+03
5.833926921729216453e+00 1.947643798828125000e+03
5.837361674111747334e+00 2.488497314453125000e+03
5.840796426494278215e+00 2.839755859375000000e+03
5.844231178876809096e+00 2.845700683593750000e+03
5.847665931259339978e+00 2.335599121093750000e+03
5.851100683641871747e+00 1.736326660156250000e+03
5.854535436024402628e+00 1.287076904296875000e+03
5.857970188406934398e+00 1.065647094726562500e+03
5.861404940789465279e+00 9.670095825195312500e+02
5.864839693171997048e+00 9.172671508789062500e+02
5.868274445554527041e+00 8.940608520507812500e+02
5.871709197937058811e+00 8.810787353515625000e+02
5.875143950319589692e+00 8.734923706054687500e+02
5.878578702702121461e+00 8.651638793945312500e+02
5.882013455084652342e+00 8.580741577148437500e+02
5.885448207467184112e+00 8.561748046875000000e+02
5.888882959849714993e+00 8.590667724609375000e+02
5.892317712232246762e+00 8.608264770507812500e+02
5.895752464614776756e+00 8.624719238281250000e+02
5.899187216997308525e+00 8.625386352539062500e+02
5.902621969379839406e+00 8.631373901367187500e+02
5.906056721762371176e+00 8.608996582031250000e+02
5.909491474144902057e+00 8.577009887695312500e+02
5.912926226527432938e+00 8.551870727539062500e+02
5.916360978909964707e+00 8.562751464843750000e+02
5.919795731292495589e+00 8.527917480468750000e+02
5.923230483675026470e+00 8.566837158203125000e+02
5.926665236057557351e+00 8.491762084960937500e+02
5.930099988440089120e+00 8.478069458007812500e+02
5.933534740822620002e+00 8.492056274414062500e+02
5.936969493205151771e+00 8.514689331054687500e+02
5.940404245587682652e+00 8.513845825195312500e+02
5.943838997970213534e+00 8.534390258789062500e+02
5.947273750352744415e+00 8.562920532226562500e+02
5.950708502735276184e+00 8.570205688476562500e+02
5.954143255117807065e+00 8.579576416015625000e+02
5.957578007500338835e+00 8.562905883789062500e+02
5.961012759882869716e+00 8.509023437500000000e+02
5.964447512265401485e+00 8.478743896484375000e+02
5.967882264647932367e+00 8.486517944335937500e+02
5.971317017030463248e+00 8.503768310546875000e+02
5.974751769412994129e+00 8.527721557617187500e+02
5.978186521795525898e+00 8.586049194335937500e+02
5.981621274178056780e+00 8.642167968750000000e+02
5.985056026560588549e+00 8.677513427734375000e+02
5.988490778943119430e+00 8.696000976562500000e+02
5.991925531325650311e+00 8.684428710937500000e+02
5.995360283708181193e+00 8.668360595703125000e+02
5.998795036090712074e+00 8.642005004882812500e+02
6.002229788473243843e+00 8.660736694335937500e+02
6.005664540855774725e+00 8.749652099609375000e+02
6.009099293238306494e+00 8.793882446289062500e+02
6.012534045620837375e+00 8.824321899414062500e+02
6.015968798003369145e+00 8.875720214843750000e+02
6.019403550385899138e+00 8.965930786132812500e+02
6.022838302768430907e+00 9.045295410156250000e+02
6.026273055150961788e+00 9.028980102539062500e+02
6.029707807533493558e+00 9.054290161132812500e+02
6.033142559916024439e+00 9.084741210937500000e+02
6.036577312298556208e+00 9.180029907226562500e+02
6.040012064681087089e+00 9.287934570312500000e+02
6.043446817063618859e+00 9.424631347656250000e+02
6.046881569446148852e+00 9.600502929687500000e+02
6.050316321828680621e+00 9.896447143554687500e+02
6.053751074211211503e+00 1.050949951171875000e+03
6.057185826593743272e+00 1.157506225585937500e+03
6.060620578976274153e+00 1.384462768554687500e+03
6.064055331358805923e+00 1.848604980468750000e+03
6.067490083741336804e+00 2.799839111328125000e+03
6.070924836123867685e+00 4.452128906250000000e+03
6.074359588506398566e+00 6.556570312500000000e+03
6.077794340888929447e+00 8.524746093750000000e+03
6.081229093271461217e+00 9.035677734375000000e+03
6.084663845653992098e+00 7.688353027343750000e+03
6.088098598036523867e+00 5.261508300781250000e+03
6.091533350419054749e+00 3.154808349609375000e+03
6.094968102801585630e+00 1.994257324218750000e+03
6.098402855184116511e+00 1.431063720703125000e+03
6.101837607566648281e+00 1.188135742187500000e+03
6.105272359949179162e+00 1.071483398437500000e+03
6.108707112331710931e+00 1.008610839843750000e+03
6.112141864714241812e+00 9.714615478515625000e+02
6.115576617096773582e+00 9.504644165039062500e+02
6.119011369479304463e+00 9.376028442382812500e+02
6.122446121861835344e+00 9.267456665039062500e+02
6.125880874244366225e+00 9.135873413085937500e+02
6.129315626626897995e+00 9.100643310546875000e+02
6.132750379009428876e+00 9.109523315429687500e+02
6.136185131391960645e+00 9.131262207031250000e+02
6.139619883774491527e+00 9.085413818359375000e+02
6.143054636157022408e+00 9.000559082031250000e+02
6.146489388539553289e+00 8.892868041992187500e+02
6.149924140922085058e+00 8.885866088867187500e+02
6.153358893304615940e+00 8.881387939453125000e+02
6.156793645687146821e+00 8.866353759765625000e+02
6.160228398069678590e+00 8.809878540039062500e+02
6.163663150452209472e+00 8.801926269531250000e+02
6.167097902834741241e+00 8.805477294921875000e+02
6.170532655217271234e+00 8.771632690429687500e+02
6.173967407599803003e+00 8.752022705078125000e+02
6.177402159982333885e+00 8.708869628906250000e+02
6.180836912364865654e+00 8.704537353515625000e+02
6.184271664747396535e+00 8.720878906250000000e+02
6.187706417129928305e+00 8.744417724609375000e+02
6.191141169512459186e+00 8.740837402343750000e+02
6.194575921894990067e+00 8.686050415039062500e+02
6.198010674277520948e+00 8.744328613281250000e+02
6.201445426660052718e+00 8.813500366210937500e+02
6.204880179042583599e+00 8.841948852539062500e+02
6.208314931425115368e+00 8.854936523437500000e+02
6.211749683807646250e+00 8.903968505859375000e+02
6.215184436190178019e+00 8.949135742187500000e+02
6.218619188572708900e+00 8.940174560546875000e+02
6.222053940955239781e+00 8.921253662109375000e+02
6.225488693337770663e+00 8.969222412109375000e+02
6.228923445720301544e+00 8.995458374023437500e+02
6.232358198102833313e+00 9.104218750000000000e+02
6.235792950485364194e+00 9.092540893554687500e+02
6.239227702867895964e+00 9.134948730468750000e+02
6.242662455250426845e+00 9.140196533203125000e+02
6.246097207632957726e+00 9.242982788085937500e+02
6.249531960015488607e+00 9.279142456054687500e+02
6.252966712398020377e+00 9.354744873046875000e+02
6.256401464780551258e+00 9.447805786132812500e+02
6.259836217163083028e+00 9.562514648437500000e+02
6.263270969545613909e+00 9.687105712890625000e+02
6.266705721928145678e+00 9.806673583984375000e+02
6.270140474310675671e+00 1.003729736328125000e+03
6.273575226693207441e+00 1.037050659179687500e+03
6.277009979075738322e+00 1.082314941406250000e+03
6.280444731458270091e+00 1.139338256835937500e+03
6.283879483840800972e+00 1.241668090820312500e+03
6.287314236223332742e+00 1.449033935546875000e+03
6.290748988605863623e+00 1.872004638671875000e+03
6.294183740988394504e+00 2.772381347656250000e+03
6.297618493370925385e+00 4.613406250000000000e+03
6.301053245753457155e+00 7.640610351562500000e+03
6.304487998135988036e+00 1.151909375000000000e+04
6.307922750518518917e+00 1.486031738281250000e+04
6.311357502901050687e+00 1.602297851562500000e+04
6.314792255283581568e+00 1.385508203125000000e+04
6.318227007666113337e+00 9.662682617187500000e+03
6.321661760048643330e+00 5.632352539062500000e+03
6.325096512431175100e+00 3.237072021484375000e+03
6.328531264813705981e+00 2.044791137695312500e+03
6.331966017196237750e+00 1.535019531250000000e+03
6.335400769578768632e+00 1.295552124023437500e+03
6.338835521961300401e+00 1.173963256835937500e+03
6.342270274343831282e+00 1.094931518554687500e+03
6.345705026726362163e+00 1.043434692382812500e+03
6.349139779108893045e+00 1.009946655273437500e+03
6.352574531491424814e+00 9.883888549804687500e+02
6.356009283873955695e+00 9.728590087890625000e+02
6.359444036256487465e+00 9.644612426757812500e+02
6.362878788639018346e+00 9.552901000976562500e+02
6.366313541021550115e+00 9.475242919921875000e+02
6.369748293404080997e+00 9.396022338867187500e+02
6.373183045786611878e+00 9.308859863281250000e+02
6.376617798169142759e+00 9.248760375976562500e+02
6.380052550551673640e+00 9.126783447265625000e+02
6.383487302934205410e+00 9.098659667968750000e+02
6.386922055316736291e+00 8.997556762695312500e+02
6.390356807699268060e+00 8.962914428710937500e+02
6.393791560081798941e+00 8.842593383789062500e+02
6.397226312464329823e+00 8.775187988281250000e+02
6.400661064846860704e+00 8.728690185546875000e+02
6.404095817229392473e+00 8.775073242187500000e+02
6.407530569611923355e+00 8.815800781250000000e+02
6.410965321994455124e+00 8.727335205078125000e+02
6.414400074376986005e+00 8.654866333007812500e+02
6.417834826759517775e+00 8.556972656250000000e+02
6.421269579142047768e+00 8.585916748046875000e+02
6.424704331524579537e+00 8.534143066406250000e+02
6.428139083907110418e+00 8.481970825195312500e+02
6.431573836289642188e+00 8.348441162109375000e+02
6.435008588672173069e+00 8.292671508789062500e+02
6.438443341054704838e+00 8.307174682617187500e+02
6.441878093437235719e+00 8.361743774414062500e+02
6.445312845819766601e+00 8.337188720703125000e+02
6.448747598202297482e+00 8.307373046875000000e+02
6.452182350584829251e+00 8.256978759765625000e+02
6.455617102967360132e+00 8.251157226562500000e+02
6.459051855349891014e+00 8.215831298828125000e+02
6.462486607732422783e+00 8.282850952148437500e+02
6.465921360114953664e+00 8.326006469726562500e+02
6.469356112497485434e+00 8.351801757812500000e+02
6.472790864880015427e+00 8.330374145507812500e+02
6.476225617262547196e+00 8.350785522460937500e+02
6.479660369645078077e+00 8.285996704101562500e+02
6.483095122027609847e+00 8.220264892578125000e+02
6.486529874410140728e+00 8.255849609375000000e+02
6.489964626792672497e+00 8.324711914062500000e+02
6.493399379175203379e+00 8.298662109375000000e+02
6.496834131557734260e+00 8.268058471679687500e+02
6.500268883940265141e+00 8.328502197265625000e+02
6.503703636322796910e+00 8.398361816406250000e+02
6.507138388705327792e+00 8.391059570312500000e+02
6.510573141087859561e+00 8.362386474609375000e+02
6.514007893470390442e+00 8.392773437500000000e+02
6.517442645852922212e+00 8.316607666015625000e+02
6.520877398235453093e+00 8.235618896484375000e+02
6.524312150617983974e+00 8.224326782226562500e+02
6.527746903000514855e+00 8.292852172851562500e+02
6.531181655383045737e+00 8.254077148437500000e+02
6.534616407765577506e+00 8.180006713867187500e+02
6.538051160148108387e+00 8.144583129882812500e+02
6.541485912530640157e+00 8.124363403320312500e+02
6.544920664913171038e+00 8.179970092773437500e+02
6.548355417295701919e+00 8.216186523437500000e+02
6.551790169678232800e+00 8.227070922851562500e+02
6.555224922060764570e+00 8.164297485351562500e+02
6.558659674443295451e+00 8.134498901367187500e+02
6.562094426825827220e+00 8.081663818359375000e+02
6.565529179208358102e+00 8.147356567382812500e+02
6.568963931590889871e+00 8.176781616210937500e+02
6.572398683973419864e+00 8.175672607421875000e+02
6.575833436355951633e+00 8.166835327148437500e+02
6.579268188738482515e+00 8.128097534179687500e+02
6.582702941121014284e+00 8.124703369140625000e+02
6.586137693503545165e+00 8.115416259765625000e+02
6.589572445886076935e+00 8.111009521484375000e+02
6.593007198268607816e+00 8.018031005859375000e+02
6.596441950651138697e+00 7.989541015625000000e+02
6.599876703033669578e+00 8.071885986328125000e+02
6.603311455416201348e+00 8.108734130859375000e+02
6.606746207798732229e+00 8.133389282226562500e+02
6.610180960181263110e+00 8.140547485351562500e+02
6.613615712563794879e+00 8.145410156250000000e+02
6.617050464946325761e+00 8.100787353515625000e+02
6.620485217328857530e+00 8.147811279296875000e+02
6.623919969711387523e+00 8.207983398437500000e+02
6.627354722093919293e+00 8.212651977539062500e+02
6.630789474476450174e+00 8.122875976562500000e+02
6.634224226858981943e+00 8.096674804687500000e+02
6.637658979241512824e+00 8.090212402343750000e+02
6.641093731624044594e+00 8.079862670898437500e+02
6.644528484006575475e+00 8.127298583984375000e+02
6.647963236389106356e+00 8.186840820312500000e+02
6.651397988771637237e+00 8.229993896484375000e+02
6.654832741154169007e+00 8.212369995117187500e+02
6.658267493536699888e+00 8.206439819335937500e+02
6.661702245919231657e+00 8.250001220703125000e+02
6.665136998301762539e+00 8.291411743164062500e+02
6.668571750684294308e+00 8.270563964843750000e+02
6.672006503066824301e+00 8.199737548828125000e+02
6.675441255449356071e+00 8.181802368164062500e+02
6.678876007831886952e+00 8.170316162109375000e+02
6.682310760214417833e+00 8.172665405273437500e+02
6.685745512596949602e+00 8.159948730468750000e+02
6.689180264979480484e+00 8.215034790039062500e+02
6.692615017362012253e+00 8.279763183593750000e+02
6.696049769744543134e+00 8.370510864257812500e+02
6.699484522127074015e+00 8.403044433593750000e+02
6.702919274509604897e+00 8.430325927734375000e+02
6.706354026892136666e+00 8.400790405273437500e+02
6.709788779274667547e+00 8.387547607421875000e+02
6.713223531657199317e+00 8.421918334960937500e+02
6.716658284039730198e+00 8.535432128906250000e+02
6.720093036422261967e+00 8.716292114257812500e+02
6.723527788804791960e+00 9.034114990234375000e+02
6.726962541187323730e+00 9.655555419921875000e+02
6.730397293569854611e+00 1.100865844726562500e+03
6.733832045952386380e+00 1.398878906250000000e+03
6.737266798334917262e+00 1.886399414062500000e+03
6.740701550717449031e+00 2.578801269531250000e+03
6.744136303099979912e+00 3.229252441406250000e+03
6.747571055482510793e+00 3.399192871093750000e+03
6.751005807865041675e+00 2.988696044921875000e+03
6.754440560247573444e+00 2.266265136718750000e+03
6.757875312630104325e+00 1.630636352539062500e+03
6.761310065012635206e+00 1.204704345703125000e+03
6.764744817395166976e+00 1.025074462890625000e+03
6.768179569777697857e+00 9.377036743164062500e+02
6.771614322160229626e+00 8.978779296875000000e+02
6.775049074542759620e+00 8.770675659179687500e+02
6.778483826925291389e+00 8.736378173828125000e+02
6.781918579307822270e+00 8.670157470703125000e+02
6.785353331690354040e+00 8.632006835937500000e+02
6.788788084072884921e+00 8.557136230468750000e+02
6.792222836455416690e+00 8.482348022460937500e+02
6.795657588837947571e+00 8.416447143554687500e+02
6.799092341220478453e+00 8.395469360351562500e+02
6.802527093603009334e+00 8.391380615234375000e+02
6.805961845985541103e+00 8.364838256835937500e+02
6.809396598368071984e+00 8.332573852539062500e+02
6.812831350750603754e+00 8.306375732421875000e+02
6.816266103133134635e+00 8.321271362304687500e+02
6.819700855515666404e+00 8.298246459960937500e+02
6.823135607898196398e+00 8.348892211914062500e+02
6.826570360280728167e+00 8.409294433593750000e+02
6.830005112663259048e+00 8.484525756835937500e+02
6.833439865045790818e+00 8.497879028320312500e+02
6.836874617428321699e+00 8.541080322265625000e+02
6.840309369810852580e+00 8.569671020507812500e+02
6.843744122193384349e+00 8.588635864257812500e+02
6.847178874575915231e+00 8.608986816406250000e+02
6.850613626958446112e+00 8.621818847656250000e+02
6.854048379340976993e+00 8.628152465820312500e+02
6.857483131723508762e+00 8.628986206054687500e+02
6.860917884106039644e+00 8.654748535156250000e+02
6.864352636488571413e+00 8.664994506835937500e+02
6.867787388871102294e+00 8.692077026367187500e+02
6.871222141253634064e+00 8.682978515625000000e+02
6.874656893636164057e+00 8.658576660156250000e+02
6.878091646018695826e+00 8.685382690429687500e+02
6.881526398401226707e+00 8.777426147460937500e+02
6.884961150783758477e+00 8.851359863281250000e+02
6.888395903166289358e+00 8.905359497070312500e+02
6.891830655548821127e+00 8.887589111328125000e+02
6.895265407931352009e+00 8.955281372070312500e+02
6.898700160313882890e+00 9.012016601562500000e+02
6.902134912696413771e+00 9.070266113281250000e+02
6.905569665078945540e+00 9.148877563476562500e+02
6.909004417461476422e+00 9.344324340820312500e+02
6.912439169844007303e+00 9.486079711914062500e+02
6.915873922226539072e+00 9.674293823242187500e+02
6.919308674609069953e+00 9.885681152343750000e+02
6.922743426991601723e+00 1.016542175292968750e+03
6.926178179374131716e+00 1.068397338867187500e+03
6.929612931756663485e+00 1.164531982421875000e+03
6.933047684139194367e+00 1.354552246093750000e+03
6.936482436521726136e+00 1.734194824218750000e+03
6.939917188904257017e+00 2.525725097656250000e+03
6.943351941286788787e+00 4.084031005859375000e+03
6.946786693669319668e+00 6.673285156250000000e+03
6.950221446051850549e+00 9.775861328125000000e+03
6.953656198434381430e+00 1.242812011718750000e+04
6.957090950816913200e+00 1.275394335937500000e+04
6.960525703199444081e+00 1.045400000000000000e+04
6.963960455581975850e+00 6.897007324218750000e+03
6.967395207964506731e+00 4.024823242187500000e+03
6.970829960347038501e+00 2.403396972656250000e+03
6.974264712729568494e+00 1.669154174804687500e+03
6.977699465112100263e+00 1.339061401367187500e+03
6.981134217494631145e+00 1.186163330078125000e+03
6.984568969877162914e+00 1.097024169921875000e+03
6.988003722259693795e+00 1.045329101562500000e+03
6.991438474642224676e+00 1.014282043457031250e+03
6.994873227024756446e+00 9.937882080078125000e+02
6.998307979407287327e+00 9.741198730468750000e+02
7.001742731789818208e+00 9.591151733398437500e+02
7.005177484172349089e+00 9.397094116210937500e+02
7.008612236554880859e+00 9.227371215820312500e+02
7.012046988937411740e+00 9.080198364257812500e+02
7.015481741319943509e+00 9.029072265625000000e+02
7.018916493702474391e+00 9.025076904296875000e+02
7.022351246085006160e+00 8.990092773437500000e+02
7.025785998467536153e+00 8.963967285156250000e+02
7.029220750850067922e+00 8.922411499023437500e+02
7.032655503232598804e+00 8.941224975585937500e+02
7.036090255615130573e+00 8.961582031250000000e+02
7.039525007997661454e+00 8.910387573242187500e+02
7.042959760380193224e+00 8.894407958984375000e+02
7.046394512762724105e+00 8.891080932617187500e+02
7.049829265145254986e+00 8.896222534179687500e+02
7.053264017527785867e+00 8.809468383789062500e+02
7.056698769910317637e+00 8.717518310546875000e+02
7.060133522292848518e+00 8.683807373046875000e+02
7.063568274675379399e+00 8.659745483398437500e+02
7.067003027057911169e+00 8.685075683593750000e+02
7.070437779440442050e+00 8.737990112304687500e+02
7.073872531822972931e+00 8.783494873046875000e+02
7.077307284205503812e+00 8.771394653320312500e+02
7.080742036588035582e+00 8.720142211914062500e+02
7.084176788970566463e+00 8.754060668945312500e+02
7.087611541353098232e+00 8.794849243164062500e+02
7.091046293735629114e+00 8.844555053710937500e+02
7.094481046118160883e+00 8.897453613281250000e+02
7.097915798500691764e+00 8.986878051757812500e+02
7.101350550883222645e+00 9.068421630859375000e+02
7.104785303265753527e+00 9.129466552734375000e+02
7.108220055648285296e+00 9.194680786132812500e+02
7.111654808030816177e+00 9.294642944335937500e+02
7.115089560413347947e+00 9.410908203125000000e+02
7.118524312795878828e+00 9.558351440429687500e+02
7.121959065178410597e+00 9.817698974609375000e+02
7.125393817560940590e+00 1.020079223632812500e+03
7.128828569943472360e+00 1.080338012695312500e+03
7.132263322326003241e+00 1.178502929687500000e+03
7.135698074708535010e+00 1.376533569335937500e+03
7.139132827091065892e+00 1.800028442382812500e+03
7.142567579473596773e+00 2.677810546875000000e+03
7.146002331856128542e+00 4.333030273437500000e+03
7.149437084238658535e+00 6.857282714843750000e+03
7.152871836621190305e+00 9.692350585937500000e+03
7.156306589003721186e+00 1.188485156250000000e+04
7.159741341386252955e+00 1.144290527343750000e+04
7.163176093768782948e+00 9.068125000000000000e+03
7.166610846151314718e+00 5.751252929687500000e+03
7.170045598533845599e+00 3.483964599609375000e+03
7.173480350916377368e+00 2.127253906250000000e+03
7.176915103298908249e+00 1.534532836914062500e+03
7.180349855681440019e+00 1.264449218750000000e+03
7.183784608063970900e+00 1.135022338867187500e+03
7.187219360446502670e+00 1.060291137695312500e+03
7.190654112829033551e+00 1.011318725585937500e+03
7.194088865211565320e+00 9.805159912109375000e+02
7.197523617594096201e+00 9.587999267578125000e+02
7.200958369976627971e+00 9.432180786132812500e+02
7.204393122359158852e+00 9.265552368164062500e+02
7.207827874741689733e+00 9.216992797851562500e+02
7.211262627124221503e+00 9.124867553710937500e+02
7.214697379506751496e+00 8.994031372070312500e+02
7.218132131889282377e+00 8.856651000976562500e+02
7.221566884271814146e+00 8.779327392578125000e+02
7.225001636654345027e+00 8.737947387695312500e+02
7.228436389036875909e+00 8.705786132812500000e+02
7.231871141419407678e+00 8.774232788085937500e+02
7.235305893801938559e+00 8.743669433593750000e+02
7.238740646184470329e+00 8.679118652343750000e+02
7.242175398567001210e+00 8.550642089843750000e+02
7.245610150949532979e+00 8.503693237304687500e+02
7.249044903332063861e+00 8.511334838867187500e+02
7.252479655714595630e+00 8.508330688476562500e+02
7.255914408097126511e+00 8.433126831054687500e+02
7.259349160479658281e+00 8.344774780273437500e+02
7.262783912862187385e+00 8.355183715820312500e+02
7.266218665244719155e+00 8.388528442382812500e+02
7.269653417627250036e+00 8.463261108398437500e+02
7.273088170009781805e+00 8.492556762695312500e+02
7.276522922392312687e+00 8.512013549804687500e+02
7.279957674774844456e+00 8.441290283203125000e+02
7.283392427157375337e+00 8.397849731445312500e+02
7.286827179539907107e+00 8.368985595703125000e+02
7.290261931922437988e+00 8.354995117187500000e+02
7.293696684304968869e+00 8.409302368164062500e+02
7.297131436687500639e+00 8.478076782226562500e+02
7.300566189070031520e+00 8.534257202148437500e+02
7.304000941452563289e+00 8.474345092773437500e+02
7.307435693835094170e+00 8.447647705078125000e+02
7.310870446217625940e+00 8.493164062500000000e+02
7.314305198600155045e+00 8.588049316406250000e+02
7.317739950982686814e+00 8.697678833007812500e+02
7.321174703365217695e+00 8.823054809570312500e+02
7.324609455747749465e+00 8.966423339843750000e+02
7.328044208130280346e+00 9.223060302734375000e+02
7.331478960512812115e+00 9.776350708007812500e+02
7.334913712895342996e+00 1.099077758789062500e+03
7.338348465277874766e+00 1.346284057617187500e+03
7.341783217660405647e+00 1.804376586914062500e+03
7.345217970042937417e+00 2.528541748046875000e+03
7.348652722425468298e+00 3.454989257812500000e+03
7.352087474808000067e+00 4.201708007812500000e+03
7.355522227190530948e+00 4.339693847656250000e+03
7.358956979573061830e+00 3.784751708984375000e+03
7.362391731955593599e+00 2.783470214843750000e+03
7.365826484338123592e+00 1.907526123046875000e+03
7.369261236720654473e+00 1.360515502929687500e+03
7.372695989103186243e+00 1.102046630859375000e+03
7.376130741485717124e+00 9.873944702148437500e+02
7.379565493868248005e+00 9.268115844726562500e+02
7.383000246250779774e+00 8.977974243164062500e+02
7.386434998633310656e+00 8.774577636718750000e+02
7.389869751015842425e+00 8.653629150390625000e+02
7.393304503398373306e+00 8.566950073242187500e+02
7.396739255780905076e+00 8.465993041992187500e+02
7.400174008163435957e+00 8.384582519531250000e+02
7.403608760545967726e+00 8.346690063476562500e+02
7.407043512928498608e+00 8.339173583984375000e+02
7.410478265311030377e+00 8.369857788085937500e+02
7.413913017693559482e+00 8.359413452148437500e+02
7.417347770076091251e+00 8.397201538085937500e+02
7.420782522458622132e+00 8.411225585937500000e+02
7.424217274841153902e+00 8.420543212890625000e+02
7.427652027223684783e+00 8.393113403320312500e+02
7.431086779606216552e+00 8.370297241210937500e+02
7.434521531988747434e+00 8.308418579101562500e+02
7.437956284371279203e+00 8.252111816406250000e+02
