# # sector 14: chi = -35.01 deg (range [-40, -30))
# # columns: 2theta(deg)  intensity
9.943608147427778210e-01 3.160594482421875000e+03
9.977955671253089243e-01 3.149138671875000000e+03
1.001230319507840250e+00 3.162793212890625000e+03
1.004665071890371353e+00 3.177412109375000000e+03
1.008099824272902678e+00 3.174072998046875000e+03
1.011534576655433781e+00 3.158308105468750000e+03
1.014969329037964885e+00 3.155507324218750000e+03
1.018404081420495988e+00 3.159961181640625000e+03
1.021838833803027313e+00 3.179145751953125000e+03
1.025273586185558417e+00 3.167973144531250000e+03
1.028708338568089520e+00 3.156450927734375000e+03
1.032143090950620845e+00 3.130934570312500000e+03
1.035577843333151948e+00 3.120040527343750000e+03
1.039012595715683274e+00 3.101604736328125000e+03
1.042447348098214377e+00 3.098291748046875000e+03
1.045882100480745702e+00 3.099568359375000000e+03
1.049316852863276806e+00 3.088851318359375000e+03
1.052751605245807909e+00 3.096642578125000000e+03
1.056186357628339012e+00 3.097148925781250000e+03
1.059621110010870337e+00 3.106629882812500000e+03
1.063055862393401441e+00 3.092142333984375000e+03
1.066490614775932544e+00 3.090106689453125000e+03
1.069925367158463869e+00 3.100281494140625000e+03
1.073360119540994972e+00 3.106839843750000000e+03
1.076794871923526298e+00 3.099593994140625000e+03
1.080229624306057401e+00 3.094610839843750000e+03
1.083664376688588726e+00 3.098481933593750000e+03
1.087099129071119830e+00 3.106414306640625000e+03
1.090533881453650933e+00 3.110215087890625000e+03
1.093968633836182036e+00 3.110515380859375000e+03
1.097403386218713361e+00 3.115954101562500000e+03
1.100838138601244465e+00 3.108768310546875000e+03
1.104272890983775568e+00 3.095279541015625000e+03
1.107707643366306893e+00 3.073944580078125000e+03
1.111142395748837997e+00 3.068355468750000000e+03
1.114577148131369322e+00 3.071321044921875000e+03
1.118011900513900425e+00 3.079885986328125000e+03
1.121446652896431750e+00 3.097800292968750000e+03
1.124881405278962854e+00 3.094702636718750000e+03
1.128316157661493957e+00 3.093259521484375000e+03
1.131750910044025060e+00 3.084377929687500000e+03
1.135185662426556386e+00 3.093564208984375000e+03
1.138620414809087489e+00 3.103370605468750000e+03
1.142055167191618592e+00 3.105082763671875000e+03
1.145489919574149917e+00 3.104877441406250000e+03
1.148924671956681021e+00 3.096384765625000000e+03
1.152359424339212346e+00 3.093186035156250000e+03
1.155794176721743449e+00 3.088604248046875000e+03
1.159228929104274775e+00 3.093458740234375000e+03
1.162663681486805878e+00 3.100179931640625000e+03
1.166098433869336981e+00 3.100933349609375000e+03
1.169533186251868084e+00 3.085619384765625000e+03
1.172967938634399410e+00 3.082218017578125000e+03
1.176402691016930513e+00 3.079987304687500000e+03
1.179837443399461616e+00 3.061425781250000000e+03
1.183272195781992941e+00 3.038437255859375000e+03
1.186706948164524045e+00 3.029902099609375000e+03
1.190141700547055370e+00 3.053447998046875000e+03
1.193576452929586473e+00 3.072208740234375000e+03
1.197011205312117799e+00 3.090465332031250000e+03
1.200445957694648902e+00 3.102279541015625000e+03
1.203880710077180005e+00 3.103288085937500000e+03
1.207315462459711108e+00 3.091200195312500000e+03
1.210750214842242434e+00 3.078131103515625000e+03
1.214184967224773537e+00 3.069115234375000000e+03
1.217619719607304640e+00 3.067230712890625000e+03
1.221054471989835966e+00 3.061648925781250000e+03
1.224489224372367069e+00 3.071422363281250000e+03
1.227923976754898394e+00 3.099884765625000000e+03
1.231358729137429497e+00 3.118024169921875000e+03
1.234793481519960823e+00 3.112632080078125000e+03
1.238228233902491926e+00 3.093235351562500000e+03
1.241662986285023029e+00 3.088520507812500000e+03
1.245097738667554133e+00 3.089204833984375000e+03
1.248532491050085236e+00 3.080142822265625000e+03
1.251967243432616561e+00 3.080014160156250000e+03
1.255401995815147664e+00 3.095609863281250000e+03
1.258836748197678990e+00 3.106128173828125000e+03
1.262271500580210093e+00 3.095693603515625000e+03
1.265706252962741418e+00 3.094433105468750000e+03
1.269141005345272522e+00 3.104061279296875000e+03
1.272575757727803847e+00 3.121768310546875000e+03
1.276010510110334950e+00 3.115410888671875000e+03
1.279445262492866053e+00 3.096392333984375000e+03
1.282880014875397157e+00 3.074924072265625000e+03
1.286314767257928260e+00 3.055240234375000000e+03
1.289749519640459585e+00 3.053778808593750000e+03
1.293184272022990688e+00 3.049579589843750000e+03
1.296619024405522014e+00 3.050890869140625000e+03
1.300053776788053117e+00 3.046334228515625000e+03
1.303488529170584442e+00 3.049374267578125000e+03
1.306923281553115546e+00 3.046190917968750000e+03
1.310358033935646871e+00 3.052162597656250000e+03
1.313792786318177974e+00 3.063825195312500000e+03
1.317227538700709077e+00 3.079949707031250000e+03
1.320662291083240181e+00 3.068392578125000000e+03
1.324097043465771284e+00 3.053846435546875000e+03
1.327531795848302609e+00 3.035901611328125000e+03
1.330966548230833713e+00 3.044238281250000000e+03
1.334401300613365038e+00 3.047956787109375000e+03
1.337836052995896141e+00 3.053218505859375000e+03
1.341270805378427466e+00 3.056734375000000000e+03
1.344705557760958570e+00 3.055710693359375000e+03
1.348140310143489895e+00 3.054075683593750000e+03
1.351575062526020998e+00 3.056530273437500000e+03
1.355009814908552102e+00 3.066650146484375000e+03
1.358444567291083205e+00 3.062465087890625000e+03
1.361879319673614308e+00 3.032172851562500000e+03
1.365314072056145633e+00 3.008065185546875000e+03
1.368748824438676737e+00 3.004895996093750000e+03
1.372183576821208062e+00 3.007103515625000000e+03
1.375618329203739165e+00 3.003512207031250000e+03
1.379053081586270491e+00 3.004970458984375000e+03
1.382487833968801594e+00 3.017488769531250000e+03
1.385922586351332919e+00 3.022192626953125000e+03
1.389357338733864022e+00 3.013708740234375000e+03
1.392792091116395126e+00 3.002647216796875000e+03
1.396226843498926229e+00 2.994056884765625000e+03
1.399661595881457332e+00 2.989952880859375000e+03
1.403096348263988657e+00 2.993064941406250000e+03
1.406531100646519761e+00 2.994193603515625000e+03
1.409965853029051086e+00 2.997868164062500000e+03
1.413400605411582189e+00 3.003708984375000000e+03
1.416835357794113515e+00 3.001968750000000000e+03
1.420270110176644618e+00 2.989702392578125000e+03
1.423704862559175943e+00 2.988817626953125000e+03
1.427139614941707046e+00 3.001626464843750000e+03
1.430574367324238150e+00 3.003377197265625000e+03
1.434009119706769253e+00 2.984941162109375000e+03
1.437443872089300356e+00 2.974727539062500000e+03
1.440878624471831682e+00 2.981251220703125000e+03
1.444313376854362785e+00 2.998578369140625000e+03
1.447748129236894110e+00 2.994420654296875000e+03
1.451182881619425213e+00 2.995307373046875000e+03
1.454617634001956539e+00 2.980356689453125000e+03
1.458052386384487642e+00 2.982731689453125000e+03
1.461487138767018967e+00 2.977367187500000000e+03
1.464921891149550071e+00 2.972049804687500000e+03
1.468356643532081174e+00 2.968923339843750000e+03
1.471791395914612277e+00 2.973364501953125000e+03
1.475226148297143380e+00 2.976707031250000000e+03
1.478660900679674706e+00 2.960841796875000000e+03
1.482095653062205809e+00 2.936044433593750000e+03
1.485530405444737134e+00 2.925474121093750000e+03
1.488965157827268238e+00 2.924940429687500000e+03
1.492399910209799563e+00 2.927129150390625000e+03
1.495834662592330666e+00 2.925825927734375000e+03
1.499269414974861991e+00 2.923058349609375000e+03
1.502704167357393095e+00 2.923692138671875000e+03
1.506138919739924198e+00 2.919651367187500000e+03
1.509573672122455301e+00 2.932992919921875000e+03
1.513008424504986404e+00 2.940048095703125000e+03
1.516443176887517730e+00 2.943570068359375000e+03
1.519877929270048833e+00 2.935353027343750000e+03
1.523312681652580158e+00 2.933984130859375000e+03
1.526747434035111262e+00 2.931676513671875000e+03
1.530182186417642587e+00 2.940319824218750000e+03
1.533616938800173690e+00 2.945870605468750000e+03
1.537051691182705015e+00 2.948252929687500000e+03
1.540486443565236119e+00 2.938711181640625000e+03
1.543921195947767222e+00 2.934392578125000000e+03
1.547355948330298325e+00 2.923354003906250000e+03
1.550790700712829429e+00 2.934455810546875000e+03
1.554225453095360754e+00 2.931288330078125000e+03
1.557660205477891857e+00 2.931124755859375000e+03
1.561094957860423182e+00 2.913638427734375000e+03
1.564529710242954286e+00 2.922768310546875000e+03
1.567964462625485611e+00 2.931066894531250000e+03
1.571399215008016714e+00 2.947421875000000000e+03
1.574833967390548040e+00 2.939054199218750000e+03
1.578268719773079143e+00 2.931728271484375000e+03
1.581703472155610246e+00 2.931904052734375000e+03
1.585138224538141349e+00 2.947866943359375000e+03
1.588572976920672453e+00 2.956322509765625000e+03
1.592007729303203778e+00 2.952539306640625000e+03
1.595442481685734881e+00 2.955920898437500000e+03
1.598877234068266207e+00 2.963504882812500000e+03
1.602311986450797310e+00 2.961802490234375000e+03
1.605746738833328635e+00 2.948547363281250000e+03
1.609181491215859738e+00 2.946169921875000000e+03
1.612616243598391064e+00 2.956072509765625000e+03
1.616050995980922167e+00 2.973050781250000000e+03
1.619485748363453270e+00 2.989937011718750000e+03
1.622920500745984373e+00 3.000825683593750000e+03
1.626355253128515477e+00 3.004222167968750000e+03
1.629790005511046802e+00 3.009177978515625000e+03
1.633224757893577905e+00 3.028803710937500000e+03
1.636659510276109231e+00 3.053276611328125000e+03
1.640094262658640334e+00 3.076730468750000000e+03
1.643529015041171659e+00 3.113894531250000000e+03
1.646963767423702762e+00 3.163115966796875000e+03
1.650398519806234088e+00 3.231512939453125000e+03
1.653833272188765191e+00 3.332596435546875000e+03
1.657268024571296294e+00 3.525804687500000000e+03
1.660702776953827398e+00 3.914541259765625000e+03
1.664137529336358501e+00 4.757898925781250000e+03
1.667572281718889826e+00 6.665096191406250000e+03
1.671007034101420929e+00 1.125434863281250000e+04
1.674441786483952255e+00 1.804173046875000000e+04
1.677876538866483358e+00 2.597224609375000000e+04
1.681311291249014683e+00 3.086096484375000000e+04
1.684746043631545787e+00 3.174965625000000000e+04
1.688180796014076890e+00 2.870967773437500000e+04
1.691615548396608215e+00 2.391441601562500000e+04
1.695050300779139318e+00 1.729191015625000000e+04
1.698485053161670422e+00 1.130463769531250000e+04
1.701919805544201525e+00 6.614142578125000000e+03
1.705354557926732850e+00 4.685562500000000000e+03
1.708789310309263954e+00 3.857854980468750000e+03
1.712224062691795279e+00 3.466447021484375000e+03
1.715658815074326382e+00 3.271815917968750000e+03
1.719093567456857707e+00 3.158213134765625000e+03
1.722528319839388811e+00 3.094353027343750000e+03
1.725963072221919914e+00 3.027389648437500000e+03
1.729397824604451239e+00 2.984705078125000000e+03
1.732832576986982343e+00 2.948146728515625000e+03
1.736267329369513446e+00 2.930929443359375000e+03
1.739702081752044549e+00 2.927596923828125000e+03
1.743136834134575874e+00 2.912169433593750000e+03
1.746571586517106978e+00 2.900562011718750000e+03
1.750006338899638303e+00 2.890473876953125000e+03
1.753441091282169406e+00 2.865578369140625000e+03
1.756875843664700731e+00 2.841631347656250000e+03
1.760310596047231835e+00 2.807705078125000000e+03
1.763745348429762938e+00 2.787582519531250000e+03
1.767180100812294263e+00 2.780425781250000000e+03
1.770614853194825367e+00 2.783068847656250000e+03
1.774049605577356470e+00 2.779271240234375000e+03
1.777484357959887573e+00 2.768134033203125000e+03
1.780919110342418898e+00 2.747895263671875000e+03
1.784353862724950002e+00 2.741222656250000000e+03
1.787788615107481327e+00 2.725289794921875000e+03
1.791223367490012208e+00 2.716768066406250000e+03
1.794658119872543534e+00 2.715845214843750000e+03
1.798092872255074859e+00 2.715949707031250000e+03
1.801527624637606184e+00 2.710121093750000000e+03
1.804962377020137065e+00 2.694314208984375000e+03
1.808397129402668391e+00 2.687156005859375000e+03
1.811831881785199494e+00 2.680079833984375000e+03
1.815266634167730819e+00 2.665845947265625000e+03
1.818701386550261700e+00 2.653583007812500000e+03
1.822136138932793026e+00 2.645916503906250000e+03
1.825570891315324351e+00 2.651705322265625000e+03
1.829005643697855676e+00 2.654584716796875000e+03
1.832440396080386558e+00 2.664776367187500000e+03
1.835875148462917883e+00 2.656364257812500000e+03
1.839309900845449208e+00 2.642498535156250000e+03
1.842744653227980089e+00 2.625968750000000000e+03
1.846179405610511415e+00 2.623825439453125000e+03
1.849614157993042740e+00 2.626068115234375000e+03
1.853048910375573843e+00 2.616688720703125000e+03
1.856483662758104725e+00 2.607532226562500000e+03
1.859918415140636050e+00 2.591467529296875000e+03
1.863353167523167375e+00 2.585854248046875000e+03
1.866787919905698701e+00 2.563718750000000000e+03
1.870222672288229582e+00 2.546446533203125000e+03
1.873657424670760907e+00 2.536891113281250000e+03
1.877092177053292232e+00 2.540261474609375000e+03
1.880526929435823114e+00 2.548201660156250000e+03
1.883961681818354439e+00 2.542608398437500000e+03
1.887396434200885764e+00 2.536753417968750000e+03
1.890831186583416867e+00 2.527710205078125000e+03
1.894265938965947749e+00 2.517062011718750000e+03
1.897700691348479074e+00 2.508687988281250000e+03
1.901135443731010399e+00 2.497088134765625000e+03
1.904570196113541725e+00 2.503791748046875000e+03
1.908004948496072606e+00 2.515308593750000000e+03
1.911439700878603931e+00 2.528168701171875000e+03
1.914874453261135256e+00 2.511759277343750000e+03
1.918309205643666138e+00 2.489686035156250000e+03
1.921743958026197463e+00 2.476124267578125000e+03
1.925178710408728788e+00 2.473273437500000000e+03
1.928613462791259892e+00 2.481356445312500000e+03
1.932048215173790773e+00 2.469775146484375000e+03
1.935482967556322098e+00 2.465829833984375000e+03
1.938917719938853423e+00 2.461024658203125000e+03
1.942352472321384749e+00 2.473239746093750000e+03
1.945787224703915630e+00 2.480302978515625000e+03
1.949221977086446955e+00 2.472443115234375000e+03
1.952656729468978281e+00 2.460189697265625000e+03
1.956091481851509162e+00 2.446127929687500000e+03
1.959526234234040487e+00 2.436655517578125000e+03
1.962960986616571812e+00 2.428513671875000000e+03
1.966395738999102916e+00 2.428547363281250000e+03
1.969830491381633797e+00 2.434514648437500000e+03
1.973265243764165122e+00 2.440476074218750000e+03
1.976699996146696447e+00 2.437640625000000000e+03
1.980134748529227329e+00 2.431626220703125000e+03
1.983569500911758654e+00 2.420521240234375000e+03
1.987004253294289979e+00 2.412887939453125000e+03
1.990439005676821305e+00 2.398519042968750000e+03
1.993873758059352186e+00 2.385250244140625000e+03
1.997308510441883511e+00 2.378179199218750000e+03
2.000743262824414614e+00 2.379975830078125000e+03
2.004178015206945940e+00 2.376831054687500000e+03
2.007612767589476821e+00 2.368796630859375000e+03
2.011047519972008146e+00 2.371751953125000000e+03
2.014482272354539472e+00 2.378291503906250000e+03
2.017917024737070353e+00 2.377770996093750000e+03
2.021351777119601678e+00 2.371816162109375000e+03
2.024786529502133003e+00 2.372701171875000000e+03
2.028221281884664329e+00 2.367626220703125000e+03
2.031656034267195210e+00 2.349454101562500000e+03
2.035090786649726535e+00 2.331668212890625000e+03
2.038525539032257861e+00 2.335202148437500000e+03
2.041960291414789186e+00 2.336975585937500000e+03
2.045395043797320067e+00 2.341735107421875000e+03
2.048829796179851392e+00 2.335764160156250000e+03
2.052264548562382718e+00 2.340752929687500000e+03
2.055699300944913599e+00 2.337651855468750000e+03
2.059134053327444924e+00 2.326149414062500000e+03
2.062568805709975805e+00 2.305218505859375000e+03
2.066003558092507131e+00 2.296073730468750000e+03
2.069438310475038012e+00 2.290035644531250000e+03
2.072873062857569337e+00 2.287667480468750000e+03
2.076307815240100663e+00 2.287443847656250000e+03
2.079742567622631988e+00 2.284341308593750000e+03
2.083177320005162869e+00 2.280931396484375000e+03
2.086612072387694194e+00 2.279101318359375000e+03
2.090046824770225520e+00 2.278988037109375000e+03
2.093481577152756401e+00 2.284874267578125000e+03
2.096916329535287726e+00 2.271135986328125000e+03
2.100351081917819052e+00 2.256445312500000000e+03
2.103785834300350377e+00 2.241097900390625000e+03
2.107220586682881258e+00 2.238656250000000000e+03
2.110655339065412583e+00 2.233250244140625000e+03
2.114090091447943909e+00 2.231740234375000000e+03
2.117524843830475234e+00 2.219910156250000000e+03
2.120959596213006115e+00 2.212777587890625000e+03
2.124394348595537441e+00 2.203745117187500000e+03
2.127829100978068766e+00 2.205713378906250000e+03
2.131263853360599647e+00 2.203590087890625000e+03
2.134698605743130972e+00 2.198228759765625000e+03
2.138133358125661854e+00 2.200238037109375000e+03
2.141568110508193179e+00 2.209012207031250000e+03
2.145002862890724060e+00 2.215375976562500000e+03
2.148437615273255386e+00 2.213512695312500000e+03
2.151872367655786711e+00 2.209379150390625000e+03
2.155307120038318036e+00 2.211523681640625000e+03
2.158741872420848917e+00 2.205167724609375000e+03
2.162176624803380243e+00 2.197285888671875000e+03
2.165611377185911568e+00 2.183962158203125000e+03
2.169046129568442449e+00 2.178911376953125000e+03
2.172480881950973775e+00 2.166383056640625000e+03
2.175915634333505100e+00 2.157030761718750000e+03
2.179350386716036425e+00 2.162186523437500000e+03
2.182785139098567306e+00 2.160943359375000000e+03
2.186219891481098632e+00 2.161138183593750000e+03
2.189654643863629957e+00 2.160598632812500000e+03
2.193089396246161282e+00 2.175497314453125000e+03
2.196524148628692163e+00 2.171938476562500000e+03
2.199958901011223489e+00 2.165970458984375000e+03
2.203393653393754814e+00 2.160753417968750000e+03
2.206828405776285695e+00 2.151979003906250000e+03
2.210263158158817021e+00 2.144211181640625000e+03
2.213697910541347902e+00 2.140863525390625000e+03
2.217132662923879227e+00 2.146051513671875000e+03
2.220567415306410108e+00 2.150089355468750000e+03
2.224002167688941434e+00 2.149806396484375000e+03
2.227436920071472759e+00 2.157591308593750000e+03
2.230871672454004084e+00 2.156892822265625000e+03
2.234306424836534966e+00 2.170913085937500000e+03
2.237741177219066291e+00 2.180754394531250000e+03
2.241175929601597616e+00 2.198534667968750000e+03
2.244610681984128497e+00 2.205046386718750000e+03
2.248045434366659823e+00 2.207157714843750000e+03
2.251480186749191148e+00 2.194796630859375000e+03
2.254914939131722473e+00 2.175584228515625000e+03
2.258349691514253355e+00 2.153600585937500000e+03
2.261784443896784680e+00 2.137014648437500000e+03
2.265219196279316005e+00 2.137273437500000000e+03
2.268653948661847330e+00 2.158520996093750000e+03
2.272088701044378212e+00 2.178329589843750000e+03
2.275523453426909537e+00 2.191999023437500000e+03
2.278958205809440862e+00 2.199883300781250000e+03
2.282392958191971744e+00 2.205222900390625000e+03
2.285827710574503069e+00 2.217015625000000000e+03
2.289262462957033950e+00 2.230733398437500000e+03
2.292697215339565275e+00 2.234239501953125000e+03
2.296131967722096157e+00 2.233569824218750000e+03
2.299566720104627482e+00 2.231984619140625000e+03
2.303001472487158807e+00 2.256741210937500000e+03
2.306436224869690133e+00 2.277084960937500000e+03
2.309870977252221014e+00 2.294576171875000000e+03
2.313305729634752339e+00 2.305778564453125000e+03
2.316740482017283664e+00 2.324739501953125000e+03
2.320175234399814546e+00 2.355371093750000000e+03
2.323609986782345871e+00 2.389482666015625000e+03
2.327044739164877196e+00 2.425575439453125000e+03
2.330479491547408522e+00 2.463758789062500000e+03
2.333914243929939403e+00 2.519701904296875000e+03
2.337348996312470728e+00 2.573131347656250000e+03
2.340783748695002053e+00 2.654215820312500000e+03
2.344218501077533379e+00 2.749880371093750000e+03
2.347653253460064260e+00 2.891932128906250000e+03
2.351088005842595585e+00 3.086574951171875000e+03
2.354522758225126911e+00 3.414597412109375000e+03
2.357957510607657792e+00 4.018722412109375000e+03
2.361392262990189117e+00 5.215647949218750000e+03
2.364827015372720442e+00 7.942299804687500000e+03
2.368261767755251324e+00 1.431440820312500000e+04
2.371696520137782205e+00 2.678545507812500000e+04
2.375131272520313530e+00 4.613095312500000000e+04
2.378566024902844855e+00 6.600277343750000000e+04
2.382000777285376181e+00 7.529882812500000000e+04
2.385435529667907062e+00 7.013040625000000000e+04
2.388870282050438387e+00 5.398648437500000000e+04
2.392305034432969713e+00 3.533350390625000000e+04
2.395739786815500594e+00 1.993442773437500000e+04
2.399174539198031919e+00 1.090564062500000000e+04
2.402609291580563244e+00 6.536333496093750000e+03
2.406044043963094570e+00 4.568286132812500000e+03
2.409478796345625451e+00 3.689502441406250000e+03
2.412913548728156776e+00 3.234124267578125000e+03
2.416348301110688102e+00 2.969766845703125000e+03
2.419783053493219427e+00 2.796768310546875000e+03
2.423217805875750308e+00 2.669605224609375000e+03
2.426652558258281633e+00 2.569316406250000000e+03
2.430087310640812959e+00 2.493616455078125000e+03
2.433522063023343840e+00 2.429854003906250000e+03
2.436956815405875165e+00 2.364152343750000000e+03
2.440391567788406491e+00 2.306890380859375000e+03
2.443826320170937372e+00 2.263427734375000000e+03
2.447261072553468253e+00 2.230001953125000000e+03
2.450695824935999578e+00 2.205827148437500000e+03
2.454130577318530904e+00 2.174645019531250000e+03
2.457565329701061785e+00 2.146773193359375000e+03
2.461000082083593110e+00 2.107433837890625000e+03
2.464434834466124435e+00 2.078649902343750000e+03
2.467869586848655761e+00 2.059269042968750000e+03
2.471304339231186642e+00 2.050530761718750000e+03
2.474739091613717967e+00 2.032957031250000000e+03
2.478173843996249293e+00 2.011535278320312500e+03
2.481608596378780618e+00 2.004030395507812500e+03
2.485043348761311499e+00 1.997781005859375000e+03
2.488478101143842824e+00 1.990344848632812500e+03
2.491912853526374150e+00 1.979473754882812500e+03
2.495347605908905031e+00 1.973784179687500000e+03
2.498782358291436356e+00 1.954763671875000000e+03
2.502217110673967682e+00 1.928351074218750000e+03
2.505651863056499007e+00 1.908949340820312500e+03
2.509086615439029888e+00 1.911971313476562500e+03
2.512521367821561213e+00 1.909599975585937500e+03
2.515956120204092539e+00 1.898022094726562500e+03
2.519390872586623420e+00 1.886809814453125000e+03
2.522825624969154301e+00 1.870573364257812500e+03
2.526260377351685626e+00 1.858474121093750000e+03
2.529695129734216952e+00 1.839723632812500000e+03
2.533129882116747833e+00 1.839591186523437500e+03
2.536564634499279158e+00 1.834379028320312500e+03
2.539999386881810484e+00 1.830314086914062500e+03
2.543434139264341809e+00 1.818892456054687500e+03
2.546868891646872690e+00 1.812541870117187500e+03
2.550303644029404015e+00 1.806627075195312500e+03
2.553738396411935341e+00 1.800726562500000000e+03
2.557173148794466666e+00 1.792221435546875000e+03
2.560607901176997547e+00 1.782882324218750000e+03
2.564042653559528873e+00 1.774377075195312500e+03
2.567477405942060198e+00 1.778992431640625000e+03
2.570912158324591079e+00 1.782378906250000000e+03
2.574346910707122404e+00 1.784948852539062500e+03
2.577781663089653730e+00 1.771597534179687500e+03
2.581216415472185055e+00 1.757348144531250000e+03
2.584651167854715936e+00 1.752540039062500000e+03
2.588085920237247262e+00 1.744568359375000000e+03
2.591520672619778587e+00 1.736629760742187500e+03
2.594955425002309468e+00 1.727845947265625000e+03
2.598390177384840349e+00 1.730086181640625000e+03
2.601824929767371675e+00 1.737316894531250000e+03
2.605259682149903000e+00 1.741340087890625000e+03
2.608694434532433881e+00 1.730683349609375000e+03
2.612129186914965207e+00 1.719410766601562500e+03
2.615563939297496532e+00 1.710864868164062500e+03
2.618998691680027857e+00 1.708834472656250000e+03
2.622433444062558738e+00 1.704815185546875000e+03
2.625868196445090064e+00 1.697712646484375000e+03
2.629302948827621389e+00 1.694756469726562500e+03
2.632737701210152714e+00 1.695554321289062500e+03
2.636172453592683596e+00 1.691103759765625000e+03
2.639607205975214921e+00 1.688271484375000000e+03
2.643041958357746246e+00 1.673407470703125000e+03
2.646476710740277127e+00 1.662106201171875000e+03
2.649911463122808453e+00 1.659166259765625000e+03
2.653346215505339778e+00 1.668734252929687500e+03
2.656780967887871103e+00 1.673223510742187500e+03
2.660215720270401984e+00 1.675740844726562500e+03
2.663650472652933310e+00 1.668731201171875000e+03
2.667085225035464635e+00 1.660499511718750000e+03
2.670519977417995516e+00 1.639401855468750000e+03
2.673954729800526398e+00 1.628190551757812500e+03
2.677389482183057723e+00 1.628723754882812500e+03
2.680824234565589048e+00 1.637630981445312500e+03
2.684258986948119929e+00 1.638328125000000000e+03
2.687693739330651255e+00 1.637608886718750000e+03
2.691128491713182580e+00 1.632432495117187500e+03
2.694563244095713905e+00 1.632610717773437500e+03
2.697997996478244787e+00 1.631369995117187500e+03
2.701432748860776112e+00 1.630630493164062500e+03
2.704867501243307437e+00 1.628617919921875000e+03
2.708302253625838762e+00 1.635802490234375000e+03
2.711737006008369644e+00 1.642156860351562500e+03
2.715171758390900969e+00 1.652731689453125000e+03
2.718606510773432294e+00 1.651134399414062500e+03
2.722041263155963176e+00 1.656836303710937500e+03
2.725476015538494501e+00 1.651526855468750000e+03
2.728910767921025826e+00 1.651270874023437500e+03
2.732345520303557151e+00 1.643433715820312500e+03
2.735780272686088033e+00 1.635575683593750000e+03
2.739215025068619358e+00 1.624910156250000000e+03
2.742649777451150683e+00 1.610125610351562500e+03
2.746084529833681565e+00 1.606331909179687500e+03
2.749519282216212890e+00 1.604605468750000000e+03
2.752954034598743771e+00 1.610809936523437500e+03
2.756388786981275096e+00 1.612547607421875000e+03
2.759823539363805978e+00 1.609309692382812500e+03
2.763258291746337303e+00 1.604405639648437500e+03
2.766693044128868628e+00 1.594651611328125000e+03
2.770127796511399954e+00 1.592145263671875000e+03
2.773562548893930835e+00 1.586359985351562500e+03
2.776997301276462160e+00 1.582727050781250000e+03
2.780432053658993485e+00 1.590343383789062500e+03
2.783866806041524811e+00 1.605304077148437500e+03
2.787301558424055692e+00 1.611746826171875000e+03
2.790736310806587017e+00 1.605609130859375000e+03
2.794171063189118343e+00 1.593866577148437500e+03
2.797605815571649224e+00 1.592092041015625000e+03
2.801040567954180549e+00 1.590908081054687500e+03
2.804475320336711874e+00 1.598610717773437500e+03
2.807910072719243200e+00 1.596555297851562500e+03
2.811344825101774081e+00 1.606390991210937500e+03
2.814779577484305406e+00 1.613122802734375000e+03
2.818214329866836731e+00 1.626027343750000000e+03
2.821649082249367613e+00 1.616803588867187500e+03
2.825083834631898938e+00 1.616538940429687500e+03
2.828518587014429819e+00 1.618485473632812500e+03
2.831953339396961145e+00 1.640553588867187500e+03
2.835388091779492026e+00 1.661297851562500000e+03
2.838822844162023351e+00 1.680260620117187500e+03
2.842257596544554676e+00 1.690795043945312500e+03
2.845692348927086002e+00 1.695693237304687500e+03
2.849127101309616883e+00 1.704780029296875000e+03
2.852561853692148208e+00 1.716081420898437500e+03
2.855996606074679534e+00 1.727535766601562500e+03
2.859431358457210415e+00 1.741739868164062500e+03
2.862866110839741740e+00 1.759734619140625000e+03
2.866300863222273065e+00 1.777809692382812500e+03
2.869735615604804391e+00 1.812729003906250000e+03
2.873170367987335272e+00 1.852709594726562500e+03
2.876605120369866597e+00 1.898742309570312500e+03
2.880039872752397923e+00 1.947620239257812500e+03
2.883474625134929248e+00 2.012061035156250000e+03
2.886909377517460129e+00 2.128022705078125000e+03
2.890344129899991454e+00 2.318128173828125000e+03
2.893778882282522780e+00 2.655123291015625000e+03
2.897213634665053661e+00 3.372102539062500000e+03
2.900648387047584986e+00 5.030132812500000000e+03
2.904083139430115867e+00 8.150602050781250000e+03
2.907517891812647193e+00 1.728540429687500000e+04
2.910952644195178074e+00 2.788125585937500000e+04
2.914387396577709399e+00 4.136083984375000000e+04
2.917822148960240725e+00 4.737869921875000000e+04
2.921256901342772050e+00 4.721016796875000000e+04
2.924691653725302931e+00 3.659938281250000000e+04
2.928126406107834256e+00 2.306227148437500000e+04
2.931561158490365582e+00 1.219317187500000000e+04
2.934995910872896463e+00 6.589372070312500000e+03
2.938430663255427788e+00 4.092176513671875000e+03
2.941865415637959114e+00 3.028626953125000000e+03
2.945300168020490439e+00 2.523132568359375000e+03
2.948734920403021320e+00 2.256081787109375000e+03
2.952169672785552645e+00 2.100579589843750000e+03
2.955604425168083971e+00 2.002745239257812500e+03
2.959039177550615296e+00 1.934010131835937500e+03
2.962473929933146177e+00 1.873857543945312500e+03
2.965908682315677503e+00 1.825171142578125000e+03
2.969343434698208828e+00 1.789668579101562500e+03
2.972778187080739709e+00 1.757904907226562500e+03
2.976212939463271034e+00 1.723947631835937500e+03
2.979647691845801916e+00 1.688337158203125000e+03
2.983082444228333241e+00 1.668252319335937500e+03
2.986517196610864122e+00 1.653015747070312500e+03
2.989951948993395447e+00 1.629544067382812500e+03
2.993386701375926773e+00 1.601123291015625000e+03
2.996821453758458098e+00 1.576282836914062500e+03
3.000256206140988979e+00 1.566699707031250000e+03
3.003690958523520305e+00 1.560943725585937500e+03
3.007125710906051630e+00 1.552244750976562500e+03
3.010560463288582511e+00 1.545158325195312500e+03
3.013995215671113836e+00 1.534260864257812500e+03
3.017429968053645162e+00 1.522197021484375000e+03
3.020864720436176487e+00 1.510245727539062500e+03
3.024299472818707368e+00 1.500714355468750000e+03
3.027734225201238694e+00 1.493795166015625000e+03
3.031168977583770019e+00 1.491802490234375000e+03
3.034603729966301344e+00 1.484103637695312500e+03
3.038038482348832225e+00 1.470241699218750000e+03
3.041473234731363551e+00 1.459668701171875000e+03
3.044907987113894876e+00 1.447298095703125000e+03
3.048342739496425757e+00 1.449511230468750000e+03
3.051777491878957083e+00 1.443277343750000000e+03
3.055212244261487964e+00 1.434934936523437500e+03
3.058646996644019289e+00 1.422722290039062500e+03
3.062081749026550170e+00 1.416870605468750000e+03
3.065516501409081496e+00 1.423542480468750000e+03
3.068951253791612821e+00 1.426688232421875000e+03
3.072386006174144146e+00 1.428249023437500000e+03
3.075820758556675028e+00 1.415930786132812500e+03
3.079255510939206353e+00 1.407840698242187500e+03
3.082690263321737678e+00 1.407368408203125000e+03
3.086125015704268559e+00 1.409678833007812500e+03
3.089559768086799885e+00 1.407822021484375000e+03
3.092994520469331210e+00 1.394681152343750000e+03
3.096429272851862535e+00 1.385251342773437500e+03
3.099864025234393416e+00 1.374584716796875000e+03
3.103298777616924742e+00 1.370733520507812500e+03
3.106733529999456067e+00 1.374550170898437500e+03
3.110168282381987392e+00 1.384035766601562500e+03
3.113603034764518274e+00 1.391992553710937500e+03
3.117037787147049599e+00 1.393837524414062500e+03
3.120472539529580924e+00 1.399504638671875000e+03
3.123907291912111805e+00 1.406719726562500000e+03
3.127342044294643131e+00 1.407450683593750000e+03
3.130776796677174012e+00 1.402920898437500000e+03
3.134211549059705337e+00 1.392746337890625000e+03
3.137646301442236219e+00 1.376125122070312500e+03
3.141081053824767544e+00 1.354645263671875000e+03
3.144515806207298869e+00 1.348357543945312500e+03
3.147950558589830194e+00 1.352185791015625000e+03
3.151385310972361076e+00 1.356505004882812500e+03
3.154820063354892401e+00 1.355220214843750000e+03
3.158254815737423726e+00 1.354398559570312500e+03
3.161689568119954608e+00 1.354466064453125000e+03
3.165124320502485933e+00 1.350314575195312500e+03
3.168559072885017258e+00 1.346129638671875000e+03
3.171993825267548583e+00 1.342688232421875000e+03
3.175428577650079465e+00 1.339552612304687500e+03
3.178863330032610790e+00 1.337319213867187500e+03
3.182298082415142115e+00 1.336333618164062500e+03
3.185732834797673441e+00 1.332589599609375000e+03
3.189167587180204322e+00 1.334908813476562500e+03
3.192602339562735647e+00 1.334705444335937500e+03
3.196037091945266972e+00 1.327989379882812500e+03
3.199471844327797854e+00 1.321400024414062500e+03
3.202906596710329179e+00 1.315463500976562500e+03
3.206341349092860060e+00 1.322582641601562500e+03
3.209776101475391386e+00 1.325102661132812500e+03
3.213210853857922267e+00 1.326190795898437500e+03
3.216645606240453592e+00 1.316161010742187500e+03
3.220080358622984917e+00 1.313134765625000000e+03
3.223515111005516243e+00 1.305121826171875000e+03
3.226949863388047124e+00 1.308391967773437500e+03
3.230384615770578449e+00 1.311178222656250000e+03
3.233819368153109775e+00 1.310983276367187500e+03
3.237254120535640656e+00 1.304455444335937500e+03
3.240688872918171981e+00 1.293997802734375000e+03
3.244123625300703306e+00 1.292946777343750000e+03
3.247558377683234632e+00 1.288094360351562500e+03
3.250993130065765513e+00 1.292889892578125000e+03
3.254427882448296838e+00 1.295031738281250000e+03
3.257862634830828164e+00 1.297787475585937500e+03
3.261297387213359489e+00 1.298379638671875000e+03
3.264732139595890370e+00 1.301742431640625000e+03
3.268166891978421695e+00 1.311962524414062500e+03
3.271601644360953021e+00 1.313432495117187500e+03
3.275036396743483902e+00 1.314402587890625000e+03
3.278471149126015227e+00 1.308334228515625000e+03
3.281905901508546108e+00 1.306007080078125000e+03
3.285340653891077434e+00 1.310464721679687500e+03
3.288775406273608315e+00 1.314940185546875000e+03
3.292210158656139640e+00 1.315463745117187500e+03
3.295644911038670966e+00 1.315192016601562500e+03
3.299079663421202291e+00 1.315527954101562500e+03
3.302514415803733172e+00 1.316869995117187500e+03
3.305949168186264497e+00 1.319115234375000000e+03
3.309383920568795823e+00 1.320489379882812500e+03
3.312818672951326704e+00 1.328354980468750000e+03
3.316253425333858029e+00 1.336676147460937500e+03
3.319688177716389355e+00 1.351971435546875000e+03
3.323122930098920680e+00 1.369562255859375000e+03
3.326557682481451561e+00 1.384237304687500000e+03
3.329992434863982886e+00 1.399241210937500000e+03
3.333427187246514212e+00 1.423448852539062500e+03
3.336861939629045093e+00 1.469129150390625000e+03
3.340296692011576418e+00 1.533930053710937500e+03
3.343731444394107744e+00 1.638523559570312500e+03
3.347166196776639069e+00 1.844109130859375000e+03
3.350600949159169950e+00 2.306865478515625000e+03
3.354035701541701275e+00 3.298476318359375000e+03
3.357470453924232601e+00 5.721389648437500000e+03
3.360905206306763482e+00 1.039116210937500000e+04
3.364339958689294363e+00 1.648236718750000000e+04
3.367774711071825688e+00 1.956615234375000000e+04
3.371209463454357014e+00 1.817543359375000000e+04
3.374644215836887895e+00 1.358969238281250000e+04
3.378078968219419220e+00 9.380041015625000000e+03
3.381513720601950546e+00 5.875629394531250000e+03
3.384948472984481871e+00 3.701552734375000000e+03
3.388383225367012752e+00 2.413661376953125000e+03
3.391817977749544077e+00 1.899835693359375000e+03
3.395252730132075403e+00 1.654504638671875000e+03
3.398687482514606728e+00 1.536811401367187500e+03
3.402122234897137609e+00 1.474292480468750000e+03
3.405556987279668935e+00 1.431350097656250000e+03
3.408991739662200260e+00 1.399988525390625000e+03
3.412426492044731141e+00 1.369484375000000000e+03
3.415861244427262466e+00 1.350615112304687500e+03
3.419295996809793792e+00 1.332547729492187500e+03
3.422730749192325117e+00 1.312006469726562500e+03
3.426165501574855998e+00 1.299194824218750000e+03
3.429600253957387324e+00 1.289676391601562500e+03
3.433035006339918649e+00 1.288892944335937500e+03
3.436469758722449530e+00 1.283218750000000000e+03
3.439904511104980411e+00 1.274410644531250000e+03
3.443339263487511737e+00 1.265061035156250000e+03
3.446774015870043062e+00 1.253515502929687500e+03
3.450208768252573943e+00 1.255499755859375000e+03
3.453643520635105268e+00 1.258990478515625000e+03
3.457078273017636594e+00 1.251156250000000000e+03
3.460513025400167919e+00 1.238906494140625000e+03
3.463947777782698800e+00 1.228691894531250000e+03
3.467382530165230126e+00 1.224497680664062500e+03
3.470817282547761451e+00 1.213472778320312500e+03
3.474252034930292776e+00 1.209519165039062500e+03
3.477686787312823657e+00 1.217072265625000000e+03
3.481121539695354983e+00 1.219339965820312500e+03
3.484556292077886308e+00 1.214496093750000000e+03
3.487991044460417189e+00 1.206757446289062500e+03
3.491425796842948515e+00 1.203885009765625000e+03
3.494860549225479840e+00 1.192114746093750000e+03
3.498295301608011165e+00 1.186010131835937500e+03
3.501730053990542046e+00 1.192125122070312500e+03
3.505164806373073372e+00 1.198478759765625000e+03
3.508599558755604697e+00 1.192572875976562500e+03
3.512034311138135578e+00 1.181079101562500000e+03
3.515469063520666460e+00 1.177621215820312500e+03
3.518903815903197785e+00 1.179987792968750000e+03
3.522338568285729110e+00 1.179088745117187500e+03
3.525773320668259991e+00 1.181743774414062500e+03
3.529208073050791317e+00 1.180393432617187500e+03
3.532642825433322642e+00 1.170320678710937500e+03
3.536077577815853967e+00 1.156558837890625000e+03
3.539512330198384849e+00 1.152878784179687500e+03
3.542947082580916174e+00 1.161413940429687500e+03
3.546381834963447499e+00 1.171496704101562500e+03
3.549816587345978824e+00 1.175881713867187500e+03
3.553251339728509706e+00 1.170772949218750000e+03
3.556686092111041031e+00 1.163816528320312500e+03
3.560120844493572356e+00 1.167234863281250000e+03
3.563555596876103237e+00 1.175352783203125000e+03
3.566990349258634563e+00 1.174243164062500000e+03
3.570425101641165888e+00 1.168807373046875000e+03
3.573859854023697213e+00 1.165155517578125000e+03
3.577294606406228095e+00 1.165215942382812500e+03
3.580729358788759420e+00 1.163918579101562500e+03
3.584164111171290301e+00 1.166726196289062500e+03
3.587598863553821626e+00 1.168082885742187500e+03
3.591033615936352508e+00 1.163249877929687500e+03
3.594468368318883833e+00 1.167812866210937500e+03
3.597903120701415158e+00 1.167975463867187500e+03
3.601337873083946484e+00 1.175634033203125000e+03
3.604772625466477809e+00 1.173489624023437500e+03
3.608207377849008246e+00 1.184684082031250000e+03
3.611642130231539571e+00 1.181522949218750000e+03
3.615076882614070897e+00 1.177138671875000000e+03
3.618511634996602222e+00 1.171372558593750000e+03
3.621946387379133547e+00 1.168578125000000000e+03
3.625381139761664873e+00 1.169866333007812500e+03
3.628815892144196198e+00 1.169254394531250000e+03
3.632250644526726635e+00 1.177194213867187500e+03
3.635685396909257960e+00 1.181941162109375000e+03
3.639120149291789286e+00 1.187653442382812500e+03
3.642554901674320611e+00 1.189890136718750000e+03
3.645989654056851936e+00 1.192818847656250000e+03
3.649424406439383262e+00 1.196481201171875000e+03
3.652859158821914587e+00 1.204150146484375000e+03
3.656293911204445912e+00 1.210361572265625000e+03
3.659728663586976349e+00 1.205507446289062500e+03
3.663163415969507675e+00 1.196429199218750000e+03
3.666598168352038556e+00 1.199044433593750000e+03
3.670032920734569881e+00 1.214619262695312500e+03
3.673467673117101207e+00 1.221100585937500000e+03
3.676902425499632532e+00 1.219501708984375000e+03
3.680337177882163857e+00 1.224233154296875000e+03
3.683771930264694294e+00 1.239986572265625000e+03
3.687206682647225620e+00 1.243733276367187500e+03
3.690641435029756945e+00 1.250999023437500000e+03
3.694076187412288270e+00 1.270716674804687500e+03
3.697510939794819596e+00 1.293341430664062500e+03
3.700945692177350921e+00 1.309319702148437500e+03
3.704380444559882246e+00 1.319558837890625000e+03
3.707815196942412683e+00 1.344258422851562500e+03
3.711249949324944009e+00 1.371576538085937500e+03
3.714684701707475334e+00 1.404776123046875000e+03
3.718119454090006659e+00 1.430358520507812500e+03
3.721554206472537984e+00 1.457984130859375000e+03
3.724988958855069310e+00 1.496814697265625000e+03
3.728423711237600635e+00 1.555475830078125000e+03
3.731858463620131960e+00 1.629476562500000000e+03
3.735293216002662398e+00 1.728207153320312500e+03
3.738727968385193723e+00 1.875697998046875000e+03
3.742162720767725048e+00 2.125271972656250000e+03
3.745597473150255929e+00 2.590388671875000000e+03
3.749032225532787255e+00 3.524308837890625000e+03
3.752466977915318580e+00 5.524902343750000000e+03
3.755901730297849905e+00 1.036497363281250000e+04
3.759336482680380342e+00 1.976569140625000000e+04
3.762771235062911668e+00 3.432102734375000000e+04
3.766205987445442993e+00 4.884430859375000000e+04
3.769640739827974318e+00 5.424344921875000000e+04
3.773075492210505644e+00 4.685216406250000000e+04
3.776510244593036969e+00 3.155012304687500000e+04
3.779944996975568294e+00 1.754489453125000000e+04
3.783379749358098731e+00 9.162097656250000000e+03
3.786814501740630057e+00 5.090528320312500000e+03
3.790249254123161382e+00 3.317380615234375000e+03
3.793684006505692707e+00 2.500425292968750000e+03
3.797118758888224033e+00 2.088829833984375000e+03
3.800553511270755358e+00 1.861020507812500000e+03
3.803988263653286683e+00 1.721251953125000000e+03
3.807423016035818009e+00 1.628069580078125000e+03
3.810857768418348446e+00 1.562413574218750000e+03
3.814292520800879771e+00 1.500644897460937500e+03
3.817727273183411096e+00 1.447343383789062500e+03
3.821162025565941978e+00 1.406320556640625000e+03
3.824596777948473303e+00 1.381584350585937500e+03
3.828031530331004628e+00 1.361107788085937500e+03
3.831466282713535954e+00 1.335535522460937500e+03
3.834901035096066391e+00 1.302535522460937500e+03
3.838335787478597716e+00 1.276167236328125000e+03
3.841770539861129041e+00 1.255327148437500000e+03
3.845205292243660367e+00 1.247099731445312500e+03
3.848640044626191692e+00 1.229367309570312500e+03
3.852074797008723017e+00 1.209893310546875000e+03
3.855509549391254343e+00 1.194367187500000000e+03
3.858944301773784780e+00 1.181650390625000000e+03
3.862379054156316105e+00 1.175431884765625000e+03
3.865813806538847430e+00 1.170694580078125000e+03
3.869248558921378756e+00 1.169757324218750000e+03
3.872683311303910081e+00 1.155031005859375000e+03
3.876118063686441406e+00 1.133324829101562500e+03
3.879552816068972732e+00 1.118840942382812500e+03
3.882987568451504057e+00 1.113242431640625000e+03
3.886422320834034494e+00 1.111618041992187500e+03
3.889857073216565819e+00 1.096231323242187500e+03
3.893291825599097145e+00 1.084798217773437500e+03
3.896726577981628026e+00 1.077316040039062500e+03
3.900161330364159351e+00 1.077282226562500000e+03
3.903596082746690676e+00 1.075639404296875000e+03
3.907030835129222002e+00 1.070670043945312500e+03
3.910465587511752439e+00 1.070244140625000000e+03
3.913900339894283764e+00 1.065723999023437500e+03
3.917335092276815089e+00 1.062949218750000000e+03
3.920769844659346415e+00 1.060476196289062500e+03
3.924204597041877740e+00 1.058815551757812500e+03
3.927639349424409065e+00 1.057770385742187500e+03
3.931074101806940391e+00 1.058228637695312500e+03
3.934508854189470828e+00 1.052704101562500000e+03
3.937943606572002153e+00 1.044877319335937500e+03
3.941378358954533478e+00 1.038621582031250000e+03
3.944813111337064804e+00 1.038974609375000000e+03
3.948247863719596129e+00 1.038150634765625000e+03
3.951682616102127454e+00 1.041272583007812500e+03
3.955117368484658780e+00 1.040981323242187500e+03
3.958552120867189217e+00 1.045261596679687500e+03
3.961986873249720542e+00 1.040985839843750000e+03
3.965421625632251867e+00 1.050036376953125000e+03
3.968856378014783193e+00 1.049208984375000000e+03
3.972291130397314074e+00 1.053259765625000000e+03
3.975725882779845399e+00 1.049245361328125000e+03
3.979160635162376725e+00 1.049319335937500000e+03
3.982595387544908050e+00 1.049663085937500000e+03
3.986030139927438487e+00 1.040563354492187500e+03
3.989464892309969812e+00 1.035935424804687500e+03
3.992899644692501138e+00 1.029261962890625000e+03
3.996334397075032463e+00 1.029238647460937500e+03
3.999769149457563788e+00 1.034337524414062500e+03
4.003203901840095114e+00 1.039793457031250000e+03
4.006638654222625995e+00 1.038868774414062500e+03
4.010073406605156876e+00 1.036950683593750000e+03
4.013508158987687757e+00 1.040238525390625000e+03
4.016942911370219527e+00 1.050887207031250000e+03
4.020377663752750408e+00 1.048496215820312500e+03
4.023812416135282177e+00 1.046756591796875000e+03
4.027247168517813058e+00 1.047936523437500000e+03
4.030681920900344828e+00 1.056969970703125000e+03
4.034116673282874821e+00 1.063310180664062500e+03
4.037551425665406590e+00 1.069658569335937500e+03
4.040986178047937472e+00 1.076513671875000000e+03
4.044420930430469241e+00 1.083057861328125000e+03
4.047855682813000122e+00 1.090482543945312500e+03
4.051290435195531892e+00 1.093084472656250000e+03
4.054725187578062773e+00 1.089735351562500000e+03
4.058159939960594542e+00 1.085420776367187500e+03
4.061594692343124535e+00 1.089594970703125000e+03
4.065029444725656305e+00 1.107168090820312500e+03
4.068464197108187186e+00 1.119721191406250000e+03
4.071898949490718955e+00 1.133607788085937500e+03
4.075333701873249836e+00 1.146745727539062500e+03
4.078768454255781606e+00 1.168616577148437500e+03
4.082203206638312487e+00 1.190985839843750000e+03
4.085637959020843368e+00 1.207726928710937500e+03
4.089072711403374250e+00 1.224343994140625000e+03
4.092507463785905131e+00 1.252272460937500000e+03
4.095942216168436900e+00 1.305058959960937500e+03
4.099376968550967781e+00 1.382590209960937500e+03
4.102811720933499551e+00 1.510841308593750000e+03
4.106246473316030432e+00 1.760845336914062500e+03
4.109681225698561313e+00 2.256040039062500000e+03
4.113115978081092194e+00 3.316676513671875000e+03
4.116550730463623964e+00 5.773772460937500000e+03
4.119985482846154845e+00 1.062272265625000000e+04
4.123420235228686614e+00 1.836965234375000000e+04
4.126854987611217496e+00 2.570840820312500000e+04
4.130289739993749265e+00 2.702202343750000000e+04
4.133724492376280146e+00 2.289310351562500000e+04
4.137159244758811028e+00 1.510542187500000000e+04
4.140593997141341909e+00 9.423073242187500000e+03
4.144028749523873678e+00 5.333431152343750000e+03
4.147463501906404559e+00 3.129716796875000000e+03
4.150898254288936329e+00 2.150813232421875000e+03
4.154333006671467210e+00 1.687347656250000000e+03
4.157767759053998091e+00 1.484519165039062500e+03
4.161202511436528972e+00 1.376952270507812500e+03
4.164637263819060742e+00 1.309752685546875000e+03
4.168072016201591623e+00 1.256120239257812500e+03
4.171506768584122504e+00 1.218531860351562500e+03
4.174941520966654274e+00 1.188319213867187500e+03
4.178376273349185155e+00 1.171447631835937500e+03
4.181811025731716924e+00 1.158097290039062500e+03
4.185245778114246917e+00 1.136047729492187500e+03
4.188680530496778687e+00 1.111864990234375000e+03
4.192115282879309568e+00 1.096543945312500000e+03
4.195550035261841337e+00 1.085336425781250000e+03
4.198984787644372219e+00 1.078000488281250000e+03
4.202419540026903988e+00 1.067361694335937500e+03
4.205854292409434869e+00 1.066339233398437500e+03
4.209289044791966639e+00 1.056687622070312500e+03
4.212723797174496632e+00 1.043993041992187500e+03
4.216158549557028401e+00 1.034166015625000000e+03
4.219593301939559282e+00 1.036474731445312500e+03
4.223028054322091052e+00 1.033638427734375000e+03
4.226462806704621933e+00 1.025245605468750000e+03
4.229897559087153702e+00 1.010882690429687500e+03
4.233332311469684583e+00 9.972214965820312500e+02
4.236767063852215465e+00 9.870117797851562500e+02
4.240201816234746346e+00 9.795002441406250000e+02
4.243636568617277227e+00 9.801444091796875000e+02
4.247071320999808997e+00 9.742451171875000000e+02
4.250506073382339878e+00 9.722213134765625000e+02
4.253940825764871647e+00 9.725161743164062500e+02
4.257375578147402528e+00 9.694027709960937500e+02
4.260810330529933410e+00 9.670821533203125000e+02
4.264245082912464291e+00 9.628845214843750000e+02
4.267679835294996060e+00 9.659874877929687500e+02
4.271114587677526941e+00 9.665197753906250000e+02
4.274549340060058711e+00 9.678636474609375000e+02
4.277984092442589592e+00 9.673962402343750000e+02
4.281418844825121361e+00 9.646954345703125000e+02
4.284853597207652243e+00 9.626403198242187500e+02
4.288288349590183124e+00 9.599688110351562500e+02
4.291723101972714005e+00 9.533580932617187500e+02
4.295157854355245775e+00 9.445989990234375000e+02
4.298592606737776656e+00 9.413474731445312500e+02
4.302027359120308425e+00 9.422159423828125000e+02
4.305462111502839306e+00 9.470024414062500000e+02
4.308896863885370188e+00 9.510603027343750000e+02
4.312331616267901069e+00 9.538605346679687500e+02
4.315766368650432838e+00 9.434852905273437500e+02
4.319201121032963719e+00 9.348988037109375000e+02
4.322635873415494601e+00 9.310692749023437500e+02
4.326070625798026370e+00 9.345443725585937500e+02
4.329505378180557251e+00 9.362606201171875000e+02
4.332940130563089021e+00 9.353383178710937500e+02
4.336374882945619014e+00 9.298867187500000000e+02
4.339809635328150783e+00 9.198060302734375000e+02
4.343244387710681664e+00 9.255351562500000000e+02
4.346679140093213434e+00 9.239970092773437500e+02
4.350113892475744315e+00 9.238510131835937500e+02
4.353548644858276084e+00 9.138876342773437500e+02
4.356983397240806966e+00 9.183822631835937500e+02
4.360418149623338735e+00 9.130592651367187500e+02
4.363852902005868728e+00 9.043544921875000000e+02
4.367287654388400497e+00 9.040890502929687500e+02
4.370722406770931379e+00 9.091987915039062500e+02
4.374157159153463148e+00 9.152239990234375000e+02
4.377591911535994029e+00 9.161500854492187500e+02
4.381026663918525799e+00 9.203908081054687500e+02
4.384461416301056680e+00 9.227664184570312500e+02
4.387896168683587561e+00 9.180740356445312500e+02
4.391330921066118442e+00 9.153380126953125000e+02
4.394765673448649324e+00 9.170093383789062500e+02
4.398200425831181093e+00 9.165162963867187500e+02
4.401635178213711974e+00 9.153570556640625000e+02
4.405069930596243744e+00 9.084422607421875000e+02
4.408504682978774625e+00 9.106000976562500000e+02
4.411939435361305506e+00 9.125585937500000000e+02
4.415374187743836387e+00 9.148583984375000000e+02
4.418808940126368157e+00 9.080794677734375000e+02
4.422243692508899038e+00 9.060947875976562500e+02
4.425678444891430807e+00 9.060883178710937500e+02
4.429113197273961688e+00 9.089166870117187500e+02
4.432547949656493458e+00 9.084401245117187500e+02
4.435982702039023451e+00 9.109671630859375000e+02
4.439417454421555220e+00 9.142291259765625000e+02
4.442852206804086101e+00 9.170925903320312500e+02
4.446286959186617871e+00 9.215627441406250000e+02
4.449721711569148752e+00 9.168139038085937500e+02
4.453156463951680522e+00 9.123929443359375000e+02
4.456591216334211403e+00 9.035639648437500000e+02
4.460025968716742284e+00 9.016098632812500000e+02
4.463460721099273165e+00 9.036752319335937500e+02
4.466895473481804935e+00 9.019378051757812500e+02
4.470330225864335816e+00 9.058590087890625000e+02
4.473764978246866697e+00 9.044047241210937500e+02
4.477199730629398466e+00 9.026995849609375000e+02
4.480634483011929348e+00 9.040545043945312500e+02
4.484069235394461117e+00 8.988631591796875000e+02
4.487503987776991110e+00 8.993946533203125000e+02
4.490938740159522879e+00 8.945281372070312500e+02
4.494373492542053761e+00 8.911372680664062500e+02
4.497808244924585530e+00 8.908461303710937500e+02
4.501242997307116411e+00 8.950373535156250000e+02
4.504677749689648181e+00 9.036069335937500000e+02
4.508112502072179062e+00 9.018039550781250000e+02
4.511547254454709943e+00 8.991480102539062500e+02
4.514982006837240824e+00 8.958462524414062500e+02
4.518416759219772594e+00 8.993942871093750000e+02
4.521851511602303475e+00 9.013080444335937500e+02
4.525286263984835244e+00 9.016909179687500000e+02
4.528721016367366126e+00 8.943452148437500000e+02
4.532155768749897895e+00 8.883463745117187500e+02
4.535590521132428776e+00 8.836400756835937500e+02
4.539025273514959657e+00 8.858472900390625000e+02
4.542460025897490539e+00 8.876624755859375000e+02
4.545894778280021420e+00 8.863172607421875000e+02
4.549329530662553189e+00 8.886989746093750000e+02
4.552764283045084071e+00 8.945100097656250000e+02
4.556199035427615840e+00 8.995697021484375000e+02
4.559633787810146721e+00 9.006723632812500000e+02
4.563068540192677602e+00 8.992393188476562500e+02
4.566503292575208484e+00 9.011137084960937500e+02
4.569938044957740253e+00 8.992193603515625000e+02
4.573372797340271134e+00 8.962597656250000000e+02
4.576807549722802904e+00 8.930944213867187500e+02
4.580242302105333785e+00 8.883002929687500000e+02
4.583677054487865554e+00 8.907318725585937500e+02
4.587111806870395547e+00 8.986578369140625000e+02
4.590546559252927317e+00 9.047427368164062500e+02
4.593981311635458198e+00 9.057163696289062500e+02
4.597416064017989967e+00 9.005331420898437500e+02
4.600850816400520849e+00 8.999488525390625000e+02
4.604285568783052618e+00 8.929055786132812500e+02
4.607720321165583499e+00 8.910733642578125000e+02
4.611155073548115269e+00 8.908471069335937500e+02
4.614589825930645262e+00 8.970238037109375000e+02
4.618024578313177031e+00 8.964770507812500000e+02
4.621459330695707912e+00 8.987500000000000000e+02
4.624894083078238793e+00 8.930745239257812500e+02
4.628328835460770563e+00 8.979912109375000000e+02
4.631763587843301444e+00 9.046885986328125000e+02
4.635198340225833213e+00 9.068171997070312500e+02
4.638633092608363206e+00 9.019126586914062500e+02
4.642067844990894976e+00 8.971791381835937500e+02
4.645502597373425857e+00 8.992614135742187500e+02
4.648937349755957626e+00 9.035237426757812500e+02
4.652372102138488508e+00 9.040546875000000000e+02
4.655806854521020277e+00 9.035660400390625000e+02
4.659241606903551158e+00 9.052338256835937500e+02
4.662676359286082040e+00 9.079153442382812500e+02
4.666111111668612921e+00 9.123367309570312500e+02
4.669545864051144690e+00 9.133541870117187500e+02
4.672980616433675571e+00 9.183535766601562500e+02
4.676415368816207341e+00 9.249032592773437500e+02
4.679850121198738222e+00 9.271403808593750000e+02
4.683284873581269991e+00 9.367680053710937500e+02
4.686719625963800873e+00 9.389345703125000000e+02
4.690154378346331754e+00 9.478162841796875000e+02
4.693589130728862635e+00 9.480700683593750000e+02
4.697023883111393516e+00 9.546907348632812500e+02
4.700458635493925286e+00 9.515461425781250000e+02
4.703893387876456167e+00 9.517568359375000000e+02
4.707328140258987936e+00 9.564483642578125000e+02
4.710762892641518818e+00 9.699157104492187500e+02
4.714197645024049699e+00 9.848912963867187500e+02
4.717632397406580580e+00 9.919990234375000000e+02
4.721067149789112349e+00 1.009635620117187500e+03
4.724501902171643231e+00 1.025944702148437500e+03
4.727936654554175000e+00 1.050978027343750000e+03
4.731371406936705881e+00 1.071147827148437500e+03
4.734806159319237651e+00 1.101718261718750000e+03
4.738240911701767644e+00 1.148212158203125000e+03
4.741675664084299413e+00 1.249354736328125000e+03
4.745110416466830294e+00 1.489786132812500000e+03
4.748545168849362064e+00 1.978703491210937500e+03
4.751979921231892945e+00 3.003870117187500000e+03
4.755414673614424714e+00 6.598723632812500000e+03
4.758849425996955596e+00 1.063787500000000000e+04
4.762284178379487365e+00 1.508470898437500000e+04
4.765718930762017358e+00 1.580272363281250000e+04
4.769153683144549127e+00 1.458264648437500000e+04
4.772588435527080009e+00 1.109695996093750000e+04
4.776023187909610890e+00 7.525661132812500000e+03
4.779457940292142659e+00 4.628292480468750000e+03
4.782892692674673540e+00 2.823015869140625000e+03
4.786327445057205310e+00 1.870670043945312500e+03
4.789762197439735303e+00 1.449713134765625000e+03
4.793196949822267072e+00 1.256161254882812500e+03
4.796631702204797953e+00 1.151443115234375000e+03
4.800066454587329723e+00 1.103340332031250000e+03
4.803501206969860604e+00 1.070909179687500000e+03
4.806935959352392373e+00 1.049308471679687500e+03
4.810370711734923255e+00 1.029775634765625000e+03
4.813805464117454136e+00 1.017132141113281250e+03
4.817240216499985017e+00 1.005798828125000000e+03
4.820674968882516787e+00 9.928472290039062500e+02
4.824109721265047668e+00 9.953208618164062500e+02
4.827544473647579437e+00 9.952247924804687500e+02
4.830979226030110318e+00 9.927489624023437500e+02
4.834413978412642088e+00 9.769885253906250000e+02
4.837848730795172969e+00 9.650783081054687500e+02
4.841283483177703850e+00 9.576719970703125000e+02
4.844718235560234731e+00 9.505785522460937500e+02
4.848152987942766501e+00 9.470535278320312500e+02
4.851587740325297382e+00 9.437156372070312500e+02
4.855022492707828263e+00 9.437766113281250000e+02
4.858457245090360033e+00 9.403680419921875000e+02
4.861891997472890914e+00 9.432999267578125000e+02
4.865326749855421795e+00 9.414492797851562500e+02
4.868761502237952676e+00 9.410324096679687500e+02
4.872196254620484446e+00 9.348978881835937500e+02
4.875631007003015327e+00 9.303212280273437500e+02
4.879065759385547096e+00 9.328642578125000000e+02
4.882500511768077978e+00 9.331967773437500000e+02
4.885935264150609747e+00 9.342588500976562500e+02
4.889370016533139740e+00 9.309652099609375000e+02
4.892804768915671509e+00 9.279311523437500000e+02
4.896239521298202391e+00 9.229436645507812500e+02
4.899674273680734160e+00 9.221611938476562500e+02
4.903109026063265041e+00 9.251597290039062500e+02
4.906543778445796811e+00 9.267047729492187500e+02
4.909978530828327692e+00 9.218037719726562500e+02
4.913413283210858573e+00 9.174071044921875000e+02
4.916848035593389454e+00 9.113134765625000000e+02
4.920282787975921224e+00 9.114769287109375000e+02
4.923717540358452105e+00 9.197028198242187500e+02
4.927152292740982986e+00 9.347532958984375000e+02
4.930587045123514756e+00 9.390363159179687500e+02
4.934021797506045637e+00 9.374933471679687500e+02
4.937456549888577406e+00 9.401500244140625000e+02
4.940891302271107399e+00 9.447215576171875000e+02
4.944326054653639169e+00 9.452304077148437500e+02
4.947760807036170050e+00 9.419237060546875000e+02
4.951195559418701819e+00 9.408028564453125000e+02
4.954630311801232700e+00 9.552172241210937500e+02
4.958065064183764470e+00 9.657790527343750000e+02
4.961499816566295351e+00 9.773109130859375000e+02
4.964934568948826232e+00 9.746433105468750000e+02
4.968369321331357114e+00 9.787355957031250000e+02
4.971804073713888883e+00 9.815112915039062500e+02
4.975238826096419764e+00 9.880894775390625000e+02
4.978673578478951534e+00 1.001701538085937500e+03
4.982108330861482415e+00 1.015436584472656250e+03
4.985543083244014184e+00 1.019846069335937500e+03
4.988977835626544177e+00 1.023933837890625000e+03
4.992412588009075947e+00 1.030518798828125000e+03
4.995847340391606828e+00 1.055427246093750000e+03
4.999282092774138597e+00 1.076412109375000000e+03
5.002716845156669478e+00 1.095231079101562500e+03
5.006151597539200360e+00 1.097199218750000000e+03
5.009586349921732129e+00 1.105889892578125000e+03
5.013021102304263010e+00 1.128287109375000000e+03
5.016455854686793892e+00 1.166733520507812500e+03
5.019890607069324773e+00 1.215308837890625000e+03
5.023325359451856542e+00 1.269909790039062500e+03
5.026760111834387423e+00 1.344709716796875000e+03
5.030194864216919193e+00 1.467352905273437500e+03
5.033629616599450074e+00 1.697405151367187500e+03
5.037064368981981843e+00 2.149663085937500000e+03
5.040499121364511836e+00 3.109065429687500000e+03
5.043933873747043606e+00 5.256269042968750000e+03
5.047368626129574487e+00 9.662566406250000000e+03
5.050803378512106256e+00 1.736358593750000000e+04
5.054238130894637138e+00 2.616897656250000000e+04
5.057672883277168907e+00 3.186667968750000000e+04
5.061107635659699788e+00 2.978750585937500000e+04
5.064542388042230669e+00 2.261823242187500000e+04
5.067977140424761551e+00 1.361701074218750000e+04
5.071411892807293320e+00 7.536268554687500000e+03
5.074846645189824201e+00 4.027459960937500000e+03
5.078281397572355083e+00 2.561128173828125000e+03
5.081716149954886852e+00 1.931779541015625000e+03
5.085150902337417733e+00 1.611142456054687500e+03
5.088585654719949503e+00 1.441531494140625000e+03
5.092020407102479496e+00 1.341684570312500000e+03
5.095455159485011265e+00 1.277973876953125000e+03
5.098889911867542146e+00 1.229221191406250000e+03
5.102324664250073916e+00 1.194867919921875000e+03
5.105759416632604797e+00 1.166779663085937500e+03
5.109194169015136566e+00 1.142976440429687500e+03
5.112628921397667447e+00 1.114796997070312500e+03
5.116063673780198329e+00 1.087814208984375000e+03
5.119498426162729210e+00 1.070104248046875000e+03
5.122933178545260979e+00 1.060860717773437500e+03
5.126367930927791861e+00 1.052387817382812500e+03
5.129802683310323630e+00 1.044292846679687500e+03
5.133237435692854511e+00 1.032239379882812500e+03
5.136672188075386281e+00 1.021113220214843750e+03
5.140106940457916274e+00 1.012115356445312500e+03
5.143541692840448043e+00 1.004043212890625000e+03
5.146976445222978924e+00 9.956447753906250000e+02
5.150411197605510694e+00 9.853510131835937500e+02
5.153845949988041575e+00 9.816748657226562500e+02
5.157280702370572456e+00 9.793115844726562500e+02
5.160715454753104225e+00 9.765011596679687500e+02
5.164150207135635107e+00 9.644852905273437500e+02
5.167584959518165988e+00 9.557427368164062500e+02
5.171019711900696869e+00 9.505050659179687500e+02
5.174454464283228639e+00 9.597215576171875000e+02
5.177889216665759520e+00 9.612726440429687500e+02
5.181323969048291289e+00 9.577717895507812500e+02
5.184758721430822170e+00 9.527206420898437500e+02
5.188193473813353940e+00 9.550448608398437500e+02
5.191628226195883933e+00 9.627764892578125000e+02
5.195062978578415702e+00 9.633823852539062500e+02
5.198497730960946583e+00 9.566795654296875000e+02
5.201932483343478353e+00 9.546920166015625000e+02
5.205367235726009234e+00 9.505213623046875000e+02
5.208801988108541003e+00 9.537551879882812500e+02
5.212236740491071885e+00 9.552241210937500000e+02
5.215671492873602766e+00 9.616466064453125000e+02
5.219106245256133647e+00 9.665794067382812500e+02
5.222540997638665417e+00 9.692566528320312500e+02
5.225975750021196298e+00 9.712605590820312500e+02
5.229410502403727179e+00 9.719914550781250000e+02
5.232845254786258948e+00 9.753674926757812500e+02
5.236280007168789830e+00 9.788367919921875000e+02
5.239714759551321599e+00 9.829233398437500000e+02
5.243149511933851592e+00 9.923277587890625000e+02
5.246584264316383361e+00 1.000332519531250000e+03
5.250019016698914243e+00 1.008772766113281250e+03
5.253453769081446012e+00 1.007395629882812500e+03
5.256888521463976893e+00 1.010260986328125000e+03
5.260323273846508663e+00 1.018509948730468750e+03
5.263758026229039544e+00 1.027582885742187500e+03
5.267192778611570425e+00 1.036160156250000000e+03
5.270627530994101306e+00 1.042885009765625000e+03
5.274062283376633076e+00 1.057329467773437500e+03
5.277497035759163957e+00 1.076501464843750000e+03
5.280931788141695726e+00 1.100579833984375000e+03
5.284366540524226608e+00 1.122458251953125000e+03
5.287801292906758377e+00 1.151192260742187500e+03
5.291236045289288370e+00 1.187857666015625000e+03
5.294670797671820139e+00 1.244329589843750000e+03
5.298105550054351021e+00 1.321339599609375000e+03
5.301540302436882790e+00 1.451000244140625000e+03
5.304975054819413671e+00 1.669764648437500000e+03
5.308409807201944552e+00 2.083765136718750000e+03
5.311844559584476322e+00 3.182594482421875000e+03
5.315279311967006315e+00 5.655154296875000000e+03
5.318714064349538084e+00 1.061704589843750000e+04
5.322148816732068966e+00 1.878359765625000000e+04
5.325583569114600735e+00 2.652881054687500000e+04
5.329018321497131616e+00 3.234702734375000000e+04
5.332453073879663386e+00 3.030235742187500000e+04
5.335887826262194267e+00 2.428491210937500000e+04
5.339322578644726036e+00 1.591382519531250000e+04
5.342757331027256029e+00 9.377665039062500000e+03
5.346192083409787799e+00 5.242445312500000000e+03
5.349626835792318680e+00 3.054312988281250000e+03
5.353061588174850449e+00 2.113886474609375000e+03
5.356496340557381330e+00 1.681828735351562500e+03
5.359931092939913100e+00 1.468498779296875000e+03
5.363365845322443981e+00 1.348911743164062500e+03
5.366800597704974862e+00 1.274841918945312500e+03
5.370235350087505743e+00 1.229726318359375000e+03
5.373670102470037513e+00 1.193938354492187500e+03
5.377104854852568394e+00 1.166958740234375000e+03
5.380539607235100164e+00 1.139844848632812500e+03
5.383974359617631045e+00 1.114615966796875000e+03
5.387409112000161926e+00 1.091862670898437500e+03
5.390843864382692807e+00 1.074550292968750000e+03
5.394278616765223688e+00 1.058853393554687500e+03
5.397713369147755458e+00 1.043191284179687500e+03
5.401148121530286339e+00 1.031871459960937500e+03
5.404582873912818108e+00 1.020881103515625000e+03
5.408017626295348990e+00 1.012205688476562500e+03
5.411452378677880759e+00 1.001859191894531250e+03
5.414887131060411640e+00 9.944080810546875000e+02
5.418321883442942521e+00 9.880769042968750000e+02
5.421756635825473403e+00 9.834349365234375000e+02
5.425191388208005172e+00 9.781663208007812500e+02
5.428626140590536053e+00 9.731290283203125000e+02
5.432060892973067823e+00 9.593981933593750000e+02
5.435495645355598704e+00 9.472459716796875000e+02
5.438930397738130473e+00 9.312770996093750000e+02
5.442365150120660466e+00 9.275429687500000000e+02
5.445799902503192236e+00 9.235624389648437500e+02
5.449234654885723117e+00 9.233980102539062500e+02
5.452669407268254886e+00 9.241362915039062500e+02
5.456104159650785768e+00 9.238190917968750000e+02
5.459538912033316649e+00 9.194638671875000000e+02
5.462973664415848418e+00 9.134630737304687500e+02
5.466408416798379299e+00 9.121031494140625000e+02
5.469843169180910181e+00 9.142306518554687500e+02
5.473277921563441062e+00 9.162636108398437500e+02
5.476712673945972831e+00 9.121110839843750000e+02
5.480147426328503713e+00 9.116948852539062500e+02
5.483582178711035482e+00 9.079844360351562500e+02
5.487016931093566363e+00 9.019216918945312500e+02
5.490451683476098133e+00 8.965647583007812500e+02
5.493886435858628126e+00 8.963106079101562500e+02
5.497321188241159895e+00 9.040307006835937500e+02
5.500755940623690776e+00 9.105050659179687500e+02
5.504190693006222546e+00 9.122249145507812500e+02
5.507625445388753427e+00 9.115209350585937500e+02
5.511060197771285196e+00 9.097624511718750000e+02
5.514494950153816077e+00 9.154996337890625000e+02
5.517929702536346959e+00 9.229316406250000000e+02
5.521364454918877840e+00 9.308504028320312500e+02
5.524799207301409609e+00 9.360960693359375000e+02
5.528233959683940490e+00 9.404145507812500000e+02
5.531668712066472260e+00 9.428466186523437500e+02
5.535103464449003141e+00 9.460787963867187500e+02
5.538538216831534022e+00 9.502879638671875000e+02
5.541972969214064904e+00 9.554751586914062500e+02
5.545407721596595785e+00 9.594630126953125000e+02
5.548842473979127554e+00 9.742061767578125000e+02
5.552277226361658435e+00 9.926500244140625000e+02
5.555711978744190205e+00 1.019428833007812500e+03
5.559146731126721086e+00 1.042078735351562500e+03
5.562581483509252855e+00 1.079692749023437500e+03
5.566016235891783737e+00 1.143484375000000000e+03
5.569450988274314618e+00 1.273897583007812500e+03
5.572885740656845499e+00 1.545175292968750000e+03
5.576320493039377268e+00 2.132533935546875000e+03
5.579755245421908150e+00 3.359717041015625000e+03
5.583189997804439919e+00 5.881458984375000000e+03
5.586624750186970800e+00 9.446300781250000000e+03
5.590059502569502570e+00 1.316959179687500000e+04
5.593494254952032563e+00 1.438386425781250000e+04
5.596929007334564332e+00 1.270611132812500000e+04
5.600363759717095213e+00 8.915891601562500000e+03
5.603798512099626983e+00 5.449746093750000000e+03
5.607233264482157864e+00 3.112145019531250000e+03
5.610668016864688745e+00 1.966237060546875000e+03
5.614102769247220515e+00 1.471484497070312500e+03
5.617537521629751396e+00 1.248003051757812500e+03
5.620972274012282277e+00 1.142966796875000000e+03
5.624407026394813158e+00 1.084733398437500000e+03
5.627841778777344928e+00 1.041909912109375000e+03
5.631276531159875809e+00 1.012756408691406250e+03
5.634711283542407578e+00 9.913212280273437500e+02
5.638146035924938460e+00 9.782730712890625000e+02
5.641580788307470229e+00 9.606828613281250000e+02
5.645015540690000222e+00 9.478438110351562500e+02
5.648450293072531991e+00 9.349291992187500000e+02
5.651885045455062873e+00 9.232495117187500000e+02
5.655319797837594642e+00 9.187031860351562500e+02
5.658754550220125523e+00 9.130541992187500000e+02
5.662189302602657293e+00 9.113312377929687500e+02
5.665624054985188174e+00 9.035902709960937500e+02
5.669058807367719055e+00 9.054833984375000000e+02
5.672493559750249936e+00 9.059838867187500000e+02
5.675928312132781706e+00 9.077786865234375000e+02
5.679363064515312587e+00 9.083177490234375000e+02
5.682797816897844356e+00 9.039263305664062500e+02
5.686232569280375237e+00 9.013983154296875000e+02
5.689667321662906119e+00 8.930904541015625000e+02
5.693102074045437000e+00 8.871892089843750000e+02
5.696536826427967881e+00 8.778275756835937500e+02
5.699971578810499651e+00 8.697903442382812500e+02
5.703406331193030532e+00 8.671116333007812500e+02
5.706841083575562301e+00 8.734144287109375000e+02
5.710275835958093182e+00 8.794191284179687500e+02
5.713710588340624952e+00 8.788352661132812500e+02
5.717145340723154945e+00 8.729550170898437500e+02
5.720580093105686714e+00 8.666751708984375000e+02
5.724014845488217595e+00 8.636179809570312500e+02
5.727449597870749365e+00 8.564633178710937500e+02
5.730884350253280246e+00 8.524078979492187500e+02
5.734319102635812015e+00 8.536275634765625000e+02
5.737753855018342897e+00 8.520884399414062500e+02
5.741188607400874666e+00 8.533020019531250000e+02
5.744623359783404659e+00 8.528845825195312500e+02
5.748058112165936429e+00 8.569981689453125000e+02
5.751492864548467310e+00 8.546270141601562500e+02
5.754927616930999079e+00 8.465235595703125000e+02
5.758362369313529960e+00 8.424564208984375000e+02
5.761797121696060842e+00 8.490506591796875000e+02
5.765231874078592611e+00 8.551848144531250000e+02
5.768666626461123492e+00 8.596846923828125000e+02
5.772101378843654373e+00 8.552147827148437500e+02
5.775536131226185255e+00 8.563479614257812500e+02
5.778970883608717024e+00 8.527100830078125000e+02
5.782405635991247905e+00 8.530992431640625000e+02
5.785840388373779675e+00 8.527300415039062500e+02
5.789275140756310556e+00 8.528900146484375000e+02
5.792709893138841437e+00 8.530273437500000000e+02
5.796144645521372318e+00 8.552639160156250000e+02
5.799579397903904088e+00 8.584169311523437500e+02
5.803014150286434969e+00 8.590164794921875000e+02
5.806448902668966738e+00 8.598067016601562500e+02
5.809883655051497620e+00 8.682857666015625000e+02
5.813318407434029389e+00 8.785182495117187500e+02
5.816753159816560270e+00 8.957256469726562500e+02
5.820187912199091151e+00 9.204033203125000000e+02
5.823622664581622033e+00 9.815471801757812500e+02
5.827057416964153802e+00 1.134978637695312500e+03
5.830492169346684683e+00 1.432026245117187500e+03
5.833926921729216453e+00 1.945792602539062500e+03
5.837361674111747334e+00 2.713096923828125000e+03
5.840796426494278215e+00 3.250509521484375000e+03
5.844231178876809096e+00 3.178616943359375000e+03
5.847665931259339978e+00 2.553754394531250000e+03
5.851100683641871747e+00 1.806139526367187500e+03
5.854535436024402628e+00 1.370458862304687500e+03
5.857970188406934398e+00 1.095290161132812500e+03
5.861404940789465279e+00 9.627305297851562500e+02
5.864839693171997048e+00 9.055552978515625000e+02
5.868274445554527041e+00 8.807590942382812500e+02
5.871709197937058811e+00 8.742938232421875000e+02
5.875143950319589692e+00 8.729888305664062500e+02
5.878578702702121461e+00 8.643420410156250000e+02
5.882013455084652342e+00 8.602935180664062500e+02
5.885448207467184112e+00 8.545345458984375000e+02
5.888882959849714993e+00 8.481162719726562500e+02
5.892317712232246762e+00 8.476821289062500000e+02
5.895752464614776756e+00 8.511336059570312500e+02
5.899187216997308525e+00 8.538882446289062500e+02
5.902621969379839406e+00 8.551482543945312500e+02
5.906056721762371176e+00 8.475500488281250000e+02
5.909491474144902057e+00 8.446892089843750000e+02
5.912926226527432938e+00 8.340593872070312500e+02
5.916360978909964707e+00 8.323247070312500000e+02
5.919795731292495589e+00 8.315545654296875000e+02
5.923230483675026470e+00 8.384475708007812500e+02
5.926665236057557351e+00 8.430802001953125000e+02
5.930099988440089120e+00 8.401434326171875000e+02
5.933534740822620002e+00 8.412096557617187500e+02
5.936969493205151771e+00 8.479738769531250000e+02
5.940404245587682652e+00 8.566816406250000000e+02
5.943838997970213534e+00 8.529741821289062500e+02
5.947273750352744415e+00 8.479803466796875000e+02
5.950708502735276184e+00 8.425502319335937500e+02
5.954143255117807065e+00 8.423700561523437500e+02
5.957578007500338835e+00 8.436732177734375000e+02
5.961012759882869716e+00 8.481231079101562500e+02
5.964447512265401485e+00 8.546666870117187500e+02
5.967882264647932367e+00 8.609184570312500000e+02
5.971317017030463248e+00 8.676690673828125000e+02
5.974751769412994129e+00 8.657645263671875000e+02
5.978186521795525898e+00 8.623950805664062500e+02
5.981621274178056780e+00 8.520424194335937500e+02
5.985056026560588549e+00 8.515454101562500000e+02
5.988490778943119430e+00 8.544602661132812500e+02
5.991925531325650311e+00 8.605434570312500000e+02
5.995360283708181193e+00 8.570253295898437500e+02
5.998795036090712074e+00 8.582985839843750000e+02
6.002229788473243843e+00 8.646241455078125000e+02
6.005664540855774725e+00 8.720302734375000000e+02
6.009099293238306494e+00 8.742673339843750000e+02
6.012534045620837375e+00 8.716656494140625000e+02
6.015968798003369145e+00 8.722982788085937500e+02
6.019403550385899138e+00 8.725675659179687500e+02
6.022838302768430907e+00 8.739537353515625000e+02
6.026273055150961788e+00 8.810314331054687500e+02
6.029707807533493558e+00 8.879974975585937500e+02
6.033142559916024439e+00 8.933128051757812500e+02
6.036577312298556208e+00 9.030157470703125000e+02
6.040012064681087089e+00 9.182477416992187500e+02
6.043446817063618859e+00 9.313804931640625000e+02
6.046881569446148852e+00 9.388283691406250000e+02
6.050316321828680621e+00 9.614893798828125000e+02
6.053751074211211503e+00 1.015604370117187500e+03
6.057185826593743272e+00 1.100394653320312500e+03
6.060620578976274153e+00 1.256324340820312500e+03
6.064055331358805923e+00 1.585130371093750000e+03
6.067490083741336804e+00 2.260027832031250000e+03
6.070924836123867685e+00 3.556126464843750000e+03
6.074359588506398566e+00 5.561886718750000000e+03
6.077794340888929447e+00 7.368281738281250000e+03
6.081229093271461217e+00 8.123625488281250000e+03
6.084663845653992098e+00 7.150110839843750000e+03
6.088098598036523867e+00 5.251279785156250000e+03
6.091533350419054749e+00 3.363387207031250000e+03
6.094968102801585630e+00 2.089053710937500000e+03
6.098402855184116511e+00 1.484768188476562500e+03
6.101837607566648281e+00 1.210758911132812500e+03
6.105272359949179162e+00 1.079825317382812500e+03
6.108707112331710931e+00 1.017480041503906250e+03
6.112141864714241812e+00 9.837687988281250000e+02
6.115576617096773582e+00 9.586581420898437500e+02
6.119011369479304463e+00 9.456286621093750000e+02
6.122446121861835344e+00 9.337510375976562500e+02
6.125880874244366225e+00 9.174329833984375000e+02
6.129315626626897995e+00 9.068916015625000000e+02
6.132750379009428876e+00 9.089361572265625000e+02
6.136185131391960645e+00 9.096153564453125000e+02
6.139619883774491527e+00 9.016902465820312500e+02
6.143054636157022408e+00 8.883164672851562500e+02
6.146489388539553289e+00 8.816837768554687500e+02
6.149924140922085058e+00 8.790996093750000000e+02
6.153358893304615940e+00 8.769992065429687500e+02
6.156793645687146821e+00 8.817359619140625000e+02
6.160228398069678590e+00 8.809549560546875000e+02
6.163663150452209472e+00 8.834522094726562500e+02
6.167097902834741241e+00 8.793518676757812500e+02
6.170532655217271234e+00 8.811334838867187500e+02
6.173967407599803003e+00 8.839902954101562500e+02
6.177402159982333885e+00 8.832286376953125000e+02
6.180836912364865654e+00 8.825012207031250000e+02
6.184271664747396535e+00 8.823500976562500000e+02
6.187706417129928305e+00 8.827053833007812500e+02
6.191141169512459186e+00 8.777620849609375000e+02
6.194575921894990067e+00 8.715407714843750000e+02
6.198010674277520948e+00 8.721008300781250000e+02
6.201445426660052718e+00 8.739464111328125000e+02
6.204880179042583599e+00 8.768430175781250000e+02
6.208314931425115368e+00 8.773502197265625000e+02
6.211749683807646250e+00 8.798354492187500000e+02
6.215184436190178019e+00 8.841311035156250000e+02
6.218619188572708900e+00 8.954714965820312500e+02
6.222053940955239781e+00 9.001160278320312500e+02
6.225488693337770663e+00 9.019112548828125000e+02
6.228923445720301544e+00 9.011560058593750000e+02
6.232358198102833313e+00 9.124288330078125000e+02
6.235792950485364194e+00 9.163212890625000000e+02
6.239227702867895964e+00 9.180183105468750000e+02
6.242662455250426845e+00 9.161579589843750000e+02
6.246097207632957726e+00 9.219057006835937500e+02
6.249531960015488607e+00 9.344085693359375000e+02
6.252966712398020377e+00 9.476095581054687500e+02
6.256401464780551258e+00 9.571995849609375000e+02
6.259836217163083028e+00 9.661167602539062500e+02
6.263270969545613909e+00 9.813717041015625000e+02
6.266705721928145678e+00 9.984089965820312500e+02
6.270140474310675671e+00 1.018981506347656250e+03
6.273575226693207441e+00 1.047490234375000000e+03
6.277009979075738322e+00 1.085303100585937500e+03
6.280444731458270091e+00 1.139244873046875000e+03
6.283879483840800972e+00 1.229651000976562500e+03
6.287314236223332742e+00 1.400184692382812500e+03
6.290748988605863623e+00 1.754292968750000000e+03
6.294183740988394504e+00 2.548832763671875000e+03
6.297618493370925385e+00 4.122841308593750000e+03
6.301053245753457155e+00 6.960845703125000000e+03
6.304487998135988036e+00 1.100062011718750000e+04
6.307922750518518917e+00 1.573879199218750000e+04
6.311357502901050687e+00 1.814053320312500000e+04
6.314792255283581568e+00 1.709655273437500000e+04
6.318227007666113337e+00 1.262868359375000000e+04
6.321661760048643330e+00 7.853694824218750000e+03
6.325096512431175100e+00 4.401051269531250000e+03
6.328531264813705981e+00 2.570003173828125000e+03
6.331966017196237750e+00 1.770074462890625000e+03
6.335400769578768632e+00 1.423133056640625000e+03
6.338835521961300401e+00 1.253220581054687500e+03
6.342270274343831282e+00 1.153597290039062500e+03
6.345705026726362163e+00 1.093355224609375000e+03
6.349139779108893045e+00 1.050682861328125000e+03
6.352574531491424814e+00 1.025014282226562500e+03
6.356009283873955695e+00 1.002325317382812500e+03
6.359444036256487465e+00 9.809725952148437500e+02
6.362878788639018346e+00 9.737866210937500000e+02
6.366313541021550115e+00 9.713348388671875000e+02
6.369748293404080997e+00 9.678278198242187500e+02
6.373183045786611878e+00 9.553204345703125000e+02
6.376617798169142759e+00 9.410123291015625000e+02
6.380052550551673640e+00 9.304662475585937500e+02
6.383487302934205410e+00 9.190617065429687500e+02
6.386922055316736291e+00 9.126168823242187500e+02
6.390356807699268060e+00 9.089207153320312500e+02
6.393791560081798941e+00 9.071316528320312500e+02
6.397226312464329823e+00 9.028888549804687500e+02
6.400661064846860704e+00 8.964143066406250000e+02
6.404095817229392473e+00 8.875614624023437500e+02
6.407530569611923355e+00 8.811599121093750000e+02
6.410965321994455124e+00 8.809306030273437500e+02
6.414400074376986005e+00 8.760341186523437500e+02
6.417834826759517775e+00 8.708250122070312500e+02
6.421269579142047768e+00 8.673779907226562500e+02
6.424704331524579537e+00 8.663363647460937500e+02
6.428139083907110418e+00 8.597189331054687500e+02
6.431573836289642188e+00 8.552032470703125000e+02
6.435008588672173069e+00 8.535076293945312500e+02
6.438443341054704838e+00 8.597669677734375000e+02
6.441878093437235719e+00 8.627374267578125000e+02
6.445312845819766601e+00 8.608790283203125000e+02
6.448747598202297482e+00 8.537687377929687500e+02
6.452182350584829251e+00 8.516146240234375000e+02
6.455617102967360132e+00 8.484141845703125000e+02
6.459051855349891014e+00 8.512155151367187500e+02
6.462486607732422783e+00 8.597607421875000000e+02
6.465921360114953664e+00 8.650744628906250000e+02
6.469356112497485434e+00 8.588754272460937500e+02
6.472790864880015427e+00 8.466103515625000000e+02
6.476225617262547196e+00 8.456014404296875000e+02
6.479660369645078077e+00 8.409782104492187500e+02
6.483095122027609847e+00 8.386586914062500000e+02
6.486529874410140728e+00 8.375111694335937500e+02
6.489964626792672497e+00 8.381686401367187500e+02
6.493399379175203379e+00 8.334088745117187500e+02
6.496834131557734260e+00 8.256624755859375000e+02
6.500268883940265141e+00 8.262948608398437500e+02
6.503703636322796910e+00 8.307925415039062500e+02
6.507138388705327792e+00 8.339215698242187500e+02
6.510573141087859561e+00 8.365199584960937500e+02
6.514007893470390442e+00 8.378435058593750000e+02
6.517442645852922212e+00 8.370964355468750000e+02
6.520877398235453093e+00 8.341712036132812500e+02
6.524312150617983974e+00 8.382578125000000000e+02
6.527746903000514855e+00 8.422636108398437500e+02
6.531181655383045737e+00 8.359212036132812500e+02
6.534616407765577506e+00 8.272223510742187500e+02
6.538051160148108387e+00 8.246142578125000000e+02
6.541485912530640157e+00 8.284661865234375000e+02
6.544920664913171038e+00 8.297568969726562500e+02
6.548355417295701919e+00 8.308941650390625000e+02
6.551790169678232800e+00 8.298930664062500000e+02
6.555224922060764570e+00 8.263236694335937500e+02
6.558659674443295451e+00 8.252255859375000000e+02
6.562094426825827220e+00 8.278868408203125000e+02
6.565529179208358102e+00 8.288148193359375000e+02
6.568963931590889871e+00 8.230007934570312500e+02
6.572398683973419864e+00 8.150841674804687500e+02
6.575833436355951633e+00 8.168543090820312500e+02
6.579268188738482515e+00 8.212023315429687500e+02
6.582702941121014284e+00 8.289268188476562500e+02
6.586137693503545165e+00 8.298291625976562500e+02
6.589572445886076935e+00 8.298751831054687500e+02
6.593007198268607816e+00 8.249246826171875000e+02
6.596441950651138697e+00 8.249656982421875000e+02
6.599876703033669578e+00 8.240967407226562500e+02
6.603311455416201348e+00 8.239486083984375000e+02
6.606746207798732229e+00 8.228225097656250000e+02
6.610180960181263110e+00 8.194362792968750000e+02
6.613615712563794879e+00 8.216674804687500000e+02
6.617050464946325761e+00 8.240360107421875000e+02
6.620485217328857530e+00 8.243551025390625000e+02
6.623919969711387523e+00 8.256234741210937500e+02
6.627354722093919293e+00 8.246510009765625000e+02
6.630789474476450174e+00 8.289129028320312500e+02
6.634224226858981943e+00 8.309974975585937500e+02
6.637658979241512824e+00 8.363984985351562500e+02
6.641093731624044594e+00 8.397182006835937500e+02
6.644528484006575475e+00 8.344185180664062500e+02
6.647963236389106356e+00 8.294165649414062500e+02
6.651397988771637237e+00 8.254096679687500000e+02
6.654832741154169007e+00 8.287841186523437500e+02
6.658267493536699888e+00 8.311396484375000000e+02
6.661702245919231657e+00 8.339632568359375000e+02
6.665136998301762539e+00 8.364176025390625000e+02
6.668571750684294308e+00 8.394827270507812500e+02
6.672006503066824301e+00 8.447193603515625000e+02
6.675441255449356071e+00 8.469304809570312500e+02
6.678876007831886952e+00 8.434719238281250000e+02
6.682310760214417833e+00 8.393566894531250000e+02
6.685745512596949602e+00 8.361599121093750000e+02
6.689180264979480484e+00 8.372478637695312500e+02
6.692615017362012253e+00 8.411437988281250000e+02
6.696049769744543134e+00 8.462906494140625000e+02
6.699484522127074015e+00 8.494401855468750000e+02
6.702919274509604897e+00 8.501383666992187500e+02
6.706354026892136666e+00 8.531678466796875000e+02
6.709788779274667547e+00 8.595621948242187500e+02
6.713223531657199317e+00 8.716237182617187500e+02
6.716658284039730198e+00 8.791348266601562500e+02
6.720093036422261967e+00 8.900908813476562500e+02
6.723527788804791960e+00 9.135194702148437500e+02
6.726962541187323730e+00 9.701530151367187500e+02
6.730397293569854611e+00 1.085965576171875000e+03
6.733832045952386380e+00 1.313821899414062500e+03
6.737266798334917262e+00 1.742919921875000000e+03
6.740701550717449031e+00 2.360546142578125000e+03
6.744136303099979912e+00 2.973156494140625000e+03
6.747571055482510793e+00 3.310197998046875000e+03
6.751005807865041675e+00 3.089465576171875000e+03
6.754440560247573444e+00 2.532499023437500000e+03
6.757875312630104325e+00 1.813014038085937500e+03
6.761310065012635206e+00 1.361130004882812500e+03
6.764744817395166976e+00 1.090787841796875000e+03
6.768179569777697857e+00 9.734410400390625000e+02
6.771614322160229626e+00 9.179024047851562500e+02
6.775049074542759620e+00 8.941489868164062500e+02
6.778483826925291389e+00 8.826324462890625000e+02
6.781918579307822270e+00 8.779222412109375000e+02
6.785353331690354040e+00 8.707692871093750000e+02
6.788788084072884921e+00 8.636837768554687500e+02
6.792222836455416690e+00 8.590024414062500000e+02
6.795657588837947571e+00 8.517662353515625000e+02
6.799092341220478453e+00 8.504953002929687500e+02
6.802527093603009334e+00 8.568937377929687500e+02
6.805961845985541103e+00 8.678527832031250000e+02
6.809396598368071984e+00 8.734055786132812500e+02
6.812831350750603754e+00 8.767413940429687500e+02
6.816266103133134635e+00 8.763751220703125000e+02
6.819700855515666404e+00 8.702788696289062500e+02
6.823135607898196398e+00 8.607474365234375000e+02
6.826570360280728167e+00 8.598315429687500000e+02
6.830005112663259048e+00 8.713969726562500000e+02
6.833439865045790818e+00 8.815837402343750000e+02
6.836874617428321699e+00 8.827765502929687500e+02
6.840309369810852580e+00 8.781251831054687500e+02
6.843744122193384349e+00 8.751519775390625000e+02
6.847178874575915231e+00 8.762528076171875000e+02
6.850613626958446112e+00 8.698595581054687500e+02
6.854048379340976993e+00 8.645659790039062500e+02
6.857483131723508762e+00 8.660759887695312500e+02
6.860917884106039644e+00 8.685798339843750000e+02
6.864352636488571413e+00 8.726879882812500000e+02
6.867787388871102294e+00 8.707559204101562500e+02
6.871222141253634064e+00 8.740474853515625000e+02
6.874656893636164057e+00 8.802024536132812500e+02
6.878091646018695826e+00 8.886514892578125000e+02
6.881526398401226707e+00 8.924231567382812500e+02
6.884961150783758477e+00 8.975530395507812500e+02
6.888395903166289358e+00 8.997127075195312500e+02
6.891830655548821127e+00 9.021115112304687500e+02
6.895265407931352009e+00 8.969914550781250000e+02
6.898700160313882890e+00 9.096866455078125000e+02
6.902134912696413771e+00 9.216059570312500000e+02
6.905569665078945540e+00 9.404865112304687500e+02
6.909004417461476422e+00 9.472934570312500000e+02
6.912439169844007303e+00 9.641781616210937500e+02
6.915873922226539072e+00 9.797257690429687500e+02
6.919308674609069953e+00 1.004378173828125000e+03
6.922743426991601723e+00 1.035733520507812500e+03
6.926178179374131716e+00 1.085422485351562500e+03
6.929612931756663485e+00 1.172131225585937500e+03
6.933047684139194367e+00 1.340706298828125000e+03
6.936482436521726136e+00 1.700915771484375000e+03
6.939917188904257017e+00 2.446391845703125000e+03
6.943351941286788787e+00 3.938996337890625000e+03
6.946786693669319668e+00 6.538919921875000000e+03
6.950221446051850549e+00 9.669504882812500000e+03
6.953656198434381430e+00 1.203909863281250000e+04
6.957090950816913200e+00 1.219973632812500000e+04
6.960525703199444081e+00 1.028878027343750000e+04
6.963960455581975850e+00 7.136474609375000000e+03
6.967395207964506731e+00 4.427140625000000000e+03
6.970829960347038501e+00 2.647393554687500000e+03
6.974264712729568494e+00 1.771856079101562500e+03
6.977699465112100263e+00 1.391062866210937500e+03
6.981134217494631145e+00 1.206894287109375000e+03
6.984568969877162914e+00 1.109808959960937500e+03
6.988003722259693795e+00 1.055358032226562500e+03
6.991438474642224676e+00 1.023354797363281250e+03
6.994873227024756446e+00 1.004587463378906250e+03
6.998307979407287327e+00 9.845491333007812500e+02
7.001742731789818208e+00 9.675529785156250000e+02
7.005177484172349089e+00 9.594501953125000000e+02
7.008612236554880859e+00 9.573890991210937500e+02
7.012046988937411740e+00 9.502304687500000000e+02
7.015481741319943509e+00 9.384094238281250000e+02
7.018916493702474391e+00 9.287743530273437500e+02
7.022351246085006160e+00 9.254940795898437500e+02
7.025785998467536153e+00 9.211503906250000000e+02
7.029220750850067922e+00 9.154116821289062500e+02
7.032655503232598804e+00 9.095021362304687500e+02
7.036090255615130573e+00 9.063245849609375000e+02
7.039525007997661454e+00 9.070881958007812500e+02
7.042959760380193224e+00 9.038007812500000000e+02
7.046394512762724105e+00 8.970148925781250000e+02
7.049829265145254986e+00 8.891652832031250000e+02
7.053264017527785867e+00 8.893474731445312500e+02
7.056698769910317637e+00 8.919920654296875000e+02
7.060133522292848518e+00 8.892401123046875000e+02
7.063568274675379399e+00 8.891199340820312500e+02
7.067003027057911169e+00 8.915920410156250000e+02
7.070437779440442050e+00 8.962902832031250000e+02
7.073872531822972931e+00 8.985144653320312500e+02
7.077307284205503812e+00 8.969146118164062500e+02
7.080742036588035582e+00 8.991090698242187500e+02
7.084176788970566463e+00 9.020147705078125000e+02
7.087611541353098232e+00 9.050980834960937500e+02
7.091046293735629114e+00 9.071719360351562500e+02
7.094481046118160883e+00 9.058787841796875000e+02
7.097915798500691764e+00 9.079247436523437500e+02
7.101350550883222645e+00 9.138610839843750000e+02
7.104785303265753527e+00 9.179584350585937500e+02
7.108220055648285296e+00 9.229136352539062500e+02
7.111654808030816177e+00 9.269583740234375000e+02
7.115089560413347947e+00 9.370144042968750000e+02
7.118524312795878828e+00 9.496612548828125000e+02
7.121959065178410597e+00 9.691464233398437500e+02
7.125393817560940590e+00 9.970307617187500000e+02
7.128828569943472360e+00 1.043716186523437500e+03
7.132263322326003241e+00 1.127521972656250000e+03
7.135698074708535010e+00 1.279050048828125000e+03
7.139132827091065892e+00 1.601613037109375000e+03
7.142567579473596773e+00 2.281446289062500000e+03
7.146002331856128542e+00 3.561391113281250000e+03
7.149437084238658535e+00 5.799586425781250000e+03
7.152871836621190305e+00 8.393355468750000000e+03
7.156306589003721186e+00 1.011563476562500000e+04
7.159741341386252955e+00 1.006260937500000000e+04
7.163176093768782948e+00 8.084009277343750000e+03
7.166610846151314718e+00 5.466296386718750000e+03
7.170045598533845599e+00 3.314384033203125000e+03
7.173480350916377368e+00 2.064621582031250000e+03
7.176915103298908249e+00 1.495095214843750000e+03
7.180349855681440019e+00 1.228387695312500000e+03
7.183784608063970900e+00 1.094926391601562500e+03
7.187219360446502670e+00 1.027554931640625000e+03
7.190654112829033551e+00 9.888593139648437500e+02
7.194088865211565320e+00 9.691164550781250000e+02
7.197523617594096201e+00 9.580193481445312500e+02
7.200958369976627971e+00 9.444548950195312500e+02
7.204393122359158852e+00 9.320924072265625000e+02
7.207827874741689733e+00 9.211985473632812500e+02
7.211262627124221503e+00 9.156071777343750000e+02
7.214697379506751496e+00 9.055388793945312500e+02
7.218132131889282377e+00 8.991278076171875000e+02
7.221566884271814146e+00 8.918814086914062500e+02
7.225001636654345027e+00 8.881240844726562500e+02
7.228436389036875909e+00 8.806704101562500000e+02
7.231871141419407678e+00 8.806806640625000000e+02
7.235305893801938559e+00 8.773430175781250000e+02
7.238740646184470329e+00 8.753108520507812500e+02
7.242175398567001210e+00 8.738862304687500000e+02
7.245610150949532979e+00 8.713385620117187500e+02
7.249044903332063861e+00 8.693223876953125000e+02
7.252479655714595630e+00 8.679160766601562500e+02
7.255914408097126511e+00 8.753544311523437500e+02
7.259349160479658281e+00 8.773189086914062500e+02
7.262783912862187385e+00 8.711461181640625000e+02
7.266218665244719155e+00 8.605748901367187500e+02
7.269653417627250036e+00 8.546208496093750000e+02
7.273088170009781805e+00 8.561684570312500000e+02
7.276522922392312687e+00 8.606481933593750000e+02
7.279957674774844456e+00 8.597161865234375000e+02
7.283392427157375337e+00 8.606812133789062500e+02
7.286827179539907107e+00 8.600894165039062500e+02
7.290261931922437988e+00 8.652191162109375000e+02
7.293696684304968869e+00 8.578244628906250000e+02
7.297131436687500639e+00 8.549179687500000000e+02
7.300566189070031520e+00 8.582860717773437500e+02
7.304000941452563289e+00 8.629075317382812500e+02
7.307435693835094170e+00 8.663955688476562500e+02
7.310870446217625940e+00 8.630841674804687500e+02
7.314305198600155045e+00 8.697792358398437500e+02
7.317739950982686814e+00 8.771775512695312500e+02
7.321174703365217695e+00 8.930543823242187500e+02
7.324609455747749465e+00 9.088593139648437500e+02
7.328044208130280346e+00 9.454703979492187500e+02
7.331478960512812115e+00 9.984119873046875000e+02
7.334913712895342996e+00 1.112830322265625000e+03
7.338348465277874766e+00 1.329102050781250000e+03
7.341783217660405647e+00 1.749454711914062500e+03
7.345217970042937417e+00 2.460339355468750000e+03
7.348652722425468298e+00 3.313049804687500000e+03
7.352087474808000067e+00 4.116811035156250000e+03
7.355522227190530948e+00 4.324267089843750000e+03
7.358956979573061830e+00 3.864602539062500000e+03
7.362391731955593599e+00 2.934302001953125000e+03
7.365826484338123592e+00 2.021110107421875000e+03
7.369261236720654473e+00 1.441600830078125000e+03
7.372695989103186243e+00 1.146994140625000000e+03
7.376130741485717124e+00 1.008676269531250000e+03
7.379565493868248005e+00 9.471369628906250000e+02
7.383000246250779774e+00 9.172153320312500000e+02
7.386434998633310656e+00 9.068610839843750000e+02
7.389869751015842425e+00 8.993285522460937500e+02
7.393304503398373306e+00 8.883215332031250000e+02
7.396739255780905076e+00 8.746484375000000000e+02
7.400174008163435957e+00 8.628421020507812500e+02
7.403608760545967726e+00 8.636505126953125000e+02
7.407043512928498608e+00 8.611595458984375000e+02
7.410478265311030377e+00 8.570836181640625000e+02
7.413913017693559482e+00 8.534794311523437500e+02
7.417347770076091251e+00 8.506460571289062500e+02
7.420782522458622132e+00 8.489146118164062500e+02
7.424217274841153902e+00 8.470418701171875000e+02
7.427652027223684783e+00 8.512741088867187500e+02
7.431086779606216552e+00 8.540687255859375000e+02
7.434521531988747434e+00 8.571393432617187500e+02
7.437956284371279203e+00 8.599276733398437500e+02
