# # sector 33: chi = 154.97 deg (range [150, 160))
# # columns: 2theta(deg)  intensity
9.943608147427778210e-01 3.251214355468750000e+03
9.977955671253089243e-01 3.267255126953125000e+03
1.001230319507840250e+00 3.255855957031250000e+03
1.004665071890371353e+00 3.250553955078125000e+03
1.008099824272902678e+00 3.231603515625000000e+03
1.011534576655433781e+00 3.238092773437500000e+03
1.014969329037964885e+00 3.253253662109375000e+03
1.018404081420495988e+00 3.266573486328125000e+03
1.021838833803027313e+00 3.272925292968750000e+03
1.025273586185558417e+00 3.265121582031250000e+03
1.028708338568089520e+00 3.281644775390625000e+03
1.032143090950620845e+00 3.286002441406250000e+03
1.035577843333151948e+00 3.291401367187500000e+03
1.039012595715683274e+00 3.285020996093750000e+03
1.042447348098214377e+00 3.268262939453125000e+03
1.045882100480745702e+00 3.259690429687500000e+03
1.049316852863276806e+00 3.230270019531250000e+03
1.052751605245807909e+00 3.201933349609375000e+03
1.056186357628339012e+00 3.182853515625000000e+03
1.059621110010870337e+00 3.180956298828125000e+03
1.063055862393401441e+00 3.197205322265625000e+03
1.066490614775932544e+00 3.209651855468750000e+03
1.069925367158463869e+00 3.213153076171875000e+03
1.073360119540994972e+00 3.208893554687500000e+03
1.076794871923526298e+00 3.204960937500000000e+03
1.080229624306057401e+00 3.198458251953125000e+03
1.083664376688588726e+00 3.206057373046875000e+03
1.087099129071119830e+00 3.224063964843750000e+03
1.090533881453650933e+00 3.207738037109375000e+03
1.093968633836182036e+00 3.197947753906250000e+03
1.097403386218713361e+00 3.179876464843750000e+03
1.100838138601244465e+00 3.191625732421875000e+03
1.104272890983775568e+00 3.193703369140625000e+03
1.107707643366306893e+00 3.202941894531250000e+03
1.111142395748837997e+00 3.179486572265625000e+03
1.114577148131369322e+00 3.172047363281250000e+03
1.118011900513900425e+00 3.171071533203125000e+03
1.121446652896431750e+00 3.182956054687500000e+03
1.124881405278962854e+00 3.175483154296875000e+03
1.128316157661493957e+00 3.174318359375000000e+03
1.131750910044025060e+00 3.167279052734375000e+03
1.135185662426556386e+00 3.159615966796875000e+03
1.138620414809087489e+00 3.167474609375000000e+03
1.142055167191618592e+00 3.172403076171875000e+03
1.145489919574149917e+00 3.179451660156250000e+03
1.148924671956681021e+00 3.190716552734375000e+03
1.152359424339212346e+00 3.200624023437500000e+03
1.155794176721743449e+00 3.205891113281250000e+03
1.159228929104274775e+00 3.197279052734375000e+03
1.162663681486805878e+00 3.186118652343750000e+03
1.166098433869336981e+00 3.176086425781250000e+03
1.169533186251868084e+00 3.160846435546875000e+03
1.172967938634399410e+00 3.167227783203125000e+03
1.176402691016930513e+00 3.168977050781250000e+03
1.179837443399461616e+00 3.171699707031250000e+03
1.183272195781992941e+00 3.153901367187500000e+03
1.186706948164524045e+00 3.165337646484375000e+03
1.190141700547055370e+00 3.179829589843750000e+03
1.193576452929586473e+00 3.191268310546875000e+03
1.197011205312117799e+00 3.167517333984375000e+03
1.200445957694648902e+00 3.158661865234375000e+03
1.203880710077180005e+00 3.163225585937500000e+03
1.207315462459711108e+00 3.167374511718750000e+03
1.210750214842242434e+00 3.157281005859375000e+03
1.214184967224773537e+00 3.146754638671875000e+03
1.217619719607304640e+00 3.131030029296875000e+03
1.221054471989835966e+00 3.124326171875000000e+03
1.224489224372367069e+00 3.125687500000000000e+03
1.227923976754898394e+00 3.137194091796875000e+03
1.231358729137429497e+00 3.128741210937500000e+03
1.234793481519960823e+00 3.134196289062500000e+03
1.238228233902491926e+00 3.130424560546875000e+03
1.241662986285023029e+00 3.151910400390625000e+03
1.245097738667554133e+00 3.150864990234375000e+03
1.248532491050085236e+00 3.164565673828125000e+03
1.251967243432616561e+00 3.155303222656250000e+03
1.255401995815147664e+00 3.167436035156250000e+03
1.258836748197678990e+00 3.172034179687500000e+03
1.262271500580210093e+00 3.182548828125000000e+03
1.265706252962741418e+00 3.196005615234375000e+03
1.269141005345272522e+00 3.210826904296875000e+03
1.272575757727803847e+00 3.198373779296875000e+03
1.276010510110334950e+00 3.175094970703125000e+03
1.279445262492866053e+00 3.165059570312500000e+03
1.282880014875397157e+00 3.181539550781250000e+03
1.286314767257928260e+00 3.198173339843750000e+03
1.289749519640459585e+00 3.204278564453125000e+03
1.293184272022990688e+00 3.197056884765625000e+03
1.296619024405522014e+00 3.179450927734375000e+03
1.300053776788053117e+00 3.163434570312500000e+03
1.303488529170584442e+00 3.167201416015625000e+03
1.306923281553115546e+00 3.177441406250000000e+03
1.310358033935646871e+00 3.171488525390625000e+03
1.313792786318177974e+00 3.155924072265625000e+03
1.317227538700709077e+00 3.149953857421875000e+03
1.320662291083240181e+00 3.148454833984375000e+03
1.324097043465771284e+00 3.150979492187500000e+03
1.327531795848302609e+00 3.150167236328125000e+03
1.330966548230833713e+00 3.149189697265625000e+03
1.334401300613365038e+00 3.149234863281250000e+03
1.337836052995896141e+00 3.139356201171875000e+03
1.341270805378427466e+00 3.138958740234375000e+03
1.344705557760958570e+00 3.125661376953125000e+03
1.348140310143489895e+00 3.115361083984375000e+03
1.351575062526020998e+00 3.121333496093750000e+03
1.355009814908552102e+00 3.129286132812500000e+03
1.358444567291083205e+00 3.136666992187500000e+03
1.361879319673614308e+00 3.150965087890625000e+03
1.365314072056145633e+00 3.140079345703125000e+03
1.368748824438676737e+00 3.129246582031250000e+03
1.372183576821208062e+00 3.105289306640625000e+03
1.375618329203739165e+00 3.097540527343750000e+03
1.379053081586270491e+00 3.103397949218750000e+03
1.382487833968801594e+00 3.104675537109375000e+03
1.385922586351332919e+00 3.125883300781250000e+03
1.389357338733864022e+00 3.141442138671875000e+03
1.392792091116395126e+00 3.146125000000000000e+03
1.396226843498926229e+00 3.124012695312500000e+03
1.399661595881457332e+00 3.115505859375000000e+03
1.403096348263988657e+00 3.115610595703125000e+03
1.406531100646519761e+00 3.120898681640625000e+03
1.409965853029051086e+00 3.107937255859375000e+03
1.413400605411582189e+00 3.110010986328125000e+03
1.416835357794113515e+00 3.118529785156250000e+03
1.420270110176644618e+00 3.107287109375000000e+03
1.423704862559175943e+00 3.092518554687500000e+03
1.427139614941707046e+00 3.079365234375000000e+03
1.430574367324238150e+00 3.086192382812500000e+03
1.434009119706769253e+00 3.088868896484375000e+03
1.437443872089300356e+00 3.099312500000000000e+03
1.440878624471831682e+00 3.113139404296875000e+03
1.444313376854362785e+00 3.113613281250000000e+03
1.447748129236894110e+00 3.103305419921875000e+03
1.451182881619425213e+00 3.101334960937500000e+03
1.454617634001956539e+00 3.124896972656250000e+03
1.458052386384487642e+00 3.141738037109375000e+03
1.461487138767018967e+00 3.127940917968750000e+03
1.464921891149550071e+00 3.102685302734375000e+03
1.468356643532081174e+00 3.078051757812500000e+03
1.471791395914612277e+00 3.077126708984375000e+03
1.475226148297143380e+00 3.072706298828125000e+03
1.478660900679674706e+00 3.075951171875000000e+03
1.482095653062205809e+00 3.064056884765625000e+03
1.485530405444737134e+00 3.077052734375000000e+03
1.488965157827268238e+00 3.092310791015625000e+03
1.492399910209799563e+00 3.100281005859375000e+03
1.495834662592330666e+00 3.099928710937500000e+03
1.499269414974861991e+00 3.097664550781250000e+03
1.502704167357393095e+00 3.081359375000000000e+03
1.506138919739924198e+00 3.066531738281250000e+03
1.509573672122455301e+00 3.055483886718750000e+03
1.513008424504986404e+00 3.051821289062500000e+03
1.516443176887517730e+00 3.046370605468750000e+03
1.519877929270048833e+00 3.044624023437500000e+03
1.523312681652580158e+00 3.048236816406250000e+03
1.526747434035111262e+00 3.050440185546875000e+03
1.530182186417642587e+00 3.049495605468750000e+03
1.533616938800173690e+00 3.040592041015625000e+03
1.537051691182705015e+00 3.049279052734375000e+03
1.540486443565236119e+00 3.060455322265625000e+03
1.543921195947767222e+00 3.076016357421875000e+03
1.547355948330298325e+00 3.068062255859375000e+03
1.550790700712829429e+00 3.057886474609375000e+03
1.554225453095360754e+00 3.056338623046875000e+03
1.557660205477891857e+00 3.075300537109375000e+03
1.561094957860423182e+00 3.088091308593750000e+03
1.564529710242954286e+00 3.091376708984375000e+03
1.567964462625485611e+00 3.094298339843750000e+03
1.571399215008016714e+00 3.094429443359375000e+03
1.574833967390548040e+00 3.094500488281250000e+03
1.578268719773079143e+00 3.079577636718750000e+03
1.581703472155610246e+00 3.076707763671875000e+03
1.585138224538141349e+00 3.084611083984375000e+03
1.588572976920672453e+00 3.088115478515625000e+03
1.592007729303203778e+00 3.095852050781250000e+03
1.595442481685734881e+00 3.095839843750000000e+03
1.598877234068266207e+00 3.098888671875000000e+03
1.602311986450797310e+00 3.099279296875000000e+03
1.605746738833328635e+00 3.113062988281250000e+03
1.609181491215859738e+00 3.138820068359375000e+03
1.612616243598391064e+00 3.143713378906250000e+03
1.616050995980922167e+00 3.154395996093750000e+03
1.619485748363453270e+00 3.155116943359375000e+03
1.622920500745984373e+00 3.175838378906250000e+03
1.626355253128515477e+00 3.183415771484375000e+03
1.629790005511046802e+00 3.211807617187500000e+03
1.633224757893577905e+00 3.245039062500000000e+03
1.636659510276109231e+00 3.282562011718750000e+03
1.640094262658640334e+00 3.323140625000000000e+03
1.643529015041171659e+00 3.358182617187500000e+03
1.646963767423702762e+00 3.423762451171875000e+03
1.650398519806234088e+00 3.521963134765625000e+03
1.653833272188765191e+00 3.695877197265625000e+03
1.657268024571296294e+00 4.000641601562500000e+03
1.660702776953827398e+00 4.635802734375000000e+03
1.664137529336358501e+00 6.109897460937500000e+03
1.667572281718889826e+00 9.638580078125000000e+03
1.671007034101420929e+00 1.567027441406250000e+04
1.674441786483952255e+00 2.555311132812500000e+04
1.677876538866483358e+00 3.929961718750000000e+04
1.681311291249014683e+00 4.964509375000000000e+04
1.684746043631545787e+00 5.499279296875000000e+04
1.688180796014076890e+00 4.927597265625000000e+04
1.691615548396608215e+00 3.848456250000000000e+04
1.695050300779139318e+00 2.539766601562500000e+04
1.698485053161670422e+00 1.576128710937500000e+04
1.701919805544201525e+00 9.152357421875000000e+03
1.705354557926732850e+00 6.132619628906250000e+03
1.708789310309263954e+00 4.610664550781250000e+03
1.712224062691795279e+00 3.927963867187500000e+03
1.715658815074326382e+00 3.581096923828125000e+03
1.719093567456857707e+00 3.390615234375000000e+03
1.722528319839388811e+00 3.290038818359375000e+03
1.725963072221919914e+00 3.224437255859375000e+03
1.729397824604451239e+00 3.162977539062500000e+03
1.732832576986982343e+00 3.110239990234375000e+03
1.736267329369513446e+00 3.075979492187500000e+03
1.739702081752044549e+00 3.057376464843750000e+03
1.743136834134575874e+00 3.041545654296875000e+03
1.746571586517106978e+00 3.018671875000000000e+03
1.750006338899638303e+00 2.993015136718750000e+03
1.753441091282169406e+00 2.972439208984375000e+03
1.756875843664700731e+00 2.958696533203125000e+03
1.760310596047231835e+00 2.930641845703125000e+03
1.763745348429762938e+00 2.894710449218750000e+03
1.767180100812294263e+00 2.875978515625000000e+03
1.770614853194825367e+00 2.872122802734375000e+03
1.774049605577356470e+00 2.874637695312500000e+03
1.777484357959887573e+00 2.843026367187500000e+03
1.780919110342418898e+00 2.813800292968750000e+03
1.784353862724950002e+00 2.793172607421875000e+03
1.787788615107481327e+00 2.777797363281250000e+03
1.791223367490012208e+00 2.769952880859375000e+03
1.794658119872543534e+00 2.760123046875000000e+03
1.798092872255074859e+00 2.740385742187500000e+03
1.801527624637606184e+00 2.731771240234375000e+03
1.804962377020137065e+00 2.728655029296875000e+03
1.808397129402668391e+00 2.719629150390625000e+03
1.811831881785199494e+00 2.694556640625000000e+03
1.815266634167730819e+00 2.670744384765625000e+03
1.818701386550261700e+00 2.667973388671875000e+03
1.822136138932793026e+00 2.668979492187500000e+03
1.825570891315324351e+00 2.660742431640625000e+03
1.829005643697855676e+00 2.642285888671875000e+03
1.832440396080386558e+00 2.626876708984375000e+03
1.835875148462917883e+00 2.625654541015625000e+03
1.839309900845449208e+00 2.626125976562500000e+03
1.842744653227980089e+00 2.633950195312500000e+03
1.846179405610511415e+00 2.634838867187500000e+03
1.849614157993042740e+00 2.617886230468750000e+03
1.853048910375573843e+00 2.593649414062500000e+03
1.856483662758104725e+00 2.572415039062500000e+03
1.859918415140636050e+00 2.571059570312500000e+03
1.863353167523167375e+00 2.568312500000000000e+03
1.866787919905698701e+00 2.556669921875000000e+03
1.870222672288229582e+00 2.549099365234375000e+03
1.873657424670760907e+00 2.543878906250000000e+03
1.877092177053292232e+00 2.535436279296875000e+03
1.880526929435823114e+00 2.522290527343750000e+03
1.883961681818354439e+00 2.518883300781250000e+03
1.887396434200885764e+00 2.517128906250000000e+03
1.890831186583416867e+00 2.509731689453125000e+03
1.894265938965947749e+00 2.507303955078125000e+03
1.897700691348479074e+00 2.497312011718750000e+03
1.901135443731010399e+00 2.493804443359375000e+03
1.904570196113541725e+00 2.488733154296875000e+03
1.908004948496072606e+00 2.491997802734375000e+03
1.911439700878603931e+00 2.484997070312500000e+03
1.914874453261135256e+00 2.479690429687500000e+03
1.918309205643666138e+00 2.468289306640625000e+03
1.921743958026197463e+00 2.464485839843750000e+03
1.925178710408728788e+00 2.452217529296875000e+03
1.928613462791259892e+00 2.453117919921875000e+03
1.932048215173790773e+00 2.441837646484375000e+03
1.935482967556322098e+00 2.447071289062500000e+03
1.938917719938853423e+00 2.441970703125000000e+03
1.942352472321384749e+00 2.435352050781250000e+03
1.945787224703915630e+00 2.425317382812500000e+03
1.949221977086446955e+00 2.429077392578125000e+03
1.952656729468978281e+00 2.437168457031250000e+03
1.956091481851509162e+00 2.448941162109375000e+03
1.959526234234040487e+00 2.449932617187500000e+03
1.962960986616571812e+00 2.436942871093750000e+03
1.966395738999102916e+00 2.428408691406250000e+03
1.969830491381633797e+00 2.420403320312500000e+03
1.973265243764165122e+00 2.429482177734375000e+03
1.976699996146696447e+00 2.427038574218750000e+03
1.980134748529227329e+00 2.415475585937500000e+03
1.983569500911758654e+00 2.396257812500000000e+03
1.987004253294289979e+00 2.394290771484375000e+03
1.990439005676821305e+00 2.388433105468750000e+03
1.993873758059352186e+00 2.388652832031250000e+03
1.997308510441883511e+00 2.380575683593750000e+03
2.000743262824414614e+00 2.378064453125000000e+03
2.004178015206945940e+00 2.359539550781250000e+03
2.007612767589476821e+00 2.344630126953125000e+03
2.011047519972008146e+00 2.340260498046875000e+03
2.014482272354539472e+00 2.343905273437500000e+03
2.017917024737070353e+00 2.345092773437500000e+03
2.021351777119601678e+00 2.347049072265625000e+03
2.024786529502133003e+00 2.335289550781250000e+03
2.028221281884664329e+00 2.326554687500000000e+03
2.031656034267195210e+00 2.314701171875000000e+03
2.035090786649726535e+00 2.311911621093750000e+03
2.038525539032257861e+00 2.317265625000000000e+03
2.041960291414789186e+00 2.323440429687500000e+03
2.045395043797320067e+00 2.314911376953125000e+03
2.048829796179851392e+00 2.306182861328125000e+03
2.052264548562382718e+00 2.292606933593750000e+03
2.055699300944913599e+00 2.279093261718750000e+03
2.059134053327444924e+00 2.258244628906250000e+03
2.062568805709975805e+00 2.240938720703125000e+03
2.066003558092507131e+00 2.253975097656250000e+03
2.069438310475038012e+00 2.271665039062500000e+03
2.072873062857569337e+00 2.284038574218750000e+03
2.076307815240100663e+00 2.260875488281250000e+03
2.079742567622631988e+00 2.258012451171875000e+03
2.083177320005162869e+00 2.256783691406250000e+03
2.086612072387694194e+00 2.262854492187500000e+03
2.090046824770225520e+00 2.254110595703125000e+03
2.093481577152756401e+00 2.246233154296875000e+03
2.096916329535287726e+00 2.246332275390625000e+03
2.100351081917819052e+00 2.240338378906250000e+03
2.103785834300350377e+00 2.248303466796875000e+03
2.107220586682881258e+00 2.247558593750000000e+03
2.110655339065412583e+00 2.252900146484375000e+03
2.114090091447943909e+00 2.245838134765625000e+03
2.117524843830475234e+00 2.246285888671875000e+03
2.120959596213006115e+00 2.232092529296875000e+03
2.124394348595537441e+00 2.226633300781250000e+03
2.127829100978068766e+00 2.213256835937500000e+03
2.131263853360599647e+00 2.207851806640625000e+03
2.134698605743130972e+00 2.216368652343750000e+03
2.138133358125661854e+00 2.217461669921875000e+03
2.141568110508193179e+00 2.222900878906250000e+03
2.145002862890724060e+00 2.217895263671875000e+03
2.148437615273255386e+00 2.209735595703125000e+03
2.151872367655786711e+00 2.197492431640625000e+03
2.155307120038318036e+00 2.189521240234375000e+03
2.158741872420848917e+00 2.183370361328125000e+03
2.162176624803380243e+00 2.168861328125000000e+03
2.165611377185911568e+00 2.165092285156250000e+03
2.169046129568442449e+00 2.170692138671875000e+03
2.172480881950973775e+00 2.172087646484375000e+03
2.175915634333505100e+00 2.165437500000000000e+03
2.179350386716036425e+00 2.168632568359375000e+03
2.182785139098567306e+00 2.178329101562500000e+03
2.186219891481098632e+00 2.190126464843750000e+03
2.189654643863629957e+00 2.178598632812500000e+03
2.193089396246161282e+00 2.175627685546875000e+03
2.196524148628692163e+00 2.162136230468750000e+03
2.199958901011223489e+00 2.167396240234375000e+03
2.203393653393754814e+00 2.158566162109375000e+03
2.206828405776285695e+00 2.167833984375000000e+03
2.210263158158817021e+00 2.173073974609375000e+03
2.213697910541347902e+00 2.192282470703125000e+03
2.217132662923879227e+00 2.191056640625000000e+03
2.220567415306410108e+00 2.193418701171875000e+03
2.224002167688941434e+00 2.190628173828125000e+03
2.227436920071472759e+00 2.205133789062500000e+03
2.230871672454004084e+00 2.193850341796875000e+03
2.234306424836534966e+00 2.182953369140625000e+03
2.237741177219066291e+00 2.173077148437500000e+03
2.241175929601597616e+00 2.180397949218750000e+03
2.244610681984128497e+00 2.189446777343750000e+03
2.248045434366659823e+00 2.190390625000000000e+03
2.251480186749191148e+00 2.193538574218750000e+03
2.254914939131722473e+00 2.193083740234375000e+03
2.258349691514253355e+00 2.198883056640625000e+03
2.261784443896784680e+00 2.195576171875000000e+03
2.265219196279316005e+00 2.198703613281250000e+03
2.268653948661847330e+00 2.209655273437500000e+03
2.272088701044378212e+00 2.229885253906250000e+03
2.275523453426909537e+00 2.228832031250000000e+03
2.278958205809440862e+00 2.216927001953125000e+03
2.282392958191971744e+00 2.211226806640625000e+03
2.285827710574503069e+00 2.233420410156250000e+03
2.289262462957033950e+00 2.252224609375000000e+03
2.292697215339565275e+00 2.269588867187500000e+03
2.296131967722096157e+00 2.280500976562500000e+03
2.299566720104627482e+00 2.305221435546875000e+03
2.303001472487158807e+00 2.336666503906250000e+03
2.306436224869690133e+00 2.351167968750000000e+03
2.309870977252221014e+00 2.381190673828125000e+03
2.313305729634752339e+00 2.405260742187500000e+03
2.316740482017283664e+00 2.431302246093750000e+03
2.320175234399814546e+00 2.455275634765625000e+03
2.323609986782345871e+00 2.486203369140625000e+03
2.327044739164877196e+00 2.523611816406250000e+03
2.330479491547408522e+00 2.566059326171875000e+03
2.333914243929939403e+00 2.623179687500000000e+03
2.337348996312470728e+00 2.685190429687500000e+03
2.340783748695002053e+00 2.768390869140625000e+03
2.344218501077533379e+00 2.876248535156250000e+03
2.347653253460064260e+00 3.041331787109375000e+03
2.351088005842595585e+00 3.279021972656250000e+03
2.354522758225126911e+00 3.689541259765625000e+03
2.357957510607657792e+00 4.487546875000000000e+03
2.361392262990189117e+00 6.190613769531250000e+03
2.364827015372720442e+00 9.844885742187500000e+03
2.368261767755251324e+00 1.817413867187500000e+04
2.371696520137782205e+00 3.207148437500000000e+04
2.375131272520313530e+00 4.864310156250000000e+04
2.378566024902844855e+00 6.514503515625000000e+04
2.382000777285376181e+00 7.475802343750000000e+04
2.385435529667907062e+00 7.187947656250000000e+04
2.388870282050438387e+00 5.924844921875000000e+04
2.392305034432969713e+00 4.174575000000000000e+04
2.395739786815500594e+00 2.672477539062500000e+04
2.399174539198031919e+00 1.510691113281250000e+04
2.402609291580563244e+00 9.097252929687500000e+03
2.406044043963094570e+00 5.769931640625000000e+03
2.409478796345625451e+00 4.265380371093750000e+03
2.412913548728156776e+00 3.549882324218750000e+03
2.416348301110688102e+00 3.153346191406250000e+03
2.419783053493219427e+00 2.919169921875000000e+03
2.423217805875750308e+00 2.772866210937500000e+03
2.426652558258281633e+00 2.668556884765625000e+03
2.430087310640812959e+00 2.571816406250000000e+03
2.433522063023343840e+00 2.499834228515625000e+03
2.436956815405875165e+00 2.446196777343750000e+03
2.440391567788406491e+00 2.396430175781250000e+03
2.443826320170937372e+00 2.352932861328125000e+03
2.447261072553468253e+00 2.313161132812500000e+03
2.450695824935999578e+00 2.292851318359375000e+03
2.454130577318530904e+00 2.256112304687500000e+03
2.457565329701061785e+00 2.212648681640625000e+03
2.461000082083593110e+00 2.167007080078125000e+03
2.464434834466124435e+00 2.137264160156250000e+03
2.467869586848655761e+00 2.118672119140625000e+03
2.471304339231186642e+00 2.104632080078125000e+03
2.474739091613717967e+00 2.081832519531250000e+03
2.478173843996249293e+00 2.061256103515625000e+03
2.481608596378780618e+00 2.040407714843750000e+03
2.485043348761311499e+00 2.021347534179687500e+03
2.488478101143842824e+00 1.995466674804687500e+03
2.491912853526374150e+00 1.980090454101562500e+03
2.495347605908905031e+00 1.974746582031250000e+03
2.498782358291436356e+00 1.963615722656250000e+03
2.502217110673967682e+00 1.955258544921875000e+03
2.505651863056499007e+00 1.940232666015625000e+03
2.509086615439029888e+00 1.930572998046875000e+03
2.512521367821561213e+00 1.907224487304687500e+03
2.515956120204092539e+00 1.895612182617187500e+03
2.519390872586623420e+00 1.900042480468750000e+03
2.522825624969154301e+00 1.899265502929687500e+03
2.526260377351685626e+00 1.889708740234375000e+03
2.529695129734216952e+00 1.865952026367187500e+03
2.533129882116747833e+00 1.846606933593750000e+03
2.536564634499279158e+00 1.832492065429687500e+03
2.539999386881810484e+00 1.833491943359375000e+03
2.543434139264341809e+00 1.831099365234375000e+03
2.546868891646872690e+00 1.835844604492187500e+03
2.550303644029404015e+00 1.820285156250000000e+03
2.553738396411935341e+00 1.810790405273437500e+03
2.557173148794466666e+00 1.804776489257812500e+03
2.560607901176997547e+00 1.808722045898437500e+03
2.564042653559528873e+00 1.799372924804687500e+03
2.567477405942060198e+00 1.788646972656250000e+03
2.570912158324591079e+00 1.778203735351562500e+03
2.574346910707122404e+00 1.772607055664062500e+03
2.577781663089653730e+00 1.771995971679687500e+03
2.581216415472185055e+00 1.768444335937500000e+03
2.584651167854715936e+00 1.756249755859375000e+03
2.588085920237247262e+00 1.750398315429687500e+03
2.591520672619778587e+00 1.757819824218750000e+03
2.594955425002309468e+00 1.754041137695312500e+03
2.598390177384840349e+00 1.746738525390625000e+03
2.601824929767371675e+00 1.743594970703125000e+03
2.605259682149903000e+00 1.741848999023437500e+03
2.608694434532433881e+00 1.737501831054687500e+03
2.612129186914965207e+00 1.730643920898437500e+03
2.615563939297496532e+00 1.718505249023437500e+03
2.618998691680027857e+00 1.710202514648437500e+03
2.622433444062558738e+00 1.709937988281250000e+03
2.625868196445090064e+00 1.713516113281250000e+03
2.629302948827621389e+00 1.713162231445312500e+03
2.632737701210152714e+00 1.712061889648437500e+03
2.636172453592683596e+00 1.711128662109375000e+03
2.639607205975214921e+00 1.699676025390625000e+03
2.643041958357746246e+00 1.696188720703125000e+03
2.646476710740277127e+00 1.692439331054687500e+03
2.649911463122808453e+00 1.690401123046875000e+03
2.653346215505339778e+00 1.680727661132812500e+03
2.656780967887871103e+00 1.669201904296875000e+03
2.660215720270401984e+00 1.654177124023437500e+03
2.663650472652933310e+00 1.655988403320312500e+03
2.667085225035464635e+00 1.664213134765625000e+03
2.670519977417995516e+00 1.662234252929687500e+03
2.673954729800526398e+00 1.653640747070312500e+03
2.677389482183057723e+00 1.647626464843750000e+03
2.680824234565589048e+00 1.654229858398437500e+03
2.684258986948119929e+00 1.646810791015625000e+03
2.687693739330651255e+00 1.643215576171875000e+03
2.691128491713182580e+00 1.634250244140625000e+03
2.694563244095713905e+00 1.637003051757812500e+03
2.697997996478244787e+00 1.636996459960937500e+03
2.701432748860776112e+00 1.637955322265625000e+03
2.704867501243307437e+00 1.630851928710937500e+03
2.708302253625838762e+00 1.626256713867187500e+03
2.711737006008369644e+00 1.624987670898437500e+03
2.715171758390900969e+00 1.621066040039062500e+03
2.718606510773432294e+00 1.623467773437500000e+03
2.722041263155963176e+00 1.622187744140625000e+03
2.725476015538494501e+00 1.623470581054687500e+03
2.728910767921025826e+00 1.620651123046875000e+03
2.732345520303557151e+00 1.614253662109375000e+03
2.735780272686088033e+00 1.604754760742187500e+03
2.739215025068619358e+00 1.607824096679687500e+03
2.742649777451150683e+00 1.615671508789062500e+03
2.746084529833681565e+00 1.631833984375000000e+03
2.749519282216212890e+00 1.633047973632812500e+03
2.752954034598743771e+00 1.630267700195312500e+03
2.756388786981275096e+00 1.620693603515625000e+03
2.759823539363805978e+00 1.609320922851562500e+03
2.763258291746337303e+00 1.606316650390625000e+03
2.766693044128868628e+00 1.608658325195312500e+03
2.770127796511399954e+00 1.612775634765625000e+03
2.773562548893930835e+00 1.602291870117187500e+03
2.776997301276462160e+00 1.603233032226562500e+03
2.780432053658993485e+00 1.594151855468750000e+03
2.783866806041524811e+00 1.604888671875000000e+03
2.787301558424055692e+00 1.608475708007812500e+03
2.790736310806587017e+00 1.620503540039062500e+03
2.794171063189118343e+00 1.622745605468750000e+03
2.797605815571649224e+00 1.625044067382812500e+03
2.801040567954180549e+00 1.630922607421875000e+03
2.804475320336711874e+00 1.628038574218750000e+03
2.807910072719243200e+00 1.620685913085937500e+03
2.811344825101774081e+00 1.612214233398437500e+03
2.814779577484305406e+00 1.612962524414062500e+03
2.818214329866836731e+00 1.616252441406250000e+03
2.821649082249367613e+00 1.619833618164062500e+03
2.825083834631898938e+00 1.618471679687500000e+03
2.828518587014429819e+00 1.624456909179687500e+03
2.831953339396961145e+00 1.632284057617187500e+03
2.835388091779492026e+00 1.645013183593750000e+03
2.838822844162023351e+00 1.654730590820312500e+03
2.842257596544554676e+00 1.673915893554687500e+03
2.845692348927086002e+00 1.679479736328125000e+03
2.849127101309616883e+00 1.681665161132812500e+03
2.852561853692148208e+00 1.678679199218750000e+03
2.855996606074679534e+00 1.689485473632812500e+03
2.859431358457210415e+00 1.704012817382812500e+03
2.862866110839741740e+00 1.720111816406250000e+03
2.866300863222273065e+00 1.742140136718750000e+03
2.869735615604804391e+00 1.756037475585937500e+03
2.873170367987335272e+00 1.784504760742187500e+03
2.876605120369866597e+00 1.817529541015625000e+03
2.880039872752397923e+00 1.881255737304687500e+03
2.883474625134929248e+00 1.964681030273437500e+03
2.886909377517460129e+00 2.095940917968750000e+03
2.890344129899991454e+00 2.318563476562500000e+03
2.893778882282522780e+00 2.775153320312500000e+03
2.897213634665053661e+00 3.800800537109375000e+03
2.900648387047584986e+00 6.012511718750000000e+03
2.904083139430115867e+00 1.031637597656250000e+04
2.907517891812647193e+00 1.714743750000000000e+04
2.910952644195178074e+00 2.432447070312500000e+04
2.914387396577709399e+00 2.947288085937500000e+04
2.917822148960240725e+00 3.076111718750000000e+04
2.921256901342772050e+00 2.798691796875000000e+04
2.924691653725302931e+00 2.280556054687500000e+04
2.928126406107834256e+00 1.639238476562500000e+04
2.931561158490365582e+00 1.085989941406250000e+04
2.934995910872896463e+00 6.851354003906250000e+03
2.938430663255427788e+00 4.418063964843750000e+03
2.941865415637959114e+00 3.026995849609375000e+03
2.945300168020490439e+00 2.391619384765625000e+03
2.948734920403021320e+00 2.088321533203125000e+03
2.952169672785552645e+00 1.934746459960937500e+03
2.955604425168083971e+00 1.840765258789062500e+03
2.959039177550615296e+00 1.781276367187500000e+03
2.962473929933146177e+00 1.745758178710937500e+03
2.965908682315677503e+00 1.712856201171875000e+03
2.969343434698208828e+00 1.688358642578125000e+03
2.972778187080739709e+00 1.661234497070312500e+03
2.976212939463271034e+00 1.633762451171875000e+03
2.979647691845801916e+00 1.609993041992187500e+03
2.983082444228333241e+00 1.597112182617187500e+03
2.986517196610864122e+00 1.582192504882812500e+03
2.989951948993395447e+00 1.562983276367187500e+03
2.993386701375926773e+00 1.548949951171875000e+03
2.996821453758458098e+00 1.538852661132812500e+03
3.000256206140988979e+00 1.521732788085937500e+03
3.003690958523520305e+00 1.502872314453125000e+03
3.007125710906051630e+00 1.481851196289062500e+03
3.010560463288582511e+00 1.470151855468750000e+03
3.013995215671113836e+00 1.455319946289062500e+03
3.017429968053645162e+00 1.448282592773437500e+03
3.020864720436176487e+00 1.449846435546875000e+03
3.024299472818707368e+00 1.447267944335937500e+03
3.027734225201238694e+00 1.447353881835937500e+03
3.031168977583770019e+00 1.447927856445312500e+03
3.034603729966301344e+00 1.451270996093750000e+03
3.038038482348832225e+00 1.431712524414062500e+03
3.041473234731363551e+00 1.416976440429687500e+03
3.044907987113894876e+00 1.405735351562500000e+03
3.048342739496425757e+00 1.397252563476562500e+03
3.051777491878957083e+00 1.388248291015625000e+03
3.055212244261487964e+00 1.383255249023437500e+03
3.058646996644019289e+00 1.385171630859375000e+03
3.062081749026550170e+00 1.379057128906250000e+03
3.065516501409081496e+00 1.379091552734375000e+03
3.068951253791612821e+00 1.371690795898437500e+03
3.072386006174144146e+00 1.381734741210937500e+03
3.075820758556675028e+00 1.369961914062500000e+03
3.079255510939206353e+00 1.369643676757812500e+03
3.082690263321737678e+00 1.355463500976562500e+03
3.086125015704268559e+00 1.360693725585937500e+03
3.089559768086799885e+00 1.356712524414062500e+03
3.092994520469331210e+00 1.352432006835937500e+03
3.096429272851862535e+00 1.344926025390625000e+03
3.099864025234393416e+00 1.342531982421875000e+03
3.103298777616924742e+00 1.340531494140625000e+03
3.106733529999456067e+00 1.334434570312500000e+03
3.110168282381987392e+00 1.337284301757812500e+03
3.113603034764518274e+00 1.333640869140625000e+03
3.117037787147049599e+00 1.335363525390625000e+03
3.120472539529580924e+00 1.333122680664062500e+03
3.123907291912111805e+00 1.338106323242187500e+03
3.127342044294643131e+00 1.339516723632812500e+03
3.130776796677174012e+00 1.344498046875000000e+03
3.134211549059705337e+00 1.348640380859375000e+03
3.137646301442236219e+00 1.345459838867187500e+03
3.141081053824767544e+00 1.336549316406250000e+03
3.144515806207298869e+00 1.335436767578125000e+03
3.147950558589830194e+00 1.330143310546875000e+03
3.151385310972361076e+00 1.319405883789062500e+03
3.154820063354892401e+00 1.305900390625000000e+03
3.158254815737423726e+00 1.297713012695312500e+03
3.161689568119954608e+00 1.288830810546875000e+03
3.165124320502485933e+00 1.286776611328125000e+03
3.168559072885017258e+00 1.291570678710937500e+03
3.171993825267548583e+00 1.288266967773437500e+03
3.175428577650079465e+00 1.279451904296875000e+03
3.178863330032610790e+00 1.273122924804687500e+03
3.182298082415142115e+00 1.278653686523437500e+03
3.185732834797673441e+00 1.281021972656250000e+03
3.189167587180204322e+00 1.282387573242187500e+03
3.192602339562735647e+00 1.274380249023437500e+03
3.196037091945266972e+00 1.266110839843750000e+03
3.199471844327797854e+00 1.257501098632812500e+03
3.202906596710329179e+00 1.265057128906250000e+03
3.206341349092860060e+00 1.268157714843750000e+03
3.209776101475391386e+00 1.257263916015625000e+03
3.213210853857922267e+00 1.244918212890625000e+03
3.216645606240453592e+00 1.242400634765625000e+03
3.220080358622984917e+00 1.255179565429687500e+03
3.223515111005516243e+00 1.265728637695312500e+03
3.226949863388047124e+00 1.273914916992187500e+03
3.230384615770578449e+00 1.277030883789062500e+03
3.233819368153109775e+00 1.279434082031250000e+03
3.237254120535640656e+00 1.270990478515625000e+03
3.240688872918171981e+00 1.265192382812500000e+03
3.244123625300703306e+00 1.266128784179687500e+03
3.247558377683234632e+00 1.265905151367187500e+03
3.250993130065765513e+00 1.257670532226562500e+03
3.254427882448296838e+00 1.244374511718750000e+03
3.257862634830828164e+00 1.249163208007812500e+03
3.261297387213359489e+00 1.263326049804687500e+03
3.264732139595890370e+00 1.279310302734375000e+03
3.268166891978421695e+00 1.283466186523437500e+03
3.271601644360953021e+00 1.280458374023437500e+03
3.275036396743483902e+00 1.281956542968750000e+03
3.278471149126015227e+00 1.282041870117187500e+03
3.281905901508546108e+00 1.282788696289062500e+03
3.285340653891077434e+00 1.284825439453125000e+03
3.288775406273608315e+00 1.290293334960937500e+03
3.292210158656139640e+00 1.292408813476562500e+03
3.295644911038670966e+00 1.296447753906250000e+03
3.299079663421202291e+00 1.294996582031250000e+03
3.302514415803733172e+00 1.294069458007812500e+03
3.305949168186264497e+00 1.289895629882812500e+03
3.309383920568795823e+00 1.292546508789062500e+03
3.312818672951326704e+00 1.312201782226562500e+03
3.316253425333858029e+00 1.336927368164062500e+03
3.319688177716389355e+00 1.344218017578125000e+03
3.323122930098920680e+00 1.349729858398437500e+03
3.326557682481451561e+00 1.358915161132812500e+03
3.329992434863982886e+00 1.380550903320312500e+03
3.333427187246514212e+00 1.409808837890625000e+03
3.336861939629045093e+00 1.464271606445312500e+03
3.340296692011576418e+00 1.554780761718750000e+03
3.343731444394107744e+00 1.716711425781250000e+03
3.347166196776639069e+00 2.064583984375000000e+03
3.350600949159169950e+00 2.816045166015625000e+03
3.354035701541701275e+00 4.651632324218750000e+03
3.357470453924232601e+00 7.440566406250000000e+03
3.360905206306763482e+00 1.124060058593750000e+04
3.364339958689294363e+00 1.420305859375000000e+04
3.367774711071825688e+00 1.569611035156250000e+04
3.371209463454357014e+00 1.519988476562500000e+04
3.374644215836887895e+00 1.303216894531250000e+04
3.378078968219419220e+00 1.031666699218750000e+04
3.381513720601950546e+00 7.385767578125000000e+03
3.384948472984481871e+00 5.183467285156250000e+03
3.388383225367012752e+00 3.370189697265625000e+03
3.391817977749544077e+00 2.465533203125000000e+03
3.395252730132075403e+00 1.879695800781250000e+03
3.398687482514606728e+00 1.633895996093750000e+03
3.402122234897137609e+00 1.495633911132812500e+03
3.405556987279668935e+00 1.428500366210937500e+03
3.408991739662200260e+00 1.383839233398437500e+03
3.412426492044731141e+00 1.354745361328125000e+03
3.415861244427262466e+00 1.337584228515625000e+03
3.419295996809793792e+00 1.322491699218750000e+03
3.422730749192325117e+00 1.306896484375000000e+03
3.426165501574855998e+00 1.293141967773437500e+03
3.429600253957387324e+00 1.287304199218750000e+03
3.433035006339918649e+00 1.280747680664062500e+03
3.436469758722449530e+00 1.284621826171875000e+03
3.439904511104980411e+00 1.282282226562500000e+03
3.443339263487511737e+00 1.279623168945312500e+03
3.446774015870043062e+00 1.260870117187500000e+03
3.450208768252573943e+00 1.244446655273437500e+03
3.453643520635105268e+00 1.233508789062500000e+03
3.457078273017636594e+00 1.238705688476562500e+03
3.460513025400167919e+00 1.228387939453125000e+03
3.463947777782698800e+00 1.223421508789062500e+03
3.467382530165230126e+00 1.214631103515625000e+03
3.470817282547761451e+00 1.216731933593750000e+03
3.474252034930292776e+00 1.202190917968750000e+03
3.477686787312823657e+00 1.189530883789062500e+03
3.481121539695354983e+00 1.185572509765625000e+03
3.484556292077886308e+00 1.191162963867187500e+03
3.487991044460417189e+00 1.193596435546875000e+03
3.491425796842948515e+00 1.182109741210937500e+03
3.494860549225479840e+00 1.167422607421875000e+03
3.498295301608011165e+00 1.169569824218750000e+03
3.501730053990542046e+00 1.171180786132812500e+03
3.505164806373073372e+00 1.168602294921875000e+03
3.508599558755604697e+00 1.162028930664062500e+03
3.512034311138135578e+00 1.161644165039062500e+03
3.515469063520666460e+00 1.162774414062500000e+03
3.518903815903197785e+00 1.160182373046875000e+03
3.522338568285729110e+00 1.154872558593750000e+03
3.525773320668259991e+00 1.164706298828125000e+03
3.529208073050791317e+00 1.173145263671875000e+03
3.532642825433322642e+00 1.184773437500000000e+03
3.536077577815853967e+00 1.179904541015625000e+03
3.539512330198384849e+00 1.185702880859375000e+03
3.542947082580916174e+00 1.173996093750000000e+03
3.546381834963447499e+00 1.164611938476562500e+03
3.549816587345978824e+00 1.154957153320312500e+03
3.553251339728509706e+00 1.154700561523437500e+03
3.556686092111041031e+00 1.151360961914062500e+03
3.560120844493572356e+00 1.151832763671875000e+03
3.563555596876103237e+00 1.153599243164062500e+03
3.566990349258634563e+00 1.154876464843750000e+03
3.570425101641165888e+00 1.152886962890625000e+03
3.573859854023697213e+00 1.146759277343750000e+03
3.577294606406228095e+00 1.144491333007812500e+03
3.580729358788759420e+00 1.148030883789062500e+03
3.584164111171290301e+00 1.157088134765625000e+03
3.587598863553821626e+00 1.147503295898437500e+03
3.591033615936352508e+00 1.138135131835937500e+03
3.594468368318883833e+00 1.138841796875000000e+03
3.597903120701415158e+00 1.149262207031250000e+03
3.601337873083946484e+00 1.153586303710937500e+03
3.604772625466477809e+00 1.155860595703125000e+03
3.608207377849008246e+00 1.154567871093750000e+03
3.611642130231539571e+00 1.154585815429687500e+03
3.615076882614070897e+00 1.150288696289062500e+03
3.618511634996602222e+00 1.146778808593750000e+03
3.621946387379133547e+00 1.147801757812500000e+03
3.625381139761664873e+00 1.156086791992187500e+03
3.628815892144196198e+00 1.159791015625000000e+03
3.632250644526726635e+00 1.165602172851562500e+03
3.635685396909257960e+00 1.170398315429687500e+03
3.639120149291789286e+00 1.174713623046875000e+03
3.642554901674320611e+00 1.181573974609375000e+03
3.645989654056851936e+00 1.188182739257812500e+03
3.649424406439383262e+00 1.204547729492187500e+03
3.652859158821914587e+00 1.207345214843750000e+03
3.656293911204445912e+00 1.199454956054687500e+03
3.659728663586976349e+00 1.194055541992187500e+03
3.663163415969507675e+00 1.195241088867187500e+03
3.666598168352038556e+00 1.192774536132812500e+03
3.670032920734569881e+00 1.200961547851562500e+03
3.673467673117101207e+00 1.214013061523437500e+03
3.676902425499632532e+00 1.225391601562500000e+03
3.680337177882163857e+00 1.226566040039062500e+03
3.683771930264694294e+00 1.234951171875000000e+03
3.687206682647225620e+00 1.249238281250000000e+03
3.690641435029756945e+00 1.259953979492187500e+03
3.694076187412288270e+00 1.265308105468750000e+03
3.697510939794819596e+00 1.283698364257812500e+03
3.700945692177350921e+00 1.299859008789062500e+03
3.704380444559882246e+00 1.315124145507812500e+03
3.707815196942412683e+00 1.329348388671875000e+03
3.711249949324944009e+00 1.349966796875000000e+03
3.714684701707475334e+00 1.376773437500000000e+03
3.718119454090006659e+00 1.403554199218750000e+03
3.721554206472537984e+00 1.439802978515625000e+03
3.724988958855069310e+00 1.484947143554687500e+03
3.728423711237600635e+00 1.540693847656250000e+03
3.731858463620131960e+00 1.617650024414062500e+03
3.735293216002662398e+00 1.746160278320312500e+03
3.738727968385193723e+00 1.961080566406250000e+03
3.742162720767725048e+00 2.391585937500000000e+03
3.745597473150255929e+00 3.321056152343750000e+03
3.749032225532787255e+00 5.334176757812500000e+03
3.752466977915318580e+00 9.365708984375000000e+03
3.755901730297849905e+00 1.585339453125000000e+04
3.759336482680380342e+00 2.378016992187500000e+04
3.762771235062911668e+00 3.068580273437500000e+04
3.766205987445442993e+00 3.458863671875000000e+04
3.769640739827974318e+00 3.344003906250000000e+04
3.773075492210505644e+00 2.864883789062500000e+04
3.776510244593036969e+00 2.140457031250000000e+04
3.779944996975568294e+00 1.525537890625000000e+04
3.783379749358098731e+00 1.011802246093750000e+04
3.786814501740630057e+00 6.488068359375000000e+03
3.790249254123161382e+00 4.153571777343750000e+03
3.793684006505692707e+00 2.851747802734375000e+03
3.797118758888224033e+00 2.153246826171875000e+03
3.800553511270755358e+00 1.838705078125000000e+03
3.803988263653286683e+00 1.661519042968750000e+03
3.807423016035818009e+00 1.563196411132812500e+03
3.810857768418348446e+00 1.491542968750000000e+03
3.814292520800879771e+00 1.435572387695312500e+03
3.817727273183411096e+00 1.401421020507812500e+03
3.821162025565941978e+00 1.369765991210937500e+03
3.824596777948473303e+00 1.345659912109375000e+03
3.828031530331004628e+00 1.315856689453125000e+03
3.831466282713535954e+00 1.295953125000000000e+03
3.834901035096066391e+00 1.279357177734375000e+03
3.838335787478597716e+00 1.264893310546875000e+03
3.841770539861129041e+00 1.252049438476562500e+03
3.845205292243660367e+00 1.237452148437500000e+03
3.848640044626191692e+00 1.221650146484375000e+03
3.852074797008723017e+00 1.205911010742187500e+03
3.855509549391254343e+00 1.188240722656250000e+03
3.858944301773784780e+00 1.177091064453125000e+03
3.862379054156316105e+00 1.170504882812500000e+03
3.865813806538847430e+00 1.162691284179687500e+03
3.869248558921378756e+00 1.142563354492187500e+03
3.872683311303910081e+00 1.131956787109375000e+03
3.876118063686441406e+00 1.124668090820312500e+03
3.879552816068972732e+00 1.120598754882812500e+03
3.882987568451504057e+00 1.101766723632812500e+03
3.886422320834034494e+00 1.093287109375000000e+03
3.889857073216565819e+00 1.087815551757812500e+03
3.893291825599097145e+00 1.093013549804687500e+03
3.896726577981628026e+00 1.091802368164062500e+03
3.900161330364159351e+00 1.083378662109375000e+03
3.903596082746690676e+00 1.069707275390625000e+03
3.907030835129222002e+00 1.066916748046875000e+03
3.910465587511752439e+00 1.066527709960937500e+03
3.913900339894283764e+00 1.066008911132812500e+03
3.917335092276815089e+00 1.060473754882812500e+03
3.920769844659346415e+00 1.054524169921875000e+03
3.924204597041877740e+00 1.055297607421875000e+03
3.927639349424409065e+00 1.059882324218750000e+03
3.931074101806940391e+00 1.060677978515625000e+03
3.934508854189470828e+00 1.060358032226562500e+03
3.937943606572002153e+00 1.065221923828125000e+03
3.941378358954533478e+00 1.066938720703125000e+03
3.944813111337064804e+00 1.063256958007812500e+03
3.948247863719596129e+00 1.058703491210937500e+03
3.951682616102127454e+00 1.051643188476562500e+03
3.955117368484658780e+00 1.048746093750000000e+03
3.958552120867189217e+00 1.044037963867187500e+03
3.961986873249720542e+00 1.045587646484375000e+03
3.965421625632251867e+00 1.052098388671875000e+03
3.968856378014783193e+00 1.055411499023437500e+03
3.972291130397314074e+00 1.057061523437500000e+03
3.975725882779845399e+00 1.045625488281250000e+03
3.979160635162376725e+00 1.041396484375000000e+03
3.982595387544908050e+00 1.040827148437500000e+03
3.986030139927438487e+00 1.041463256835937500e+03
3.989464892309969812e+00 1.038243286132812500e+03
3.992899644692501138e+00 1.030427001953125000e+03
3.996334397075032463e+00 1.026821289062500000e+03
3.999769149457563788e+00 1.028351928710937500e+03
4.003203901840095114e+00 1.028782348632812500e+03
4.006638654222625995e+00 1.032535034179687500e+03
4.010073406605156876e+00 1.045678955078125000e+03
4.013508158987687757e+00 1.057531005859375000e+03
4.016942911370219527e+00 1.068967041015625000e+03
4.020377663752750408e+00 1.070051513671875000e+03
4.023812416135282177e+00 1.069272583007812500e+03
4.027247168517813058e+00 1.068628295898437500e+03
4.030681920900344828e+00 1.066753173828125000e+03
4.034116673282874821e+00 1.072512207031250000e+03
4.037551425665406590e+00 1.072305908203125000e+03
4.040986178047937472e+00 1.075966430664062500e+03
4.044420930430469241e+00 1.082599853515625000e+03
4.047855682813000122e+00 1.088123535156250000e+03
4.051290435195531892e+00 1.093773559570312500e+03
4.054725187578062773e+00 1.091690063476562500e+03
4.058159939960594542e+00 1.101843872070312500e+03
4.061594692343124535e+00 1.109077880859375000e+03
4.065029444725656305e+00 1.120486816406250000e+03
4.068464197108187186e+00 1.127905395507812500e+03
4.071898949490718955e+00 1.134797119140625000e+03
4.075333701873249836e+00 1.146593017578125000e+03
4.078768454255781606e+00 1.168387573242187500e+03
4.082203206638312487e+00 1.191538330078125000e+03
4.085637959020843368e+00 1.224642333984375000e+03
4.089072711403374250e+00 1.263060058593750000e+03
4.092507463785905131e+00 1.320214355468750000e+03
4.095942216168436900e+00 1.397608154296875000e+03
4.099376968550967781e+00 1.543380737304687500e+03
4.102811720933499551e+00 1.834973632812500000e+03
4.106246473316030432e+00 2.441279052734375000e+03
4.109681225698561313e+00 3.776236816406250000e+03
4.113115978081092194e+00 6.453169921875000000e+03
4.116550730463623964e+00 1.099689648437500000e+04
4.119985482846154845e+00 1.593520898437500000e+04
4.123420235228686614e+00 2.043040625000000000e+04
4.126854987611217496e+00 2.226855664062500000e+04
4.130289739993749265e+00 2.166498242187500000e+04
4.133724492376280146e+00 1.865874414062500000e+04
4.137159244758811028e+00 1.503352441406250000e+04
4.140593997141341909e+00 1.132630273437500000e+04
4.144028749523873678e+00 7.774583007812500000e+03
4.147463501906404559e+00 5.459020996093750000e+03
4.150898254288936329e+00 3.429992675781250000e+03
4.154333006671467210e+00 2.421573486328125000e+03
4.157767759053998091e+00 1.768020507812500000e+03
4.161202511436528972e+00 1.506359863281250000e+03
4.164637263819060742e+00 1.375595825195312500e+03
4.168072016201591623e+00 1.296292846679687500e+03
4.171506768584122504e+00 1.241217285156250000e+03
4.174941520966654274e+00 1.198756225585937500e+03
4.178376273349185155e+00 1.173328247070312500e+03
4.181811025731716924e+00 1.166232788085937500e+03
4.185245778114246917e+00 1.155991699218750000e+03
4.188680530496778687e+00 1.134556762695312500e+03
4.192115282879309568e+00 1.109657958984375000e+03
4.195550035261841337e+00 1.083596069335937500e+03
4.198984787644372219e+00 1.073630737304687500e+03
4.202419540026903988e+00 1.071008666992187500e+03
4.205854292409434869e+00 1.061615966796875000e+03
4.209289044791966639e+00 1.047421020507812500e+03
4.212723797174496632e+00 1.034089599609375000e+03
4.216158549557028401e+00 1.037208862304687500e+03
4.219593301939559282e+00 1.032468261718750000e+03
4.223028054322091052e+00 1.020415649414062500e+03
4.226462806704621933e+00 1.007145568847656250e+03
4.229897559087153702e+00 1.002098693847656250e+03
4.233332311469684583e+00 9.987147216796875000e+02
4.236767063852215465e+00 9.914108886718750000e+02
4.240201816234746346e+00 9.883594970703125000e+02
4.243636568617277227e+00 9.910729980468750000e+02
4.247071320999808997e+00 9.918255004882812500e+02
4.250506073382339878e+00 9.908007202148437500e+02
4.253940825764871647e+00 9.827368164062500000e+02
4.257375578147402528e+00 9.872359619140625000e+02
4.260810330529933410e+00 9.840603637695312500e+02
4.264245082912464291e+00 9.748962402343750000e+02
4.267679835294996060e+00 9.664061889648437500e+02
4.271114587677526941e+00 9.673713378906250000e+02
4.274549340060058711e+00 9.753675537109375000e+02
4.277984092442589592e+00 9.688315429687500000e+02
4.281418844825121361e+00 9.629949340820312500e+02
4.284853597207652243e+00 9.455755615234375000e+02
4.288288349590183124e+00 9.523118286132812500e+02
4.291723101972714005e+00 9.548670043945312500e+02
4.295157854355245775e+00 9.555100708007812500e+02
4.298592606737776656e+00 9.506307983398437500e+02
4.302027359120308425e+00 9.530370483398437500e+02
4.305462111502839306e+00 9.605257568359375000e+02
4.308896863885370188e+00 9.577802124023437500e+02
4.312331616267901069e+00 9.478964233398437500e+02
4.315766368650432838e+00 9.416734619140625000e+02
4.319201121032963719e+00 9.398669433593750000e+02
4.322635873415494601e+00 9.372900390625000000e+02
4.326070625798026370e+00 9.347918701171875000e+02
4.329505378180557251e+00 9.315166625976562500e+02
4.332940130563089021e+00 9.264028930664062500e+02
4.336374882945619014e+00 9.239508666992187500e+02
4.339809635328150783e+00 9.169332885742187500e+02
4.343244387710681664e+00 9.192086791992187500e+02
4.346679140093213434e+00 9.209129028320312500e+02
4.350113892475744315e+00 9.258665161132812500e+02
4.353548644858276084e+00 9.159753417968750000e+02
4.356983397240806966e+00 9.152702026367187500e+02
4.360418149623338735e+00 9.186514892578125000e+02
4.363852902005868728e+00 9.304332885742187500e+02
4.367287654388400497e+00 9.271356201171875000e+02
4.370722406770931379e+00 9.192785644531250000e+02
4.374157159153463148e+00 9.161466674804687500e+02
4.377591911535994029e+00 9.179691772460937500e+02
4.381026663918525799e+00 9.192788085937500000e+02
4.384461416301056680e+00 9.135642089843750000e+02
4.387896168683587561e+00 9.084006347656250000e+02
4.391330921066118442e+00 9.026446533203125000e+02
4.394765673448649324e+00 9.015693969726562500e+02
4.398200425831181093e+00 9.047638549804687500e+02
4.401635178213711974e+00 9.105976562500000000e+02
4.405069930596243744e+00 9.199010009765625000e+02
4.408504682978774625e+00 9.212020874023437500e+02
4.411939435361305506e+00 9.180728759765625000e+02
4.415374187743836387e+00 9.083757324218750000e+02
4.418808940126368157e+00 9.154781494140625000e+02
4.422243692508899038e+00 9.206893310546875000e+02
4.425678444891430807e+00 9.216302490234375000e+02
4.429113197273961688e+00 9.216724853515625000e+02
4.432547949656493458e+00 9.272471923828125000e+02
4.435982702039023451e+00 9.267832641601562500e+02
4.439417454421555220e+00 9.170288696289062500e+02
4.442852206804086101e+00 9.108984375000000000e+02
4.446286959186617871e+00 9.110988769531250000e+02
4.449721711569148752e+00 9.108721313476562500e+02
4.453156463951680522e+00 9.041844482421875000e+02
4.456591216334211403e+00 9.009162597656250000e+02
4.460025968716742284e+00 9.011293945312500000e+02
4.463460721099273165e+00 9.029715576171875000e+02
4.466895473481804935e+00 8.982557983398437500e+02
4.470330225864335816e+00 8.949949340820312500e+02
4.473764978246866697e+00 8.969619140625000000e+02
4.477199730629398466e+00 9.011157226562500000e+02
4.480634483011929348e+00 8.978881835937500000e+02
4.484069235394461117e+00 8.956229248046875000e+02
4.487503987776991110e+00 8.915339355468750000e+02
4.490938740159522879e+00 8.959712524414062500e+02
4.494373492542053761e+00 8.912698974609375000e+02
4.497808244924585530e+00 8.898790893554687500e+02
4.501242997307116411e+00 8.824116210937500000e+02
4.504677749689648181e+00 8.863261718750000000e+02
4.508112502072179062e+00 8.866983642578125000e+02
4.511547254454709943e+00 8.888760986328125000e+02
4.514982006837240824e+00 8.950789794921875000e+02
4.518416759219772594e+00 8.994810180664062500e+02
4.521851511602303475e+00 8.935570068359375000e+02
4.525286263984835244e+00 8.820999145507812500e+02
4.528721016367366126e+00 8.811384887695312500e+02
4.532155768749897895e+00 8.899722900390625000e+02
4.535590521132428776e+00 8.988127441406250000e+02
4.539025273514959657e+00 9.034480590820312500e+02
4.542460025897490539e+00 8.968962402343750000e+02
4.545894778280021420e+00 8.900150756835937500e+02
4.549329530662553189e+00 8.875032958984375000e+02
4.552764283045084071e+00 8.923935546875000000e+02
4.556199035427615840e+00 9.004067382812500000e+02
4.559633787810146721e+00 9.033370971679687500e+02
4.563068540192677602e+00 9.016597900390625000e+02
4.566503292575208484e+00 9.000244140625000000e+02
4.569938044957740253e+00 9.084010620117187500e+02
4.573372797340271134e+00 9.099436645507812500e+02
4.576807549722802904e+00 9.036291503906250000e+02
4.580242302105333785e+00 8.986985473632812500e+02
4.583677054487865554e+00 8.997404785156250000e+02
4.587111806870395547e+00 8.951445922851562500e+02
4.590546559252927317e+00 8.839550170898437500e+02
4.593981311635458198e+00 8.745048217773437500e+02
4.597416064017989967e+00 8.718789062500000000e+02
4.600850816400520849e+00 8.792741088867187500e+02
4.604285568783052618e+00 8.857240600585937500e+02
4.607720321165583499e+00 8.903324584960937500e+02
4.611155073548115269e+00 8.866572875976562500e+02
4.614589825930645262e+00 8.802241821289062500e+02
4.618024578313177031e+00 8.738861083984375000e+02
4.621459330695707912e+00 8.784436645507812500e+02
4.624894083078238793e+00 8.915329589843750000e+02
4.628328835460770563e+00 8.973215942382812500e+02
4.631763587843301444e+00 8.968273925781250000e+02
4.635198340225833213e+00 8.942938842773437500e+02
4.638633092608363206e+00 9.030620727539062500e+02
4.642067844990894976e+00 9.008102416992187500e+02
4.645502597373425857e+00 8.998671264648437500e+02
4.648937349755957626e+00 8.977943725585937500e+02
4.652372102138488508e+00 9.025401611328125000e+02
4.655806854521020277e+00 9.055603637695312500e+02
4.659241606903551158e+00 9.084757080078125000e+02
4.662676359286082040e+00 9.033601074218750000e+02
4.666111111668612921e+00 9.003583984375000000e+02
4.669545864051144690e+00 9.012078247070312500e+02
4.672980616433675571e+00 9.092523193359375000e+02
4.676415368816207341e+00 9.113225708007812500e+02
4.679850121198738222e+00 9.121939697265625000e+02
4.683284873581269991e+00 9.112797241210937500e+02
4.686719625963800873e+00 9.185501098632812500e+02
4.690154378346331754e+00 9.258877563476562500e+02
4.693589130728862635e+00 9.319912109375000000e+02
4.697023883111393516e+00 9.363104858398437500e+02
4.700458635493925286e+00 9.431712036132812500e+02
4.703893387876456167e+00 9.438630371093750000e+02
4.707328140258987936e+00 9.468500366210937500e+02
4.710762892641518818e+00 9.426749267578125000e+02
4.714197645024049699e+00 9.479252319335937500e+02
4.717632397406580580e+00 9.559469604492187500e+02
4.721067149789112349e+00 9.688599853515625000e+02
4.724501902171643231e+00 9.811628417968750000e+02
4.727936654554175000e+00 9.994049072265625000e+02
4.731371406936705881e+00 1.026995971679687500e+03
4.734806159319237651e+00 1.056912963867187500e+03
4.738240911701767644e+00 1.111645263671875000e+03
4.741675664084299413e+00 1.219760375976562500e+03
4.745110416466830294e+00 1.446510253906250000e+03
4.748545168849362064e+00 1.964185913085937500e+03
4.751979921231892945e+00 2.894010742187500000e+03
4.755414673614424714e+00 4.449590820312500000e+03
4.758849425996955596e+00 6.315543945312500000e+03
4.762284178379487365e+00 7.983696777343750000e+03
4.765718930762017358e+00 1.019130175781250000e+04
4.769153683144549127e+00 1.037215039062500000e+04
4.772588435527080009e+00 1.052391894531250000e+04
4.776023187909610890e+00 7.888854980468750000e+03
4.779457940292142659e+00 6.204176757812500000e+03
4.782892692674673540e+00 4.080244873046875000e+03
4.786327445057205310e+00 2.910787597656250000e+03
4.789762197439735303e+00 2.051312500000000000e+03
4.793196949822267072e+00 1.553623535156250000e+03
4.796631702204797953e+00 1.273232788085937500e+03
4.800066454587329723e+00 1.144572753906250000e+03
4.803501206969860604e+00 1.074434204101562500e+03
4.806935959352392373e+00 1.037671752929687500e+03
4.810370711734923255e+00 1.014476806640625000e+03
4.813805464117454136e+00 9.968607788085937500e+02
4.817240216499985017e+00 9.824890136718750000e+02
4.820674968882516787e+00 9.708572387695312500e+02
4.824109721265047668e+00 9.553317260742187500e+02
4.827544473647579437e+00 9.437257080078125000e+02
4.830979226030110318e+00 9.424605712890625000e+02
4.834413978412642088e+00 9.386778564453125000e+02
4.837848730795172969e+00 9.408628540039062500e+02
4.841283483177703850e+00 9.356026611328125000e+02
4.844718235560234731e+00 9.386896362304687500e+02
4.848152987942766501e+00 9.328393554687500000e+02
4.851587740325297382e+00 9.277972412109375000e+02
4.855022492707828263e+00 9.214595947265625000e+02
4.858457245090360033e+00 9.151923828125000000e+02
4.861891997472890914e+00 9.111449584960937500e+02
4.865326749855421795e+00 9.105604248046875000e+02
4.868761502237952676e+00 9.173442993164062500e+02
4.872196254620484446e+00 9.182650756835937500e+02
4.875631007003015327e+00 9.181272583007812500e+02
4.879065759385547096e+00 9.087335205078125000e+02
4.882500511768077978e+00 9.036461181640625000e+02
4.885935264150609747e+00 9.028568725585937500e+02
4.889370016533139740e+00 9.100524291992187500e+02
4.892804768915671509e+00 9.114595947265625000e+02
4.896239521298202391e+00 9.143365478515625000e+02
4.899674273680734160e+00 9.119545898437500000e+02
4.903109026063265041e+00 9.174792480468750000e+02
4.906543778445796811e+00 9.292134399414062500e+02
4.909978530828327692e+00 9.377219848632812500e+02
4.913413283210858573e+00 9.325485839843750000e+02
4.916848035593389454e+00 9.208098144531250000e+02
4.920282787975921224e+00 9.167203369140625000e+02
4.923717540358452105e+00 9.179044189453125000e+02
4.927152292740982986e+00 9.180509643554687500e+02
4.930587045123514756e+00 9.229122924804687500e+02
4.934021797506045637e+00 9.302913818359375000e+02
4.937456549888577406e+00 9.442761230468750000e+02
4.940891302271107399e+00 9.502213134765625000e+02
4.944326054653639169e+00 9.471177368164062500e+02
4.947760807036170050e+00 9.406186523437500000e+02
4.951195559418701819e+00 9.501752319335937500e+02
4.954630311801232700e+00 9.590685424804687500e+02
4.958065064183764470e+00 9.627133178710937500e+02
4.961499816566295351e+00 9.670044555664062500e+02
4.964934568948826232e+00 9.763222656250000000e+02
4.968369321331357114e+00 9.889534301757812500e+02
4.971804073713888883e+00 9.978901977539062500e+02
4.975238826096419764e+00 1.001918579101562500e+03
4.978673578478951534e+00 1.007598754882812500e+03
4.982108330861482415e+00 1.010511047363281250e+03
4.985543083244014184e+00 1.017952514648437500e+03
4.988977835626544177e+00 1.025302734375000000e+03
4.992412588009075947e+00 1.039474975585937500e+03
4.995847340391606828e+00 1.048152832031250000e+03
4.999282092774138597e+00 1.060136596679687500e+03
5.002716845156669478e+00 1.082087402343750000e+03
5.006151597539200360e+00 1.107548461914062500e+03
5.009586349921732129e+00 1.138181152343750000e+03
5.013021102304263010e+00 1.165810668945312500e+03
5.016455854686793892e+00 1.210422851562500000e+03
5.019890607069324773e+00 1.275555419921875000e+03
5.023325359451856542e+00 1.373231323242187500e+03
5.026760111834387423e+00 1.518513671875000000e+03
5.030194864216919193e+00 1.812948364257812500e+03
5.033629616599450074e+00 2.436208251953125000e+03
5.037064368981981843e+00 3.692424804687500000e+03
5.040499121364511836e+00 6.299541503906250000e+03
5.043933873747043606e+00 1.036361621093750000e+04
5.047368626129574487e+00 1.565720117187500000e+04
5.050803378512106256e+00 2.093980273437500000e+04
5.054238130894637138e+00 2.335836523437500000e+04
5.057672883277168907e+00 2.313907421875000000e+04
5.061107635659699788e+00 1.993015039062500000e+04
5.064542388042230669e+00 1.607652832031250000e+04
5.067977140424761551e+00 1.189957812500000000e+04
5.071411892807293320e+00 8.430435546875000000e+03
5.074846645189824201e+00 5.894429199218750000e+03
5.078281397572355083e+00 3.947924804687500000e+03
5.081716149954886852e+00 2.744013916015625000e+03
5.085150902337417733e+00 1.971360351562500000e+03
5.088585654719949503e+00 1.588522338867187500e+03
5.092020407102479496e+00 1.399281616210937500e+03
5.095455159485011265e+00 1.292564453125000000e+03
5.098889911867542146e+00 1.226473266601562500e+03
5.102324664250073916e+00 1.183821777343750000e+03
5.105759416632604797e+00 1.145707519531250000e+03
5.109194169015136566e+00 1.117653686523437500e+03
5.112628921397667447e+00 1.091385864257812500e+03
5.116063673780198329e+00 1.076726562500000000e+03
5.119498426162729210e+00 1.066259765625000000e+03
5.122933178545260979e+00 1.057703613281250000e+03
5.126367930927791861e+00 1.039395263671875000e+03
5.129802683310323630e+00 1.023610412597656250e+03
5.133237435692854511e+00 1.013168151855468750e+03
5.136672188075386281e+00 1.011481384277343750e+03
5.140106940457916274e+00 1.006863891601562500e+03
5.143541692840448043e+00 9.908157348632812500e+02
5.146976445222978924e+00 9.735768432617187500e+02
5.150411197605510694e+00 9.621254272460937500e+02
5.153845949988041575e+00 9.578975219726562500e+02
5.157280702370572456e+00 9.539705810546875000e+02
5.160715454753104225e+00 9.533499145507812500e+02
5.164150207135635107e+00 9.541093750000000000e+02
5.167584959518165988e+00 9.515168457031250000e+02
5.171019711900696869e+00 9.439420776367187500e+02
5.174454464283228639e+00 9.326445312500000000e+02
5.177889216665759520e+00 9.253576660156250000e+02
5.181323969048291289e+00 9.279058227539062500e+02
5.184758721430822170e+00 9.365546264648437500e+02
5.188193473813353940e+00 9.371395263671875000e+02
5.191628226195883933e+00 9.358397827148437500e+02
5.195062978578415702e+00 9.277087402343750000e+02
5.198497730960946583e+00 9.210614013671875000e+02
5.201932483343478353e+00 9.190316772460937500e+02
5.205367235726009234e+00 9.222509155273437500e+02
5.208801988108541003e+00 9.222474365234375000e+02
5.212236740491071885e+00 9.263672485351562500e+02
5.215671492873602766e+00 9.306115722656250000e+02
5.219106245256133647e+00 9.315429687500000000e+02
5.222540997638665417e+00 9.288741455078125000e+02
5.225975750021196298e+00 9.333665161132812500e+02
5.229410502403727179e+00 9.393724365234375000e+02
5.232845254786258948e+00 9.362285766601562500e+02
5.236280007168789830e+00 9.344447631835937500e+02
5.239714759551321599e+00 9.402056274414062500e+02
5.243149511933851592e+00 9.464611206054687500e+02
5.246584264316383361e+00 9.462293090820312500e+02
5.250019016698914243e+00 9.403677368164062500e+02
5.253453769081446012e+00 9.388653564453125000e+02
5.256888521463976893e+00 9.490623779296875000e+02
5.260323273846508663e+00 9.608701782226562500e+02
5.263758026229039544e+00 9.639355468750000000e+02
5.267192778611570425e+00 9.671520385742187500e+02
5.270627530994101306e+00 9.788074340820312500e+02
5.274062283376633076e+00 9.915220947265625000e+02
5.277497035759163957e+00 1.002283081054687500e+03
5.280931788141695726e+00 1.015335754394531250e+03
5.284366540524226608e+00 1.030199218750000000e+03
5.287801292906758377e+00 1.049085693359375000e+03
5.291236045289288370e+00 1.080830444335937500e+03
5.294670797671820139e+00 1.124587158203125000e+03
5.298105550054351021e+00 1.188779663085937500e+03
5.301540302436882790e+00 1.286808471679687500e+03
5.304975054819413671e+00 1.470671386718750000e+03
5.308409807201944552e+00 1.869335327148437500e+03
5.311844559584476322e+00 2.746402099609375000e+03
5.315279311967006315e+00 4.459450195312500000e+03
5.318714064349538084e+00 7.057474121093750000e+03
5.322148816732068966e+00 1.026414453125000000e+04
5.325583569114600735e+00 1.284965039062500000e+04
5.329018321497131616e+00 1.428550683593750000e+04
5.332453073879663386e+00 1.386586523437500000e+04
5.335887826262194267e+00 1.219422070312500000e+04
5.339322578644726036e+00 9.709576171875000000e+03
5.342757331027256029e+00 7.359607910156250000e+03
5.346192083409787799e+00 5.244796875000000000e+03
5.349626835792318680e+00 3.701755126953125000e+03
5.353061588174850449e+00 2.590648681640625000e+03
5.356496340557381330e+00 1.901098999023437500e+03
5.359931092939913100e+00 1.498647338867187500e+03
5.363365845322443981e+00 1.287310424804687500e+03
5.366800597704974862e+00 1.175435424804687500e+03
5.370235350087505743e+00 1.114112792968750000e+03
5.373670102470037513e+00 1.085866333007812500e+03
5.377104854852568394e+00 1.056118530273437500e+03
5.380539607235100164e+00 1.028678588867187500e+03
5.383974359617631045e+00 1.008562805175781250e+03
5.387409112000161926e+00 9.963104858398437500e+02
5.390843864382692807e+00 9.954751586914062500e+02
5.394278616765223688e+00 9.942742919921875000e+02
5.397713369147755458e+00 9.915457153320312500e+02
5.401148121530286339e+00 9.779301757812500000e+02
5.404582873912818108e+00 9.635645751953125000e+02
5.408017626295348990e+00 9.471137084960937500e+02
5.411452378677880759e+00 9.425729370117187500e+02
5.414887131060411640e+00 9.383969116210937500e+02
5.418321883442942521e+00 9.366990356445312500e+02
5.421756635825473403e+00 9.347219848632812500e+02
5.425191388208005172e+00 9.356790161132812500e+02
5.428626140590536053e+00 9.316120605468750000e+02
5.432060892973067823e+00 9.326545410156250000e+02
5.435495645355598704e+00 9.348007812500000000e+02
5.438930397738130473e+00 9.390430908203125000e+02
5.442365150120660466e+00 9.272594604492187500e+02
5.445799902503192236e+00 9.278755493164062500e+02
5.449234654885723117e+00 9.231693115234375000e+02
5.452669407268254886e+00 9.202559204101562500e+02
5.456104159650785768e+00 9.055621948242187500e+02
5.459538912033316649e+00 9.026092529296875000e+02
5.462973664415848418e+00 9.064635620117187500e+02
5.466408416798379299e+00 9.101188354492187500e+02
5.469843169180910181e+00 9.085671997070312500e+02
5.473277921563441062e+00 9.025279541015625000e+02
5.476712673945972831e+00 8.973342895507812500e+02
5.480147426328503713e+00 8.949462890625000000e+02
5.483582178711035482e+00 8.955305786132812500e+02
5.487016931093566363e+00 8.988847656250000000e+02
5.490451683476098133e+00 9.019310913085937500e+02
5.493886435858628126e+00 9.008441162109375000e+02
5.497321188241159895e+00 9.100505981445312500e+02
5.500755940623690776e+00 9.184448242187500000e+02
5.504190693006222546e+00 9.243385009765625000e+02
5.507625445388753427e+00 9.153333129882812500e+02
5.511060197771285196e+00 9.170205688476562500e+02
5.514494950153816077e+00 9.219428100585937500e+02
5.517929702536346959e+00 9.300662841796875000e+02
5.521364454918877840e+00 9.388634033203125000e+02
5.524799207301409609e+00 9.447343750000000000e+02
5.528233959683940490e+00 9.489011840820312500e+02
5.531668712066472260e+00 9.563686523437500000e+02
5.535103464449003141e+00 9.611271972656250000e+02
5.538538216831534022e+00 9.714655761718750000e+02
5.541972969214064904e+00 9.798873901367187500e+02
5.545407721596595785e+00 9.906782836914062500e+02
5.548842473979127554e+00 1.000880004882812500e+03
5.552277226361658435e+00 1.016158203125000000e+03
5.555711978744190205e+00 1.045031738281250000e+03
5.559146731126721086e+00 1.100109130859375000e+03
5.562581483509252855e+00 1.197127929687500000e+03
5.566016235891783737e+00 1.370797363281250000e+03
5.569450988274314618e+00 1.739673828125000000e+03
5.572885740656845499e+00 2.520509033203125000e+03
5.576320493039377268e+00 4.023562744140625000e+03
5.579755245421908150e+00 6.651746093750000000e+03
5.583189997804439919e+00 9.344290039062500000e+03
5.586624750186970800e+00 1.163420507812500000e+04
5.590059502569502570e+00 1.220144433593750000e+04
5.593494254952032563e+00 1.150677734375000000e+04
5.596929007334564332e+00 9.580132812500000000e+03
5.600363759717095213e+00 7.346716308593750000e+03
5.603798512099626983e+00 5.310485839843750000e+03
5.607233264482157864e+00 3.734660156250000000e+03
5.610668016864688745e+00 2.681642578125000000e+03
5.614102769247220515e+00 1.960502685546875000e+03
5.617537521629751396e+00 1.524206542968750000e+03
5.620972274012282277e+00 1.273549926757812500e+03
5.624407026394813158e+00 1.145506835937500000e+03
5.627841778777344928e+00 1.078378051757812500e+03
5.631276531159875809e+00 1.043931396484375000e+03
5.634711283542407578e+00 1.022226318359375000e+03
5.638146035924938460e+00 1.007238342285156250e+03
5.641580788307470229e+00 9.910505981445312500e+02
5.645015540690000222e+00 9.683411865234375000e+02
5.648450293072531991e+00 9.490178833007812500e+02
5.651885045455062873e+00 9.367990112304687500e+02
5.655319797837594642e+00 9.306525268554687500e+02
5.658754550220125523e+00 9.239498901367187500e+02
5.662189302602657293e+00 9.137866210937500000e+02
5.665624054985188174e+00 9.072764282226562500e+02
5.669058807367719055e+00 9.036937255859375000e+02
5.672493559750249936e+00 9.030056152343750000e+02
5.675928312132781706e+00 9.016403808593750000e+02
5.679363064515312587e+00 8.955687866210937500e+02
5.682797816897844356e+00 8.933115234375000000e+02
5.686232569280375237e+00 8.944385375976562500e+02
5.689667321662906119e+00 8.953747558593750000e+02
5.693102074045437000e+00 8.918994140625000000e+02
5.696536826427967881e+00 8.889436035156250000e+02
5.699971578810499651e+00 8.790354003906250000e+02
5.703406331193030532e+00 8.734489746093750000e+02
5.706841083575562301e+00 8.669441528320312500e+02
5.710275835958093182e+00 8.685757446289062500e+02
5.713710588340624952e+00 8.646242675781250000e+02
5.717145340723154945e+00 8.661668701171875000e+02
5.720580093105686714e+00 8.676431274414062500e+02
5.724014845488217595e+00 8.660570678710937500e+02
5.727449597870749365e+00 8.622363281250000000e+02
5.730884350253280246e+00 8.593809814453125000e+02
5.734319102635812015e+00 8.575625000000000000e+02
5.737753855018342897e+00 8.597754516601562500e+02
5.741188607400874666e+00 8.597806396484375000e+02
5.744623359783404659e+00 8.608331909179687500e+02
5.748058112165936429e+00 8.568363647460937500e+02
5.751492864548467310e+00 8.578192749023437500e+02
5.754927616930999079e+00 8.583181152343750000e+02
5.758362369313529960e+00 8.624514770507812500e+02
5.761797121696060842e+00 8.579244995117187500e+02
5.765231874078592611e+00 8.585726928710937500e+02
5.768666626461123492e+00 8.552259521484375000e+02
5.772101378843654373e+00 8.510317993164062500e+02
5.775536131226185255e+00 8.474314575195312500e+02
5.778970883608717024e+00 8.459192504882812500e+02
5.782405635991247905e+00 8.530963745117187500e+02
5.785840388373779675e+00 8.566735839843750000e+02
5.789275140756310556e+00 8.604947509765625000e+02
5.792709893138841437e+00 8.682037353515625000e+02
5.796144645521372318e+00 8.742028198242187500e+02
5.799579397903904088e+00 8.765690917968750000e+02
5.803014150286434969e+00 8.745306396484375000e+02
5.806448902668966738e+00 8.769571533203125000e+02
5.809883655051497620e+00 8.914095458984375000e+02
5.813318407434029389e+00 9.141207885742187500e+02
5.816753159816560270e+00 9.554144287109375000e+02
5.820187912199091151e+00 1.044646850585937500e+03
5.823622664581622033e+00 1.246797119140625000e+03
5.827057416964153802e+00 1.568357055664062500e+03
5.830492169346684683e+00 1.966218994140625000e+03
5.833926921729216453e+00 2.321262695312500000e+03
5.837361674111747334e+00 2.501483886718750000e+03
5.840796426494278215e+00 2.486169433593750000e+03
5.844231178876809096e+00 2.319270019531250000e+03
5.847665931259339978e+00 2.060572998046875000e+03
5.851100683641871747e+00 1.748157104492187500e+03
5.854535436024402628e+00 1.500524780273437500e+03
5.857970188406934398e+00 1.267430419921875000e+03
5.861404940789465279e+00 1.133317382812500000e+03
5.864839693171997048e+00 1.009137634277343750e+03
5.868274445554527041e+00 9.467342529296875000e+02
5.871709197937058811e+00 9.006583862304687500e+02
5.875143950319589692e+00 8.793618774414062500e+02
5.878578702702121461e+00 8.680623779296875000e+02
5.882013455084652342e+00 8.635775756835937500e+02
5.885448207467184112e+00 8.615557861328125000e+02
5.888882959849714993e+00 8.594381103515625000e+02
5.892317712232246762e+00 8.623295898437500000e+02
5.895752464614776756e+00 8.581591796875000000e+02
5.899187216997308525e+00 8.456607666015625000e+02
5.902621969379839406e+00 8.442814941406250000e+02
5.906056721762371176e+00 8.451512451171875000e+02
5.909491474144902057e+00 8.505864257812500000e+02
5.912926226527432938e+00 8.539263305664062500e+02
5.916360978909964707e+00 8.673959960937500000e+02
5.919795731292495589e+00 8.633720703125000000e+02
5.923230483675026470e+00 8.553246459960937500e+02
5.926665236057557351e+00 8.423934936523437500e+02
5.930099988440089120e+00 8.406936035156250000e+02
5.933534740822620002e+00 8.463273925781250000e+02
5.936969493205151771e+00 8.533977050781250000e+02
5.940404245587682652e+00 8.635399169921875000e+02
5.943838997970213534e+00 8.665087280273437500e+02
5.947273750352744415e+00 8.660629272460937500e+02
5.950708502735276184e+00 8.661127319335937500e+02
5.954143255117807065e+00 8.673423461914062500e+02
5.957578007500338835e+00 8.651522216796875000e+02
5.961012759882869716e+00 8.575379028320312500e+02
5.964447512265401485e+00 8.552759399414062500e+02
5.967882264647932367e+00 8.602451171875000000e+02
5.971317017030463248e+00 8.619697265625000000e+02
5.974751769412994129e+00 8.609011840820312500e+02
5.978186521795525898e+00 8.580187988281250000e+02
5.981621274178056780e+00 8.625278930664062500e+02
5.985056026560588549e+00 8.653665161132812500e+02
5.988490778943119430e+00 8.640518188476562500e+02
5.991925531325650311e+00 8.683671875000000000e+02
5.995360283708181193e+00 8.721618652343750000e+02
5.998795036090712074e+00 8.755803222656250000e+02
6.002229788473243843e+00 8.728223876953125000e+02
6.005664540855774725e+00 8.704643554687500000e+02
6.009099293238306494e+00 8.730658569335937500e+02
6.012534045620837375e+00 8.707047729492187500e+02
6.015968798003369145e+00 8.788344116210937500e+02
6.019403550385899138e+00 8.850977783203125000e+02
6.022838302768430907e+00 8.996455078125000000e+02
6.026273055150961788e+00 9.088713989257812500e+02
6.029707807533493558e+00 9.196213378906250000e+02
6.033142559916024439e+00 9.341677856445312500e+02
6.036577312298556208e+00 9.429243164062500000e+02
6.040012064681087089e+00 9.500646972656250000e+02
6.043446817063618859e+00 9.614316406250000000e+02
6.046881569446148852e+00 9.892539062500000000e+02
6.050316321828680621e+00 1.042890869140625000e+03
6.053751074211211503e+00 1.157508544921875000e+03
6.057185826593743272e+00 1.381495727539062500e+03
6.060620578976274153e+00 1.832254272460937500e+03
6.064055331358805923e+00 2.652929443359375000e+03
6.067490083741336804e+00 3.848369140625000000e+03
6.070924836123867685e+00 5.192762207031250000e+03
6.074359588506398566e+00 6.145146972656250000e+03
6.077794340888929447e+00 6.644731445312500000e+03
6.081229093271461217e+00 6.393417480468750000e+03
6.084663845653992098e+00 5.774271484375000000e+03
6.088098598036523867e+00 4.660666015625000000e+03
6.091533350419054749e+00 3.681891601562500000e+03
6.094968102801585630e+00 2.666052490234375000e+03
6.098402855184116511e+00 2.049307373046875000e+03
6.101837607566648281e+00 1.600820434570312500e+03
6.105272359949179162e+00 1.316539062500000000e+03
6.108707112331710931e+00 1.153436035156250000e+03
6.112141864714241812e+00 1.059474487304687500e+03
6.115576617096773582e+00 1.006193237304687500e+03
6.119011369479304463e+00 9.655034790039062500e+02
6.122446121861835344e+00 9.416220703125000000e+02
6.125880874244366225e+00 9.297020874023437500e+02
6.129315626626897995e+00 9.206117553710937500e+02
6.132750379009428876e+00 9.132329101562500000e+02
6.136185131391960645e+00 9.053687133789062500e+02
6.139619883774491527e+00 9.003657836914062500e+02
6.143054636157022408e+00 8.958192749023437500e+02
6.146489388539553289e+00 8.950501098632812500e+02
6.149924140922085058e+00 8.907974243164062500e+02
6.153358893304615940e+00 8.919698486328125000e+02
6.156793645687146821e+00 8.977614746093750000e+02
6.160228398069678590e+00 8.994653320312500000e+02
6.163663150452209472e+00 8.964490966796875000e+02
6.167097902834741241e+00 8.954451904296875000e+02
6.170532655217271234e+00 8.924324951171875000e+02
6.173967407599803003e+00 8.931272583007812500e+02
6.177402159982333885e+00 8.917102050781250000e+02
6.180836912364865654e+00 8.933182983398437500e+02
6.184271664747396535e+00 8.939130249023437500e+02
6.187706417129928305e+00 8.886726684570312500e+02
6.191141169512459186e+00 8.867882080078125000e+02
6.194575921894990067e+00 8.861613769531250000e+02
6.198010674277520948e+00 8.909525756835937500e+02
6.201445426660052718e+00 8.854395141601562500e+02
6.204880179042583599e+00 8.849359130859375000e+02
6.208314931425115368e+00 8.835543212890625000e+02
6.211749683807646250e+00 8.825463867187500000e+02
6.215184436190178019e+00 8.823875122070312500e+02
6.218619188572708900e+00 8.912999877929687500e+02
6.222053940955239781e+00 8.998640136718750000e+02
6.225488693337770663e+00 9.083496704101562500e+02
6.228923445720301544e+00 9.124108276367187500e+02
6.232358198102833313e+00 9.143951416015625000e+02
6.235792950485364194e+00 9.112642211914062500e+02
6.239227702867895964e+00 9.121254272460937500e+02
6.242662455250426845e+00 9.264439086914062500e+02
6.246097207632957726e+00 9.369224243164062500e+02
6.249531960015488607e+00 9.481181640625000000e+02
6.252966712398020377e+00 9.570631713867187500e+02
6.256401464780551258e+00 9.681592407226562500e+02
6.259836217163083028e+00 9.781924438476562500e+02
6.263270969545613909e+00 9.928411865234375000e+02
6.266705721928145678e+00 1.015034667968750000e+03
6.270140474310675671e+00 1.044013183593750000e+03
6.273575226693207441e+00 1.082333740234375000e+03
6.277009979075738322e+00 1.143301025390625000e+03
6.280444731458270091e+00 1.257209594726562500e+03
6.283879483840800972e+00 1.489447753906250000e+03
6.287314236223332742e+00 1.970970336914062500e+03
6.290748988605863623e+00 2.969863281250000000e+03
6.294183740988394504e+00 4.710513671875000000e+03
6.297618493370925385e+00 7.094066894531250000e+03
6.301053245753457155e+00 9.575360351562500000e+03
6.304487998135988036e+00 1.138855468750000000e+04
6.307922750518518917e+00 1.196449023437500000e+04
6.311357502901050687e+00 1.125599023437500000e+04
6.314792255283581568e+00 9.562912109375000000e+03
6.318227007666113337e+00 7.483670410156250000e+03
6.321661760048643330e+00 5.607959960937500000e+03
6.325096512431175100e+00 4.080687744140625000e+03
6.328531264813705981e+00 3.027284423828125000e+03
6.331966017196237750e+00 2.284043945312500000e+03
6.335400769578768632e+00 1.778262329101562500e+03
6.338835521961300401e+00 1.438538940429687500e+03
6.342270274343831282e+00 1.237906005859375000e+03
6.345705026726362163e+00 1.127563598632812500e+03
6.349139779108893045e+00 1.064285888671875000e+03
6.352574531491424814e+00 1.019735046386718750e+03
6.356009283873955695e+00 9.932098999023437500e+02
6.359444036256487465e+00 9.732889404296875000e+02
6.362878788639018346e+00 9.547516479492187500e+02
6.366313541021550115e+00 9.365003662109375000e+02
6.369748293404080997e+00 9.378392333984375000e+02
6.373183045786611878e+00 9.414506835937500000e+02
6.376617798169142759e+00 9.403661499023437500e+02
6.380052550551673640e+00 9.262683105468750000e+02
6.383487302934205410e+00 9.155101928710937500e+02
6.386922055316736291e+00 9.120717163085937500e+02
6.390356807699268060e+00 9.073483276367187500e+02
6.393791560081798941e+00 9.055840454101562500e+02
6.397226312464329823e+00 9.019014282226562500e+02
6.400661064846860704e+00 8.974813232421875000e+02
6.404095817229392473e+00 8.902477416992187500e+02
6.407530569611923355e+00 8.868299560546875000e+02
6.410965321994455124e+00 8.845528564453125000e+02
6.414400074376986005e+00 8.872003173828125000e+02
6.417834826759517775e+00 8.894526367187500000e+02
6.421269579142047768e+00 8.880187988281250000e+02
6.424704331524579537e+00 8.816952514648437500e+02
6.428139083907110418e+00 8.819692993164062500e+02
6.431573836289642188e+00 8.812941284179687500e+02
6.435008588672173069e+00 8.771840209960937500e+02
6.438443341054704838e+00 8.741544189453125000e+02
6.441878093437235719e+00 8.669608154296875000e+02
6.445312845819766601e+00 8.622206420898437500e+02
6.448747598202297482e+00 8.540364990234375000e+02
6.452182350584829251e+00 8.525404663085937500e+02
6.455617102967360132e+00 8.513455200195312500e+02
6.459051855349891014e+00 8.526165161132812500e+02
6.462486607732422783e+00 8.491033935546875000e+02
6.465921360114953664e+00 8.507253417968750000e+02
6.469356112497485434e+00 8.560690307617187500e+02
6.472790864880015427e+00 8.563369750976562500e+02
6.476225617262547196e+00 8.508812255859375000e+02
6.479660369645078077e+00 8.498800048828125000e+02
6.483095122027609847e+00 8.506272583007812500e+02
6.486529874410140728e+00 8.509560546875000000e+02
6.489964626792672497e+00 8.481121215820312500e+02
6.493399379175203379e+00 8.414345703125000000e+02
6.496834131557734260e+00 8.388376464843750000e+02
6.500268883940265141e+00 8.410539550781250000e+02
6.503703636322796910e+00 8.539055175781250000e+02
6.507138388705327792e+00 8.525489501953125000e+02
6.510573141087859561e+00 8.464589843750000000e+02
6.514007893470390442e+00 8.305017089843750000e+02
6.517442645852922212e+00 8.330315551757812500e+02
6.520877398235453093e+00 8.393770751953125000e+02
6.524312150617983974e+00 8.434339599609375000e+02
6.527746903000514855e+00 8.439373779296875000e+02
6.531181655383045737e+00 8.481904907226562500e+02
6.534616407765577506e+00 8.481355590820312500e+02
6.538051160148108387e+00 8.413505859375000000e+02
6.541485912530640157e+00 8.397882080078125000e+02
6.544920664913171038e+00 8.477877197265625000e+02
6.548355417295701919e+00 8.467816772460937500e+02
6.551790169678232800e+00 8.395554199218750000e+02
6.555224922060764570e+00 8.361812744140625000e+02
6.558659674443295451e+00 8.342341308593750000e+02
6.562094426825827220e+00 8.359013061523437500e+02
6.565529179208358102e+00 8.409725952148437500e+02
6.568963931590889871e+00 8.488926391601562500e+02
6.572398683973419864e+00 8.480434570312500000e+02
6.575833436355951633e+00 8.437247314453125000e+02
6.579268188738482515e+00 8.449840698242187500e+02
6.582702941121014284e+00 8.438931884765625000e+02
6.586137693503545165e+00 8.441636352539062500e+02
6.589572445886076935e+00 8.361496582031250000e+02
6.593007198268607816e+00 8.357049560546875000e+02
6.596441950651138697e+00 8.322986450195312500e+02
6.599876703033669578e+00 8.332319335937500000e+02
6.603311455416201348e+00 8.348840332031250000e+02
6.606746207798732229e+00 8.343970947265625000e+02
6.610180960181263110e+00 8.354151000976562500e+02
6.613615712563794879e+00 8.364826049804687500e+02
6.617050464946325761e+00 8.412144775390625000e+02
6.620485217328857530e+00 8.446877441406250000e+02
6.623919969711387523e+00 8.402086181640625000e+02
6.627354722093919293e+00 8.384381713867187500e+02
6.630789474476450174e+00 8.435010375976562500e+02
6.634224226858981943e+00 8.873207397460937500e+02
6.637658979241512824e+00 8.963919677734375000e+02
6.641093731624044594e+00 8.887788085937500000e+02
6.644528484006575475e+00 8.416223754882812500e+02
6.647963236389106356e+00 8.350304565429687500e+02
6.651397988771637237e+00 8.360061645507812500e+02
6.654832741154169007e+00 8.354108886718750000e+02
6.658267493536699888e+00 8.366740722656250000e+02
6.661702245919231657e+00 8.349633178710937500e+02
6.665136998301762539e+00 8.348867797851562500e+02
6.668571750684294308e+00 8.380830078125000000e+02
6.672006503066824301e+00 8.419729003906250000e+02
6.675441255449356071e+00 8.426164550781250000e+02
6.678876007831886952e+00 8.496610717773437500e+02
6.682310760214417833e+00 8.530450439453125000e+02
6.685745512596949602e+00 8.536762084960937500e+02
6.689180264979480484e+00 8.505352783203125000e+02
6.692615017362012253e+00 8.461604003906250000e+02
6.696049769744543134e+00 8.471577148437500000e+02
6.699484522127074015e+00 8.506951904296875000e+02
6.702919274509604897e+00 8.644086303710937500e+02
6.706354026892136666e+00 8.709993286132812500e+02
6.709788779274667547e+00 8.711869506835937500e+02
6.713223531657199317e+00 8.725487670898437500e+02
6.716658284039730198e+00 8.805709228515625000e+02
6.720093036422261967e+00 9.140815429687500000e+02
6.723527788804791960e+00 9.758029174804687500e+02
6.726962541187323730e+00 1.084490234375000000e+03
6.730397293569854611e+00 1.264351928710937500e+03
6.733832045952386380e+00 1.523669921875000000e+03
6.737266798334917262e+00 1.838703002929687500e+03
6.740701550717449031e+00 2.060132812500000000e+03
6.744136303099979912e+00 2.194498046875000000e+03
6.747571055482510793e+00 2.130129882812500000e+03
6.751005807865041675e+00 2.014258178710937500e+03
6.754440560247573444e+00 1.766167724609375000e+03
6.757875312630104325e+00 1.518435424804687500e+03
6.761310065012635206e+00 1.288785034179687500e+03
6.764744817395166976e+00 1.146107055664062500e+03
6.768179569777697857e+00 1.050500366210937500e+03
6.771614322160229626e+00 9.795282592773437500e+02
6.775049074542759620e+00 9.307249145507812500e+02
6.778483826925291389e+00 9.021804809570312500e+02
6.781918579307822270e+00 8.917843627929687500e+02
6.785353331690354040e+00 8.857052001953125000e+02
6.788788084072884921e+00 8.795093994140625000e+02
6.792222836455416690e+00 8.793423461914062500e+02
6.795657588837947571e+00 8.728926391601562500e+02
6.799092341220478453e+00 8.721906738281250000e+02
6.802527093603009334e+00 8.679008178710937500e+02
6.805961845985541103e+00 8.685878906250000000e+02
6.809396598368071984e+00 8.664811401367187500e+02
6.812831350750603754e+00 8.650270385742187500e+02
6.816266103133134635e+00 8.678060913085937500e+02
6.819700855515666404e+00 8.678717651367187500e+02
6.823135607898196398e+00 8.708192749023437500e+02
6.826570360280728167e+00 8.762521972656250000e+02
6.830005112663259048e+00 8.780158081054687500e+02
6.833439865045790818e+00 8.706282958984375000e+02
6.836874617428321699e+00 8.649742431640625000e+02
6.840309369810852580e+00 8.704509277343750000e+02
6.843744122193384349e+00 8.746981201171875000e+02
6.847178874575915231e+00 8.782561645507812500e+02
6.850613626958446112e+00 8.749578247070312500e+02
6.854048379340976993e+00 8.732271728515625000e+02
6.857483131723508762e+00 8.719519042968750000e+02
6.860917884106039644e+00 8.718698120117187500e+02
6.864352636488571413e+00 8.709296875000000000e+02
6.867787388871102294e+00 8.776787109375000000e+02
6.871222141253634064e+00 8.825230102539062500e+02
6.874656893636164057e+00 8.872219848632812500e+02
6.878091646018695826e+00 8.884281616210937500e+02
6.881526398401226707e+00 8.968666381835937500e+02
6.884961150783758477e+00 8.960963134765625000e+02
6.888395903166289358e+00 8.968878784179687500e+02
6.891830655548821127e+00 9.011281127929687500e+02
6.895265407931352009e+00 9.172763061523437500e+02
6.898700160313882890e+00 9.253538818359375000e+02
6.902134912696413771e+00 9.360368041992187500e+02
6.905569665078945540e+00 9.497427978515625000e+02
6.909004417461476422e+00 9.644472656250000000e+02
6.912439169844007303e+00 9.799522094726562500e+02
6.915873922226539072e+00 1.001199279785156250e+03
6.919308674609069953e+00 1.036500976562500000e+03
6.922743426991601723e+00 1.099748535156250000e+03
6.926178179374131716e+00 1.220125732421875000e+03
6.929612931756663485e+00 1.471717163085937500e+03
6.933047684139194367e+00 1.995656616210937500e+03
6.936482436521726136e+00 2.999883300781250000e+03
6.939917188904257017e+00 4.645544921875000000e+03
6.943351941286788787e+00 6.659987304687500000e+03
6.946786693669319668e+00 8.590134765625000000e+03
6.950221446051850549e+00 9.589228515625000000e+03
6.953656198434381430e+00 9.713747070312500000e+03
6.957090950816913200e+00 8.708232421875000000e+03
6.960525703199444081e+00 7.358026855468750000e+03
6.963960455581975850e+00 5.739757812500000000e+03
6.967395207964506731e+00 4.417504882812500000e+03
6.970829960347038501e+00 3.308782714843750000e+03
6.974264712729568494e+00 2.482494873046875000e+03
6.977699465112100263e+00 1.903126708984375000e+03
6.981134217494631145e+00 1.511656250000000000e+03
6.984568969877162914e+00 1.281701416015625000e+03
6.988003722259693795e+00 1.146055297851562500e+03
6.991438474642224676e+00 1.064109985351562500e+03
6.994873227024756446e+00 1.018550781250000000e+03
6.998307979407287327e+00 9.827607421875000000e+02
7.001742731789818208e+00 9.705037231445312500e+02
7.005177484172349089e+00 9.653638305664062500e+02
7.008612236554880859e+00 9.621915893554687500e+02
7.012046988937411740e+00 9.461523437500000000e+02
7.015481741319943509e+00 9.348599243164062500e+02
7.018916493702474391e+00 9.254774169921875000e+02
7.022351246085006160e+00 9.207283935546875000e+02
7.025785998467536153e+00 9.123673706054687500e+02
7.029220750850067922e+00 9.051593017578125000e+02
7.032655503232598804e+00 8.997385864257812500e+02
7.036090255615130573e+00 8.983150634765625000e+02
7.039525007997661454e+00 8.945297851562500000e+02
7.042959760380193224e+00 8.947891235351562500e+02
7.046394512762724105e+00 8.973894653320312500e+02
7.049829265145254986e+00 8.957288818359375000e+02
7.053264017527785867e+00 8.880797729492187500e+02
7.056698769910317637e+00 8.841670532226562500e+02
7.060133522292848518e+00 8.850686035156250000e+02
7.063568274675379399e+00 8.907711791992187500e+02
7.067003027057911169e+00 8.898416748046875000e+02
7.070437779440442050e+00 8.938839111328125000e+02
7.073872531822972931e+00 8.999482421875000000e+02
7.077307284205503812e+00 8.998455200195312500e+02
7.080742036588035582e+00 8.968278808593750000e+02
7.084176788970566463e+00 8.975076293945312500e+02
7.087611541353098232e+00 9.109153442382812500e+02
7.091046293735629114e+00 9.190989990234375000e+02
7.094481046118160883e+00 9.199784545898437500e+02
7.097915798500691764e+00 9.104144287109375000e+02
7.101350550883222645e+00 9.154635009765625000e+02
7.104785303265753527e+00 9.234484252929687500e+02
7.108220055648285296e+00 9.349149780273437500e+02
7.111654808030816177e+00 9.405097045898437500e+02
7.115089560413347947e+00 9.628991699218750000e+02
7.118524312795878828e+00 9.907786254882812500e+02
7.121959065178410597e+00 1.029447998046875000e+03
7.125393817560940590e+00 1.085675537109375000e+03
7.128828569943472360e+00 1.185733154296875000e+03
7.132263322326003241e+00 1.385587890625000000e+03
7.135698074708535010e+00 1.793866333007812500e+03
7.139132827091065892e+00 2.625661621093750000e+03
7.142567579473596773e+00 3.912812988281250000e+03
7.146002331856128542e+00 5.575872070312500000e+03
7.149437084238658535e+00 7.288388671875000000e+03
7.152871836621190305e+00 8.271689453125000000e+03
7.156306589003721186e+00 8.401896484375000000e+03
7.159741341386252955e+00 7.515038085937500000e+03
7.163176093768782948e+00 6.326495605468750000e+03
7.166610846151314718e+00 4.918002929687500000e+03
7.170045598533845599e+00 3.760330810546875000e+03
7.173480350916377368e+00 2.841551757812500000e+03
7.176915103298908249e+00 2.184971435546875000e+03
7.180349855681440019e+00 1.733960815429687500e+03
7.183784608063970900e+00 1.409852050781250000e+03
7.187219360446502670e+00 1.204066284179687500e+03
7.190654112829033551e+00 1.075607910156250000e+03
7.194088865211565320e+00 1.007412902832031250e+03
7.197523617594096201e+00 9.695370483398437500e+02
7.200958369976627971e+00 9.492619628906250000e+02
7.204393122359158852e+00 9.338297729492187500e+02
7.207827874741689733e+00 9.254213256835937500e+02
7.211262627124221503e+00 9.211808471679687500e+02
7.214697379506751496e+00 9.112817993164062500e+02
7.218132131889282377e+00 8.962828369140625000e+02
7.221566884271814146e+00 8.897502441406250000e+02
7.225001636654345027e+00 8.864556884765625000e+02
7.228436389036875909e+00 8.842165527343750000e+02
7.231871141419407678e+00 8.814613647460937500e+02
7.235305893801938559e+00 8.854197387695312500e+02
7.238740646184470329e+00 8.858990478515625000e+02
7.242175398567001210e+00 8.762265625000000000e+02
7.245610150949532979e+00 8.679132690429687500e+02
7.249044903332063861e+00 8.636823120117187500e+02
7.252479655714595630e+00 8.625177612304687500e+02
7.255914408097126511e+00 8.563629150390625000e+02
7.259349160479658281e+00 8.502343139648437500e+02
7.262783912862187385e+00 8.480881347656250000e+02
7.266218665244719155e+00 8.512630615234375000e+02
7.269653417627250036e+00 8.503671875000000000e+02
7.273088170009781805e+00 8.532517700195312500e+02
7.276522922392312687e+00 8.545596313476562500e+02
7.279957674774844456e+00 8.620296020507812500e+02
7.283392427157375337e+00 8.583149414062500000e+02
7.286827179539907107e+00 8.556751708984375000e+02
7.290261931922437988e+00 8.537861938476562500e+02
7.293696684304968869e+00 8.538956909179687500e+02
7.297131436687500639e+00 8.472361450195312500e+02
7.300566189070031520e+00 8.460919189453125000e+02
7.304000941452563289e+00 8.512828369140625000e+02
7.307435693835094170e+00 8.648557128906250000e+02
7.310870446217625940e+00 8.776400146484375000e+02
7.314305198600155045e+00 8.865501098632812500e+02
7.317739950982686814e+00 8.992435913085937500e+02
7.321174703365217695e+00 9.146124267578125000e+02
7.324609455747749465e+00 9.532770385742187500e+02
7.328044208130280346e+00 1.020771606445312500e+03
7.331478960512812115e+00 1.175151855468750000e+03
7.334913712895342996e+00 1.458088867187500000e+03
7.338348465277874766e+00 1.886343994140625000e+03
7.341783217660405647e+00 2.347292968750000000e+03
7.345217970042937417e+00 2.769565185546875000e+03
7.348652722425468298e+00 3.119613037109375000e+03
7.352087474808000067e+00 3.182679687500000000e+03
7.355522227190530948e+00 3.146149658203125000e+03
7.358956979573061830e+00 2.774932617187500000e+03
7.362391731955593599e+00 2.439595703125000000e+03
7.365826484338123592e+00 1.970824462890625000e+03
7.369261236720654473e+00 1.671910278320312500e+03
7.372695989103186243e+00 1.383086791992187500e+03
7.376130741485717124e+00 1.201800903320312500e+03
7.379565493868248005e+00 1.061526977539062500e+03
7.383000246250779774e+00 9.797982177734375000e+02
7.386434998633310656e+00 9.264191894531250000e+02
7.389869751015842425e+00 9.271400756835937500e+02
7.393304503398373306e+00 9.083922119140625000e+02
7.396739255780905076e+00 8.922390136718750000e+02
7.400174008163435957e+00 8.676658325195312500e+02
7.403608760545967726e+00 8.605014038085937500e+02
7.407043512928498608e+00 8.557012939453125000e+02
7.410478265311030377e+00 8.529456176757812500e+02
7.413913017693559482e+00 8.542211914062500000e+02
7.417347770076091251e+00 8.542564697265625000e+02
7.420782522458622132e+00 8.509232788085937500e+02
7.424217274841153902e+00 8.515093383789062500e+02
7.427652027223684783e+00 8.493457641601562500e+02
7.431086779606216552e+00 8.491409301757812500e+02
7.434521531988747434e+00 8.493443603515625000e+02
7.437956284371279203e+00 8.487040405273437500e+02
