# # sector 15: chi = -25.01 deg (range [-30, -20))
# # columns: 2theta(deg)  intensity
9.943608147427778210e-01 3.026936523437500000e+03
9.977955671253089243e-01 2.997083251953125000e+03
1.001230319507840250e+00 2.978587158203125000e+03
1.004665071890371353e+00 2.979843994140625000e+03
1.008099824272902678e+00 2.987266113281250000e+03
1.011534576655433781e+00 2.977096435546875000e+03
1.014969329037964885e+00 2.956076904296875000e+03
1.018404081420495988e+00 2.936778564453125000e+03
1.021838833803027313e+00 2.924730224609375000e+03
1.025273586185558417e+00 2.921439208984375000e+03
1.028708338568089520e+00 2.903723144531250000e+03
1.032143090950620845e+00 2.906073486328125000e+03
1.035577843333151948e+00 2.908236328125000000e+03
1.039012595715683274e+00 2.931773925781250000e+03
1.042447348098214377e+00 2.942597167968750000e+03
1.045882100480745702e+00 2.939896972656250000e+03
1.049316852863276806e+00 2.944030761718750000e+03
1.052751605245807909e+00 2.949412353515625000e+03
1.056186357628339012e+00 2.967606689453125000e+03
1.059621110010870337e+00 2.957132812500000000e+03
1.063055862393401441e+00 2.933754150390625000e+03
1.066490614775932544e+00 2.909430664062500000e+03
1.069925367158463869e+00 2.905125000000000000e+03
1.073360119540994972e+00 2.915660888671875000e+03
1.076794871923526298e+00 2.929963134765625000e+03
1.080229624306057401e+00 2.935500488281250000e+03
1.083664376688588726e+00 2.937099609375000000e+03
1.087099129071119830e+00 2.922845214843750000e+03
1.090533881453650933e+00 2.910462646484375000e+03
1.093968633836182036e+00 2.906533935546875000e+03
1.097403386218713361e+00 2.911239501953125000e+03
1.100838138601244465e+00 2.920810058593750000e+03
1.104272890983775568e+00 2.920859375000000000e+03
1.107707643366306893e+00 2.926452392578125000e+03
1.111142395748837997e+00 2.935288574218750000e+03
1.114577148131369322e+00 2.930071777343750000e+03
1.118011900513900425e+00 2.928834228515625000e+03
1.121446652896431750e+00 2.923486328125000000e+03
1.124881405278962854e+00 2.926585449218750000e+03
1.128316157661493957e+00 2.914202636718750000e+03
1.131750910044025060e+00 2.902606445312500000e+03
1.135185662426556386e+00 2.900634277343750000e+03
1.138620414809087489e+00 2.901554931640625000e+03
1.142055167191618592e+00 2.893180664062500000e+03
1.145489919574149917e+00 2.887833251953125000e+03
1.148924671956681021e+00 2.886928222656250000e+03
1.152359424339212346e+00 2.895999023437500000e+03
1.155794176721743449e+00 2.908782470703125000e+03
1.159228929104274775e+00 2.908569580078125000e+03
1.162663681486805878e+00 2.904170654296875000e+03
1.166098433869336981e+00 2.903627197265625000e+03
1.169533186251868084e+00 2.904188476562500000e+03
1.172967938634399410e+00 2.881648925781250000e+03
1.176402691016930513e+00 2.856966308593750000e+03
1.179837443399461616e+00 2.862160644531250000e+03
1.183272195781992941e+00 2.880823242187500000e+03
1.186706948164524045e+00 2.901988769531250000e+03
1.190141700547055370e+00 2.918517822265625000e+03
1.193576452929586473e+00 2.912923828125000000e+03
1.197011205312117799e+00 2.905111083984375000e+03
1.200445957694648902e+00 2.903197753906250000e+03
1.203880710077180005e+00 2.913058105468750000e+03
1.207315462459711108e+00 2.910672363281250000e+03
1.210750214842242434e+00 2.891788085937500000e+03
1.214184967224773537e+00 2.883831054687500000e+03
1.217619719607304640e+00 2.876984863281250000e+03
1.221054471989835966e+00 2.878506103515625000e+03
1.224489224372367069e+00 2.872516357421875000e+03
1.227923976754898394e+00 2.869692138671875000e+03
1.231358729137429497e+00 2.879703857421875000e+03
1.234793481519960823e+00 2.896223876953125000e+03
1.238228233902491926e+00 2.911136230468750000e+03
1.241662986285023029e+00 2.906098876953125000e+03
1.245097738667554133e+00 2.904904052734375000e+03
1.248532491050085236e+00 2.894759765625000000e+03
1.251967243432616561e+00 2.885940185546875000e+03
1.255401995815147664e+00 2.895048339843750000e+03
1.258836748197678990e+00 2.909585937500000000e+03
1.262271500580210093e+00 2.915584228515625000e+03
1.265706252962741418e+00 2.889408935546875000e+03
1.269141005345272522e+00 2.888055419921875000e+03
1.272575757727803847e+00 2.891801757812500000e+03
1.276010510110334950e+00 2.914692382812500000e+03
1.279445262492866053e+00 2.903368652343750000e+03
1.282880014875397157e+00 2.902450683593750000e+03
1.286314767257928260e+00 2.892028564453125000e+03
1.289749519640459585e+00 2.900356933593750000e+03
1.293184272022990688e+00 2.896447021484375000e+03
1.296619024405522014e+00 2.912311523437500000e+03
1.300053776788053117e+00 2.917261962890625000e+03
1.303488529170584442e+00 2.923230468750000000e+03
1.306923281553115546e+00 2.922589599609375000e+03
1.310358033935646871e+00 2.924166748046875000e+03
1.313792786318177974e+00 2.932681884765625000e+03
1.317227538700709077e+00 2.957999755859375000e+03
1.320662291083240181e+00 2.962965332031250000e+03
1.324097043465771284e+00 2.956400390625000000e+03
1.327531795848302609e+00 2.936495849609375000e+03
1.330966548230833713e+00 2.939550048828125000e+03
1.334401300613365038e+00 2.951568847656250000e+03
1.337836052995896141e+00 2.965129150390625000e+03
1.341270805378427466e+00 2.958995605468750000e+03
1.344705557760958570e+00 2.938865234375000000e+03
1.348140310143489895e+00 2.928457763671875000e+03
1.351575062526020998e+00 2.931012207031250000e+03
1.355009814908552102e+00 2.950460937500000000e+03
1.358444567291083205e+00 2.955637695312500000e+03
1.361879319673614308e+00 2.932758544921875000e+03
1.365314072056145633e+00 2.908526855468750000e+03
1.368748824438676737e+00 2.913390869140625000e+03
1.372183576821208062e+00 2.919703369140625000e+03
1.375618329203739165e+00 2.927188964843750000e+03
1.379053081586270491e+00 2.928956298828125000e+03
1.382487833968801594e+00 2.937786376953125000e+03
1.385922586351332919e+00 2.950294189453125000e+03
1.389357338733864022e+00 2.952832031250000000e+03
1.392792091116395126e+00 2.947272949218750000e+03
1.396226843498926229e+00 2.929561523437500000e+03
1.399661595881457332e+00 2.926419921875000000e+03
1.403096348263988657e+00 2.917014648437500000e+03
1.406531100646519761e+00 2.920127929687500000e+03
1.409965853029051086e+00 2.905382568359375000e+03
1.413400605411582189e+00 2.900906738281250000e+03
1.416835357794113515e+00 2.885277099609375000e+03
1.420270110176644618e+00 2.881582519531250000e+03
1.423704862559175943e+00 2.882652832031250000e+03
1.427139614941707046e+00 2.893320556640625000e+03
1.430574367324238150e+00 2.903208984375000000e+03
1.434009119706769253e+00 2.896394531250000000e+03
1.437443872089300356e+00 2.899306152343750000e+03
1.440878624471831682e+00 2.913262695312500000e+03
1.444313376854362785e+00 2.937095703125000000e+03
1.447748129236894110e+00 2.948726074218750000e+03
1.451182881619425213e+00 2.944427490234375000e+03
1.454617634001956539e+00 2.924436035156250000e+03
1.458052386384487642e+00 2.912551757812500000e+03
1.461487138767018967e+00 2.904410644531250000e+03
1.464921891149550071e+00 2.901974365234375000e+03
1.468356643532081174e+00 2.898798828125000000e+03
1.471791395914612277e+00 2.886847656250000000e+03
1.475226148297143380e+00 2.863347656250000000e+03
1.478660900679674706e+00 2.860899414062500000e+03
1.482095653062205809e+00 2.857974853515625000e+03
1.485530405444737134e+00 2.857207519531250000e+03
1.488965157827268238e+00 2.865511718750000000e+03
1.492399910209799563e+00 2.869346923828125000e+03
1.495834662592330666e+00 2.880888427734375000e+03
1.499269414974861991e+00 2.874407714843750000e+03
1.502704167357393095e+00 2.879243896484375000e+03
1.506138919739924198e+00 2.864456298828125000e+03
1.509573672122455301e+00 2.847070068359375000e+03
1.513008424504986404e+00 2.823892822265625000e+03
1.516443176887517730e+00 2.835286376953125000e+03
1.519877929270048833e+00 2.845822021484375000e+03
1.523312681652580158e+00 2.855284912109375000e+03
1.526747434035111262e+00 2.839673583984375000e+03
1.530182186417642587e+00 2.845347412109375000e+03
1.533616938800173690e+00 2.849872802734375000e+03
1.537051691182705015e+00 2.840387451171875000e+03
1.540486443565236119e+00 2.826799560546875000e+03
1.543921195947767222e+00 2.813443115234375000e+03
1.547355948330298325e+00 2.816121337890625000e+03
1.550790700712829429e+00 2.824229736328125000e+03
1.554225453095360754e+00 2.824159423828125000e+03
1.557660205477891857e+00 2.827386718750000000e+03
1.561094957860423182e+00 2.819852783203125000e+03
1.564529710242954286e+00 2.819803466796875000e+03
1.567964462625485611e+00 2.820451660156250000e+03
1.571399215008016714e+00 2.835498291015625000e+03
1.574833967390548040e+00 2.848368652343750000e+03
1.578268719773079143e+00 2.863871826171875000e+03
1.581703472155610246e+00 2.862046630859375000e+03
1.585138224538141349e+00 2.855298828125000000e+03
1.588572976920672453e+00 2.844552001953125000e+03
1.592007729303203778e+00 2.858038085937500000e+03
1.595442481685734881e+00 2.870640136718750000e+03
1.598877234068266207e+00 2.876065429687500000e+03
1.602311986450797310e+00 2.871817382812500000e+03
1.605746738833328635e+00 2.882036132812500000e+03
1.609181491215859738e+00 2.898302490234375000e+03
1.612616243598391064e+00 2.919071289062500000e+03
1.616050995980922167e+00 2.939173339843750000e+03
1.619485748363453270e+00 2.944455810546875000e+03
1.622920500745984373e+00 2.954315429687500000e+03
1.626355253128515477e+00 2.962983886718750000e+03
1.629790005511046802e+00 2.973784423828125000e+03
1.633224757893577905e+00 2.992630371093750000e+03
1.636659510276109231e+00 3.036271240234375000e+03
1.640094262658640334e+00 3.087480224609375000e+03
1.643529015041171659e+00 3.135275146484375000e+03
1.646963767423702762e+00 3.179059082031250000e+03
1.650398519806234088e+00 3.251223632812500000e+03
1.653833272188765191e+00 3.348132324218750000e+03
1.657268024571296294e+00 3.527229736328125000e+03
1.660702776953827398e+00 3.847570068359375000e+03
1.664137529336358501e+00 4.459542480468750000e+03
1.667572281718889826e+00 5.845114257812500000e+03
1.671007034101420929e+00 8.887713867187500000e+03
1.674441786483952255e+00 1.589705664062500000e+04
1.677876538866483358e+00 2.893751367187500000e+04
1.681311291249014683e+00 4.433173046875000000e+04
1.684746043631545787e+00 5.822340625000000000e+04
1.688180796014076890e+00 5.436041015625000000e+04
1.691615548396608215e+00 4.094014062500000000e+04
1.695050300779139318e+00 2.332008007812500000e+04
1.698485053161670422e+00 1.342681152343750000e+04
1.701919805544201525e+00 7.680231933593750000e+03
1.705354557926732850e+00 5.223077148437500000e+03
1.708789310309263954e+00 4.175387207031250000e+03
1.712224062691795279e+00 3.663380371093750000e+03
1.715658815074326382e+00 3.395647216796875000e+03
1.719093567456857707e+00 3.229895507812500000e+03
1.722528319839388811e+00 3.126135009765625000e+03
1.725963072221919914e+00 3.055818603515625000e+03
1.729397824604451239e+00 2.992444091796875000e+03
1.732832576986982343e+00 2.941068603515625000e+03
1.736267329369513446e+00 2.898282226562500000e+03
1.739702081752044549e+00 2.862604003906250000e+03
1.743136834134575874e+00 2.828209228515625000e+03
1.746571586517106978e+00 2.811449462890625000e+03
1.750006338899638303e+00 2.797505126953125000e+03
1.753441091282169406e+00 2.784478515625000000e+03
1.756875843664700731e+00 2.766253662109375000e+03
1.760310596047231835e+00 2.754254394531250000e+03
1.763745348429762938e+00 2.733588867187500000e+03
1.767180100812294263e+00 2.712246337890625000e+03
1.770614853194825367e+00 2.695346923828125000e+03
1.774049605577356470e+00 2.675807373046875000e+03
1.777484357959887573e+00 2.668467529296875000e+03
1.780919110342418898e+00 2.657133789062500000e+03
1.784353862724950002e+00 2.655655761718750000e+03
1.787788615107481327e+00 2.647341552734375000e+03
1.791223367490012208e+00 2.635997802734375000e+03
1.794658119872543534e+00 2.623999023437500000e+03
1.798092872255074859e+00 2.621977783203125000e+03
1.801527624637606184e+00 2.614597900390625000e+03
1.804962377020137065e+00 2.599121093750000000e+03
1.808397129402668391e+00 2.582715332031250000e+03
1.811831881785199494e+00 2.569421875000000000e+03
1.815266634167730819e+00 2.573530029296875000e+03
1.818701386550261700e+00 2.566221191406250000e+03
1.822136138932793026e+00 2.557552490234375000e+03
1.825570891315324351e+00 2.528193115234375000e+03
1.829005643697855676e+00 2.526950683593750000e+03
1.832440396080386558e+00 2.524592285156250000e+03
1.835875148462917883e+00 2.535693359375000000e+03
1.839309900845449208e+00 2.536038085937500000e+03
1.842744653227980089e+00 2.531633544921875000e+03
1.846179405610511415e+00 2.511704345703125000e+03
1.849614157993042740e+00 2.499724853515625000e+03
1.853048910375573843e+00 2.497923095703125000e+03
1.856483662758104725e+00 2.490327636718750000e+03
1.859918415140636050e+00 2.474924072265625000e+03
1.863353167523167375e+00 2.466176513671875000e+03
1.866787919905698701e+00 2.469555175781250000e+03
1.870222672288229582e+00 2.462903320312500000e+03
1.873657424670760907e+00 2.466499267578125000e+03
1.877092177053292232e+00 2.458380126953125000e+03
1.880526929435823114e+00 2.454000976562500000e+03
1.883961681818354439e+00 2.443839843750000000e+03
1.887396434200885764e+00 2.443025390625000000e+03
1.890831186583416867e+00 2.428115966796875000e+03
1.894265938965947749e+00 2.411200439453125000e+03
1.897700691348479074e+00 2.402772705078125000e+03
1.901135443731010399e+00 2.395388427734375000e+03
1.904570196113541725e+00 2.391987792968750000e+03
1.908004948496072606e+00 2.388604248046875000e+03
1.911439700878603931e+00 2.387257812500000000e+03
1.914874453261135256e+00 2.380749511718750000e+03
1.918309205643666138e+00 2.379642578125000000e+03
1.921743958026197463e+00 2.374117431640625000e+03
1.925178710408728788e+00 2.373931152343750000e+03
1.928613462791259892e+00 2.363773437500000000e+03
1.932048215173790773e+00 2.359543701171875000e+03
1.935482967556322098e+00 2.351634765625000000e+03
1.938917719938853423e+00 2.345274658203125000e+03
1.942352472321384749e+00 2.351548583984375000e+03
1.945787224703915630e+00 2.352826660156250000e+03
1.949221977086446955e+00 2.347850585937500000e+03
1.952656729468978281e+00 2.338376220703125000e+03
1.956091481851509162e+00 2.338848632812500000e+03
1.959526234234040487e+00 2.330493652343750000e+03
1.962960986616571812e+00 2.327983642578125000e+03
1.966395738999102916e+00 2.311502685546875000e+03
1.969830491381633797e+00 2.296165039062500000e+03
1.973265243764165122e+00 2.285340820312500000e+03
1.976699996146696447e+00 2.288566894531250000e+03
1.980134748529227329e+00 2.294542968750000000e+03
1.983569500911758654e+00 2.283293457031250000e+03
1.987004253294289979e+00 2.276239990234375000e+03
1.990439005676821305e+00 2.265333251953125000e+03
1.993873758059352186e+00 2.271986816406250000e+03
1.997308510441883511e+00 2.278365722656250000e+03
2.000743262824414614e+00 2.275904785156250000e+03
2.004178015206945940e+00 2.263521240234375000e+03
2.007612767589476821e+00 2.252308837890625000e+03
2.011047519972008146e+00 2.266241455078125000e+03
2.014482272354539472e+00 2.268706542968750000e+03
2.017917024737070353e+00 2.264926513671875000e+03
2.021351777119601678e+00 2.249598388671875000e+03
2.024786529502133003e+00 2.246481201171875000e+03
2.028221281884664329e+00 2.242293945312500000e+03
2.031656034267195210e+00 2.235638427734375000e+03
2.035090786649726535e+00 2.233424316406250000e+03
2.038525539032257861e+00 2.231134277343750000e+03
2.041960291414789186e+00 2.235274169921875000e+03
2.045395043797320067e+00 2.238742919921875000e+03
2.048829796179851392e+00 2.237887939453125000e+03
2.052264548562382718e+00 2.223739257812500000e+03
2.055699300944913599e+00 2.213782470703125000e+03
2.059134053327444924e+00 2.205210693359375000e+03
2.062568805709975805e+00 2.204745117187500000e+03
2.066003558092507131e+00 2.184154785156250000e+03
2.069438310475038012e+00 2.187068603515625000e+03
2.072873062857569337e+00 2.188567138671875000e+03
2.076307815240100663e+00 2.194325927734375000e+03
2.079742567622631988e+00 2.180700927734375000e+03
2.083177320005162869e+00 2.161833984375000000e+03
2.086612072387694194e+00 2.132724609375000000e+03
2.090046824770225520e+00 2.125481201171875000e+03
2.093481577152756401e+00 2.136800048828125000e+03
2.096916329535287726e+00 2.144529296875000000e+03
2.100351081917819052e+00 2.132894775390625000e+03
2.103785834300350377e+00 2.125499511718750000e+03
2.107220586682881258e+00 2.132699462890625000e+03
2.110655339065412583e+00 2.131969970703125000e+03
2.114090091447943909e+00 2.122615722656250000e+03
2.117524843830475234e+00 2.109406738281250000e+03
2.120959596213006115e+00 2.114643066406250000e+03
2.124394348595537441e+00 2.111461669921875000e+03
2.127829100978068766e+00 2.106962890625000000e+03
2.131263853360599647e+00 2.103270996093750000e+03
2.134698605743130972e+00 2.101727539062500000e+03
2.138133358125661854e+00 2.092420410156250000e+03
2.141568110508193179e+00 2.090535156250000000e+03
2.145002862890724060e+00 2.086816894531250000e+03
2.148437615273255386e+00 2.080782958984375000e+03
2.151872367655786711e+00 2.080002441406250000e+03
2.155307120038318036e+00 2.082987304687500000e+03
2.158741872420848917e+00 2.084585449218750000e+03
2.162176624803380243e+00 2.070541992187500000e+03
2.165611377185911568e+00 2.070522216796875000e+03
2.169046129568442449e+00 2.068679931640625000e+03
2.172480881950973775e+00 2.080118652343750000e+03
2.175915634333505100e+00 2.076874755859375000e+03
2.179350386716036425e+00 2.077417480468750000e+03
2.182785139098567306e+00 2.073625488281250000e+03
2.186219891481098632e+00 2.067772216796875000e+03
2.189654643863629957e+00 2.060494628906250000e+03
2.193089396246161282e+00 2.060423583984375000e+03
2.196524148628692163e+00 2.061901611328125000e+03
2.199958901011223489e+00 2.058854980468750000e+03
2.203393653393754814e+00 2.059536376953125000e+03
2.206828405776285695e+00 2.065366455078125000e+03
2.210263158158817021e+00 2.070088378906250000e+03
2.213697910541347902e+00 2.070482666015625000e+03
2.217132662923879227e+00 2.062577392578125000e+03
2.220567415306410108e+00 2.055687988281250000e+03
2.224002167688941434e+00 2.053190429687500000e+03
2.227436920071472759e+00 2.046626342773437500e+03
2.230871672454004084e+00 2.053115722656250000e+03
2.234306424836534966e+00 2.051244384765625000e+03
2.237741177219066291e+00 2.056986328125000000e+03
2.241175929601597616e+00 2.054144775390625000e+03
2.244610681984128497e+00 2.049321777343750000e+03
2.248045434366659823e+00 2.047109130859375000e+03
2.251480186749191148e+00 2.039666503906250000e+03
2.254914939131722473e+00 2.044698364257812500e+03
2.258349691514253355e+00 2.042973999023437500e+03
2.261784443896784680e+00 2.055259033203125000e+03
2.265219196279316005e+00 2.057652343750000000e+03
2.268653948661847330e+00 2.073647460937500000e+03
2.272088701044378212e+00 2.076841308593750000e+03
2.275523453426909537e+00 2.069783691406250000e+03
2.278958205809440862e+00 2.060323730468750000e+03
2.282392958191971744e+00 2.065837158203125000e+03
2.285827710574503069e+00 2.075378662109375000e+03
2.289262462957033950e+00 2.083011962890625000e+03
2.292697215339565275e+00 2.082002197265625000e+03
2.296131967722096157e+00 2.100291992187500000e+03
2.299566720104627482e+00 2.135319091796875000e+03
2.303001472487158807e+00 2.154901367187500000e+03
2.306436224869690133e+00 2.161329345703125000e+03
2.309870977252221014e+00 2.159569824218750000e+03
2.313305729634752339e+00 2.178721435546875000e+03
2.316740482017283664e+00 2.191804443359375000e+03
2.320175234399814546e+00 2.229327392578125000e+03
2.323609986782345871e+00 2.260659179687500000e+03
2.327044739164877196e+00 2.300719970703125000e+03
2.330479491547408522e+00 2.323685302734375000e+03
2.333914243929939403e+00 2.357605224609375000e+03
2.337348996312470728e+00 2.394544433593750000e+03
2.340783748695002053e+00 2.450764404296875000e+03
2.344218501077533379e+00 2.520638427734375000e+03
2.347653253460064260e+00 2.616845703125000000e+03
2.351088005842595585e+00 2.763243652343750000e+03
2.354522758225126911e+00 3.022996582031250000e+03
2.357957510607657792e+00 3.493278320312500000e+03
2.361392262990189117e+00 4.405962890625000000e+03
2.364827015372720442e+00 6.317839843750000000e+03
2.368261767755251324e+00 1.073062402343750000e+04
2.371696520137782205e+00 2.066482617187500000e+04
2.375131272520313530e+00 3.834529687500000000e+04
2.378566024902844855e+00 5.577250000000000000e+04
2.382000777285376181e+00 6.607942187500000000e+04
2.385435529667907062e+00 6.416231640625000000e+04
2.388870282050438387e+00 5.192191406250000000e+04
2.392305034432969713e+00 3.460346093750000000e+04
2.395739786815500594e+00 1.905089843750000000e+04
2.399174539198031919e+00 1.011179199218750000e+04
2.402609291580563244e+00 5.926189941406250000e+03
2.406044043963094570e+00 4.211202148437500000e+03
2.409478796345625451e+00 3.398387451171875000e+03
2.412913548728156776e+00 2.989127197265625000e+03
2.416348301110688102e+00 2.755326416015625000e+03
2.419783053493219427e+00 2.599892578125000000e+03
2.423217805875750308e+00 2.483712402343750000e+03
2.426652558258281633e+00 2.388249755859375000e+03
2.430087310640812959e+00 2.311346435546875000e+03
2.433522063023343840e+00 2.249469238281250000e+03
2.436956815405875165e+00 2.208831787109375000e+03
2.440391567788406491e+00 2.174147949218750000e+03
2.443826320170937372e+00 2.137220947265625000e+03
2.447261072553468253e+00 2.093607421875000000e+03
2.450695824935999578e+00 2.059636718750000000e+03
2.454130577318530904e+00 2.041273559570312500e+03
2.457565329701061785e+00 2.016567016601562500e+03
2.461000082083593110e+00 1.998055175781250000e+03
2.464434834466124435e+00 1.971901245117187500e+03
2.467869586848655761e+00 1.959500244140625000e+03
2.471304339231186642e+00 1.935347900390625000e+03
2.474739091613717967e+00 1.921716186523437500e+03
2.478173843996249293e+00 1.908855102539062500e+03
2.481608596378780618e+00 1.895590454101562500e+03
2.485043348761311499e+00 1.870936889648437500e+03
2.488478101143842824e+00 1.847742187500000000e+03
2.491912853526374150e+00 1.839574707031250000e+03
2.495347605908905031e+00 1.814937255859375000e+03
2.498782358291436356e+00 1.815799560546875000e+03
2.502217110673967682e+00 1.812137695312500000e+03
2.505651863056499007e+00 1.825100097656250000e+03
2.509086615439029888e+00 1.810606933593750000e+03
2.512521367821561213e+00 1.799437011718750000e+03
2.515956120204092539e+00 1.786424316406250000e+03
2.519390872586623420e+00 1.781802246093750000e+03
2.522825624969154301e+00 1.777347290039062500e+03
2.526260377351685626e+00 1.770380493164062500e+03
2.529695129734216952e+00 1.764472412109375000e+03
2.533129882116747833e+00 1.755676025390625000e+03
2.536564634499279158e+00 1.753640014648437500e+03
2.539999386881810484e+00 1.758772094726562500e+03
2.543434139264341809e+00 1.751108398437500000e+03
2.546868891646872690e+00 1.743711669921875000e+03
2.550303644029404015e+00 1.735785400390625000e+03
2.553738396411935341e+00 1.725971435546875000e+03
2.557173148794466666e+00 1.723719726562500000e+03
2.560607901176997547e+00 1.718072998046875000e+03
2.564042653559528873e+00 1.713287597656250000e+03
2.567477405942060198e+00 1.698265258789062500e+03
2.570912158324591079e+00 1.692753173828125000e+03
2.574346910707122404e+00 1.681149169921875000e+03
2.577781663089653730e+00 1.670843750000000000e+03
2.581216415472185055e+00 1.660478881835937500e+03
2.584651167854715936e+00 1.656992065429687500e+03
2.588085920237247262e+00 1.657888549804687500e+03
2.591520672619778587e+00 1.668983032226562500e+03
2.594955425002309468e+00 1.669452148437500000e+03
2.598390177384840349e+00 1.655465087890625000e+03
2.601824929767371675e+00 1.643128662109375000e+03
2.605259682149903000e+00 1.643396728515625000e+03
2.608694434532433881e+00 1.648260009765625000e+03
2.612129186914965207e+00 1.652866821289062500e+03
2.615563939297496532e+00 1.651468994140625000e+03
2.618998691680027857e+00 1.637707641601562500e+03
2.622433444062558738e+00 1.621446655273437500e+03
2.625868196445090064e+00 1.609191894531250000e+03
2.629302948827621389e+00 1.605808349609375000e+03
2.632737701210152714e+00 1.599611206054687500e+03
2.636172453592683596e+00 1.603710937500000000e+03
2.639607205975214921e+00 1.598524291992187500e+03
2.643041958357746246e+00 1.599016479492187500e+03
2.646476710740277127e+00 1.596096801757812500e+03
2.649911463122808453e+00 1.592854736328125000e+03
2.653346215505339778e+00 1.584381103515625000e+03
2.656780967887871103e+00 1.572352416992187500e+03
2.660215720270401984e+00 1.568545776367187500e+03
2.663650472652933310e+00 1.574141357421875000e+03
2.667085225035464635e+00 1.577759277343750000e+03
2.670519977417995516e+00 1.583629638671875000e+03
2.673954729800526398e+00 1.586985229492187500e+03
2.677389482183057723e+00 1.589848266601562500e+03
2.680824234565589048e+00 1.576968627929687500e+03
2.684258986948119929e+00 1.576084106445312500e+03
2.687693739330651255e+00 1.580930053710937500e+03
2.691128491713182580e+00 1.586259155273437500e+03
2.694563244095713905e+00 1.576615112304687500e+03
2.697997996478244787e+00 1.562204345703125000e+03
2.701432748860776112e+00 1.550419921875000000e+03
2.704867501243307437e+00 1.548785034179687500e+03
2.708302253625838762e+00 1.549223144531250000e+03
2.711737006008369644e+00 1.552411010742187500e+03
2.715171758390900969e+00 1.552254272460937500e+03
2.718606510773432294e+00 1.554391113281250000e+03
2.722041263155963176e+00 1.548537963867187500e+03
2.725476015538494501e+00 1.547043090820312500e+03
2.728910767921025826e+00 1.546940795898437500e+03
2.732345520303557151e+00 1.549010620117187500e+03
2.735780272686088033e+00 1.545800903320312500e+03
2.739215025068619358e+00 1.521584716796875000e+03
2.742649777451150683e+00 1.516592407226562500e+03
2.746084529833681565e+00 1.527598510742187500e+03
2.749519282216212890e+00 1.539067993164062500e+03
2.752954034598743771e+00 1.530775878906250000e+03
2.756388786981275096e+00 1.529999389648437500e+03
2.759823539363805978e+00 1.522893066406250000e+03
2.763258291746337303e+00 1.518014404296875000e+03
2.766693044128868628e+00 1.521033447265625000e+03
2.770127796511399954e+00 1.533522583007812500e+03
2.773562548893930835e+00 1.540310424804687500e+03
2.776997301276462160e+00 1.539257690429687500e+03
2.780432053658993485e+00 1.548025878906250000e+03
2.783866806041524811e+00 1.543226928710937500e+03
2.787301558424055692e+00 1.542482543945312500e+03
2.790736310806587017e+00 1.523880737304687500e+03
2.794171063189118343e+00 1.527494506835937500e+03
2.797605815571649224e+00 1.527812988281250000e+03
2.801040567954180549e+00 1.530826171875000000e+03
2.804475320336711874e+00 1.527334228515625000e+03
2.807910072719243200e+00 1.528923706054687500e+03
2.811344825101774081e+00 1.531020019531250000e+03
2.814779577484305406e+00 1.531106811523437500e+03
2.818214329866836731e+00 1.535822875976562500e+03
2.821649082249367613e+00 1.530733154296875000e+03
2.825083834631898938e+00 1.537341064453125000e+03
2.828518587014429819e+00 1.549532836914062500e+03
2.831953339396961145e+00 1.569134033203125000e+03
2.835388091779492026e+00 1.580095214843750000e+03
2.838822844162023351e+00 1.593704467773437500e+03
2.842257596544554676e+00 1.595725708007812500e+03
2.845692348927086002e+00 1.603399291992187500e+03
2.849127101309616883e+00 1.609180908203125000e+03
2.852561853692148208e+00 1.623002563476562500e+03
2.855996606074679534e+00 1.634121948242187500e+03
2.859431358457210415e+00 1.646206298828125000e+03
2.862866110839741740e+00 1.661798706054687500e+03
2.866300863222273065e+00 1.681942871093750000e+03
2.869735615604804391e+00 1.703542602539062500e+03
2.873170367987335272e+00 1.718131103515625000e+03
2.876605120369866597e+00 1.737687377929687500e+03
2.880039872752397923e+00 1.770198364257812500e+03
2.883474625134929248e+00 1.829158447265625000e+03
2.886909377517460129e+00 1.909008422851562500e+03
2.890344129899991454e+00 2.040349975585937500e+03
2.893778882282522780e+00 2.264642089843750000e+03
2.897213634665053661e+00 2.691184814453125000e+03
2.900648387047584986e+00 3.600587402343750000e+03
2.904083139430115867e+00 5.599278320312500000e+03
2.907517891812647193e+00 9.801894531250000000e+03
2.910952644195178074e+00 1.698674609375000000e+04
2.914387396577709399e+00 2.605564843750000000e+04
2.917822148960240725e+00 3.117083984375000000e+04
2.921256901342772050e+00 3.042776171875000000e+04
2.924691653725302931e+00 2.384518554687500000e+04
2.928126406107834256e+00 1.557905664062500000e+04
2.931561158490365582e+00 8.702959960937500000e+03
2.934995910872896463e+00 4.890923828125000000e+03
2.938430663255427788e+00 3.288376220703125000e+03
2.941865415637959114e+00 2.533071533203125000e+03
2.945300168020490439e+00 2.170970947265625000e+03
2.948734920403021320e+00 1.982422241210937500e+03
2.952169672785552645e+00 1.851188110351562500e+03
2.955604425168083971e+00 1.776757446289062500e+03
2.959039177550615296e+00 1.719398071289062500e+03
2.962473929933146177e+00 1.692340576171875000e+03
2.965908682315677503e+00 1.662934204101562500e+03
2.969343434698208828e+00 1.632579223632812500e+03
2.972778187080739709e+00 1.608321289062500000e+03
2.976212939463271034e+00 1.597924072265625000e+03
2.979647691845801916e+00 1.582215576171875000e+03
2.983082444228333241e+00 1.561179809570312500e+03
2.986517196610864122e+00 1.542040893554687500e+03
2.989951948993395447e+00 1.529687255859375000e+03
2.993386701375926773e+00 1.507862670898437500e+03
2.996821453758458098e+00 1.490587524414062500e+03
3.000256206140988979e+00 1.487594970703125000e+03
3.003690958523520305e+00 1.488645263671875000e+03
3.007125710906051630e+00 1.483149169921875000e+03
3.010560463288582511e+00 1.463909545898437500e+03
3.013995215671113836e+00 1.441853271484375000e+03
3.017429968053645162e+00 1.431781738281250000e+03
3.020864720436176487e+00 1.418056518554687500e+03
3.024299472818707368e+00 1.412516845703125000e+03
3.027734225201238694e+00 1.398669921875000000e+03
3.031168977583770019e+00 1.396910400390625000e+03
3.034603729966301344e+00 1.382190063476562500e+03
3.038038482348832225e+00 1.383854736328125000e+03
3.041473234731363551e+00 1.382232421875000000e+03
3.044907987113894876e+00 1.385383178710937500e+03
3.048342739496425757e+00 1.376357543945312500e+03
3.051777491878957083e+00 1.364837402343750000e+03
3.055212244261487964e+00 1.360690917968750000e+03
3.058646996644019289e+00 1.359483276367187500e+03
3.062081749026550170e+00 1.351122436523437500e+03
3.065516501409081496e+00 1.342830078125000000e+03
3.068951253791612821e+00 1.332713012695312500e+03
3.072386006174144146e+00 1.327083007812500000e+03
3.075820758556675028e+00 1.331539428710937500e+03
3.079255510939206353e+00 1.327895629882812500e+03
3.082690263321737678e+00 1.320550415039062500e+03
3.086125015704268559e+00 1.312068481445312500e+03
3.089559768086799885e+00 1.313827270507812500e+03
3.092994520469331210e+00 1.308522338867187500e+03
3.096429272851862535e+00 1.296638671875000000e+03
3.099864025234393416e+00 1.289581054687500000e+03
3.103298777616924742e+00 1.300120361328125000e+03
3.106733529999456067e+00 1.303911743164062500e+03
3.110168282381987392e+00 1.296173217773437500e+03
3.113603034764518274e+00 1.291859741210937500e+03
3.117037787147049599e+00 1.301153442382812500e+03
3.120472539529580924e+00 1.326660278320312500e+03
3.123907291912111805e+00 1.348772216796875000e+03
3.127342044294643131e+00 1.371334594726562500e+03
3.130776796677174012e+00 1.360743774414062500e+03
3.134211549059705337e+00 1.345914306640625000e+03
3.137646301442236219e+00 1.320457885742187500e+03
3.141081053824767544e+00 1.307060791015625000e+03
3.144515806207298869e+00 1.291721923828125000e+03
3.147950558589830194e+00 1.282580810546875000e+03
3.151385310972361076e+00 1.284592407226562500e+03
3.154820063354892401e+00 1.281825439453125000e+03
3.158254815737423726e+00 1.271175781250000000e+03
3.161689568119954608e+00 1.251782348632812500e+03
3.165124320502485933e+00 1.257280639648437500e+03
3.168559072885017258e+00 1.261328613281250000e+03
3.171993825267548583e+00 1.263867919921875000e+03
3.175428577650079465e+00 1.250493408203125000e+03
3.178863330032610790e+00 1.251121337890625000e+03
3.182298082415142115e+00 1.251897705078125000e+03
3.185732834797673441e+00 1.258195068359375000e+03
3.189167587180204322e+00 1.255140747070312500e+03
3.192602339562735647e+00 1.250676879882812500e+03
3.196037091945266972e+00 1.241248046875000000e+03
3.199471844327797854e+00 1.235692993164062500e+03
3.202906596710329179e+00 1.233244750976562500e+03
3.206341349092860060e+00 1.237396606445312500e+03
3.209776101475391386e+00 1.243302612304687500e+03
3.213210853857922267e+00 1.242914184570312500e+03
3.216645606240453592e+00 1.245932006835937500e+03
3.220080358622984917e+00 1.240690429687500000e+03
3.223515111005516243e+00 1.243101684570312500e+03
3.226949863388047124e+00 1.235112670898437500e+03
3.230384615770578449e+00 1.234326416015625000e+03
3.233819368153109775e+00 1.230933349609375000e+03
3.237254120535640656e+00 1.235590576171875000e+03
3.240688872918171981e+00 1.233494262695312500e+03
3.244123625300703306e+00 1.238830566406250000e+03
3.247558377683234632e+00 1.244201171875000000e+03
3.250993130065765513e+00 1.248365600585937500e+03
3.254427882448296838e+00 1.250574584960937500e+03
3.257862634830828164e+00 1.252897949218750000e+03
3.261297387213359489e+00 1.248900146484375000e+03
3.264732139595890370e+00 1.243093505859375000e+03
3.268166891978421695e+00 1.240203735351562500e+03
3.271601644360953021e+00 1.241315917968750000e+03
3.275036396743483902e+00 1.245361450195312500e+03
3.278471149126015227e+00 1.241671142578125000e+03
3.281905901508546108e+00 1.246232910156250000e+03
3.285340653891077434e+00 1.244484130859375000e+03
3.288775406273608315e+00 1.249370971679687500e+03
3.292210158656139640e+00 1.245739868164062500e+03
3.295644911038670966e+00 1.247763305664062500e+03
3.299079663421202291e+00 1.256952636718750000e+03
3.302514415803733172e+00 1.267382568359375000e+03
3.305949168186264497e+00 1.270779907226562500e+03
3.309383920568795823e+00 1.272693847656250000e+03
3.312818672951326704e+00 1.279491210937500000e+03
3.316253425333858029e+00 1.293485351562500000e+03
3.319688177716389355e+00 1.303874389648437500e+03
3.323122930098920680e+00 1.316518798828125000e+03
3.326557682481451561e+00 1.331885742187500000e+03
3.329992434863982886e+00 1.345774902343750000e+03
3.333427187246514212e+00 1.369358642578125000e+03
3.336861939629045093e+00 1.394003295898437500e+03
3.340296692011576418e+00 1.436763916015625000e+03
3.343731444394107744e+00 1.511016479492187500e+03
3.347166196776639069e+00 1.670081787109375000e+03
3.350600949159169950e+00 1.972599975585937500e+03
3.354035701541701275e+00 2.651273193359375000e+03
3.357470453924232601e+00 4.278263183593750000e+03
3.360905206306763482e+00 7.390895507812500000e+03
3.364339958689294363e+00 1.243003417968750000e+04
3.367774711071825688e+00 1.629555175781250000e+04
3.371209463454357014e+00 1.749531640625000000e+04
3.374644215836887895e+00 1.637039160156250000e+04
3.378078968219419220e+00 1.246495019531250000e+04
3.381513720601950546e+00 7.942110839843750000e+03
3.384948472984481871e+00 4.127941406250000000e+03
3.388383225367012752e+00 2.673501953125000000e+03
3.391817977749544077e+00 1.974897460937500000e+03
3.395252730132075403e+00 1.671060546875000000e+03
3.398687482514606728e+00 1.515872436523437500e+03
3.402122234897137609e+00 1.441730468750000000e+03
3.405556987279668935e+00 1.397791503906250000e+03
3.408991739662200260e+00 1.362787597656250000e+03
3.412426492044731141e+00 1.329384155273437500e+03
3.415861244427262466e+00 1.305618774414062500e+03
3.419295996809793792e+00 1.292432983398437500e+03
3.422730749192325117e+00 1.279869750976562500e+03
3.426165501574855998e+00 1.275192993164062500e+03
3.429600253957387324e+00 1.265009155273437500e+03
3.433035006339918649e+00 1.256501708984375000e+03
3.436469758722449530e+00 1.247095092773437500e+03
3.439904511104980411e+00 1.244792236328125000e+03
3.443339263487511737e+00 1.230714355468750000e+03
3.446774015870043062e+00 1.217173217773437500e+03
3.450208768252573943e+00 1.204079833984375000e+03
3.453643520635105268e+00 1.207491577148437500e+03
3.457078273017636594e+00 1.199774902343750000e+03
3.460513025400167919e+00 1.187677978515625000e+03
3.463947777782698800e+00 1.170407958984375000e+03
3.467382530165230126e+00 1.164668457031250000e+03
3.470817282547761451e+00 1.167975463867187500e+03
3.474252034930292776e+00 1.170284179687500000e+03
3.477686787312823657e+00 1.159994506835937500e+03
3.481121539695354983e+00 1.147602172851562500e+03
3.484556292077886308e+00 1.147141113281250000e+03
3.487991044460417189e+00 1.154360107421875000e+03
3.491425796842948515e+00 1.160679687500000000e+03
3.494860549225479840e+00 1.152086669921875000e+03
3.498295301608011165e+00 1.149319824218750000e+03
3.501730053990542046e+00 1.135631347656250000e+03
3.505164806373073372e+00 1.133455932617187500e+03
3.508599558755604697e+00 1.133935180664062500e+03
3.512034311138135578e+00 1.141082397460937500e+03
3.515469063520666460e+00 1.133726806640625000e+03
3.518903815903197785e+00 1.132174804687500000e+03
3.522338568285729110e+00 1.137667358398437500e+03
3.525773320668259991e+00 1.143697265625000000e+03
3.529208073050791317e+00 1.142077026367187500e+03
3.532642825433322642e+00 1.139635253906250000e+03
3.536077577815853967e+00 1.139354980468750000e+03
3.539512330198384849e+00 1.136144409179687500e+03
3.542947082580916174e+00 1.138389404296875000e+03
3.546381834963447499e+00 1.131748046875000000e+03
3.549816587345978824e+00 1.132706787109375000e+03
3.553251339728509706e+00 1.132987182617187500e+03
3.556686092111041031e+00 1.135244995117187500e+03
3.560120844493572356e+00 1.135620727539062500e+03
3.563555596876103237e+00 1.129710693359375000e+03
3.566990349258634563e+00 1.119861816406250000e+03
3.570425101641165888e+00 1.111803710937500000e+03
3.573859854023697213e+00 1.113076538085937500e+03
3.577294606406228095e+00 1.112198974609375000e+03
3.580729358788759420e+00 1.112567260742187500e+03
3.584164111171290301e+00 1.115968017578125000e+03
3.587598863553821626e+00 1.115030517578125000e+03
3.591033615936352508e+00 1.107699462890625000e+03
3.594468368318883833e+00 1.104302856445312500e+03
3.597903120701415158e+00 1.102611328125000000e+03
3.601337873083946484e+00 1.111856323242187500e+03
3.604772625466477809e+00 1.121219238281250000e+03
3.608207377849008246e+00 1.130036621093750000e+03
3.611642130231539571e+00 1.124499511718750000e+03
3.615076882614070897e+00 1.122337646484375000e+03
3.618511634996602222e+00 1.129543945312500000e+03
3.621946387379133547e+00 1.137274780273437500e+03
3.625381139761664873e+00 1.143199340820312500e+03
3.628815892144196198e+00 1.135772705078125000e+03
3.632250644526726635e+00 1.134381835937500000e+03
3.635685396909257960e+00 1.131169433593750000e+03
3.639120149291789286e+00 1.142301147460937500e+03
3.642554901674320611e+00 1.141475097656250000e+03
3.645989654056851936e+00 1.147437133789062500e+03
3.649424406439383262e+00 1.143898559570312500e+03
3.652859158821914587e+00 1.149664062500000000e+03
3.656293911204445912e+00 1.152099853515625000e+03
3.659728663586976349e+00 1.155768554687500000e+03
3.663163415969507675e+00 1.157213745117187500e+03
3.666598168352038556e+00 1.159841430664062500e+03
3.670032920734569881e+00 1.166321166992187500e+03
3.673467673117101207e+00 1.167576782226562500e+03
3.676902425499632532e+00 1.181928588867187500e+03
3.680337177882163857e+00 1.192382690429687500e+03
3.683771930264694294e+00 1.209509399414062500e+03
3.687206682647225620e+00 1.201629272460937500e+03
3.690641435029756945e+00 1.206879638671875000e+03
3.694076187412288270e+00 1.212737548828125000e+03
3.697510939794819596e+00 1.234505859375000000e+03
3.700945692177350921e+00 1.247718139648437500e+03
3.704380444559882246e+00 1.266439086914062500e+03
3.707815196942412683e+00 1.285604370117187500e+03
3.711249949324944009e+00 1.310024414062500000e+03
3.714684701707475334e+00 1.332482666015625000e+03
3.718119454090006659e+00 1.355342041015625000e+03
3.721554206472537984e+00 1.384554321289062500e+03
3.724988958855069310e+00 1.420967163085937500e+03
3.728423711237600635e+00 1.474314086914062500e+03
3.731858463620131960e+00 1.539814086914062500e+03
3.735293216002662398e+00 1.628275634765625000e+03
3.738727968385193723e+00 1.764690551757812500e+03
3.742162720767725048e+00 1.989900024414062500e+03
3.745597473150255929e+00 2.406656005859375000e+03
3.749032225532787255e+00 3.246445312500000000e+03
3.752466977915318580e+00 5.065297363281250000e+03
3.755901730297849905e+00 9.275083984375000000e+03
3.759336482680380342e+00 1.787142578125000000e+04
3.762771235062911668e+00 3.294726953125000000e+04
3.766205987445442993e+00 4.718829296875000000e+04
3.769640739827974318e+00 5.169925781250000000e+04
3.773075492210505644e+00 4.192635156250000000e+04
3.776510244593036969e+00 2.769946289062500000e+04
3.779944996975568294e+00 1.473905078125000000e+04
3.783379749358098731e+00 7.695981445312500000e+03
3.786814501740630057e+00 4.385841796875000000e+03
3.790249254123161382e+00 2.949156738281250000e+03
3.793684006505692707e+00 2.280575439453125000e+03
3.797118758888224033e+00 1.919737915039062500e+03
3.800553511270755358e+00 1.718419189453125000e+03
3.803988263653286683e+00 1.607510253906250000e+03
3.807423016035818009e+00 1.536294799804687500e+03
3.810857768418348446e+00 1.477632080078125000e+03
3.814292520800879771e+00 1.416203369140625000e+03
3.817727273183411096e+00 1.381698364257812500e+03
3.821162025565941978e+00 1.344032348632812500e+03
3.824596777948473303e+00 1.312952636718750000e+03
3.828031530331004628e+00 1.277114990234375000e+03
3.831466282713535954e+00 1.261389648437500000e+03
3.834901035096066391e+00 1.241952148437500000e+03
3.838335787478597716e+00 1.225836791992187500e+03
3.841770539861129041e+00 1.204115478515625000e+03
3.845205292243660367e+00 1.194151489257812500e+03
3.848640044626191692e+00 1.180532714843750000e+03
3.852074797008723017e+00 1.162345336914062500e+03
3.855509549391254343e+00 1.142401000976562500e+03
3.858944301773784780e+00 1.122338134765625000e+03
3.862379054156316105e+00 1.119383544921875000e+03
3.865813806538847430e+00 1.119307128906250000e+03
3.869248558921378756e+00 1.121149291992187500e+03
3.872683311303910081e+00 1.105761962890625000e+03
3.876118063686441406e+00 1.093791870117187500e+03
3.879552816068972732e+00 1.083367553710937500e+03
3.882987568451504057e+00 1.080543823242187500e+03
3.886422320834034494e+00 1.077724853515625000e+03
3.889857073216565819e+00 1.077242919921875000e+03
3.893291825599097145e+00 1.071273803710937500e+03
3.896726577981628026e+00 1.063106201171875000e+03
3.900161330364159351e+00 1.058179687500000000e+03
3.903596082746690676e+00 1.054043823242187500e+03
3.907030835129222002e+00 1.048880004882812500e+03
3.910465587511752439e+00 1.046385253906250000e+03
3.913900339894283764e+00 1.049320800781250000e+03
3.917335092276815089e+00 1.046972778320312500e+03
3.920769844659346415e+00 1.041914794921875000e+03
3.924204597041877740e+00 1.024077514648437500e+03
3.927639349424409065e+00 1.023272827148437500e+03
3.931074101806940391e+00 1.024068115234375000e+03
3.934508854189470828e+00 1.029922241210937500e+03
3.937943606572002153e+00 1.023041198730468750e+03
3.941378358954533478e+00 1.020807861328125000e+03
3.944813111337064804e+00 1.016743774414062500e+03
3.948247863719596129e+00 1.013667785644531250e+03
3.951682616102127454e+00 1.014806396484375000e+03
3.955117368484658780e+00 1.012124389648437500e+03
3.958552120867189217e+00 1.015427246093750000e+03
3.961986873249720542e+00 1.016182434082031250e+03
3.965421625632251867e+00 1.018508911132812500e+03
3.968856378014783193e+00 1.015921081542968750e+03
3.972291130397314074e+00 1.019062927246093750e+03
3.975725882779845399e+00 1.013567687988281250e+03
3.979160635162376725e+00 1.004536621093750000e+03
3.982595387544908050e+00 9.954533081054687500e+02
3.986030139927438487e+00 9.950148925781250000e+02
3.989464892309969812e+00 9.985413208007812500e+02
3.992899644692501138e+00 9.999588012695312500e+02
3.996334397075032463e+00 9.993470458984375000e+02
3.999769149457563788e+00 1.011121032714843750e+03
4.003203901840095114e+00 1.020475280761718750e+03
4.006638654222625995e+00 1.010637023925781250e+03
4.010073406605156876e+00 9.914599609375000000e+02
4.013508158987687757e+00 9.869461669921875000e+02
4.016942911370219527e+00 9.969254760742187500e+02
4.020377663752750408e+00 1.001143005371093750e+03
4.023812416135282177e+00 1.003274108886718750e+03
4.027247168517813058e+00 1.004274902343750000e+03
4.030681920900344828e+00 1.008565979003906250e+03
4.034116673282874821e+00 1.023776489257812500e+03
4.037551425665406590e+00 1.025988403320312500e+03
4.040986178047937472e+00 1.025405151367187500e+03
4.044420930430469241e+00 1.022401062011718750e+03
4.047855682813000122e+00 1.036749145507812500e+03
4.051290435195531892e+00 1.045843872070312500e+03
4.054725187578062773e+00 1.058336059570312500e+03
4.058159939960594542e+00 1.054994995117187500e+03
4.061594692343124535e+00 1.058665405273437500e+03
4.065029444725656305e+00 1.062966918945312500e+03
4.068464197108187186e+00 1.074053833007812500e+03
4.071898949490718955e+00 1.083742553710937500e+03
4.075333701873249836e+00 1.094520751953125000e+03
4.078768454255781606e+00 1.113473999023437500e+03
4.082203206638312487e+00 1.134478515625000000e+03
4.085637959020843368e+00 1.150459838867187500e+03
4.089072711403374250e+00 1.173226806640625000e+03
4.092507463785905131e+00 1.201312377929687500e+03
4.095942216168436900e+00 1.247593383789062500e+03
4.099376968550967781e+00 1.325641967773437500e+03
4.102811720933499551e+00 1.455401367187500000e+03
4.106246473316030432e+00 1.693716430664062500e+03
4.109681225698561313e+00 2.183679199218750000e+03
4.113115978081092194e+00 3.251517089843750000e+03
4.116550730463623964e+00 5.691877929687500000e+03
4.119985482846154845e+00 1.039946972656250000e+04
4.123420235228686614e+00 1.683430664062500000e+04
4.126854987611217496e+00 2.232656250000000000e+04
4.130289739993749265e+00 2.352565234375000000e+04
4.133724492376280146e+00 1.937528906250000000e+04
4.137159244758811028e+00 1.288092578125000000e+04
4.140593997141341909e+00 7.319282714843750000e+03
4.144028749523873678e+00 4.053406738281250000e+03
4.147463501906404559e+00 2.508628906250000000e+03
4.150898254288936329e+00 1.853075561523437500e+03
4.154333006671467210e+00 1.541453613281250000e+03
4.157767759053998091e+00 1.379133178710937500e+03
4.161202511436528972e+00 1.287238891601562500e+03
4.164637263819060742e+00 1.225633056640625000e+03
4.168072016201591623e+00 1.184838012695312500e+03
4.171506768584122504e+00 1.147814941406250000e+03
4.174941520966654274e+00 1.128989501953125000e+03
4.178376273349185155e+00 1.116003051757812500e+03
4.181811025731716924e+00 1.103617797851562500e+03
4.185245778114246917e+00 1.092417480468750000e+03
4.188680530496778687e+00 1.075681640625000000e+03
4.192115282879309568e+00 1.061397583007812500e+03
4.195550035261841337e+00 1.046956542968750000e+03
4.198984787644372219e+00 1.037577636718750000e+03
4.202419540026903988e+00 1.029907836914062500e+03
4.205854292409434869e+00 1.021223876953125000e+03
4.209289044791966639e+00 1.012798645019531250e+03
4.212723797174496632e+00 1.004438110351562500e+03
4.216158549557028401e+00 9.960806274414062500e+02
4.219593301939559282e+00 9.961337280273437500e+02
4.223028054322091052e+00 9.898064575195312500e+02
4.226462806704621933e+00 9.827757568359375000e+02
4.229897559087153702e+00 9.729937133789062500e+02
4.233332311469684583e+00 9.623879394531250000e+02
4.236767063852215465e+00 9.606441040039062500e+02
4.240201816234746346e+00 9.604166259765625000e+02
4.243636568617277227e+00 9.575385742187500000e+02
4.247071320999808997e+00 9.465746459960937500e+02
4.250506073382339878e+00 9.396846313476562500e+02
4.253940825764871647e+00 9.367462768554687500e+02
4.257375578147402528e+00 9.369650268554687500e+02
4.260810330529933410e+00 9.373616943359375000e+02
4.264245082912464291e+00 9.330040283203125000e+02
4.267679835294996060e+00 9.266722412109375000e+02
4.271114587677526941e+00 9.266868286132812500e+02
4.274549340060058711e+00 9.270479736328125000e+02
4.277984092442589592e+00 9.299995117187500000e+02
4.281418844825121361e+00 9.325190429687500000e+02
4.284853597207652243e+00 9.371904296875000000e+02
4.288288349590183124e+00 9.321250610351562500e+02
4.291723101972714005e+00 9.263018798828125000e+02
4.295157854355245775e+00 9.218420410156250000e+02
4.298592606737776656e+00 9.208466796875000000e+02
4.302027359120308425e+00 9.194491577148437500e+02
4.305462111502839306e+00 9.200775756835937500e+02
4.308896863885370188e+00 9.221948852539062500e+02
4.312331616267901069e+00 9.187816162109375000e+02
4.315766368650432838e+00 9.153710937500000000e+02
4.319201121032963719e+00 9.118371582031250000e+02
4.322635873415494601e+00 9.108266601562500000e+02
4.326070625798026370e+00 9.094996337890625000e+02
4.329505378180557251e+00 9.092648925781250000e+02
4.332940130563089021e+00 9.114473266601562500e+02
4.336374882945619014e+00 9.044855957031250000e+02
4.339809635328150783e+00 8.987885742187500000e+02
4.343244387710681664e+00 8.935501708984375000e+02
4.346679140093213434e+00 8.959284667968750000e+02
4.350113892475744315e+00 9.010148925781250000e+02
4.353548644858276084e+00 9.078508911132812500e+02
4.356983397240806966e+00 9.048793334960937500e+02
4.360418149623338735e+00 9.061311645507812500e+02
4.363852902005868728e+00 9.095725097656250000e+02
4.367287654388400497e+00 9.125521240234375000e+02
4.370722406770931379e+00 8.984100341796875000e+02
4.374157159153463148e+00 8.915672607421875000e+02
4.377591911535994029e+00 8.910794677734375000e+02
4.381026663918525799e+00 8.977263183593750000e+02
4.384461416301056680e+00 8.986250000000000000e+02
4.387896168683587561e+00 8.983536376953125000e+02
4.391330921066118442e+00 8.942485351562500000e+02
4.394765673448649324e+00 8.932941894531250000e+02
4.398200425831181093e+00 8.971195068359375000e+02
4.401635178213711974e+00 8.946064453125000000e+02
4.405069930596243744e+00 8.887212524414062500e+02
4.408504682978774625e+00 8.859624633789062500e+02
4.411939435361305506e+00 8.946732788085937500e+02
4.415374187743836387e+00 9.001437988281250000e+02
4.418808940126368157e+00 8.909489746093750000e+02
4.422243692508899038e+00 8.863964233398437500e+02
4.425678444891430807e+00 8.824301147460937500e+02
4.429113197273961688e+00 8.839649047851562500e+02
4.432547949656493458e+00 8.937881469726562500e+02
4.435982702039023451e+00 8.947399291992187500e+02
4.439417454421555220e+00 8.961976928710937500e+02
4.442852206804086101e+00 8.894724731445312500e+02
4.446286959186617871e+00 8.894185180664062500e+02
4.449721711569148752e+00 8.815676269531250000e+02
4.453156463951680522e+00 8.788704833984375000e+02
4.456591216334211403e+00 8.765671997070312500e+02
4.460025968716742284e+00 8.807067260742187500e+02
4.463460721099273165e+00 8.820039062500000000e+02
4.466895473481804935e+00 8.799860229492187500e+02
4.470330225864335816e+00 8.842865600585937500e+02
4.473764978246866697e+00 8.807611694335937500e+02
4.477199730629398466e+00 8.806295776367187500e+02
4.480634483011929348e+00 8.794980468750000000e+02
4.484069235394461117e+00 8.816154174804687500e+02
4.487503987776991110e+00 8.801339721679687500e+02
4.490938740159522879e+00 8.730683593750000000e+02
4.494373492542053761e+00 8.739094238281250000e+02
4.497808244924585530e+00 8.793041992187500000e+02
4.501242997307116411e+00 8.834296264648437500e+02
4.504677749689648181e+00 8.770939331054687500e+02
4.508112502072179062e+00 8.681483154296875000e+02
4.511547254454709943e+00 8.610103149414062500e+02
4.514982006837240824e+00 8.607653808593750000e+02
4.518416759219772594e+00 8.630815429687500000e+02
4.521851511602303475e+00 8.719705810546875000e+02
4.525286263984835244e+00 8.804973754882812500e+02
4.528721016367366126e+00 8.774981079101562500e+02
4.532155768749897895e+00 8.688912353515625000e+02
4.535590521132428776e+00 8.596950073242187500e+02
4.539025273514959657e+00 8.597713012695312500e+02
4.542460025897490539e+00 8.666946411132812500e+02
4.545894778280021420e+00 8.733892822265625000e+02
4.549329530662553189e+00 8.812349243164062500e+02
4.552764283045084071e+00 8.796534423828125000e+02
4.556199035427615840e+00 8.764083251953125000e+02
4.559633787810146721e+00 8.702383422851562500e+02
4.563068540192677602e+00 8.719641113281250000e+02
4.566503292575208484e+00 8.802348022460937500e+02
4.569938044957740253e+00 8.776160888671875000e+02
4.573372797340271134e+00 8.748815917968750000e+02
4.576807549722802904e+00 8.677834472656250000e+02
4.580242302105333785e+00 8.619528198242187500e+02
4.583677054487865554e+00 8.638382568359375000e+02
4.587111806870395547e+00 8.688911132812500000e+02
4.590546559252927317e+00 8.708219604492187500e+02
4.593981311635458198e+00 8.733571777343750000e+02
4.597416064017989967e+00 8.843398437500000000e+02
4.600850816400520849e+00 8.810175781250000000e+02
4.604285568783052618e+00 8.786165771484375000e+02
4.607720321165583499e+00 8.724671020507812500e+02
4.611155073548115269e+00 8.712602539062500000e+02
4.614589825930645262e+00 8.597209472656250000e+02
4.618024578313177031e+00 8.583966674804687500e+02
4.621459330695707912e+00 8.645921630859375000e+02
4.624894083078238793e+00 8.702018432617187500e+02
4.628328835460770563e+00 8.657868652343750000e+02
4.631763587843301444e+00 8.610491943359375000e+02
4.635198340225833213e+00 8.622950439453125000e+02
4.638633092608363206e+00 8.674475708007812500e+02
4.642067844990894976e+00 8.713054199218750000e+02
4.645502597373425857e+00 8.636015625000000000e+02
4.648937349755957626e+00 8.642896728515625000e+02
4.652372102138488508e+00 8.581181030273437500e+02
4.655806854521020277e+00 8.614478759765625000e+02
4.659241606903551158e+00 8.638630371093750000e+02
4.662676359286082040e+00 8.758692016601562500e+02
4.666111111668612921e+00 8.801539306640625000e+02
4.669545864051144690e+00 8.855489501953125000e+02
4.672980616433675571e+00 8.927107543945312500e+02
4.676415368816207341e+00 8.922211303710937500e+02
4.679850121198738222e+00 8.931641845703125000e+02
4.683284873581269991e+00 8.879255981445312500e+02
4.686719625963800873e+00 8.889946899414062500e+02
4.690154378346331754e+00 8.870031738281250000e+02
4.693589130728862635e+00 8.969098510742187500e+02
4.697023883111393516e+00 8.967571411132812500e+02
4.700458635493925286e+00 8.983941040039062500e+02
4.703893387876456167e+00 8.956553955078125000e+02
4.707328140258987936e+00 9.055156860351562500e+02
4.710762892641518818e+00 9.064763183593750000e+02
4.714197645024049699e+00 9.223235473632812500e+02
4.717632397406580580e+00 9.350656738281250000e+02
4.721067149789112349e+00 9.378187255859375000e+02
4.724501902171643231e+00 9.320484619140625000e+02
4.727936654554175000e+00 9.414325561523437500e+02
4.731371406936705881e+00 9.641940917968750000e+02
4.734806159319237651e+00 9.862965087890625000e+02
4.738240911701767644e+00 1.005314880371093750e+03
4.741675664084299413e+00 1.043822753906250000e+03
4.745110416466830294e+00 1.128530151367187500e+03
4.748545168849362064e+00 1.292832031250000000e+03
4.751979921231892945e+00 1.634322387695312500e+03
4.755414673614424714e+00 2.345846191406250000e+03
4.758849425996955596e+00 4.033741699218750000e+03
4.762284178379487365e+00 6.145411621093750000e+03
4.765718930762017358e+00 7.994934570312500000e+03
4.769153683144549127e+00 8.533114257812500000e+03
4.772588435527080009e+00 7.502756835937500000e+03
4.776023187909610890e+00 5.434900878906250000e+03
4.779457940292142659e+00 3.332483154296875000e+03
4.782892692674673540e+00 2.138720458984375000e+03
4.786327445057205310e+00 1.501169433593750000e+03
4.789762197439735303e+00 1.224555664062500000e+03
4.793196949822267072e+00 1.105786621093750000e+03
4.796631702204797953e+00 1.047958251953125000e+03
4.800066454587329723e+00 1.005553833007812500e+03
4.803501206969860604e+00 9.796220092773437500e+02
4.806935959352392373e+00 9.663870239257812500e+02
4.810370711734923255e+00 9.564215698242187500e+02
4.813805464117454136e+00 9.443903198242187500e+02
4.817240216499985017e+00 9.313455200195312500e+02
4.820674968882516787e+00 9.270811767578125000e+02
4.824109721265047668e+00 9.204490356445312500e+02
4.827544473647579437e+00 9.122250366210937500e+02
4.830979226030110318e+00 9.087374877929687500e+02
4.834413978412642088e+00 9.139563598632812500e+02
4.837848730795172969e+00 9.125703125000000000e+02
4.841283483177703850e+00 9.123084106445312500e+02
4.844718235560234731e+00 9.099464721679687500e+02
4.848152987942766501e+00 9.094238281250000000e+02
4.851587740325297382e+00 9.144771728515625000e+02
4.855022492707828263e+00 9.129029541015625000e+02
4.858457245090360033e+00 9.083457641601562500e+02
4.861891997472890914e+00 8.972346191406250000e+02
4.865326749855421795e+00 8.945402221679687500e+02
4.868761502237952676e+00 8.939157714843750000e+02
4.872196254620484446e+00 8.977600097656250000e+02
4.875631007003015327e+00 8.996704101562500000e+02
4.879065759385547096e+00 9.056853637695312500e+02
4.882500511768077978e+00 9.096256713867187500e+02
4.885935264150609747e+00 9.066323242187500000e+02
4.889370016533139740e+00 9.014058837890625000e+02
4.892804768915671509e+00 9.025841674804687500e+02
4.896239521298202391e+00 9.131247558593750000e+02
4.899674273680734160e+00 9.073155517578125000e+02
4.903109026063265041e+00 9.005952758789062500e+02
4.906543778445796811e+00 8.925781250000000000e+02
4.909978530828327692e+00 8.995807495117187500e+02
4.913413283210858573e+00 8.944863281250000000e+02
4.916848035593389454e+00 8.962183227539062500e+02
4.920282787975921224e+00 8.939133300781250000e+02
4.923717540358452105e+00 8.984616699218750000e+02
4.927152292740982986e+00 8.984820556640625000e+02
4.930587045123514756e+00 9.048670043945312500e+02
4.934021797506045637e+00 9.102511596679687500e+02
4.937456549888577406e+00 9.161318969726562500e+02
4.940891302271107399e+00 9.209446411132812500e+02
4.944326054653639169e+00 9.264787597656250000e+02
4.947760807036170050e+00 9.332713623046875000e+02
4.951195559418701819e+00 9.339384765625000000e+02
4.954630311801232700e+00 9.354274291992187500e+02
4.958065064183764470e+00 9.345424194335937500e+02
4.961499816566295351e+00 9.397693481445312500e+02
4.964934568948826232e+00 9.329566650390625000e+02
4.968369321331357114e+00 9.418855590820312500e+02
4.971804073713888883e+00 9.599721679687500000e+02
4.975238826096419764e+00 9.780375976562500000e+02
4.978673578478951534e+00 9.812597656250000000e+02
4.982108330861482415e+00 9.797371215820312500e+02
4.985543083244014184e+00 9.860361328125000000e+02
4.988977835626544177e+00 1.000523376464843750e+03
4.992412588009075947e+00 1.015169921875000000e+03
4.995847340391606828e+00 1.025365356445312500e+03
4.999282092774138597e+00 1.037847290039062500e+03
5.002716845156669478e+00 1.043720336914062500e+03
5.006151597539200360e+00 1.064815917968750000e+03
5.009586349921732129e+00 1.090669677734375000e+03
5.013021102304263010e+00 1.128857910156250000e+03
5.016455854686793892e+00 1.162713745117187500e+03
5.019890607069324773e+00 1.204041015625000000e+03
5.023325359451856542e+00 1.260692260742187500e+03
5.026760111834387423e+00 1.349558715820312500e+03
5.030194864216919193e+00 1.490823242187500000e+03
5.033629616599450074e+00 1.739413208007812500e+03
5.037064368981981843e+00 2.239906005859375000e+03
5.040499121364511836e+00 3.255894775390625000e+03
5.043933873747043606e+00 5.746501953125000000e+03
5.047368626129574487e+00 1.027829882812500000e+04
5.050803378512106256e+00 1.814413281250000000e+04
5.054238130894637138e+00 2.837657617187500000e+04
5.057672883277168907e+00 3.480535156250000000e+04
5.061107635659699788e+00 3.301183203125000000e+04
5.064542388042230669e+00 2.446544921875000000e+04
5.067977140424761551e+00 1.512461425781250000e+04
5.071411892807293320e+00 8.099353027343750000e+03
5.074846645189824201e+00 4.269310058593750000e+03
5.078281397572355083e+00 2.689850585937500000e+03
5.081716149954886852e+00 1.972799926757812500e+03
5.085150902337417733e+00 1.622465942382812500e+03
5.088585654719949503e+00 1.434410766601562500e+03
5.092020407102479496e+00 1.329298339843750000e+03
5.095455159485011265e+00 1.260523681640625000e+03
5.098889911867542146e+00 1.209676513671875000e+03
5.102324664250073916e+00 1.167425903320312500e+03
5.105759416632604797e+00 1.137992065429687500e+03
5.109194169015136566e+00 1.120116699218750000e+03
5.112628921397667447e+00 1.103123779296875000e+03
5.116063673780198329e+00 1.079028198242187500e+03
5.119498426162729210e+00 1.057795776367187500e+03
5.122933178545260979e+00 1.038705200195312500e+03
5.126367930927791861e+00 1.025718750000000000e+03
5.129802683310323630e+00 1.009682739257812500e+03
5.133237435692854511e+00 1.000543945312500000e+03
5.136672188075386281e+00 9.862567749023437500e+02
5.140106940457916274e+00 9.764557495117187500e+02
5.143541692840448043e+00 9.771574096679687500e+02
5.146976445222978924e+00 9.763818359375000000e+02
5.150411197605510694e+00 9.648337402343750000e+02
5.153845949988041575e+00 9.508764038085937500e+02
5.157280702370572456e+00 9.470316162109375000e+02
5.160715454753104225e+00 9.399671020507812500e+02
5.164150207135635107e+00 9.255098876953125000e+02
5.167584959518165988e+00 9.151586914062500000e+02
5.171019711900696869e+00 9.200926513671875000e+02
5.174454464283228639e+00 9.246270751953125000e+02
5.177889216665759520e+00 9.232132568359375000e+02
5.181323969048291289e+00 9.194254150390625000e+02
5.184758721430822170e+00 9.212910766601562500e+02
5.188193473813353940e+00 9.187645263671875000e+02
5.191628226195883933e+00 9.132095947265625000e+02
5.195062978578415702e+00 9.048468627929687500e+02
5.198497730960946583e+00 9.016382446289062500e+02
5.201932483343478353e+00 8.987758178710937500e+02
5.205367235726009234e+00 8.988211059570312500e+02
5.208801988108541003e+00 9.050269165039062500e+02
5.212236740491071885e+00 9.059678955078125000e+02
5.215671492873602766e+00 9.137943725585937500e+02
5.219106245256133647e+00 9.119291992187500000e+02
5.222540997638665417e+00 9.062337646484375000e+02
5.225975750021196298e+00 9.001373901367187500e+02
5.229410502403727179e+00 9.086806030273437500e+02
5.232845254786258948e+00 9.168402709960937500e+02
5.236280007168789830e+00 9.183701171875000000e+02
5.239714759551321599e+00 9.154782714843750000e+02
5.243149511933851592e+00 9.169037475585937500e+02
5.246584264316383361e+00 9.202156982421875000e+02
5.250019016698914243e+00 9.242070922851562500e+02
5.253453769081446012e+00 9.349462280273437500e+02
5.256888521463976893e+00 9.468656005859375000e+02
5.260323273846508663e+00 9.561719360351562500e+02
5.263758026229039544e+00 9.632631835937500000e+02
5.267192778611570425e+00 9.635858764648437500e+02
5.270627530994101306e+00 9.669750366210937500e+02
5.274062283376633076e+00 9.688986816406250000e+02
5.277497035759163957e+00 9.772602539062500000e+02
5.280931788141695726e+00 9.932828979492187500e+02
5.284366540524226608e+00 1.013659606933593750e+03
5.287801292906758377e+00 1.031157226562500000e+03
5.291236045289288370e+00 1.046771362304687500e+03
5.294670797671820139e+00 1.081511474609375000e+03
5.298105550054351021e+00 1.130414306640625000e+03
5.301540302436882790e+00 1.194534179687500000e+03
5.304975054819413671e+00 1.288371337890625000e+03
5.308409807201944552e+00 1.476742797851562500e+03
5.311844559584476322e+00 1.845510620117187500e+03
5.315279311967006315e+00 2.661001220703125000e+03
5.318714064349538084e+00 4.444741699218750000e+03
5.322148816732068966e+00 8.016102539062500000e+03
5.325583569114600735e+00 1.432140332031250000e+04
5.329018321497131616e+00 2.104922265625000000e+04
5.332453073879663386e+00 2.479854101562500000e+04
5.335887826262194267e+00 2.232741992187500000e+04
5.339322578644726036e+00 1.595778417968750000e+04
5.342757331027256029e+00 9.467313476562500000e+03
5.346192083409787799e+00 5.170645507812500000e+03
5.349626835792318680e+00 2.912804199218750000e+03
5.353061588174850449e+00 1.978912475585937500e+03
5.356496340557381330e+00 1.534098754882812500e+03
5.359931092939913100e+00 1.329894165039062500e+03
5.363365845322443981e+00 1.220924682617187500e+03
5.366800597704974862e+00 1.157387939453125000e+03
5.370235350087505743e+00 1.112479492187500000e+03
5.373670102470037513e+00 1.084405883789062500e+03
5.377104854852568394e+00 1.059849487304687500e+03
5.380539607235100164e+00 1.045152587890625000e+03
5.383974359617631045e+00 1.030348999023437500e+03
5.387409112000161926e+00 1.014336608886718750e+03
5.390843864382692807e+00 9.927793579101562500e+02
5.394278616765223688e+00 9.741224365234375000e+02
5.397713369147755458e+00 9.620431518554687500e+02
5.401148121530286339e+00 9.564624023437500000e+02
5.404582873912818108e+00 9.512556152343750000e+02
5.408017626295348990e+00 9.394592895507812500e+02
5.411452378677880759e+00 9.303905029296875000e+02
5.414887131060411640e+00 9.249237670898437500e+02
5.418321883442942521e+00 9.233453979492187500e+02
5.421756635825473403e+00 9.204589233398437500e+02
5.425191388208005172e+00 9.187823486328125000e+02
5.428626140590536053e+00 9.106608276367187500e+02
5.432060892973067823e+00 9.045064697265625000e+02
5.435495645355598704e+00 8.979400634765625000e+02
5.438930397738130473e+00 8.988321533203125000e+02
5.442365150120660466e+00 8.965689697265625000e+02
5.445799902503192236e+00 8.961947631835937500e+02
5.449234654885723117e+00 8.910506591796875000e+02
5.452669407268254886e+00 8.897369995117187500e+02
5.456104159650785768e+00 8.864761352539062500e+02
5.459538912033316649e+00 8.835953979492187500e+02
5.462973664415848418e+00 8.759551391601562500e+02
5.466408416798379299e+00 8.681765136718750000e+02
5.469843169180910181e+00 8.612784423828125000e+02
5.473277921563441062e+00 8.655516967773437500e+02
5.476712673945972831e+00 8.714731445312500000e+02
5.480147426328503713e+00 8.765595703125000000e+02
5.483582178711035482e+00 8.728034667968750000e+02
5.487016931093566363e+00 8.758810424804687500e+02
5.490451683476098133e+00 8.978202514648437500e+02
5.493886435858628126e+00 9.003804321289062500e+02
5.497321188241159895e+00 8.896148071289062500e+02
5.500755940623690776e+00 8.694679565429687500e+02
5.504190693006222546e+00 8.676696166992187500e+02
5.507625445388753427e+00 8.718524780273437500e+02
5.511060197771285196e+00 8.783718261718750000e+02
5.514494950153816077e+00 8.819714965820312500e+02
5.517929702536346959e+00 8.844656982421875000e+02
5.521364454918877840e+00 8.882246093750000000e+02
5.524799207301409609e+00 8.968829345703125000e+02
5.528233959683940490e+00 9.042999877929687500e+02
5.531668712066472260e+00 9.109849853515625000e+02
5.535103464449003141e+00 9.163731079101562500e+02
5.538538216831534022e+00 9.219913940429687500e+02
5.541972969214064904e+00 9.273626708984375000e+02
5.545407721596595785e+00 9.387437133789062500e+02
5.548842473979127554e+00 9.493366088867187500e+02
5.552277226361658435e+00 9.714481811523437500e+02
5.555711978744190205e+00 9.933605346679687500e+02
5.559146731126721086e+00 1.021915222167968750e+03
5.562581483509252855e+00 1.068233520507812500e+03
5.566016235891783737e+00 1.149956420898437500e+03
5.569450988274314618e+00 1.301806640625000000e+03
5.572885740656845499e+00 1.596869628906250000e+03
5.576320493039377268e+00 2.258280517578125000e+03
5.579755245421908150e+00 3.712333496093750000e+03
5.583189997804439919e+00 6.302800781250000000e+03
5.586624750186970800e+00 1.048945996093750000e+04
5.590059502569502570e+00 1.438611035156250000e+04
5.593494254952032563e+00 1.567609765625000000e+04
5.596929007334564332e+00 1.323285937500000000e+04
5.600363759717095213e+00 9.063781250000000000e+03
5.603798512099626983e+00 5.489738769531250000e+03
5.607233264482157864e+00 3.052885498046875000e+03
5.610668016864688745e+00 1.941762817382812500e+03
5.614102769247220515e+00 1.455664794921875000e+03
5.617537521629751396e+00 1.231390747070312500e+03
5.620972274012282277e+00 1.114790771484375000e+03
5.624407026394813158e+00 1.049267944335937500e+03
5.627841778777344928e+00 1.008590515136718750e+03
5.631276531159875809e+00 9.869096069335937500e+02
5.634711283542407578e+00 9.641260986328125000e+02
5.638146035924938460e+00 9.499276733398437500e+02
5.641580788307470229e+00 9.314257812500000000e+02
5.645015540690000222e+00 9.241339111328125000e+02
5.648450293072531991e+00 9.155800170898437500e+02
5.651885045455062873e+00 9.101091918945312500e+02
5.655319797837594642e+00 9.020307006835937500e+02
5.658754550220125523e+00 8.980404052734375000e+02
5.662189302602657293e+00 8.998373413085937500e+02
5.665624054985188174e+00 8.947444458007812500e+02
5.669058807367719055e+00 8.858767700195312500e+02
5.672493559750249936e+00 8.781372680664062500e+02
5.675928312132781706e+00 8.697084960937500000e+02
5.679363064515312587e+00 8.629260253906250000e+02
5.682797816897844356e+00 8.556315917968750000e+02
5.686232569280375237e+00 8.633537597656250000e+02
5.689667321662906119e+00 8.618249511718750000e+02
5.693102074045437000e+00 8.618775024414062500e+02
5.696536826427967881e+00 8.544575195312500000e+02
5.699971578810499651e+00 8.535354614257812500e+02
5.703406331193030532e+00 8.442495727539062500e+02
5.706841083575562301e+00 8.415607299804687500e+02
5.710275835958093182e+00 8.468641967773437500e+02
5.713710588340624952e+00 8.527429199218750000e+02
5.717145340723154945e+00 8.535927734375000000e+02
5.720580093105686714e+00 8.483654785156250000e+02
5.724014845488217595e+00 8.448162231445312500e+02
5.727449597870749365e+00 8.410467529296875000e+02
5.730884350253280246e+00 8.357932128906250000e+02
5.734319102635812015e+00 8.287210693359375000e+02
5.737753855018342897e+00 8.250847167968750000e+02
5.741188607400874666e+00 8.217542114257812500e+02
5.744623359783404659e+00 8.208657836914062500e+02
5.748058112165936429e+00 8.209442749023437500e+02
5.751492864548467310e+00 8.269757080078125000e+02
5.754927616930999079e+00 8.279028930664062500e+02
5.758362369313529960e+00 8.259085083007812500e+02
5.761797121696060842e+00 8.184013671875000000e+02
5.765231874078592611e+00 8.237515258789062500e+02
5.768666626461123492e+00 8.299343872070312500e+02
5.772101378843654373e+00 8.346729125976562500e+02
5.775536131226185255e+00 8.333555908203125000e+02
5.778970883608717024e+00 8.301928100585937500e+02
5.782405635991247905e+00 8.289023437500000000e+02
5.785840388373779675e+00 8.308328857421875000e+02
5.789275140756310556e+00 8.377864990234375000e+02
5.792709893138841437e+00 8.438507690429687500e+02
5.796144645521372318e+00 8.421690673828125000e+02
5.799579397903904088e+00 8.450078735351562500e+02
5.803014150286434969e+00 8.423676757812500000e+02
5.806448902668966738e+00 8.424467773437500000e+02
5.809883655051497620e+00 8.441937866210937500e+02
5.813318407434029389e+00 8.557701416015625000e+02
5.816753159816560270e+00 8.635769042968750000e+02
5.820187912199091151e+00 8.831002197265625000e+02
5.823622664581622033e+00 9.359668579101562500e+02
5.827057416964153802e+00 1.046483276367187500e+03
5.830492169346684683e+00 1.280752197265625000e+03
5.833926921729216453e+00 1.679225830078125000e+03
5.837361674111747334e+00 2.292773193359375000e+03
5.840796426494278215e+00 2.838761230468750000e+03
5.844231178876809096e+00 3.019023437500000000e+03
5.847665931259339978e+00 2.573898925781250000e+03
5.851100683641871747e+00 1.918261108398437500e+03
5.854535436024402628e+00 1.338317993164062500e+03
5.857970188406934398e+00 1.064498779296875000e+03
5.861404940789465279e+00 9.420941162109375000e+02
5.864839693171997048e+00 8.976702270507812500e+02
5.868274445554527041e+00 8.718118896484375000e+02
5.871709197937058811e+00 8.558709106445312500e+02
5.875143950319589692e+00 8.436882934570312500e+02
5.878578702702121461e+00 8.409570922851562500e+02
5.882013455084652342e+00 8.357741088867187500e+02
5.885448207467184112e+00 8.326846923828125000e+02
5.888882959849714993e+00 8.278136596679687500e+02
5.892317712232246762e+00 8.269141845703125000e+02
5.895752464614776756e+00 8.265760498046875000e+02
5.899187216997308525e+00 8.321879882812500000e+02
5.902621969379839406e+00 8.333657226562500000e+02
5.906056721762371176e+00 8.268432617187500000e+02
5.909491474144902057e+00 8.151890869140625000e+02
5.912926226527432938e+00 8.080050659179687500e+02
5.916360978909964707e+00 8.074877929687500000e+02
5.919795731292495589e+00 8.083398437500000000e+02
5.923230483675026470e+00 8.131271362304687500e+02
5.926665236057557351e+00 8.118655395507812500e+02
5.930099988440089120e+00 8.146040039062500000e+02
5.933534740822620002e+00 8.192743530273437500e+02
5.936969493205151771e+00 8.247203369140625000e+02
5.940404245587682652e+00 8.226855468750000000e+02
5.943838997970213534e+00 8.204786987304687500e+02
5.947273750352744415e+00 8.189505615234375000e+02
5.950708502735276184e+00 8.173541259765625000e+02
5.954143255117807065e+00 8.084390869140625000e+02
5.957578007500338835e+00 8.115778808593750000e+02
5.961012759882869716e+00 8.155363159179687500e+02
5.964447512265401485e+00 8.255728759765625000e+02
5.967882264647932367e+00 8.302799682617187500e+02
5.971317017030463248e+00 8.315922851562500000e+02
5.974751769412994129e+00 8.305150756835937500e+02
5.978186521795525898e+00 8.346044311523437500e+02
5.981621274178056780e+00 8.400867919921875000e+02
5.985056026560588549e+00 8.410501708984375000e+02
5.988490778943119430e+00 8.379965820312500000e+02
5.991925531325650311e+00 8.406878662109375000e+02
5.995360283708181193e+00 8.414643554687500000e+02
5.998795036090712074e+00 8.351461791992187500e+02
6.002229788473243843e+00 8.315932006835937500e+02
6.005664540855774725e+00 8.380712280273437500e+02
6.009099293238306494e+00 8.468007812500000000e+02
6.012534045620837375e+00 8.511275634765625000e+02
6.015968798003369145e+00 8.513853149414062500e+02
6.019403550385899138e+00 8.533582763671875000e+02
6.022838302768430907e+00 8.594639282226562500e+02
6.026273055150961788e+00 8.687343750000000000e+02
6.029707807533493558e+00 8.709776611328125000e+02
6.033142559916024439e+00 8.744777832031250000e+02
6.036577312298556208e+00 8.753919677734375000e+02
6.040012064681087089e+00 8.863621826171875000e+02
6.043446817063618859e+00 8.973034057617187500e+02
6.046881569446148852e+00 9.188730468750000000e+02
6.050316321828680621e+00 9.400414428710937500e+02
6.053751074211211503e+00 9.790167236328125000e+02
6.057185826593743272e+00 1.046599365234375000e+03
6.060620578976274153e+00 1.180355468750000000e+03
6.064055331358805923e+00 1.458166748046875000e+03
6.067490083741336804e+00 2.059052978515625000e+03
6.070924836123867685e+00 3.286051269531250000e+03
6.074359588506398566e+00 5.239928222656250000e+03
6.077794340888929447e+00 7.340312011718750000e+03
6.081229093271461217e+00 8.469190429687500000e+03
6.084663845653992098e+00 7.938363281250000000e+03
6.088098598036523867e+00 6.053002929687500000e+03
6.091533350419054749e+00 3.864616210937500000e+03
6.094968102801585630e+00 2.276016113281250000e+03
6.098402855184116511e+00 1.533197021484375000e+03
6.101837607566648281e+00 1.214337890625000000e+03
6.105272359949179162e+00 1.068894775390625000e+03
6.108707112331710931e+00 9.947986450195312500e+02
6.112141864714241812e+00 9.551085815429687500e+02
6.115576617096773582e+00 9.308590698242187500e+02
6.119011369479304463e+00 9.153165893554687500e+02
6.122446121861835344e+00 9.080960083007812500e+02
6.125880874244366225e+00 8.999443969726562500e+02
6.129315626626897995e+00 8.881494140625000000e+02
6.132750379009428876e+00 8.797702026367187500e+02
6.136185131391960645e+00 8.741722412109375000e+02
6.139619883774491527e+00 8.733872680664062500e+02
6.143054636157022408e+00 8.706233520507812500e+02
6.146489388539553289e+00 8.738596801757812500e+02
6.149924140922085058e+00 8.666837768554687500e+02
6.153358893304615940e+00 8.596317138671875000e+02
6.156793645687146821e+00 8.563471679687500000e+02
6.160228398069678590e+00 8.593456420898437500e+02
6.163663150452209472e+00 8.579299316406250000e+02
6.167097902834741241e+00 8.564043579101562500e+02
6.170532655217271234e+00 8.511354370117187500e+02
6.173967407599803003e+00 8.490233764648437500e+02
6.177402159982333885e+00 8.502233886718750000e+02
6.180836912364865654e+00 8.539334716796875000e+02
6.184271664747396535e+00 8.541273803710937500e+02
6.187706417129928305e+00 8.530621948242187500e+02
6.191141169512459186e+00 8.562439575195312500e+02
6.194575921894990067e+00 8.541080322265625000e+02
6.198010674277520948e+00 8.529448242187500000e+02
6.201445426660052718e+00 8.507265014648437500e+02
6.204880179042583599e+00 8.549987182617187500e+02
6.208314931425115368e+00 8.556505737304687500e+02
6.211749683807646250e+00 8.548327026367187500e+02
6.215184436190178019e+00 8.590704956054687500e+02
6.218619188572708900e+00 8.653323974609375000e+02
6.222053940955239781e+00 8.720087890625000000e+02
6.225488693337770663e+00 8.722039794921875000e+02
6.228923445720301544e+00 8.770349121093750000e+02
6.232358198102833313e+00 8.781571044921875000e+02
6.235792950485364194e+00 8.871602783203125000e+02
6.239227702867895964e+00 8.878944091796875000e+02
6.242662455250426845e+00 8.974383544921875000e+02
6.246097207632957726e+00 9.049611816406250000e+02
6.249531960015488607e+00 9.195167846679687500e+02
6.252966712398020377e+00 9.271217041015625000e+02
6.256401464780551258e+00 9.333754272460937500e+02
6.259836217163083028e+00 9.379066162109375000e+02
6.263270969545613909e+00 9.563366699218750000e+02
6.266705721928145678e+00 9.782147216796875000e+02
6.270140474310675671e+00 9.964143676757812500e+02
6.273575226693207441e+00 1.018899963378906250e+03
6.277009979075738322e+00 1.052068847656250000e+03
6.280444731458270091e+00 1.113785034179687500e+03
6.283879483840800972e+00 1.203489501953125000e+03
6.287314236223332742e+00 1.356987915039062500e+03
6.290748988605863623e+00 1.655384765625000000e+03
6.294183740988394504e+00 2.309655517578125000e+03
6.297618493370925385e+00 3.695813964843750000e+03
6.301053245753457155e+00 6.449829589843750000e+03
6.304487998135988036e+00 1.082482324218750000e+04
6.307922750518518917e+00 1.600485937500000000e+04
6.311357502901050687e+00 1.892201171875000000e+04
6.314792255283581568e+00 1.830550976562500000e+04
6.318227007666113337e+00 1.346142089843750000e+04
6.321661760048643330e+00 8.169882324218750000e+03
6.325096512431175100e+00 4.212867187500000000e+03
6.328531264813705981e+00 2.523783691406250000e+03
6.331966017196237750e+00 1.758332153320312500e+03
6.335400769578768632e+00 1.412847656250000000e+03
6.338835521961300401e+00 1.246026489257812500e+03
6.342270274343831282e+00 1.145901367187500000e+03
6.345705026726362163e+00 1.083528564453125000e+03
6.349139779108893045e+00 1.042571655273437500e+03
6.352574531491424814e+00 1.011673950195312500e+03
6.356009283873955695e+00 9.863941650390625000e+02
6.359444036256487465e+00 9.701726074218750000e+02
6.362878788639018346e+00 9.596349487304687500e+02
6.366313541021550115e+00 9.512446899414062500e+02
6.369748293404080997e+00 9.412387695312500000e+02
6.373183045786611878e+00 9.263458862304687500e+02
6.376617798169142759e+00 9.190300292968750000e+02
6.380052550551673640e+00 9.153326416015625000e+02
6.383487302934205410e+00 9.150986938476562500e+02
6.386922055316736291e+00 9.033690795898437500e+02
6.390356807699268060e+00 8.924094238281250000e+02
6.393791560081798941e+00 8.834083251953125000e+02
6.397226312464329823e+00 8.817772216796875000e+02
6.400661064846860704e+00 8.754382934570312500e+02
6.404095817229392473e+00 8.659333496093750000e+02
6.407530569611923355e+00 8.574076538085937500e+02
6.410965321994455124e+00 8.556336059570312500e+02
6.414400074376986005e+00 8.591599121093750000e+02
6.417834826759517775e+00 8.581052856445312500e+02
6.421269579142047768e+00 8.535035400390625000e+02
6.424704331524579537e+00 8.480001220703125000e+02
6.428139083907110418e+00 8.421455078125000000e+02
6.431573836289642188e+00 8.441630249023437500e+02
6.435008588672173069e+00 8.421393432617187500e+02
6.438443341054704838e+00 8.404433593750000000e+02
6.441878093437235719e+00 8.378562622070312500e+02
6.445312845819766601e+00 8.353153686523437500e+02
6.448747598202297482e+00 8.324941406250000000e+02
6.452182350584829251e+00 8.364821777343750000e+02
6.455617102967360132e+00 8.422143554687500000e+02
6.459051855349891014e+00 8.456672363281250000e+02
6.462486607732422783e+00 8.422177734375000000e+02
6.465921360114953664e+00 8.336156005859375000e+02
6.469356112497485434e+00 8.257257080078125000e+02
6.472790864880015427e+00 8.255484008789062500e+02
6.476225617262547196e+00 8.213493041992187500e+02
6.479660369645078077e+00 8.196119384765625000e+02
6.483095122027609847e+00 8.146488647460937500e+02
6.486529874410140728e+00 8.142971191406250000e+02
6.489964626792672497e+00 8.121359863281250000e+02
6.493399379175203379e+00 8.153980712890625000e+02
6.496834131557734260e+00 8.185620117187500000e+02
6.500268883940265141e+00 8.197382812500000000e+02
6.503703636322796910e+00 8.154780883789062500e+02
6.507138388705327792e+00 8.153563232421875000e+02
6.510573141087859561e+00 8.229949340820312500e+02
6.514007893470390442e+00 8.235697021484375000e+02
6.517442645852922212e+00 8.154262695312500000e+02
6.520877398235453093e+00 8.059178466796875000e+02
6.524312150617983974e+00 8.062035522460937500e+02
6.527746903000514855e+00 8.155816040039062500e+02
6.531181655383045737e+00 8.201049194335937500e+02
6.534616407765577506e+00 8.168077392578125000e+02
6.538051160148108387e+00 8.143750000000000000e+02
6.541485912530640157e+00 8.151528320312500000e+02
6.544920664913171038e+00 8.184522094726562500e+02
6.548355417295701919e+00 8.177481689453125000e+02
6.551790169678232800e+00 8.095145263671875000e+02
6.555224922060764570e+00 8.041799316406250000e+02
6.558659674443295451e+00 8.020498657226562500e+02
6.562094426825827220e+00 8.064997558593750000e+02
6.565529179208358102e+00 8.033196411132812500e+02
6.568963931590889871e+00 8.011463012695312500e+02
6.572398683973419864e+00 7.988169555664062500e+02
6.575833436355951633e+00 7.977548828125000000e+02
6.579268188738482515e+00 7.992557983398437500e+02
6.582702941121014284e+00 8.017414550781250000e+02
6.586137693503545165e+00 8.004312744140625000e+02
6.589572445886076935e+00 8.053179321289062500e+02
6.593007198268607816e+00 8.047570800781250000e+02
6.596441950651138697e+00 8.047970581054687500e+02
6.599876703033669578e+00 8.059907226562500000e+02
6.603311455416201348e+00 8.071934204101562500e+02
6.606746207798732229e+00 8.095492553710937500e+02
6.610180960181263110e+00 8.112274169921875000e+02
6.613615712563794879e+00 8.140234985351562500e+02
6.617050464946325761e+00 8.106400756835937500e+02
6.620485217328857530e+00 8.094577026367187500e+02
6.623919969711387523e+00 8.113247680664062500e+02
6.627354722093919293e+00 8.134274291992187500e+02
6.630789474476450174e+00 8.102971801757812500e+02
6.634224226858981943e+00 8.072902832031250000e+02
6.637658979241512824e+00 7.995681762695312500e+02
6.641093731624044594e+00 7.961654052734375000e+02
6.644528484006575475e+00 7.942077026367187500e+02
6.647963236389106356e+00 8.000156250000000000e+02
6.651397988771637237e+00 8.008285522460937500e+02
6.654832741154169007e+00 8.044291381835937500e+02
6.658267493536699888e+00 8.047631225585937500e+02
6.661702245919231657e+00 8.095731811523437500e+02
6.665136998301762539e+00 8.122706298828125000e+02
6.668571750684294308e+00 8.106020507812500000e+02
6.672006503066824301e+00 8.078475341796875000e+02
6.675441255449356071e+00 8.096427612304687500e+02
6.678876007831886952e+00 8.166927490234375000e+02
6.682310760214417833e+00 8.157643432617187500e+02
6.685745512596949602e+00 8.176389770507812500e+02
6.689180264979480484e+00 8.191144409179687500e+02
6.692615017362012253e+00 8.234377441406250000e+02
6.696049769744543134e+00 8.270056152343750000e+02
6.699484522127074015e+00 8.247535400390625000e+02
6.702919274509604897e+00 8.260947875976562500e+02
6.706354026892136666e+00 8.275363159179687500e+02
6.709788779274667547e+00 8.321478271484375000e+02
6.713223531657199317e+00 8.348358154296875000e+02
6.716658284039730198e+00 8.451143798828125000e+02
6.720093036422261967e+00 8.638811645507812500e+02
6.723527788804791960e+00 8.883782958984375000e+02
6.726962541187323730e+00 9.322359619140625000e+02
6.730397293569854611e+00 1.026700683593750000e+03
6.733832045952386380e+00 1.226555664062500000e+03
6.737266798334917262e+00 1.672389038085937500e+03
6.740701550717449031e+00 2.408382080078125000e+03
6.744136303099979912e+00 3.149953857421875000e+03
6.747571055482510793e+00 3.573804931640625000e+03
6.751005807865041675e+00 3.380402587890625000e+03
6.754440560247573444e+00 2.744164306640625000e+03
6.757875312630104325e+00 1.929386962890625000e+03
6.761310065012635206e+00 1.357067626953125000e+03
6.764744817395166976e+00 1.068863891601562500e+03
6.768179569777697857e+00 9.517225952148437500e+02
6.771614322160229626e+00 8.963355102539062500e+02
6.775049074542759620e+00 8.743363647460937500e+02
6.778483826925291389e+00 8.604127807617187500e+02
6.781918579307822270e+00 8.480310058593750000e+02
6.785353331690354040e+00 8.322597656250000000e+02
6.788788084072884921e+00 8.259685668945312500e+02
6.792222836455416690e+00 8.293616943359375000e+02
6.795657588837947571e+00 8.301766967773437500e+02
6.799092341220478453e+00 8.198217163085937500e+02
6.802527093603009334e+00 8.126821289062500000e+02
6.805961845985541103e+00 8.234069213867187500e+02
6.809396598368071984e+00 8.380455932617187500e+02
6.812831350750603754e+00 8.360062255859375000e+02
6.816266103133134635e+00 8.359273681640625000e+02
6.819700855515666404e+00 8.381873779296875000e+02
6.823135607898196398e+00 8.429654541015625000e+02
6.826570360280728167e+00 8.347487792968750000e+02
6.830005112663259048e+00 8.301350097656250000e+02
6.833439865045790818e+00 8.277392578125000000e+02
6.836874617428321699e+00 8.313424682617187500e+02
6.840309369810852580e+00 8.305751953125000000e+02
6.843744122193384349e+00 8.279909057617187500e+02
6.847178874575915231e+00 8.322946777343750000e+02
6.850613626958446112e+00 8.330155639648437500e+02
6.854048379340976993e+00 8.338460083007812500e+02
6.857483131723508762e+00 8.332701416015625000e+02
6.860917884106039644e+00 8.361395263671875000e+02
6.864352636488571413e+00 8.461829223632812500e+02
6.867787388871102294e+00 8.551622314453125000e+02
6.871222141253634064e+00 8.593093872070312500e+02
6.874656893636164057e+00 8.540064697265625000e+02
6.878091646018695826e+00 8.527123413085937500e+02
6.881526398401226707e+00 8.530764160156250000e+02
6.884961150783758477e+00 8.607756347656250000e+02
6.888395903166289358e+00 8.659562377929687500e+02
6.891830655548821127e+00 8.663364257812500000e+02
6.895265407931352009e+00 8.671299438476562500e+02
6.898700160313882890e+00 8.681486816406250000e+02
6.902134912696413771e+00 8.759718017578125000e+02
6.905569665078945540e+00 8.871663208007812500e+02
6.909004417461476422e+00 9.024849853515625000e+02
6.912439169844007303e+00 9.170886840820312500e+02
6.915873922226539072e+00 9.365827026367187500e+02
6.919308674609069953e+00 9.612693481445312500e+02
6.922743426991601723e+00 9.922450561523437500e+02
6.926178179374131716e+00 1.038593750000000000e+03
6.929612931756663485e+00 1.113894775390625000e+03
6.933047684139194367e+00 1.264635009765625000e+03
6.936482436521726136e+00 1.551708374023437500e+03
6.939917188904257017e+00 2.196731201171875000e+03
6.943351941286788787e+00 3.532988769531250000e+03
6.946786693669319668e+00 5.765242187500000000e+03
6.950221446051850549e+00 9.135105468750000000e+03
6.953656198434381430e+00 1.195687207031250000e+04
6.957090950816913200e+00 1.284144238281250000e+04
6.960525703199444081e+00 1.074448535156250000e+04
6.963960455581975850e+00 7.335307617187500000e+03
6.967395207964506731e+00 4.327933105468750000e+03
6.970829960347038501e+00 2.553740966796875000e+03
6.974264712729568494e+00 1.706072021484375000e+03
6.977699465112100263e+00 1.339917602539062500e+03
6.981134217494631145e+00 1.162944580078125000e+03
6.984568969877162914e+00 1.071407958984375000e+03
6.988003722259693795e+00 1.019753967285156250e+03
6.991438474642224676e+00 9.884361572265625000e+02
6.994873227024756446e+00 9.636788940429687500e+02
6.998307979407287327e+00 9.463430786132812500e+02
7.001742731789818208e+00 9.344459838867187500e+02
7.005177484172349089e+00 9.216546020507812500e+02
7.008612236554880859e+00 9.099505615234375000e+02
7.012046988937411740e+00 9.028316040039062500e+02
7.015481741319943509e+00 8.973554687500000000e+02
7.018916493702474391e+00 8.928444824218750000e+02
7.022351246085006160e+00 8.796821289062500000e+02
7.025785998467536153e+00 8.712601928710937500e+02
7.029220750850067922e+00 8.689161376953125000e+02
7.032655503232598804e+00 8.681889648437500000e+02
7.036090255615130573e+00 8.645111694335937500e+02
7.039525007997661454e+00 8.608030395507812500e+02
7.042959760380193224e+00 8.613700561523437500e+02
7.046394512762724105e+00 8.548770141601562500e+02
7.049829265145254986e+00 8.549677124023437500e+02
7.053264017527785867e+00 8.553131713867187500e+02
7.056698769910317637e+00 8.567460937500000000e+02
7.060133522292848518e+00 8.580317382812500000e+02
7.063568274675379399e+00 8.585827026367187500e+02
7.067003027057911169e+00 8.579550170898437500e+02
7.070437779440442050e+00 8.589187011718750000e+02
7.073872531822972931e+00 8.579307250976562500e+02
7.077307284205503812e+00 8.579154663085937500e+02
7.080742036588035582e+00 8.569151611328125000e+02
7.084176788970566463e+00 8.559026489257812500e+02
7.087611541353098232e+00 8.536574096679687500e+02
7.091046293735629114e+00 8.522969970703125000e+02
7.094481046118160883e+00 8.582701416015625000e+02
7.097915798500691764e+00 8.680319824218750000e+02
7.101350550883222645e+00 8.781239624023437500e+02
7.104785303265753527e+00 8.810609130859375000e+02
7.108220055648285296e+00 8.839649658203125000e+02
7.111654808030816177e+00 8.906612548828125000e+02
7.115089560413347947e+00 9.050057983398437500e+02
7.118524312795878828e+00 9.215291137695312500e+02
7.121959065178410597e+00 9.375110473632812500e+02
7.125393817560940590e+00 9.574013061523437500e+02
7.128828569943472360e+00 1.001268737792968750e+03
7.132263322326003241e+00 1.073376220703125000e+03
7.135698074708535010e+00 1.213028930664062500e+03
7.139132827091065892e+00 1.489790771484375000e+03
7.142567579473596773e+00 2.117708496093750000e+03
7.146002331856128542e+00 3.290803955078125000e+03
7.149437084238658535e+00 5.626506835937500000e+03
7.152871836621190305e+00 8.356394531250000000e+03
7.156306589003721186e+00 1.039142480468750000e+04
7.159741341386252955e+00 1.042282031250000000e+04
7.163176093768782948e+00 8.716360351562500000e+03
7.166610846151314718e+00 6.050627441406250000e+03
7.170045598533845599e+00 3.556149658203125000e+03
7.173480350916377368e+00 2.206185302734375000e+03
7.176915103298908249e+00 1.524343994140625000e+03
7.180349855681440019e+00 1.235124267578125000e+03
7.183784608063970900e+00 1.096988159179687500e+03
7.187219360446502670e+00 1.016000732421875000e+03
7.190654112829033551e+00 9.639566650390625000e+02
7.194088865211565320e+00 9.351708984375000000e+02
7.197523617594096201e+00 9.206619262695312500e+02
7.200958369976627971e+00 9.091751708984375000e+02
7.204393122359158852e+00 8.967313842773437500e+02
7.207827874741689733e+00 8.832875366210937500e+02
7.211262627124221503e+00 8.695577392578125000e+02
7.214697379506751496e+00 8.640394897460937500e+02
7.218132131889282377e+00 8.607630004882812500e+02
7.221566884271814146e+00 8.571541748046875000e+02
7.225001636654345027e+00 8.517176513671875000e+02
7.228436389036875909e+00 8.489466552734375000e+02
7.231871141419407678e+00 8.470090942382812500e+02
7.235305893801938559e+00 8.377650146484375000e+02
7.238740646184470329e+00 8.280468750000000000e+02
7.242175398567001210e+00 8.262979736328125000e+02
7.245610150949532979e+00 8.339048461914062500e+02
7.249044903332063861e+00 8.334566040039062500e+02
7.252479655714595630e+00 8.294212036132812500e+02
7.255914408097126511e+00 8.260308837890625000e+02
7.259349160479658281e+00 8.211808471679687500e+02
7.262783912862187385e+00 8.181338500976562500e+02
7.266218665244719155e+00 8.155420532226562500e+02
7.269653417627250036e+00 8.178925170898437500e+02
7.273088170009781805e+00 8.214814453125000000e+02
7.276522922392312687e+00 8.200279541015625000e+02
7.279957674774844456e+00 8.215911254882812500e+02
7.283392427157375337e+00 8.156983032226562500e+02
7.286827179539907107e+00 8.148646240234375000e+02
7.290261931922437988e+00 8.148878173828125000e+02
7.293696684304968869e+00 8.230715942382812500e+02
7.297131436687500639e+00 8.266103515625000000e+02
7.300566189070031520e+00 8.233577270507812500e+02
7.304000941452563289e+00 8.214715576171875000e+02
7.307435693835094170e+00 8.186386108398437500e+02
7.310870446217625940e+00 8.217482910156250000e+02
7.314305198600155045e+00 8.261671752929687500e+02
7.317739950982686814e+00 8.402890625000000000e+02
7.321174703365217695e+00 8.507701416015625000e+02
7.324609455747749465e+00 8.619396972656250000e+02
7.328044208130280346e+00 8.768685913085937500e+02
7.331478960512812115e+00 9.157033081054687500e+02
7.334913712895342996e+00 9.912315063476562500e+02
7.338348465277874766e+00 1.142975708007812500e+03
7.341783217660405647e+00 1.441759399414062500e+03
7.345217970042937417e+00 2.003355346679687500e+03
7.348652722425468298e+00 2.849930664062500000e+03
7.352087474808000067e+00 3.654692626953125000e+03
7.355522227190530948e+00 4.024549804687500000e+03
7.358956979573061830e+00 3.673647460937500000e+03
7.362391731955593599e+00 2.811767822265625000e+03
7.365826484338123592e+00 1.931630004882812500e+03
7.369261236720654473e+00 1.341568969726562500e+03
7.372695989103186243e+00 1.077244750976562500e+03
7.376130741485717124e+00 9.496514892578125000e+02
7.379565493868248005e+00 8.901614379882812500e+02
7.383000246250779774e+00 8.613356323242187500e+02
7.386434998633310656e+00 8.454147949218750000e+02
7.389869751015842425e+00 8.327095336914062500e+02
7.393304503398373306e+00 8.274572143554687500e+02
7.396739255780905076e+00 8.201093139648437500e+02
7.400174008163435957e+00 8.196134033203125000e+02
7.403608760545967726e+00 8.172084960937500000e+02
7.407043512928498608e+00 8.188778076171875000e+02
7.410478265311030377e+00 8.177109375000000000e+02
7.413913017693559482e+00 8.129428710937500000e+02
7.417347770076091251e+00 8.072004394531250000e+02
7.420782522458622132e+00 8.038720092773437500e+02
7.424217274841153902e+00 8.049305419921875000e+02
7.427652027223684783e+00 8.084519042968750000e+02
7.431086779606216552e+00 8.192844848632812500e+02
7.434521531988747434e+00 8.197870483398437500e+02
7.437956284371279203e+00 8.208165893554687500e+02
