# # sector 07: chi = -105.01 deg (range [-110, -100))
# # columns: 2theta(deg)  intensity
9.943608147427778210e-01 3.172054199218750000e+03
9.977955671253089243e-01 3.162878662109375000e+03
1.001230319507840250e+00 3.159030273437500000e+03
1.004665071890371353e+00 3.175793945312500000e+03
1.008099824272902678e+00 3.192659179687500000e+03
1.011534576655433781e+00 3.220118164062500000e+03
1.014969329037964885e+00 3.226467773437500000e+03
1.018404081420495988e+00 3.222427001953125000e+03
1.021838833803027313e+00 3.200235839843750000e+03
1.025273586185558417e+00 3.193103271484375000e+03
1.028708338568089520e+00 3.178761718750000000e+03
1.032143090950620845e+00 3.165104003906250000e+03
1.035577843333151948e+00 3.171343994140625000e+03
1.039012595715683274e+00 3.183407958984375000e+03
1.042447348098214377e+00 3.209023193359375000e+03
1.045882100480745702e+00 3.194549560546875000e+03
1.049316852863276806e+00 3.175632324218750000e+03
1.052751605245807909e+00 3.163474853515625000e+03
1.056186357628339012e+00 3.172154541015625000e+03
1.059621110010870337e+00 3.178598632812500000e+03
1.063055862393401441e+00 3.185783935546875000e+03
1.066490614775932544e+00 3.177631591796875000e+03
1.069925367158463869e+00 3.172023925781250000e+03
1.073360119540994972e+00 3.175103027343750000e+03
1.076794871923526298e+00 3.181259521484375000e+03
1.080229624306057401e+00 3.173465087890625000e+03
1.083664376688588726e+00 3.173873046875000000e+03
1.087099129071119830e+00 3.184167236328125000e+03
1.090533881453650933e+00 3.187968017578125000e+03
1.093968633836182036e+00 3.173617675781250000e+03
1.097403386218713361e+00 3.175538818359375000e+03
1.100838138601244465e+00 3.179545898437500000e+03
1.104272890983775568e+00 3.182905517578125000e+03
1.107707643366306893e+00 3.170987792968750000e+03
1.111142395748837997e+00 3.164053955078125000e+03
1.114577148131369322e+00 3.169088134765625000e+03
1.118011900513900425e+00 3.163781005859375000e+03
1.121446652896431750e+00 3.148393066406250000e+03
1.124881405278962854e+00 3.147353759765625000e+03
1.128316157661493957e+00 3.150859375000000000e+03
1.131750910044025060e+00 3.159921875000000000e+03
1.135185662426556386e+00 3.147784179687500000e+03
1.138620414809087489e+00 3.142774658203125000e+03
1.142055167191618592e+00 3.135624267578125000e+03
1.145489919574149917e+00 3.124968017578125000e+03
1.148924671956681021e+00 3.109208984375000000e+03
1.152359424339212346e+00 3.093816650390625000e+03
1.155794176721743449e+00 3.108206542968750000e+03
1.159228929104274775e+00 3.134883789062500000e+03
1.162663681486805878e+00 3.140768554687500000e+03
1.166098433869336981e+00 3.128167480468750000e+03
1.169533186251868084e+00 3.143061767578125000e+03
1.172967938634399410e+00 3.163488281250000000e+03
1.176402691016930513e+00 3.159265869140625000e+03
1.179837443399461616e+00 3.135792480468750000e+03
1.183272195781992941e+00 3.109806884765625000e+03
1.186706948164524045e+00 3.124885009765625000e+03
1.190141700547055370e+00 3.128513183593750000e+03
1.193576452929586473e+00 3.120198974609375000e+03
1.197011205312117799e+00 3.116215087890625000e+03
1.200445957694648902e+00 3.116066650390625000e+03
1.203880710077180005e+00 3.106730468750000000e+03
1.207315462459711108e+00 3.112773193359375000e+03
1.210750214842242434e+00 3.118715820312500000e+03
1.214184967224773537e+00 3.123473388671875000e+03
1.217619719607304640e+00 3.137181396484375000e+03
1.221054471989835966e+00 3.153903564453125000e+03
1.224489224372367069e+00 3.156311767578125000e+03
1.227923976754898394e+00 3.145620117187500000e+03
1.231358729137429497e+00 3.145898681640625000e+03
1.234793481519960823e+00 3.128769531250000000e+03
1.238228233902491926e+00 3.113301513671875000e+03
1.241662986285023029e+00 3.107121826171875000e+03
1.245097738667554133e+00 3.105336914062500000e+03
1.248532491050085236e+00 3.118489257812500000e+03
1.251967243432616561e+00 3.115649169921875000e+03
1.255401995815147664e+00 3.112635986328125000e+03
1.258836748197678990e+00 3.120936767578125000e+03
1.262271500580210093e+00 3.127104003906250000e+03
1.265706252962741418e+00 3.130874755859375000e+03
1.269141005345272522e+00 3.124374267578125000e+03
1.272575757727803847e+00 3.120346923828125000e+03
1.276010510110334950e+00 3.111131347656250000e+03
1.279445262492866053e+00 3.097522216796875000e+03
1.282880014875397157e+00 3.089072509765625000e+03
1.286314767257928260e+00 3.098642822265625000e+03
1.289749519640459585e+00 3.105448974609375000e+03
1.293184272022990688e+00 3.105356933593750000e+03
1.296619024405522014e+00 3.106230468750000000e+03
1.300053776788053117e+00 3.114735839843750000e+03
1.303488529170584442e+00 3.131831787109375000e+03
1.306923281553115546e+00 3.149924560546875000e+03
1.310358033935646871e+00 3.153624511718750000e+03
1.313792786318177974e+00 3.125704589843750000e+03
1.317227538700709077e+00 3.104151123046875000e+03
1.320662291083240181e+00 3.115566650390625000e+03
1.324097043465771284e+00 3.123768554687500000e+03
1.327531795848302609e+00 3.112209228515625000e+03
1.330966548230833713e+00 3.101727050781250000e+03
1.334401300613365038e+00 3.098189697265625000e+03
1.337836052995896141e+00 3.093711181640625000e+03
1.341270805378427466e+00 3.095131591796875000e+03
1.344705557760958570e+00 3.102228759765625000e+03
1.348140310143489895e+00 3.096940429687500000e+03
1.351575062526020998e+00 3.095431884765625000e+03
1.355009814908552102e+00 3.095934326171875000e+03
1.358444567291083205e+00 3.090639404296875000e+03
1.361879319673614308e+00 3.087809326171875000e+03
1.365314072056145633e+00 3.090007324218750000e+03
1.368748824438676737e+00 3.087257812500000000e+03
1.372183576821208062e+00 3.091838378906250000e+03
1.375618329203739165e+00 3.091584228515625000e+03
1.379053081586270491e+00 3.093758789062500000e+03
1.382487833968801594e+00 3.065288330078125000e+03
1.385922586351332919e+00 3.061511718750000000e+03
1.389357338733864022e+00 3.064420898437500000e+03
1.392792091116395126e+00 3.050694580078125000e+03
1.396226843498926229e+00 3.044995361328125000e+03
1.399661595881457332e+00 3.041704589843750000e+03
1.403096348263988657e+00 3.053215576171875000e+03
1.406531100646519761e+00 3.039645996093750000e+03
1.409965853029051086e+00 3.039206787109375000e+03
1.413400605411582189e+00 3.036340087890625000e+03
1.416835357794113515e+00 3.038910400390625000e+03
1.420270110176644618e+00 3.024964111328125000e+03
1.423704862559175943e+00 3.029051513671875000e+03
1.427139614941707046e+00 3.032054443359375000e+03
1.430574367324238150e+00 3.039735595703125000e+03
1.434009119706769253e+00 3.026848144531250000e+03
1.437443872089300356e+00 3.017309326171875000e+03
1.440878624471831682e+00 3.018058349609375000e+03
1.444313376854362785e+00 3.020838867187500000e+03
1.447748129236894110e+00 3.020606933593750000e+03
1.451182881619425213e+00 3.024500000000000000e+03
1.454617634001956539e+00 3.024797363281250000e+03
1.458052386384487642e+00 3.021657226562500000e+03
1.461487138767018967e+00 3.021643798828125000e+03
1.464921891149550071e+00 3.023762207031250000e+03
1.468356643532081174e+00 3.014395507812500000e+03
1.471791395914612277e+00 3.008085449218750000e+03
1.475226148297143380e+00 2.991756103515625000e+03
1.478660900679674706e+00 2.996079101562500000e+03
1.482095653062205809e+00 2.986432128906250000e+03
1.485530405444737134e+00 2.984722412109375000e+03
1.488965157827268238e+00 2.998877685546875000e+03
1.492399910209799563e+00 3.006269775390625000e+03
1.495834662592330666e+00 3.002585937500000000e+03
1.499269414974861991e+00 3.000558105468750000e+03
1.502704167357393095e+00 2.994295166015625000e+03
1.506138919739924198e+00 2.990357666015625000e+03
1.509573672122455301e+00 2.979230468750000000e+03
1.513008424504986404e+00 2.980031494140625000e+03
1.516443176887517730e+00 2.981497314453125000e+03
1.519877929270048833e+00 2.974930664062500000e+03
1.523312681652580158e+00 2.965029785156250000e+03
1.526747434035111262e+00 2.966180664062500000e+03
1.530182186417642587e+00 2.983572998046875000e+03
1.533616938800173690e+00 2.982584228515625000e+03
1.537051691182705015e+00 2.987394287109375000e+03
1.540486443565236119e+00 2.981043945312500000e+03
1.543921195947767222e+00 2.977208251953125000e+03
1.547355948330298325e+00 2.983458984375000000e+03
1.550790700712829429e+00 2.993512695312500000e+03
1.554225453095360754e+00 2.978198730468750000e+03
1.557660205477891857e+00 2.963516357421875000e+03
1.561094957860423182e+00 2.975709960937500000e+03
1.564529710242954286e+00 2.980555908203125000e+03
1.567964462625485611e+00 2.976648925781250000e+03
1.571399215008016714e+00 2.972004394531250000e+03
1.574833967390548040e+00 2.991656005859375000e+03
1.578268719773079143e+00 2.993603271484375000e+03
1.581703472155610246e+00 2.984484863281250000e+03
1.585138224538141349e+00 2.979010498046875000e+03
1.588572976920672453e+00 2.989384765625000000e+03
1.592007729303203778e+00 2.986751708984375000e+03
1.595442481685734881e+00 2.985441162109375000e+03
1.598877234068266207e+00 2.995195800781250000e+03
1.602311986450797310e+00 3.014204589843750000e+03
1.605746738833328635e+00 3.016296142578125000e+03
1.609181491215859738e+00 3.021474365234375000e+03
1.612616243598391064e+00 3.033260986328125000e+03
1.616050995980922167e+00 3.047416748046875000e+03
1.619485748363453270e+00 3.066164062500000000e+03
1.622920500745984373e+00 3.077709472656250000e+03
1.626355253128515477e+00 3.085872802734375000e+03
1.629790005511046802e+00 3.101753173828125000e+03
1.633224757893577905e+00 3.133142333984375000e+03
1.636659510276109231e+00 3.162775878906250000e+03
1.640094262658640334e+00 3.177920166015625000e+03
1.643529015041171659e+00 3.200614257812500000e+03
1.646963767423702762e+00 3.240911621093750000e+03
1.650398519806234088e+00 3.306322753906250000e+03
1.653833272188765191e+00 3.402121093750000000e+03
1.657268024571296294e+00 3.597120117187500000e+03
1.660702776953827398e+00 3.948995117187500000e+03
1.664137529336358501e+00 4.724735351562500000e+03
1.667572281718889826e+00 6.631289550781250000e+03
1.671007034101420929e+00 1.021851171875000000e+04
1.674441786483952255e+00 1.765164648437500000e+04
1.677876538866483358e+00 2.661367187500000000e+04
1.681311291249014683e+00 3.447564062500000000e+04
1.684746043631545787e+00 3.668221484375000000e+04
1.688180796014076890e+00 3.640160937500000000e+04
1.691615548396608215e+00 3.081856835937500000e+04
1.695050300779139318e+00 2.467918945312500000e+04
1.698485053161670422e+00 1.629462695312500000e+04
1.701919805544201525e+00 1.069812792968750000e+04
1.705354557926732850e+00 6.420420898437500000e+03
1.708789310309263954e+00 4.709656250000000000e+03
1.712224062691795279e+00 3.912883056640625000e+03
1.715658815074326382e+00 3.546462890625000000e+03
1.719093567456857707e+00 3.351088867187500000e+03
1.722528319839388811e+00 3.233083007812500000e+03
1.725963072221919914e+00 3.145272460937500000e+03
1.729397824604451239e+00 3.085256591796875000e+03
1.732832576986982343e+00 3.032428222656250000e+03
1.736267329369513446e+00 3.003786376953125000e+03
1.739702081752044549e+00 2.979673339843750000e+03
1.743136834134575874e+00 2.966178710937500000e+03
1.746571586517106978e+00 2.942669189453125000e+03
1.750006338899638303e+00 2.920476562500000000e+03
1.753441091282169406e+00 2.910474609375000000e+03
1.756875843664700731e+00 2.896978027343750000e+03
1.760310596047231835e+00 2.882623046875000000e+03
1.763745348429762938e+00 2.850066650390625000e+03
1.767180100812294263e+00 2.837459228515625000e+03
1.770614853194825367e+00 2.851071289062500000e+03
1.774049605577356470e+00 2.863588623046875000e+03
1.777484357959887573e+00 2.835720947265625000e+03
1.780919110342418898e+00 2.826249023437500000e+03
1.784353862724950002e+00 2.814713623046875000e+03
1.787788615107481327e+00 2.818736816406250000e+03
1.791223367490012208e+00 2.807677246093750000e+03
1.794658119872543534e+00 2.797481933593750000e+03
1.798092872255074859e+00 2.783649902343750000e+03
1.801527624637606184e+00 2.773971435546875000e+03
1.804962377020137065e+00 2.758331298828125000e+03
1.808397129402668391e+00 2.737730468750000000e+03
1.811831881785199494e+00 2.722423339843750000e+03
1.815266634167730819e+00 2.705121337890625000e+03
1.818701386550261700e+00 2.706460205078125000e+03
1.822136138932793026e+00 2.707307373046875000e+03
1.825570891315324351e+00 2.686530029296875000e+03
1.829005643697855676e+00 2.681495849609375000e+03
1.832440396080386558e+00 2.688759765625000000e+03
1.835875148462917883e+00 2.687356689453125000e+03
1.839309900845449208e+00 2.686314453125000000e+03
1.842744653227980089e+00 2.682968261718750000e+03
1.846179405610511415e+00 2.672351074218750000e+03
1.849614157993042740e+00 2.648859375000000000e+03
1.853048910375573843e+00 2.656495849609375000e+03
1.856483662758104725e+00 2.662685302734375000e+03
1.859918415140636050e+00 2.659497802734375000e+03
1.863353167523167375e+00 2.639947021484375000e+03
1.866787919905698701e+00 2.642531250000000000e+03
1.870222672288229582e+00 2.643686035156250000e+03
1.873657424670760907e+00 2.647416015625000000e+03
1.877092177053292232e+00 2.638580078125000000e+03
1.880526929435823114e+00 2.633562255859375000e+03
1.883961681818354439e+00 2.624270996093750000e+03
1.887396434200885764e+00 2.611426757812500000e+03
1.890831186583416867e+00 2.600577880859375000e+03
1.894265938965947749e+00 2.594255615234375000e+03
1.897700691348479074e+00 2.586928955078125000e+03
1.901135443731010399e+00 2.588098632812500000e+03
1.904570196113541725e+00 2.593506835937500000e+03
1.908004948496072606e+00 2.588397216796875000e+03
1.911439700878603931e+00 2.594221679687500000e+03
1.914874453261135256e+00 2.600599121093750000e+03
1.918309205643666138e+00 2.597274169921875000e+03
1.921743958026197463e+00 2.580365722656250000e+03
1.925178710408728788e+00 2.564758300781250000e+03
1.928613462791259892e+00 2.569553710937500000e+03
1.932048215173790773e+00 2.560148925781250000e+03
1.935482967556322098e+00 2.562647949218750000e+03
1.938917719938853423e+00 2.542145751953125000e+03
1.942352472321384749e+00 2.536348876953125000e+03
1.945787224703915630e+00 2.533184814453125000e+03
1.949221977086446955e+00 2.540044189453125000e+03
1.952656729468978281e+00 2.528737060546875000e+03
1.956091481851509162e+00 2.513613525390625000e+03
1.959526234234040487e+00 2.514641113281250000e+03
1.962960986616571812e+00 2.521406982421875000e+03
1.966395738999102916e+00 2.527907958984375000e+03
1.969830491381633797e+00 2.523758300781250000e+03
1.973265243764165122e+00 2.507352539062500000e+03
1.976699996146696447e+00 2.500441894531250000e+03
1.980134748529227329e+00 2.506263183593750000e+03
1.983569500911758654e+00 2.495713623046875000e+03
1.987004253294289979e+00 2.498109863281250000e+03
1.990439005676821305e+00 2.499150146484375000e+03
1.993873758059352186e+00 2.503555175781250000e+03
1.997308510441883511e+00 2.495217529296875000e+03
2.000743262824414614e+00 2.492363281250000000e+03
2.004178015206945940e+00 2.487858398437500000e+03
2.007612767589476821e+00 2.488573974609375000e+03
2.011047519972008146e+00 2.485965820312500000e+03
2.014482272354539472e+00 2.487974853515625000e+03
2.017917024737070353e+00 2.471373291015625000e+03
2.021351777119601678e+00 2.456392578125000000e+03
2.024786529502133003e+00 2.447385009765625000e+03
2.028221281884664329e+00 2.442060546875000000e+03
2.031656034267195210e+00 2.434518798828125000e+03
2.035090786649726535e+00 2.424397216796875000e+03
2.038525539032257861e+00 2.424285644531250000e+03
2.041960291414789186e+00 2.438513183593750000e+03
2.045395043797320067e+00 2.450836669921875000e+03
2.048829796179851392e+00 2.454753173828125000e+03
2.052264548562382718e+00 2.468160888671875000e+03
2.055699300944913599e+00 2.475031738281250000e+03
2.059134053327444924e+00 2.457891113281250000e+03
2.062568805709975805e+00 2.439765869140625000e+03
2.066003558092507131e+00 2.427488525390625000e+03
2.069438310475038012e+00 2.413256103515625000e+03
2.072873062857569337e+00 2.399312744140625000e+03
2.076307815240100663e+00 2.404881347656250000e+03
2.079742567622631988e+00 2.395962158203125000e+03
2.083177320005162869e+00 2.405326904296875000e+03
2.086612072387694194e+00 2.403765869140625000e+03
2.090046824770225520e+00 2.397030029296875000e+03
2.093481577152756401e+00 2.371858642578125000e+03
2.096916329535287726e+00 2.375906738281250000e+03
2.100351081917819052e+00 2.372481689453125000e+03
2.103785834300350377e+00 2.365665283203125000e+03
2.107220586682881258e+00 2.358818603515625000e+03
2.110655339065412583e+00 2.361893310546875000e+03
2.114090091447943909e+00 2.366146240234375000e+03
2.117524843830475234e+00 2.369531982421875000e+03
2.120959596213006115e+00 2.380456054687500000e+03
2.124394348595537441e+00 2.386471923828125000e+03
2.127829100978068766e+00 2.374511474609375000e+03
2.131263853360599647e+00 2.357961181640625000e+03
2.134698605743130972e+00 2.353144775390625000e+03
2.138133358125661854e+00 2.338656494140625000e+03
2.141568110508193179e+00 2.339518310546875000e+03
2.145002862890724060e+00 2.337562988281250000e+03
2.148437615273255386e+00 2.343391845703125000e+03
2.151872367655786711e+00 2.345349609375000000e+03
2.155307120038318036e+00 2.354235107421875000e+03
2.158741872420848917e+00 2.349300781250000000e+03
2.162176624803380243e+00 2.349830322265625000e+03
2.165611377185911568e+00 2.352607421875000000e+03
2.169046129568442449e+00 2.346619140625000000e+03
2.172480881950973775e+00 2.339011230468750000e+03
2.175915634333505100e+00 2.324554931640625000e+03
2.179350386716036425e+00 2.324630859375000000e+03
2.182785139098567306e+00 2.334174804687500000e+03
2.186219891481098632e+00 2.351331298828125000e+03
2.189654643863629957e+00 2.349760009765625000e+03
2.193089396246161282e+00 2.354077392578125000e+03
2.196524148628692163e+00 2.349189453125000000e+03
2.199958901011223489e+00 2.342463378906250000e+03
2.203393653393754814e+00 2.341480468750000000e+03
2.206828405776285695e+00 2.347452880859375000e+03
2.210263158158817021e+00 2.344421142578125000e+03
2.213697910541347902e+00 2.344123291015625000e+03
2.217132662923879227e+00 2.338772460937500000e+03
2.220567415306410108e+00 2.332265869140625000e+03
2.224002167688941434e+00 2.347465576171875000e+03
2.227436920071472759e+00 2.350486328125000000e+03
2.230871672454004084e+00 2.347664306640625000e+03
2.234306424836534966e+00 2.338347412109375000e+03
2.237741177219066291e+00 2.333507324218750000e+03
2.241175929601597616e+00 2.325779296875000000e+03
2.244610681984128497e+00 2.326479492187500000e+03
2.248045434366659823e+00 2.341971679687500000e+03
2.251480186749191148e+00 2.361980468750000000e+03
2.254914939131722473e+00 2.363393798828125000e+03
2.258349691514253355e+00 2.365535888671875000e+03
2.261784443896784680e+00 2.366505859375000000e+03
2.265219196279316005e+00 2.372295654296875000e+03
2.268653948661847330e+00 2.357305419921875000e+03
2.272088701044378212e+00 2.355803222656250000e+03
2.275523453426909537e+00 2.379343994140625000e+03
2.278958205809440862e+00 2.408892578125000000e+03
2.282392958191971744e+00 2.421999755859375000e+03
2.285827710574503069e+00 2.435388427734375000e+03
2.289262462957033950e+00 2.448909423828125000e+03
2.292697215339565275e+00 2.457667968750000000e+03
2.296131967722096157e+00 2.474836181640625000e+03
2.299566720104627482e+00 2.485967041015625000e+03
2.303001472487158807e+00 2.517104736328125000e+03
2.306436224869690133e+00 2.540443115234375000e+03
2.309870977252221014e+00 2.582449707031250000e+03
2.313305729634752339e+00 2.615252929687500000e+03
2.316740482017283664e+00 2.643469726562500000e+03
2.320175234399814546e+00 2.672671142578125000e+03
2.323609986782345871e+00 2.700104980468750000e+03
2.327044739164877196e+00 2.750182128906250000e+03
2.330479491547408522e+00 2.801418457031250000e+03
2.333914243929939403e+00 2.860493652343750000e+03
2.337348996312470728e+00 2.914137451171875000e+03
2.340783748695002053e+00 2.995122070312500000e+03
2.344218501077533379e+00 3.106560302734375000e+03
2.347653253460064260e+00 3.274552978515625000e+03
2.351088005842595585e+00 3.501549804687500000e+03
2.354522758225126911e+00 3.873200683593750000e+03
2.357957510607657792e+00 4.539087402343750000e+03
2.361392262990189117e+00 5.848604003906250000e+03
2.364827015372720442e+00 8.857928710937500000e+03
2.368261767755251324e+00 1.553349707031250000e+04
2.371696520137782205e+00 3.024052148437500000e+04
2.375131272520313530e+00 5.135883593750000000e+04
2.378566024902844855e+00 7.555452343750000000e+04
2.382000777285376181e+00 9.520929687500000000e+04
2.385435529667907062e+00 1.084787343750000000e+05
2.388870282050438387e+00 1.002886328125000000e+05
2.392305034432969713e+00 7.870000781250000000e+04
2.395739786815500594e+00 4.492585156250000000e+04
2.399174539198031919e+00 2.548988671875000000e+04
2.402609291580563244e+00 1.311200390625000000e+04
2.406044043963094570e+00 7.808919433593750000e+03
2.409478796345625451e+00 5.441708984375000000e+03
2.412913548728156776e+00 4.349996093750000000e+03
2.416348301110688102e+00 3.776428466796875000e+03
2.419783053493219427e+00 3.426569335937500000e+03
2.423217805875750308e+00 3.201152832031250000e+03
2.426652558258281633e+00 3.065441650390625000e+03
2.430087310640812959e+00 2.961022460937500000e+03
2.433522063023343840e+00 2.873502685546875000e+03
2.436956815405875165e+00 2.789515136718750000e+03
2.440391567788406491e+00 2.725365966796875000e+03
2.443826320170937372e+00 2.662587890625000000e+03
2.447261072553468253e+00 2.616967285156250000e+03
2.450695824935999578e+00 2.593348144531250000e+03
2.454130577318530904e+00 2.557885009765625000e+03
2.457565329701061785e+00 2.512931884765625000e+03
2.461000082083593110e+00 2.470796875000000000e+03
2.464434834466124435e+00 2.439944580078125000e+03
2.467869586848655761e+00 2.401849365234375000e+03
2.471304339231186642e+00 2.357543212890625000e+03
2.474739091613717967e+00 2.329666992187500000e+03
2.478173843996249293e+00 2.303564453125000000e+03
2.481608596378780618e+00 2.276728027343750000e+03
2.485043348761311499e+00 2.235721679687500000e+03
2.488478101143842824e+00 2.210938964843750000e+03
2.491912853526374150e+00 2.194442871093750000e+03
2.495347605908905031e+00 2.192968261718750000e+03
2.498782358291436356e+00 2.179618896484375000e+03
2.502217110673967682e+00 2.151043701171875000e+03
2.505651863056499007e+00 2.118167480468750000e+03
2.509086615439029888e+00 2.111069580078125000e+03
2.512521367821561213e+00 2.091881835937500000e+03
2.515956120204092539e+00 2.081104736328125000e+03
2.519390872586623420e+00 2.060198730468750000e+03
2.522825624969154301e+00 2.057237060546875000e+03
2.526260377351685626e+00 2.046190429687500000e+03
2.529695129734216952e+00 2.044782470703125000e+03
2.533129882116747833e+00 2.029224487304687500e+03
2.536564634499279158e+00 2.015047973632812500e+03
2.539999386881810484e+00 1.989478637695312500e+03
2.543434139264341809e+00 1.972640991210937500e+03
2.546868891646872690e+00 1.958799926757812500e+03
2.550303644029404015e+00 1.959211547851562500e+03
2.553738396411935341e+00 1.949635375976562500e+03
2.557173148794466666e+00 1.944191040039062500e+03
2.560607901176997547e+00 1.935022216796875000e+03
2.564042653559528873e+00 1.933106079101562500e+03
2.567477405942060198e+00 1.929275024414062500e+03
2.570912158324591079e+00 1.924526855468750000e+03
2.574346910707122404e+00 1.909543945312500000e+03
2.577781663089653730e+00 1.887203369140625000e+03
2.581216415472185055e+00 1.879171020507812500e+03
2.584651167854715936e+00 1.887245239257812500e+03
2.588085920237247262e+00 1.896207641601562500e+03
2.591520672619778587e+00 1.892891967773437500e+03
2.594955425002309468e+00 1.886753784179687500e+03
2.598390177384840349e+00 1.883689941406250000e+03
2.601824929767371675e+00 1.877037597656250000e+03
2.605259682149903000e+00 1.859084960937500000e+03
2.608694434532433881e+00 1.848737060546875000e+03
2.612129186914965207e+00 1.844993652343750000e+03
2.615563939297496532e+00 1.850896606445312500e+03
2.618998691680027857e+00 1.844138183593750000e+03
2.622433444062558738e+00 1.832133056640625000e+03
2.625868196445090064e+00 1.823057128906250000e+03
2.629302948827621389e+00 1.822523803710937500e+03
2.632737701210152714e+00 1.825443115234375000e+03
2.636172453592683596e+00 1.824621704101562500e+03
2.639607205975214921e+00 1.816481323242187500e+03
2.643041958357746246e+00 1.812235473632812500e+03
2.646476710740277127e+00 1.810566162109375000e+03
2.649911463122808453e+00 1.811437988281250000e+03
2.653346215505339778e+00 1.803435546875000000e+03
2.656780967887871103e+00 1.805021606445312500e+03
2.660215720270401984e+00 1.800189453125000000e+03
2.663650472652933310e+00 1.792413208007812500e+03
2.667085225035464635e+00 1.786461425781250000e+03
2.670519977417995516e+00 1.780298828125000000e+03
2.673954729800526398e+00 1.783892578125000000e+03
2.677389482183057723e+00 1.779913452148437500e+03
2.680824234565589048e+00 1.783722900390625000e+03
2.684258986948119929e+00 1.778259887695312500e+03
2.687693739330651255e+00 1.767877929687500000e+03
2.691128491713182580e+00 1.750580688476562500e+03
2.694563244095713905e+00 1.741157470703125000e+03
2.697997996478244787e+00 1.745121826171875000e+03
2.701432748860776112e+00 1.745431518554687500e+03
2.704867501243307437e+00 1.748428222656250000e+03
2.708302253625838762e+00 1.745010498046875000e+03
2.711737006008369644e+00 1.734448730468750000e+03
2.715171758390900969e+00 1.728266723632812500e+03
2.718606510773432294e+00 1.722185546875000000e+03
2.722041263155963176e+00 1.724221801757812500e+03
2.725476015538494501e+00 1.727836669921875000e+03
2.728910767921025826e+00 1.737512329101562500e+03
2.732345520303557151e+00 1.731019531250000000e+03
2.735780272686088033e+00 1.728984741210937500e+03
2.739215025068619358e+00 1.724884033203125000e+03
2.742649777451150683e+00 1.721249633789062500e+03
2.746084529833681565e+00 1.714470458984375000e+03
2.749519282216212890e+00 1.712161743164062500e+03
2.752954034598743771e+00 1.724844604492187500e+03
2.756388786981275096e+00 1.736091796875000000e+03
2.759823539363805978e+00 1.744650146484375000e+03
2.763258291746337303e+00 1.737794799804687500e+03
2.766693044128868628e+00 1.731530761718750000e+03
2.770127796511399954e+00 1.728950683593750000e+03
2.773562548893930835e+00 1.726194335937500000e+03
2.776997301276462160e+00 1.730981445312500000e+03
2.780432053658993485e+00 1.734385009765625000e+03
2.783866806041524811e+00 1.737132324218750000e+03
2.787301558424055692e+00 1.732941772460937500e+03
2.790736310806587017e+00 1.734209472656250000e+03
2.794171063189118343e+00 1.740567749023437500e+03
2.797605815571649224e+00 1.760178466796875000e+03
2.801040567954180549e+00 1.769453125000000000e+03
2.804475320336711874e+00 1.784403076171875000e+03
2.807910072719243200e+00 1.778129272460937500e+03
2.811344825101774081e+00 1.773722045898437500e+03
2.814779577484305406e+00 1.776867431640625000e+03
2.818214329866836731e+00 1.783664062500000000e+03
2.821649082249367613e+00 1.790598388671875000e+03
2.825083834631898938e+00 1.804671142578125000e+03
2.828518587014429819e+00 1.800554565429687500e+03
2.831953339396961145e+00 1.799616699218750000e+03
2.835388091779492026e+00 1.810646118164062500e+03
2.838822844162023351e+00 1.839004760742187500e+03
2.842257596544554676e+00 1.862207031250000000e+03
2.845692348927086002e+00 1.875295898437500000e+03
2.849127101309616883e+00 1.889442504882812500e+03
2.852561853692148208e+00 1.901556518554687500e+03
2.855996606074679534e+00 1.908512451171875000e+03
2.859431358457210415e+00 1.917313964843750000e+03
2.862866110839741740e+00 1.948535034179687500e+03
2.866300863222273065e+00 1.988281127929687500e+03
2.869735615604804391e+00 2.032660400390625000e+03
2.873170367987335272e+00 2.064234863281250000e+03
2.876605120369866597e+00 2.115165527343750000e+03
2.880039872752397923e+00 2.173629638671875000e+03
2.883474625134929248e+00 2.264001953125000000e+03
2.886909377517460129e+00 2.380127197265625000e+03
2.890344129899991454e+00 2.568888916015625000e+03
2.893778882282522780e+00 2.898907226562500000e+03
2.897213634665053661e+00 3.602535156250000000e+03
2.900648387047584986e+00 5.018022949218750000e+03
2.904083139430115867e+00 8.163701660156250000e+03
2.907517891812647193e+00 1.485769824218750000e+04
2.910952644195178074e+00 2.457122070312500000e+04
2.914387396577709399e+00 4.540575781250000000e+04
2.917822148960240725e+00 6.217626953125000000e+04
2.921256901342772050e+00 6.845150000000000000e+04
2.924691653725302931e+00 5.943144531250000000e+04
2.928126406107834256e+00 4.658018359375000000e+04
2.931561158490365582e+00 2.547306445312500000e+04
2.934995910872896463e+00 1.421467578125000000e+04
2.938430663255427788e+00 7.918106933593750000e+03
2.941865415637959114e+00 4.863792968750000000e+03
2.945300168020490439e+00 3.515029541015625000e+03
2.948734920403021320e+00 2.868608398437500000e+03
2.952169672785552645e+00 2.538433593750000000e+03
2.955604425168083971e+00 2.345485839843750000e+03
2.959039177550615296e+00 2.233225830078125000e+03
2.962473929933146177e+00 2.148876708984375000e+03
2.965908682315677503e+00 2.081467773437500000e+03
2.969343434698208828e+00 2.027292236328125000e+03
2.972778187080739709e+00 1.988186035156250000e+03
2.976212939463271034e+00 1.960453125000000000e+03
2.979647691845801916e+00 1.938366210937500000e+03
2.983082444228333241e+00 1.909196411132812500e+03
2.986517196610864122e+00 1.870100097656250000e+03
2.989951948993395447e+00 1.847104492187500000e+03
2.993386701375926773e+00 1.811179931640625000e+03
2.996821453758458098e+00 1.783067626953125000e+03
3.000256206140988979e+00 1.759071655273437500e+03
3.003690958523520305e+00 1.740536376953125000e+03
3.007125710906051630e+00 1.724730224609375000e+03
3.010560463288582511e+00 1.707990844726562500e+03
3.013995215671113836e+00 1.695413818359375000e+03
3.017429968053645162e+00 1.675073242187500000e+03
3.020864720436176487e+00 1.652412963867187500e+03
3.024299472818707368e+00 1.640723144531250000e+03
3.027734225201238694e+00 1.633684448242187500e+03
3.031168977583770019e+00 1.620607910156250000e+03
3.034603729966301344e+00 1.605477172851562500e+03
3.038038482348832225e+00 1.599638793945312500e+03
3.041473234731363551e+00 1.592976318359375000e+03
3.044907987113894876e+00 1.570843994140625000e+03
3.048342739496425757e+00 1.560222534179687500e+03
3.051777491878957083e+00 1.551300048828125000e+03
3.055212244261487964e+00 1.552190795898437500e+03
3.058646996644019289e+00 1.550374755859375000e+03
3.062081749026550170e+00 1.560222167968750000e+03
3.065516501409081496e+00 1.544434692382812500e+03
3.068951253791612821e+00 1.532147216796875000e+03
3.072386006174144146e+00 1.519509643554687500e+03
3.075820758556675028e+00 1.517965209960937500e+03
3.079255510939206353e+00 1.512416503906250000e+03
3.082690263321737678e+00 1.504612548828125000e+03
3.086125015704268559e+00 1.488545410156250000e+03
3.089559768086799885e+00 1.478481079101562500e+03
3.092994520469331210e+00 1.486494995117187500e+03
3.096429272851862535e+00 1.487902709960937500e+03
3.099864025234393416e+00 1.479136962890625000e+03
3.103298777616924742e+00 1.477270751953125000e+03
3.106733529999456067e+00 1.474245849609375000e+03
3.110168282381987392e+00 1.467611816406250000e+03
3.113603034764518274e+00 1.465148559570312500e+03
3.117037787147049599e+00 1.471411987304687500e+03
3.120472539529580924e+00 1.486860107421875000e+03
3.123907291912111805e+00 1.498298461914062500e+03
3.127342044294643131e+00 1.501985229492187500e+03
3.130776796677174012e+00 1.503569335937500000e+03
3.134211549059705337e+00 1.501279052734375000e+03
3.137646301442236219e+00 1.489895385742187500e+03
3.141081053824767544e+00 1.475929199218750000e+03
3.144515806207298869e+00 1.457214721679687500e+03
3.147950558589830194e+00 1.454553466796875000e+03
3.151385310972361076e+00 1.452360107421875000e+03
3.154820063354892401e+00 1.445882934570312500e+03
3.158254815737423726e+00 1.438166137695312500e+03
3.161689568119954608e+00 1.434908569335937500e+03
3.165124320502485933e+00 1.422908325195312500e+03
3.168559072885017258e+00 1.421546020507812500e+03
3.171993825267548583e+00 1.415783813476562500e+03
3.175428577650079465e+00 1.418227050781250000e+03
3.178863330032610790e+00 1.425322509765625000e+03
3.182298082415142115e+00 1.426287353515625000e+03
3.185732834797673441e+00 1.422251831054687500e+03
3.189167587180204322e+00 1.414874145507812500e+03
3.192602339562735647e+00 1.409833984375000000e+03
3.196037091945266972e+00 1.399498901367187500e+03
3.199471844327797854e+00 1.392192993164062500e+03
3.202906596710329179e+00 1.398346313476562500e+03
3.206341349092860060e+00 1.404812377929687500e+03
3.209776101475391386e+00 1.396811889648437500e+03
3.213210853857922267e+00 1.382325195312500000e+03
3.216645606240453592e+00 1.393184814453125000e+03
3.220080358622984917e+00 1.403529052734375000e+03
3.223515111005516243e+00 1.402301757812500000e+03
3.226949863388047124e+00 1.396987426757812500e+03
3.230384615770578449e+00 1.398571411132812500e+03
3.233819368153109775e+00 1.398866699218750000e+03
3.237254120535640656e+00 1.394820556640625000e+03
3.240688872918171981e+00 1.384946289062500000e+03
3.244123625300703306e+00 1.385069335937500000e+03
3.247558377683234632e+00 1.388640991210937500e+03
3.250993130065765513e+00 1.395390625000000000e+03
3.254427882448296838e+00 1.397446655273437500e+03
3.257862634830828164e+00 1.397025634765625000e+03
3.261297387213359489e+00 1.401921752929687500e+03
3.264732139595890370e+00 1.397285034179687500e+03
3.268166891978421695e+00 1.391620605468750000e+03
3.271601644360953021e+00 1.390116577148437500e+03
3.275036396743483902e+00 1.395700805664062500e+03
3.278471149126015227e+00 1.394269042968750000e+03
3.281905901508546108e+00 1.399645385742187500e+03
3.285340653891077434e+00 1.406894897460937500e+03
3.288775406273608315e+00 1.405766357421875000e+03
3.292210158656139640e+00 1.403362426757812500e+03
3.295644911038670966e+00 1.410083007812500000e+03
3.299079663421202291e+00 1.419942016601562500e+03
3.302514415803733172e+00 1.428881713867187500e+03
3.305949168186264497e+00 1.438740844726562500e+03
3.309383920568795823e+00 1.440748901367187500e+03
3.312818672951326704e+00 1.424023925781250000e+03
3.316253425333858029e+00 1.424300170898437500e+03
3.319688177716389355e+00 1.435360595703125000e+03
3.323122930098920680e+00 1.449352539062500000e+03
3.326557682481451561e+00 1.459905273437500000e+03
3.329992434863982886e+00 1.476468139648437500e+03
3.333427187246514212e+00 1.502591674804687500e+03
3.336861939629045093e+00 1.541704833984375000e+03
3.340296692011576418e+00 1.603454956054687500e+03
3.343731444394107744e+00 1.711705566406250000e+03
3.347166196776639069e+00 1.960423095703125000e+03
3.350600949159169950e+00 2.535418701171875000e+03
3.354035701541701275e+00 3.799473388671875000e+03
3.357470453924232601e+00 6.230579101562500000e+03
3.360905206306763482e+00 9.632633789062500000e+03
3.364339958689294363e+00 1.358623339843750000e+04
3.367774711071825688e+00 1.658170312500000000e+04
3.371209463454357014e+00 1.696838671875000000e+04
3.374644215836887895e+00 1.639022851562500000e+04
3.378078968219419220e+00 1.419573437500000000e+04
3.381513720601950546e+00 1.114703222656250000e+04
3.384948472984481871e+00 7.382830566406250000e+03
3.388383225367012752e+00 4.680932128906250000e+03
3.391817977749544077e+00 3.065118408203125000e+03
3.395252730132075403e+00 2.298359619140625000e+03
3.398687482514606728e+00 1.879973999023437500e+03
3.402122234897137609e+00 1.685236206054687500e+03
3.405556987279668935e+00 1.584749389648437500e+03
3.408991739662200260e+00 1.521401489257812500e+03
3.412426492044731141e+00 1.481129028320312500e+03
3.415861244427262466e+00 1.456205078125000000e+03
3.419295996809793792e+00 1.435187500000000000e+03
3.422730749192325117e+00 1.421658325195312500e+03
3.426165501574855998e+00 1.408849731445312500e+03
3.429600253957387324e+00 1.407937744140625000e+03
3.433035006339918649e+00 1.410133300781250000e+03
3.436469758722449530e+00 1.403223510742187500e+03
3.439904511104980411e+00 1.384132934570312500e+03
3.443339263487511737e+00 1.375295532226562500e+03
3.446774015870043062e+00 1.369208007812500000e+03
3.450208768252573943e+00 1.370233642578125000e+03
3.453643520635105268e+00 1.364982666015625000e+03
3.457078273017636594e+00 1.366661743164062500e+03
3.460513025400167919e+00 1.360555541992187500e+03
3.463947777782698800e+00 1.346641723632812500e+03
3.467382530165230126e+00 1.338431884765625000e+03
3.470817282547761451e+00 1.328402709960937500e+03
3.474252034930292776e+00 1.326899047851562500e+03
3.477686787312823657e+00 1.322813720703125000e+03
3.481121539695354983e+00 1.322780151367187500e+03
3.484556292077886308e+00 1.317079101562500000e+03
3.487991044460417189e+00 1.315807617187500000e+03
3.491425796842948515e+00 1.306754638671875000e+03
3.494860549225479840e+00 1.299363769531250000e+03
3.498295301608011165e+00 1.296583496093750000e+03
3.501730053990542046e+00 1.297398681640625000e+03
3.505164806373073372e+00 1.298100463867187500e+03
3.508599558755604697e+00 1.284092285156250000e+03
3.512034311138135578e+00 1.275567138671875000e+03
3.515469063520666460e+00 1.279578735351562500e+03
3.518903815903197785e+00 1.278961791992187500e+03
3.522338568285729110e+00 1.271488769531250000e+03
3.525773320668259991e+00 1.270291748046875000e+03
3.529208073050791317e+00 1.278719482421875000e+03
3.532642825433322642e+00 1.271341674804687500e+03
3.536077577815853967e+00 1.268620361328125000e+03
3.539512330198384849e+00 1.267923217773437500e+03
3.542947082580916174e+00 1.270858398437500000e+03
3.546381834963447499e+00 1.264395263671875000e+03
3.549816587345978824e+00 1.259704345703125000e+03
3.553251339728509706e+00 1.260038574218750000e+03
3.556686092111041031e+00 1.256966552734375000e+03
3.560120844493572356e+00 1.266736694335937500e+03
3.563555596876103237e+00 1.272327758789062500e+03
3.566990349258634563e+00 1.271166015625000000e+03
3.570425101641165888e+00 1.264064819335937500e+03
3.573859854023697213e+00 1.262934936523437500e+03
3.577294606406228095e+00 1.259259155273437500e+03
3.580729358788759420e+00 1.259487426757812500e+03
3.584164111171290301e+00 1.263907470703125000e+03
3.587598863553821626e+00 1.262757934570312500e+03
3.591033615936352508e+00 1.259489990234375000e+03
3.594468368318883833e+00 1.266548339843750000e+03
3.597903120701415158e+00 1.263885986328125000e+03
3.601337873083946484e+00 1.266848999023437500e+03
3.604772625466477809e+00 1.265394775390625000e+03
3.608207377849008246e+00 1.266126708984375000e+03
3.611642130231539571e+00 1.254824584960937500e+03
3.615076882614070897e+00 1.257818847656250000e+03
3.618511634996602222e+00 1.266169311523437500e+03
3.621946387379133547e+00 1.287802612304687500e+03
3.625381139761664873e+00 1.293471069335937500e+03
3.628815892144196198e+00 1.289368896484375000e+03
3.632250644526726635e+00 1.285682983398437500e+03
3.635685396909257960e+00 1.278645874023437500e+03
3.639120149291789286e+00 1.275670776367187500e+03
3.642554901674320611e+00 1.277859619140625000e+03
3.645989654056851936e+00 1.282729614257812500e+03
3.649424406439383262e+00 1.286125000000000000e+03
3.652859158821914587e+00 1.282822631835937500e+03
3.656293911204445912e+00 1.277985107421875000e+03
3.659728663586976349e+00 1.287670288085937500e+03
3.663163415969507675e+00 1.299079101562500000e+03
3.666598168352038556e+00 1.308268920898437500e+03
3.670032920734569881e+00 1.322063720703125000e+03
3.673467673117101207e+00 1.335589233398437500e+03
3.676902425499632532e+00 1.350963867187500000e+03
3.680337177882163857e+00 1.356685913085937500e+03
3.683771930264694294e+00 1.357286743164062500e+03
3.687206682647225620e+00 1.374110229492187500e+03
3.690641435029756945e+00 1.392721435546875000e+03
3.694076187412288270e+00 1.413786743164062500e+03
3.697510939794819596e+00 1.427409912109375000e+03
3.700945692177350921e+00 1.442472167968750000e+03
3.704380444559882246e+00 1.454317993164062500e+03
3.707815196942412683e+00 1.475116210937500000e+03
3.711249949324944009e+00 1.492189086914062500e+03
3.714684701707475334e+00 1.514941406250000000e+03
3.718119454090006659e+00 1.535141845703125000e+03
3.721554206472537984e+00 1.556891235351562500e+03
3.724988958855069310e+00 1.606651367187500000e+03
3.728423711237600635e+00 1.667869995117187500e+03
3.731858463620131960e+00 1.745681396484375000e+03
3.735293216002662398e+00 1.844487060546875000e+03
3.738727968385193723e+00 2.017647094726562500e+03
3.742162720767725048e+00 2.326258056640625000e+03
3.745597473150255929e+00 2.996947998046875000e+03
3.749032225532787255e+00 4.456789550781250000e+03
3.752466977915318580e+00 7.630218750000000000e+03
3.755901730297849905e+00 1.417090234375000000e+04
3.759336482680380342e+00 2.237657031250000000e+04
3.762771235062911668e+00 3.267967382812500000e+04
3.766205987445442993e+00 4.111374609375000000e+04
3.769640739827974318e+00 4.586150390625000000e+04
3.773075492210505644e+00 4.414619531250000000e+04
3.776510244593036969e+00 3.841458203125000000e+04
3.779944996975568294e+00 2.787549218750000000e+04
3.783379749358098731e+00 1.668977734375000000e+04
3.786814501740630057e+00 8.861112304687500000e+03
3.790249254123161382e+00 5.251581542968750000e+03
3.793684006505692707e+00 3.354926025390625000e+03
3.797118758888224033e+00 2.537230712890625000e+03
3.800553511270755358e+00 2.134809326171875000e+03
3.803988263653286683e+00 1.912495727539062500e+03
3.807423016035818009e+00 1.786310058593750000e+03
3.810857768418348446e+00 1.704027709960937500e+03
3.814292520800879771e+00 1.648292236328125000e+03
3.817727273183411096e+00 1.602415527343750000e+03
3.821162025565941978e+00 1.572329711914062500e+03
3.824596777948473303e+00 1.551495849609375000e+03
3.828031530331004628e+00 1.520569702148437500e+03
3.831466282713535954e+00 1.489562133789062500e+03
3.834901035096066391e+00 1.463047973632812500e+03
3.838335787478597716e+00 1.442516723632812500e+03
3.841770539861129041e+00 1.417011840820312500e+03
3.845205292243660367e+00 1.395069213867187500e+03
3.848640044626191692e+00 1.371135742187500000e+03
3.852074797008723017e+00 1.351008300781250000e+03
3.855509549391254343e+00 1.330372680664062500e+03
3.858944301773784780e+00 1.317239501953125000e+03
3.862379054156316105e+00 1.295146850585937500e+03
3.865813806538847430e+00 1.283580810546875000e+03
3.869248558921378756e+00 1.261393554687500000e+03
3.872683311303910081e+00 1.253369018554687500e+03
3.876118063686441406e+00 1.237944091796875000e+03
3.879552816068972732e+00 1.226390991210937500e+03
3.882987568451504057e+00 1.222997070312500000e+03
3.886422320834034494e+00 1.219236572265625000e+03
3.889857073216565819e+00 1.207686523437500000e+03
3.893291825599097145e+00 1.190586425781250000e+03
3.896726577981628026e+00 1.177060668945312500e+03
3.900161330364159351e+00 1.169464721679687500e+03
3.903596082746690676e+00 1.170273803710937500e+03
3.907030835129222002e+00 1.167923339843750000e+03
3.910465587511752439e+00 1.162020507812500000e+03
3.913900339894283764e+00 1.156416137695312500e+03
3.917335092276815089e+00 1.151151123046875000e+03
3.920769844659346415e+00 1.149730957031250000e+03
3.924204597041877740e+00 1.143288940429687500e+03
3.927639349424409065e+00 1.139709106445312500e+03
3.931074101806940391e+00 1.143990722656250000e+03
3.934508854189470828e+00 1.142379882812500000e+03
3.937943606572002153e+00 1.137639160156250000e+03
3.941378358954533478e+00 1.144831176757812500e+03
3.944813111337064804e+00 1.146976440429687500e+03
3.948247863719596129e+00 1.140995239257812500e+03
3.951682616102127454e+00 1.133547973632812500e+03
3.955117368484658780e+00 1.136122924804687500e+03
3.958552120867189217e+00 1.125736450195312500e+03
3.961986873249720542e+00 1.124755615234375000e+03
3.965421625632251867e+00 1.122938354492187500e+03
3.968856378014783193e+00 1.126823486328125000e+03
3.972291130397314074e+00 1.127730834960937500e+03
3.975725882779845399e+00 1.124382080078125000e+03
3.979160635162376725e+00 1.122948974609375000e+03
3.982595387544908050e+00 1.128919067382812500e+03
3.986030139927438487e+00 1.132375366210937500e+03
3.989464892309969812e+00 1.134568969726562500e+03
3.992899644692501138e+00 1.130615722656250000e+03
3.996334397075032463e+00 1.135251586914062500e+03
3.999769149457563788e+00 1.140193481445312500e+03
4.003203901840095114e+00 1.138697265625000000e+03
4.006638654222625995e+00 1.123398315429687500e+03
4.010073406605156876e+00 1.110800415039062500e+03
4.013508158987687757e+00 1.111833496093750000e+03
4.016942911370219527e+00 1.129257812500000000e+03
4.020377663752750408e+00 1.131988403320312500e+03
4.023812416135282177e+00 1.128171630859375000e+03
4.027247168517813058e+00 1.125956176757812500e+03
4.030681920900344828e+00 1.132011474609375000e+03
4.034116673282874821e+00 1.139535888671875000e+03
4.037551425665406590e+00 1.142859130859375000e+03
4.040986178047937472e+00 1.149779907226562500e+03
4.044420930430469241e+00 1.146464843750000000e+03
4.047855682813000122e+00 1.157605346679687500e+03
4.051290435195531892e+00 1.174134765625000000e+03
4.054725187578062773e+00 1.185897949218750000e+03
4.058159939960594542e+00 1.184458251953125000e+03
4.061594692343124535e+00 1.191118164062500000e+03
4.065029444725656305e+00 1.202806640625000000e+03
4.068464197108187186e+00 1.209684814453125000e+03
4.071898949490718955e+00 1.220432739257812500e+03
4.075333701873249836e+00 1.229917602539062500e+03
4.078768454255781606e+00 1.253750488281250000e+03
4.082203206638312487e+00 1.283366088867187500e+03
4.085637959020843368e+00 1.310003173828125000e+03
4.089072711403374250e+00 1.356150268554687500e+03
4.092507463785905131e+00 1.397707275390625000e+03
4.095942216168436900e+00 1.463775878906250000e+03
4.099376968550967781e+00 1.563316406250000000e+03
4.102811720933499551e+00 1.775672729492187500e+03
4.106246473316030432e+00 2.205030517578125000e+03
4.109681225698561313e+00 3.234173828125000000e+03
4.113115978081092194e+00 5.217400390625000000e+03
4.116550730463623964e+00 9.502567382812500000e+03
4.119985482846154845e+00 1.434756250000000000e+04
4.123420235228686614e+00 1.999546875000000000e+04
4.126854987611217496e+00 2.254383398437500000e+04
4.130289739993749265e+00 2.432801171875000000e+04
4.133724492376280146e+00 2.250391210937500000e+04
4.137159244758811028e+00 1.869179882812500000e+04
4.140593997141341909e+00 1.241609277343750000e+04
4.144028749523873678e+00 8.369613281250000000e+03
4.147463501906404559e+00 5.310706542968750000e+03
4.150898254288936329e+00 3.327352783203125000e+03
4.154333006671467210e+00 2.305481689453125000e+03
4.157767759053998091e+00 1.836421508789062500e+03
4.161202511436528972e+00 1.583113037109375000e+03
4.164637263819060742e+00 1.457575073242187500e+03
4.168072016201591623e+00 1.380532348632812500e+03
4.171506768584122504e+00 1.333237182617187500e+03
4.174941520966654274e+00 1.298401123046875000e+03
4.178376273349185155e+00 1.263490600585937500e+03
4.181811025731716924e+00 1.240115356445312500e+03
4.185245778114246917e+00 1.216859619140625000e+03
4.188680530496778687e+00 1.203494873046875000e+03
4.192115282879309568e+00 1.197125854492187500e+03
4.195550035261841337e+00 1.178183837890625000e+03
4.198984787644372219e+00 1.159945678710937500e+03
4.202419540026903988e+00 1.147807250976562500e+03
4.205854292409434869e+00 1.139225097656250000e+03
4.209289044791966639e+00 1.122881225585937500e+03
4.212723797174496632e+00 1.110888305664062500e+03
4.216158549557028401e+00 1.099177612304687500e+03
4.219593301939559282e+00 1.096449829101562500e+03
4.223028054322091052e+00 1.091997680664062500e+03
4.226462806704621933e+00 1.078111572265625000e+03
4.229897559087153702e+00 1.067024291992187500e+03
4.233332311469684583e+00 1.061391113281250000e+03
4.236767063852215465e+00 1.053148803710937500e+03
4.240201816234746346e+00 1.045716064453125000e+03
4.243636568617277227e+00 1.043891479492187500e+03
4.247071320999808997e+00 1.041527709960937500e+03
4.250506073382339878e+00 1.039253295898437500e+03
4.253940825764871647e+00 1.035850463867187500e+03
4.257375578147402528e+00 1.036055664062500000e+03
4.260810330529933410e+00 1.027122436523437500e+03
4.264245082912464291e+00 1.027717407226562500e+03
4.267679835294996060e+00 1.033152832031250000e+03
4.271114587677526941e+00 1.031977172851562500e+03
4.274549340060058711e+00 1.027498291015625000e+03
4.277984092442589592e+00 1.027823120117187500e+03
4.281418844825121361e+00 1.021372741699218750e+03
4.284853597207652243e+00 1.012392517089843750e+03
4.288288349590183124e+00 9.975175781250000000e+02
4.291723101972714005e+00 1.004587646484375000e+03
4.295157854355245775e+00 1.007060729980468750e+03
4.298592606737776656e+00 1.001207214355468750e+03
4.302027359120308425e+00 9.950599975585937500e+02
4.305462111502839306e+00 9.939263916015625000e+02
4.308896863885370188e+00 9.970343627929687500e+02
4.312331616267901069e+00 9.927249755859375000e+02
4.315766368650432838e+00 9.836931152343750000e+02
4.319201121032963719e+00 9.833355102539062500e+02
4.322635873415494601e+00 9.873947753906250000e+02
4.326070625798026370e+00 9.910510864257812500e+02
4.329505378180557251e+00 9.810549926757812500e+02
4.332940130563089021e+00 9.734409790039062500e+02
4.336374882945619014e+00 9.700853271484375000e+02
4.339809635328150783e+00 9.693518066406250000e+02
4.343244387710681664e+00 9.615969238281250000e+02
4.346679140093213434e+00 9.555429687500000000e+02
4.350113892475744315e+00 9.658385009765625000e+02
4.353548644858276084e+00 9.734036254882812500e+02
4.356983397240806966e+00 9.710563354492187500e+02
4.360418149623338735e+00 9.611745605468750000e+02
4.363852902005868728e+00 9.616985473632812500e+02
4.367287654388400497e+00 9.628493041992187500e+02
4.370722406770931379e+00 9.637700805664062500e+02
4.374157159153463148e+00 9.653773193359375000e+02
4.377591911535994029e+00 9.693490600585937500e+02
4.381026663918525799e+00 9.664863281250000000e+02
4.384461416301056680e+00 9.593678588867187500e+02
4.387896168683587561e+00 9.588796997070312500e+02
4.391330921066118442e+00 9.612119750976562500e+02
4.394765673448649324e+00 9.535675048828125000e+02
4.398200425831181093e+00 9.504409179687500000e+02
4.401635178213711974e+00 9.526940307617187500e+02
4.405069930596243744e+00 9.632103271484375000e+02
4.408504682978774625e+00 9.605976562500000000e+02
4.411939435361305506e+00 9.584394531250000000e+02
4.415374187743836387e+00 9.548947753906250000e+02
4.418808940126368157e+00 9.565487670898437500e+02
4.422243692508899038e+00 9.511394653320312500e+02
4.425678444891430807e+00 9.590218505859375000e+02
4.429113197273961688e+00 9.744910278320312500e+02
4.432547949656493458e+00 9.730708007812500000e+02
4.435982702039023451e+00 9.632449951171875000e+02
4.439417454421555220e+00 9.593199462890625000e+02
4.442852206804086101e+00 9.679893188476562500e+02
4.446286959186617871e+00 9.602396850585937500e+02
4.449721711569148752e+00 9.570989990234375000e+02
4.453156463951680522e+00 9.506664428710937500e+02
4.456591216334211403e+00 9.477791137695312500e+02
4.460025968716742284e+00 9.400909423828125000e+02
4.463460721099273165e+00 9.472211914062500000e+02
4.466895473481804935e+00 9.522583007812500000e+02
4.470330225864335816e+00 9.486281127929687500e+02
4.473764978246866697e+00 9.344761352539062500e+02
4.477199730629398466e+00 9.301779174804687500e+02
4.480634483011929348e+00 9.297778930664062500e+02
4.484069235394461117e+00 9.341597900390625000e+02
4.487503987776991110e+00 9.445192260742187500e+02
4.490938740159522879e+00 9.459789428710937500e+02
4.494373492542053761e+00 9.410563964843750000e+02
4.497808244924585530e+00 9.371711425781250000e+02
4.501242997307116411e+00 9.361500854492187500e+02
4.504677749689648181e+00 9.415327758789062500e+02
4.508112502072179062e+00 9.403908081054687500e+02
4.511547254454709943e+00 9.345770263671875000e+02
4.514982006837240824e+00 9.279066162109375000e+02
4.518416759219772594e+00 9.334625244140625000e+02
4.521851511602303475e+00 9.339357910156250000e+02
4.525286263984835244e+00 9.322233276367187500e+02
4.528721016367366126e+00 9.353516235351562500e+02
4.532155768749897895e+00 9.319682006835937500e+02
4.535590521132428776e+00 9.321491088867187500e+02
4.539025273514959657e+00 9.358126831054687500e+02
4.542460025897490539e+00 9.335633544921875000e+02
4.545894778280021420e+00 9.311949462890625000e+02
4.549329530662553189e+00 9.290800781250000000e+02
4.552764283045084071e+00 9.327353515625000000e+02
4.556199035427615840e+00 9.312887573242187500e+02
4.559633787810146721e+00 9.341403198242187500e+02
4.563068540192677602e+00 9.386634521484375000e+02
4.566503292575208484e+00 9.404010620117187500e+02
4.569938044957740253e+00 9.426705932617187500e+02
4.573372797340271134e+00 9.329320068359375000e+02
4.576807549722802904e+00 9.276996459960937500e+02
4.580242302105333785e+00 9.265960693359375000e+02
4.583677054487865554e+00 9.275825195312500000e+02
4.587111806870395547e+00 9.166732788085937500e+02
4.590546559252927317e+00 9.143804931640625000e+02
4.593981311635458198e+00 9.211049194335937500e+02
4.597416064017989967e+00 9.231472167968750000e+02
4.600850816400520849e+00 9.229877319335937500e+02
4.604285568783052618e+00 9.323207397460937500e+02
4.607720321165583499e+00 9.333217163085937500e+02
4.611155073548115269e+00 9.218341674804687500e+02
4.614589825930645262e+00 9.113883056640625000e+02
4.618024578313177031e+00 9.299459228515625000e+02
4.621459330695707912e+00 9.401878662109375000e+02
4.624894083078238793e+00 9.329399414062500000e+02
4.628328835460770563e+00 9.274542236328125000e+02
4.631763587843301444e+00 9.270313110351562500e+02
4.635198340225833213e+00 9.307797241210937500e+02
4.638633092608363206e+00 9.282690429687500000e+02
4.642067844990894976e+00 9.321108398437500000e+02
4.645502597373425857e+00 9.291000366210937500e+02
4.648937349755957626e+00 9.347456054687500000e+02
4.652372102138488508e+00 9.319494628906250000e+02
4.655806854521020277e+00 9.329707641601562500e+02
4.659241606903551158e+00 9.399531250000000000e+02
4.662676359286082040e+00 9.536893920898437500e+02
4.666111111668612921e+00 9.501814575195312500e+02
4.669545864051144690e+00 9.409669189453125000e+02
4.672980616433675571e+00 9.354111328125000000e+02
4.676415368816207341e+00 9.422476196289062500e+02
4.679850121198738222e+00 9.512012939453125000e+02
4.683284873581269991e+00 9.549721679687500000e+02
4.686719625963800873e+00 9.588142089843750000e+02
4.690154378346331754e+00 9.559363403320312500e+02
4.693589130728862635e+00 9.541684570312500000e+02
4.697023883111393516e+00 9.551569213867187500e+02
4.700458635493925286e+00 9.532234497070312500e+02
4.703893387876456167e+00 9.492454833984375000e+02
4.707328140258987936e+00 9.523875732421875000e+02
4.710762892641518818e+00 9.685126953125000000e+02
4.714197645024049699e+00 9.757352294921875000e+02
4.717632397406580580e+00 9.788680419921875000e+02
4.721067149789112349e+00 9.821854248046875000e+02
4.724501902171643231e+00 9.925627441406250000e+02
4.727936654554175000e+00 9.991651000976562500e+02
4.731371406936705881e+00 1.012486572265625000e+03
4.734806159319237651e+00 1.042940673828125000e+03
4.738240911701767644e+00 1.079493774414062500e+03
4.741675664084299413e+00 1.141843017578125000e+03
4.745110416466830294e+00 1.288274658203125000e+03
4.748545168849362064e+00 1.625163940429687500e+03
4.751979921231892945e+00 2.218655517578125000e+03
4.755414673614424714e+00 3.351551757812500000e+03
4.758849425996955596e+00 4.757741210937500000e+03
4.762284178379487365e+00 6.011132324218750000e+03
4.765718930762017358e+00 6.476424316406250000e+03
4.769153683144549127e+00 6.543946777343750000e+03
4.772588435527080009e+00 6.064346679687500000e+03
4.776023187909610890e+00 5.148619628906250000e+03
4.779457940292142659e+00 3.990359375000000000e+03
4.782892692674673540e+00 2.956151855468750000e+03
4.786327445057205310e+00 2.150668945312500000e+03
4.789762197439735303e+00 1.592202270507812500e+03
4.793196949822267072e+00 1.319471923828125000e+03
4.796631702204797953e+00 1.162094604492187500e+03
4.800066454587329723e+00 1.085303710937500000e+03
4.803501206969860604e+00 1.043864135742187500e+03
4.806935959352392373e+00 1.019021850585937500e+03
4.810370711734923255e+00 1.014101440429687500e+03
4.813805464117454136e+00 1.009726440429687500e+03
4.817240216499985017e+00 1.002327209472656250e+03
4.820674968882516787e+00 9.899556274414062500e+02
4.824109721265047668e+00 9.833986206054687500e+02
4.827544473647579437e+00 9.786079101562500000e+02
4.830979226030110318e+00 9.689785156250000000e+02
4.834413978412642088e+00 9.614442138671875000e+02
4.837848730795172969e+00 9.693418579101562500e+02
4.841283483177703850e+00 9.764572753906250000e+02
4.844718235560234731e+00 9.721042480468750000e+02
4.848152987942766501e+00 9.599321899414062500e+02
4.851587740325297382e+00 9.558569335937500000e+02
4.855022492707828263e+00 9.489123535156250000e+02
4.858457245090360033e+00 9.488857421875000000e+02
4.861891997472890914e+00 9.511540527343750000e+02
4.865326749855421795e+00 9.510198364257812500e+02
4.868761502237952676e+00 9.457401733398437500e+02
4.872196254620484446e+00 9.370920410156250000e+02
4.875631007003015327e+00 9.263612670898437500e+02
4.879065759385547096e+00 9.270698242187500000e+02
4.882500511768077978e+00 9.317423706054687500e+02
4.885935264150609747e+00 9.318811645507812500e+02
4.889370016533139740e+00 9.298529052734375000e+02
4.892804768915671509e+00 9.236481933593750000e+02
4.896239521298202391e+00 9.244213256835937500e+02
4.899674273680734160e+00 9.221829223632812500e+02
4.903109026063265041e+00 9.290516357421875000e+02
4.906543778445796811e+00 9.322664184570312500e+02
4.909978530828327692e+00 9.311554565429687500e+02
4.913413283210858573e+00 9.348159179687500000e+02
4.916848035593389454e+00 9.455248413085937500e+02
4.920282787975921224e+00 9.559749755859375000e+02
4.923717540358452105e+00 9.508521118164062500e+02
4.927152292740982986e+00 9.478067016601562500e+02
4.930587045123514756e+00 9.478453979492187500e+02
4.934021797506045637e+00 9.572489013671875000e+02
4.937456549888577406e+00 9.672924804687500000e+02
4.940891302271107399e+00 9.645359497070312500e+02
4.944326054653639169e+00 9.600214843750000000e+02
4.947760807036170050e+00 9.590781860351562500e+02
4.951195559418701819e+00 9.671387329101562500e+02
4.954630311801232700e+00 9.707531127929687500e+02
4.958065064183764470e+00 9.710846557617187500e+02
4.961499816566295351e+00 9.770316162109375000e+02
4.964934568948826232e+00 9.798276367187500000e+02
4.968369321331357114e+00 9.895644531250000000e+02
4.971804073713888883e+00 1.006594909667968750e+03
4.975238826096419764e+00 1.017778503417968750e+03
4.978673578478951534e+00 1.023797485351562500e+03
4.982108330861482415e+00 1.029472778320312500e+03
4.985543083244014184e+00 1.042011962890625000e+03
4.988977835626544177e+00 1.051003051757812500e+03
4.992412588009075947e+00 1.056226074218750000e+03
4.995847340391606828e+00 1.064143798828125000e+03
4.999282092774138597e+00 1.075822753906250000e+03
5.002716845156669478e+00 1.087031616210937500e+03
5.006151597539200360e+00 1.094077270507812500e+03
5.009586349921732129e+00 1.107812866210937500e+03
5.013021102304263010e+00 1.130053710937500000e+03
5.016455854686793892e+00 1.162697143554687500e+03
5.019890607069324773e+00 1.206814941406250000e+03
5.023325359451856542e+00 1.271033081054687500e+03
5.026760111834387423e+00 1.369463378906250000e+03
5.030194864216919193e+00 1.538756347656250000e+03
5.033629616599450074e+00 1.877560180664062500e+03
5.037064368981981843e+00 2.602078857421875000e+03
5.040499121364511836e+00 4.196975097656250000e+03
5.043933873747043606e+00 7.116661132812500000e+03
5.047368626129574487e+00 1.143490234375000000e+04
5.050803378512106256e+00 1.620274511718750000e+04
5.054238130894637138e+00 1.979282226562500000e+04
5.057672883277168907e+00 2.132447265625000000e+04
5.061107635659699788e+00 2.057424414062500000e+04
5.064542388042230669e+00 1.762969335937500000e+04
5.067977140424761551e+00 1.324956445312500000e+04
5.071411892807293320e+00 9.143966796875000000e+03
5.074846645189824201e+00 5.883916015625000000e+03
5.078281397572355083e+00 3.738809082031250000e+03
5.081716149954886852e+00 2.455110351562500000e+03
5.085150902337417733e+00 1.856573608398437500e+03
5.088585654719949503e+00 1.528458374023437500e+03
5.092020407102479496e+00 1.373353393554687500e+03
5.095455159485011265e+00 1.273829833984375000e+03
5.098889911867542146e+00 1.222277099609375000e+03
5.102324664250073916e+00 1.187550292968750000e+03
5.105759416632604797e+00 1.158053344726562500e+03
5.109194169015136566e+00 1.124728149414062500e+03
5.112628921397667447e+00 1.099186279296875000e+03
5.116063673780198329e+00 1.084421997070312500e+03
5.119498426162729210e+00 1.079316894531250000e+03
5.122933178545260979e+00 1.068218383789062500e+03
5.126367930927791861e+00 1.053937744140625000e+03
5.129802683310323630e+00 1.036039550781250000e+03
5.133237435692854511e+00 1.031139038085937500e+03
5.136672188075386281e+00 1.028344360351562500e+03
5.140106940457916274e+00 1.020365600585937500e+03
5.143541692840448043e+00 1.009019470214843750e+03
5.146976445222978924e+00 1.004462097167968750e+03
5.150411197605510694e+00 1.000090332031250000e+03
5.153845949988041575e+00 9.973263549804687500e+02
5.157280702370572456e+00 9.909382324218750000e+02
5.160715454753104225e+00 9.892601928710937500e+02
5.164150207135635107e+00 9.814960937500000000e+02
5.167584959518165988e+00 9.770672607421875000e+02
5.171019711900696869e+00 9.719068603515625000e+02
5.174454464283228639e+00 9.649624023437500000e+02
5.177889216665759520e+00 9.678068847656250000e+02
5.181323969048291289e+00 9.662335205078125000e+02
5.184758721430822170e+00 9.669807739257812500e+02
5.188193473813353940e+00 9.627345581054687500e+02
5.191628226195883933e+00 9.629818115234375000e+02
5.195062978578415702e+00 9.601381835937500000e+02
5.198497730960946583e+00 9.538399047851562500e+02
5.201932483343478353e+00 9.464653930664062500e+02
5.205367235726009234e+00 9.416452026367187500e+02
5.208801988108541003e+00 9.430775146484375000e+02
5.212236740491071885e+00 9.441118164062500000e+02
5.215671492873602766e+00 9.426237792968750000e+02
5.219106245256133647e+00 9.401364746093750000e+02
5.222540997638665417e+00 9.502956542968750000e+02
5.225975750021196298e+00 9.555609741210937500e+02
5.229410502403727179e+00 9.513665771484375000e+02
5.232845254786258948e+00 9.409931640625000000e+02
5.236280007168789830e+00 9.448526000976562500e+02
5.239714759551321599e+00 9.530831298828125000e+02
5.243149511933851592e+00 9.681861572265625000e+02
5.246584264316383361e+00 9.766102294921875000e+02
5.250019016698914243e+00 9.854138793945312500e+02
5.253453769081446012e+00 9.878460693359375000e+02
5.256888521463976893e+00 9.874743041992187500e+02
5.260323273846508663e+00 9.951163330078125000e+02
5.263758026229039544e+00 1.002299072265625000e+03
5.267192778611570425e+00 1.010061828613281250e+03
5.270627530994101306e+00 1.010626098632812500e+03
5.274062283376633076e+00 1.020326904296875000e+03
5.277497035759163957e+00 1.034403930664062500e+03
5.280931788141695726e+00 1.049848632812500000e+03
5.284366540524226608e+00 1.064197387695312500e+03
5.287801292906758377e+00 1.077326416015625000e+03
5.291236045289288370e+00 1.098264526367187500e+03
5.294670797671820139e+00 1.125399047851562500e+03
5.298105550054351021e+00 1.172616699218750000e+03
5.301540302436882790e+00 1.250970825195312500e+03
5.304975054819413671e+00 1.386986328125000000e+03
5.308409807201944552e+00 1.688304199218750000e+03
5.311844559584476322e+00 2.327802978515625000e+03
5.315279311967006315e+00 3.780918701171875000e+03
5.318714064349538084e+00 6.253293945312500000e+03
5.322148816732068966e+00 9.855139648437500000e+03
5.325583569114600735e+00 1.323567578125000000e+04
5.329018321497131616e+00 1.594815527343750000e+04
5.332453073879663386e+00 1.642266796875000000e+04
5.335887826262194267e+00 1.536373339843750000e+04
5.339322578644726036e+00 1.253705078125000000e+04
5.342757331027256029e+00 9.165190429687500000e+03
5.346192083409787799e+00 5.869058593750000000e+03
5.349626835792318680e+00 3.766088378906250000e+03
5.353061588174850449e+00 2.479092285156250000e+03
5.356496340557381330e+00 1.821987548828125000e+03
5.359931092939913100e+00 1.455317138671875000e+03
5.363365845322443981e+00 1.293723266601562500e+03
5.366800597704974862e+00 1.198844848632812500e+03
5.370235350087505743e+00 1.147794921875000000e+03
5.373670102470037513e+00 1.117860351562500000e+03
5.377104854852568394e+00 1.090917724609375000e+03
5.380539607235100164e+00 1.065942504882812500e+03
5.383974359617631045e+00 1.049502075195312500e+03
5.387409112000161926e+00 1.037770141601562500e+03
5.390843864382692807e+00 1.027852050781250000e+03
5.394278616765223688e+00 1.017996337890625000e+03
5.397713369147755458e+00 1.008673706054687500e+03
5.401148121530286339e+00 1.004723571777343750e+03
5.404582873912818108e+00 1.004177551269531250e+03
5.408017626295348990e+00 9.981600952148437500e+02
5.411452378677880759e+00 9.839271240234375000e+02
5.414887131060411640e+00 9.756056518554687500e+02
5.418321883442942521e+00 9.781571655273437500e+02
5.421756635825473403e+00 9.725197143554687500e+02
5.425191388208005172e+00 9.681219482421875000e+02
5.428626140590536053e+00 9.707524414062500000e+02
5.432060892973067823e+00 9.679128417968750000e+02
5.435495645355598704e+00 9.492477416992187500e+02
5.438930397738130473e+00 9.413168945312500000e+02
5.442365150120660466e+00 9.488386840820312500e+02
5.445799902503192236e+00 9.557124023437500000e+02
5.449234654885723117e+00 9.474841918945312500e+02
5.452669407268254886e+00 9.302363891601562500e+02
5.456104159650785768e+00 9.218533325195312500e+02
5.459538912033316649e+00 9.189841308593750000e+02
5.462973664415848418e+00 9.195090332031250000e+02
5.466408416798379299e+00 9.244871826171875000e+02
5.469843169180910181e+00 9.260440063476562500e+02
5.473277921563441062e+00 9.284716186523437500e+02
5.476712673945972831e+00 9.245112304687500000e+02
5.480147426328503713e+00 9.223401489257812500e+02
5.483582178711035482e+00 9.234968872070312500e+02
5.487016931093566363e+00 9.252061157226562500e+02
5.490451683476098133e+00 9.257742309570312500e+02
5.493886435858628126e+00 9.264801025390625000e+02
5.497321188241159895e+00 9.270377197265625000e+02
5.500755940623690776e+00 9.331593017578125000e+02
5.504190693006222546e+00 9.399862060546875000e+02
5.507625445388753427e+00 9.459882812500000000e+02
5.511060197771285196e+00 9.407681884765625000e+02
5.514494950153816077e+00 9.414955444335937500e+02
5.517929702536346959e+00 9.506734008789062500e+02
5.521364454918877840e+00 9.575650024414062500e+02
5.524799207301409609e+00 9.567546997070312500e+02
5.528233959683940490e+00 9.560548095703125000e+02
5.531668712066472260e+00 9.633435058593750000e+02
5.535103464449003141e+00 9.679915161132812500e+02
5.538538216831534022e+00 9.708717041015625000e+02
5.541972969214064904e+00 9.736662597656250000e+02
5.545407721596595785e+00 9.868037109375000000e+02
5.548842473979127554e+00 1.005009033203125000e+03
5.552277226361658435e+00 1.018594848632812500e+03
5.555711978744190205e+00 1.037636352539062500e+03
5.559146731126721086e+00 1.063952636718750000e+03
5.562581483509252855e+00 1.116903686523437500e+03
5.566016235891783737e+00 1.221163574218750000e+03
5.569450988274314618e+00 1.458067993164062500e+03
5.572885740656845499e+00 1.914710937500000000e+03
5.576320493039377268e+00 2.842323242187500000e+03
5.579755245421908150e+00 4.578062011718750000e+03
5.583189997804439919e+00 6.521713867187500000e+03
5.586624750186970800e+00 8.792178710937500000e+03
5.590059502569502570e+00 1.047217382812500000e+04
5.593494254952032563e+00 1.125848339843750000e+04
5.596929007334564332e+00 1.033050195312500000e+04
5.600363759717095213e+00 8.815412109375000000e+03
5.603798512099626983e+00 6.481255371093750000e+03
5.607233264482157864e+00 4.314971679687500000e+03
5.610668016864688745e+00 2.875842529296875000e+03
5.614102769247220515e+00 2.002972167968750000e+03
5.617537521629751396e+00 1.497628173828125000e+03
5.620972274012282277e+00 1.278326293945312500e+03
5.624407026394813158e+00 1.158039062500000000e+03
5.627841778777344928e+00 1.092090942382812500e+03
5.631276531159875809e+00 1.060769165039062500e+03
5.634711283542407578e+00 1.032637573242187500e+03
5.638146035924938460e+00 1.018091308593750000e+03
5.641580788307470229e+00 9.943073120117187500e+02
5.645015540690000222e+00 9.807992553710937500e+02
5.648450293072531991e+00 9.686869506835937500e+02
5.651885045455062873e+00 9.617875366210937500e+02
5.655319797837594642e+00 9.567454833984375000e+02
5.658754550220125523e+00 9.534649047851562500e+02
5.662189302602657293e+00 9.481587524414062500e+02
5.665624054985188174e+00 9.416406860351562500e+02
5.669058807367719055e+00 9.334451293945312500e+02
5.672493559750249936e+00 9.367074584960937500e+02
5.675928312132781706e+00 9.306271362304687500e+02
5.679363064515312587e+00 9.246709594726562500e+02
5.682797816897844356e+00 9.165396728515625000e+02
5.686232569280375237e+00 9.103699951171875000e+02
5.689667321662906119e+00 9.062336425781250000e+02
5.693102074045437000e+00 9.088626098632812500e+02
5.696536826427967881e+00 9.093521728515625000e+02
5.699971578810499651e+00 9.036316528320312500e+02
5.703406331193030532e+00 8.919331665039062500e+02
5.706841083575562301e+00 8.892488403320312500e+02
5.710275835958093182e+00 8.909328002929687500e+02
5.713710588340624952e+00 8.967633666992187500e+02
5.717145340723154945e+00 8.947400512695312500e+02
5.720580093105686714e+00 8.933881225585937500e+02
5.724014845488217595e+00 8.909270019531250000e+02
5.727449597870749365e+00 8.922610473632812500e+02
5.730884350253280246e+00 8.944700927734375000e+02
5.734319102635812015e+00 8.867158813476562500e+02
5.737753855018342897e+00 8.869433593750000000e+02
5.741188607400874666e+00 8.893071899414062500e+02
5.744623359783404659e+00 8.891158447265625000e+02
5.748058112165936429e+00 8.806091308593750000e+02
5.751492864548467310e+00 8.804467163085937500e+02
5.754927616930999079e+00 8.815922851562500000e+02
5.758362369313529960e+00 8.761744995117187500e+02
5.761797121696060842e+00 8.705578613281250000e+02
5.765231874078592611e+00 8.708981323242187500e+02
5.768666626461123492e+00 8.733417358398437500e+02
5.772101378843654373e+00 8.725360107421875000e+02
5.775536131226185255e+00 8.756458129882812500e+02
5.778970883608717024e+00 8.830304565429687500e+02
5.782405635991247905e+00 8.836437988281250000e+02
5.785840388373779675e+00 8.773361816406250000e+02
5.789275140756310556e+00 8.718087158203125000e+02
5.792709893138841437e+00 8.759500122070312500e+02
5.796144645521372318e+00 8.798684692382812500e+02
5.799579397903904088e+00 8.771322631835937500e+02
5.803014150286434969e+00 8.789576416015625000e+02
5.806448902668966738e+00 8.906878051757812500e+02
5.809883655051497620e+00 8.945717773437500000e+02
5.813318407434029389e+00 9.072922363281250000e+02
5.816753159816560270e+00 9.384273071289062500e+02
5.820187912199091151e+00 1.034306396484375000e+03
5.823622664581622033e+00 1.162585693359375000e+03
5.827057416964153802e+00 1.478310546875000000e+03
5.830492169346684683e+00 1.802828491210937500e+03
5.833926921729216453e+00 2.195832519531250000e+03
5.837361674111747334e+00 2.430682128906250000e+03
5.840796426494278215e+00 2.667739013671875000e+03
5.844231178876809096e+00 2.603705078125000000e+03
5.847665931259339978e+00 2.393002197265625000e+03
5.851100683641871747e+00 1.988826171875000000e+03
5.854535436024402628e+00 1.582374633789062500e+03
5.857970188406934398e+00 1.289734375000000000e+03
5.861404940789465279e+00 1.100847656250000000e+03
5.864839693171997048e+00 9.928907470703125000e+02
5.868274445554527041e+00 9.385235595703125000e+02
5.871709197937058811e+00 9.062607421875000000e+02
5.875143950319589692e+00 8.889461669921875000e+02
5.878578702702121461e+00 8.808322753906250000e+02
5.882013455084652342e+00 8.756046752929687500e+02
5.885448207467184112e+00 8.753528442382812500e+02
5.888882959849714993e+00 8.817927856445312500e+02
5.892317712232246762e+00 8.876534423828125000e+02
5.895752464614776756e+00 8.890961914062500000e+02
5.899187216997308525e+00 8.823236694335937500e+02
5.902621969379839406e+00 8.740971069335937500e+02
5.906056721762371176e+00 8.742425537109375000e+02
5.909491474144902057e+00 8.785342407226562500e+02
5.912926226527432938e+00 8.701017456054687500e+02
5.916360978909964707e+00 8.608478393554687500e+02
5.919795731292495589e+00 8.628371582031250000e+02
5.923230483675026470e+00 8.640932617187500000e+02
5.926665236057557351e+00 8.683973388671875000e+02
5.930099988440089120e+00 8.673215332031250000e+02
5.933534740822620002e+00 8.628110351562500000e+02
5.936969493205151771e+00 8.611961059570312500e+02
5.940404245587682652e+00 8.699725341796875000e+02
5.943838997970213534e+00 8.728507690429687500e+02
5.947273750352744415e+00 8.711450195312500000e+02
5.950708502735276184e+00 8.748242797851562500e+02
5.954143255117807065e+00 8.772871093750000000e+02
5.957578007500338835e+00 8.815265502929687500e+02
5.961012759882869716e+00 8.752932739257812500e+02
5.964447512265401485e+00 8.729359130859375000e+02
5.967882264647932367e+00 8.751519165039062500e+02
5.971317017030463248e+00 8.739312133789062500e+02
5.974751769412994129e+00 8.788532714843750000e+02
5.978186521795525898e+00 8.818612060546875000e+02
5.981621274178056780e+00 8.843867187500000000e+02
5.985056026560588549e+00 8.830733032226562500e+02
5.988490778943119430e+00 8.794477539062500000e+02
5.991925531325650311e+00 8.755493164062500000e+02
5.995360283708181193e+00 8.731973266601562500e+02
5.998795036090712074e+00 8.693314208984375000e+02
6.002229788473243843e+00 8.731950073242187500e+02
6.005664540855774725e+00 8.768422241210937500e+02
6.009099293238306494e+00 8.860311279296875000e+02
6.012534045620837375e+00 8.855227050781250000e+02
6.015968798003369145e+00 8.890789184570312500e+02
6.019403550385899138e+00 9.005281372070312500e+02
6.022838302768430907e+00 9.074453735351562500e+02
6.026273055150961788e+00 9.121495971679687500e+02
6.029707807533493558e+00 9.184245605468750000e+02
6.033142559916024439e+00 9.198716430664062500e+02
6.036577312298556208e+00 9.274613037109375000e+02
6.040012064681087089e+00 9.421541137695312500e+02
6.043446817063618859e+00 9.588384399414062500e+02
6.046881569446148852e+00 9.812650756835937500e+02
6.050316321828680621e+00 1.028779174804687500e+03
6.053751074211211503e+00 1.112760375976562500e+03
6.057185826593743272e+00 1.298693847656250000e+03
6.060620578976274153e+00 1.642013061523437500e+03
6.064055331358805923e+00 2.428364746093750000e+03
6.067490083741336804e+00 3.469693847656250000e+03
6.070924836123867685e+00 4.737204101562500000e+03
6.074359588506398566e+00 5.676234863281250000e+03
6.077794340888929447e+00 6.387637695312500000e+03
6.081229093271461217e+00 6.500570312500000000e+03
6.084663845653992098e+00 6.035925292968750000e+03
6.088098598036523867e+00 4.975812500000000000e+03
6.091533350419054749e+00 3.835922607421875000e+03
6.094968102801585630e+00 2.799607421875000000e+03
6.098402855184116511e+00 2.005172607421875000e+03
6.101837607566648281e+00 1.538625976562500000e+03
6.105272359949179162e+00 1.256990844726562500e+03
6.108707112331710931e+00 1.117157226562500000e+03
6.112141864714241812e+00 1.042544921875000000e+03
6.115576617096773582e+00 9.949013671875000000e+02
6.119011369479304463e+00 9.694624023437500000e+02
6.122446121861835344e+00 9.497116088867187500e+02
6.125880874244366225e+00 9.390174560546875000e+02
6.129315626626897995e+00 9.290310058593750000e+02
6.132750379009428876e+00 9.259431152343750000e+02
6.136185131391960645e+00 9.196445312500000000e+02
6.139619883774491527e+00 9.148471679687500000e+02
6.143054636157022408e+00 9.037785644531250000e+02
6.146489388539553289e+00 8.938166503906250000e+02
6.149924140922085058e+00 8.867871093750000000e+02
6.153358893304615940e+00 8.948153686523437500e+02
6.156793645687146821e+00 9.072664794921875000e+02
6.160228398069678590e+00 9.066242065429687500e+02
6.163663150452209472e+00 9.001379394531250000e+02
6.167097902834741241e+00 9.000294189453125000e+02
6.170532655217271234e+00 9.013009033203125000e+02
6.173967407599803003e+00 8.988961791992187500e+02
6.177402159982333885e+00 8.907337036132812500e+02
6.180836912364865654e+00 8.847611694335937500e+02
6.184271664747396535e+00 8.899611816406250000e+02
6.187706417129928305e+00 8.965509033203125000e+02
6.191141169512459186e+00 8.948201293945312500e+02
6.194575921894990067e+00 8.962641601562500000e+02
6.198010674277520948e+00 8.982943725585937500e+02
6.201445426660052718e+00 8.916916503906250000e+02
6.204880179042583599e+00 8.911624145507812500e+02
6.208314931425115368e+00 8.953074951171875000e+02
6.211749683807646250e+00 9.035281982421875000e+02
6.215184436190178019e+00 9.095499877929687500e+02
6.218619188572708900e+00 9.116226196289062500e+02
6.222053940955239781e+00 9.094053344726562500e+02
6.225488693337770663e+00 9.164396362304687500e+02
6.228923445720301544e+00 9.288016967773437500e+02
6.232358198102833313e+00 9.341318969726562500e+02
6.235792950485364194e+00 9.391516723632812500e+02
6.239227702867895964e+00 9.463045654296875000e+02
6.242662455250426845e+00 9.507838134765625000e+02
6.246097207632957726e+00 9.513970336914062500e+02
6.249531960015488607e+00 9.528301391601562500e+02
6.252966712398020377e+00 9.580462036132812500e+02
6.256401464780551258e+00 9.724788208007812500e+02
6.259836217163083028e+00 9.821929321289062500e+02
6.263270969545613909e+00 1.003206481933593750e+03
6.266705721928145678e+00 1.023973876953125000e+03
6.270140474310675671e+00 1.055571777343750000e+03
6.273575226693207441e+00 1.084194213867187500e+03
6.277009979075738322e+00 1.129665893554687500e+03
6.280444731458270091e+00 1.224095458984375000e+03
6.283879483840800972e+00 1.402720947265625000e+03
6.287314236223332742e+00 1.806079589843750000e+03
6.290748988605863623e+00 2.583706054687500000e+03
6.294183740988394504e+00 4.167003906250000000e+03
6.297618493370925385e+00 6.416223144531250000e+03
6.301053245753457155e+00 9.271458007812500000e+03
6.304487998135988036e+00 1.167432519531250000e+04
6.307922750518518917e+00 1.369885742187500000e+04
6.311357502901050687e+00 1.383336035156250000e+04
6.314792255283581568e+00 1.286315820312500000e+04
6.318227007666113337e+00 1.030723535156250000e+04
6.321661760048643330e+00 7.696534179687500000e+03
6.325096512431175100e+00 5.243565429687500000e+03
6.328531264813705981e+00 3.556610351562500000e+03
6.331966017196237750e+00 2.425782958984375000e+03
6.335400769578768632e+00 1.793433715820312500e+03
6.338835521961300401e+00 1.416426879882812500e+03
6.342270274343831282e+00 1.233649780273437500e+03
6.345705026726362163e+00 1.141857421875000000e+03
6.349139779108893045e+00 1.088671508789062500e+03
6.352574531491424814e+00 1.056657592773437500e+03
6.356009283873955695e+00 1.027817260742187500e+03
6.359444036256487465e+00 1.006508056640625000e+03
6.362878788639018346e+00 9.966762084960937500e+02
6.366313541021550115e+00 9.949243774414062500e+02
6.369748293404080997e+00 9.814329223632812500e+02
6.373183045786611878e+00 9.627487182617187500e+02
6.376617798169142759e+00 9.467308959960937500e+02
6.380052550551673640e+00 9.242512817382812500e+02
6.383487302934205410e+00 9.035376586914062500e+02
6.386922055316736291e+00 8.960916748046875000e+02
6.390356807699268060e+00 8.965343627929687500e+02
6.393791560081798941e+00 9.098133544921875000e+02
6.397226312464329823e+00 9.094607543945312500e+02
6.400661064846860704e+00 9.023015136718750000e+02
6.404095817229392473e+00 9.036342773437500000e+02
6.407530569611923355e+00 9.041981811523437500e+02
6.410965321994455124e+00 9.066322021484375000e+02
6.414400074376986005e+00 9.039729003906250000e+02
6.417834826759517775e+00 8.994067993164062500e+02
6.421269579142047768e+00 8.919014892578125000e+02
6.424704331524579537e+00 8.892518310546875000e+02
6.428139083907110418e+00 8.871596679687500000e+02
6.431573836289642188e+00 8.812405395507812500e+02
6.435008588672173069e+00 8.794497070312500000e+02
6.438443341054704838e+00 8.824719848632812500e+02
6.441878093437235719e+00 8.818570556640625000e+02
6.445312845819766601e+00 8.786578979492187500e+02
6.448747598202297482e+00 8.771191406250000000e+02
6.452182350584829251e+00 8.695429077148437500e+02
6.455617102967360132e+00 8.632569580078125000e+02
6.459051855349891014e+00 8.614674072265625000e+02
6.462486607732422783e+00 8.626599731445312500e+02
6.465921360114953664e+00 8.660150146484375000e+02
6.469356112497485434e+00 8.694288330078125000e+02
6.472790864880015427e+00 8.686484985351562500e+02
6.476225617262547196e+00 8.644600830078125000e+02
6.479660369645078077e+00 8.705924072265625000e+02
6.483095122027609847e+00 8.673920898437500000e+02
6.486529874410140728e+00 8.631231079101562500e+02
6.489964626792672497e+00 8.566110839843750000e+02
6.493399379175203379e+00 8.622470703125000000e+02
6.496834131557734260e+00 8.581380004882812500e+02
6.500268883940265141e+00 8.558723754882812500e+02
6.503703636322796910e+00 8.534519042968750000e+02
6.507138388705327792e+00 8.508208618164062500e+02
6.510573141087859561e+00 8.524530639648437500e+02
6.514007893470390442e+00 8.523149414062500000e+02
6.517442645852922212e+00 8.556128540039062500e+02
6.520877398235453093e+00 8.546524658203125000e+02
6.524312150617983974e+00 8.503605346679687500e+02
6.527746903000514855e+00 8.494852905273437500e+02
6.531181655383045737e+00 8.423530883789062500e+02
6.534616407765577506e+00 8.430612792968750000e+02
6.538051160148108387e+00 8.458319091796875000e+02
6.541485912530640157e+00 8.479136962890625000e+02
6.544920664913171038e+00 8.472897338867187500e+02
6.548355417295701919e+00 8.445015258789062500e+02
6.551790169678232800e+00 8.455961914062500000e+02
6.555224922060764570e+00 8.532205200195312500e+02
6.558659674443295451e+00 8.550810546875000000e+02
6.562094426825827220e+00 8.527454223632812500e+02
6.565529179208358102e+00 8.475651855468750000e+02
6.568963931590889871e+00 8.433642578125000000e+02
6.572398683973419864e+00 8.437127685546875000e+02
6.575833436355951633e+00 8.441529541015625000e+02
6.579268188738482515e+00 8.423046875000000000e+02
6.582702941121014284e+00 8.374298706054687500e+02
6.586137693503545165e+00 8.398560180664062500e+02
6.589572445886076935e+00 8.430598144531250000e+02
6.593007198268607816e+00 8.469446411132812500e+02
6.596441950651138697e+00 8.503991088867187500e+02
6.599876703033669578e+00 8.471827392578125000e+02
6.603311455416201348e+00 8.403797607421875000e+02
6.606746207798732229e+00 8.342016601562500000e+02
6.610180960181263110e+00 8.405361938476562500e+02
6.613615712563794879e+00 8.466265869140625000e+02
6.617050464946325761e+00 8.517003173828125000e+02
6.620485217328857530e+00 8.522167968750000000e+02
6.623919969711387523e+00 8.514174194335937500e+02
6.627354722093919293e+00 8.477318725585937500e+02
6.630789474476450174e+00 8.484053344726562500e+02
6.634224226858981943e+00 8.398735961914062500e+02
6.637658979241512824e+00 8.420269165039062500e+02
6.641093731624044594e+00 8.465359497070312500e+02
6.644528484006575475e+00 8.421206665039062500e+02
6.647963236389106356e+00 8.459694824218750000e+02
6.651397988771637237e+00 8.555984497070312500e+02
6.654832741154169007e+00 8.568170776367187500e+02
6.658267493536699888e+00 8.472276611328125000e+02
6.661702245919231657e+00 8.440192260742187500e+02
6.665136998301762539e+00 8.464227294921875000e+02
6.668571750684294308e+00 8.553732910156250000e+02
6.672006503066824301e+00 8.600379028320312500e+02
6.675441255449356071e+00 8.618652343750000000e+02
6.678876007831886952e+00 8.617848510742187500e+02
6.682310760214417833e+00 8.626432495117187500e+02
6.685745512596949602e+00 8.610205078125000000e+02
6.689180264979480484e+00 8.657612304687500000e+02
6.692615017362012253e+00 8.648113403320312500e+02
6.696049769744543134e+00 8.608456420898437500e+02
6.699484522127074015e+00 8.592619018554687500e+02
6.702919274509604897e+00 8.640491943359375000e+02
6.706354026892136666e+00 8.722160644531250000e+02
6.709788779274667547e+00 8.730255126953125000e+02
6.713223531657199317e+00 8.787318115234375000e+02
6.716658284039730198e+00 8.977304077148437500e+02
6.720093036422261967e+00 9.264051513671875000e+02
6.723527788804791960e+00 9.775790405273437500e+02
6.726962541187323730e+00 1.079920166015625000e+03
6.730397293569854611e+00 1.300594848632812500e+03
6.733832045952386380e+00 1.676680908203125000e+03
6.737266798334917262e+00 2.144474121093750000e+03
6.740701550717449031e+00 2.582941650390625000e+03
6.744136303099979912e+00 2.843014404296875000e+03
6.747571055482510793e+00 2.841802001953125000e+03
6.751005807865041675e+00 2.650227050781250000e+03
6.754440560247573444e+00 2.292925292968750000e+03
6.757875312630104325e+00 1.889548339843750000e+03
6.761310065012635206e+00 1.552689697265625000e+03
6.764744817395166976e+00 1.270568481445312500e+03
6.768179569777697857e+00 1.112151245117187500e+03
6.771614322160229626e+00 9.978873901367187500e+02
6.775049074542759620e+00 9.441658325195312500e+02
6.778483826925291389e+00 9.106865844726562500e+02
6.781918579307822270e+00 9.029536132812500000e+02
6.785353331690354040e+00 8.943987426757812500e+02
6.788788084072884921e+00 8.893027343750000000e+02
6.792222836455416690e+00 8.896406860351562500e+02
6.795657588837947571e+00 8.799747314453125000e+02
6.799092341220478453e+00 8.737857055664062500e+02
6.802527093603009334e+00 8.772725830078125000e+02
6.805961845985541103e+00 8.816193237304687500e+02
6.809396598368071984e+00 8.722987060546875000e+02
6.812831350750603754e+00 8.687213745117187500e+02
6.816266103133134635e+00 8.687997436523437500e+02
6.819700855515666404e+00 8.708819580078125000e+02
6.823135607898196398e+00 8.691971435546875000e+02
6.826570360280728167e+00 8.711685791015625000e+02
6.830005112663259048e+00 8.785681152343750000e+02
6.833439865045790818e+00 8.831555175781250000e+02
6.836874617428321699e+00 8.824914550781250000e+02
6.840309369810852580e+00 8.769654541015625000e+02
6.843744122193384349e+00 8.861257324218750000e+02
6.847178874575915231e+00 8.976630249023437500e+02
6.850613626958446112e+00 8.989729003906250000e+02
6.854048379340976993e+00 8.940083007812500000e+02
6.857483131723508762e+00 8.940182495117187500e+02
6.860917884106039644e+00 8.906033935546875000e+02
6.864352636488571413e+00 8.874730834960937500e+02
6.867787388871102294e+00 8.983614501953125000e+02
6.871222141253634064e+00 9.059125976562500000e+02
6.874656893636164057e+00 9.111741943359375000e+02
6.878091646018695826e+00 9.090834350585937500e+02
6.881526398401226707e+00 9.110169067382812500e+02
6.884961150783758477e+00 9.144892578125000000e+02
6.888395903166289358e+00 9.297630004882812500e+02
6.891830655548821127e+00 9.378648681640625000e+02
6.895265407931352009e+00 9.411680908203125000e+02
6.898700160313882890e+00 9.423765869140625000e+02
6.902134912696413771e+00 9.484035034179687500e+02
6.905569665078945540e+00 9.640640258789062500e+02
6.909004417461476422e+00 9.791591186523437500e+02
6.912439169844007303e+00 9.965065307617187500e+02
6.915873922226539072e+00 1.015144409179687500e+03
6.919308674609069953e+00 1.054960205078125000e+03
6.922743426991601723e+00 1.115182373046875000e+03
6.926178179374131716e+00 1.228994506835937500e+03
6.929612931756663485e+00 1.445855346679687500e+03
6.933047684139194367e+00 1.958035156250000000e+03
6.936482436521726136e+00 2.870270263671875000e+03
6.939917188904257017e+00 4.753416992187500000e+03
6.943351941286788787e+00 6.669078613281250000e+03
6.946786693669319668e+00 8.836969726562500000e+03
6.950221446051850549e+00 1.002496093750000000e+04
6.953656198434381430e+00 1.047268164062500000e+04
6.957090950816913200e+00 9.536877929687500000e+03
6.960525703199444081e+00 8.299682617187500000e+03
6.963960455581975850e+00 6.471568847656250000e+03
6.967395207964506731e+00 4.820388183593750000e+03
6.970829960347038501e+00 3.358227294921875000e+03
6.974264712729568494e+00 2.421683105468750000e+03
6.977699465112100263e+00 1.795939453125000000e+03
6.981134217494631145e+00 1.430792114257812500e+03
6.984568969877162914e+00 1.223956054687500000e+03
6.988003722259693795e+00 1.114762329101562500e+03
6.991438474642224676e+00 1.060306396484375000e+03
6.994873227024756446e+00 1.036561645507812500e+03
6.998307979407287327e+00 1.018191345214843750e+03
7.001742731789818208e+00 1.000417480468750000e+03
7.005177484172349089e+00 9.862439575195312500e+02
7.008612236554880859e+00 9.702006835937500000e+02
7.012046988937411740e+00 9.606279907226562500e+02
7.015481741319943509e+00 9.512625122070312500e+02
7.018916493702474391e+00 9.462711181640625000e+02
7.022351246085006160e+00 9.435233764648437500e+02
7.025785998467536153e+00 9.409984741210937500e+02
7.029220750850067922e+00 9.297718505859375000e+02
7.032655503232598804e+00 9.211693725585937500e+02
7.036090255615130573e+00 9.213548583984375000e+02
7.039525007997661454e+00 9.210010375976562500e+02
7.042959760380193224e+00 9.158866577148437500e+02
7.046394512762724105e+00 9.106744384765625000e+02
7.049829265145254986e+00 9.146638793945312500e+02
7.053264017527785867e+00 9.172397460937500000e+02
7.056698769910317637e+00 9.113896484375000000e+02
7.060133522292848518e+00 9.086173095703125000e+02
7.063568274675379399e+00 9.075790405273437500e+02
7.067003027057911169e+00 9.079564208984375000e+02
7.070437779440442050e+00 8.997435302734375000e+02
7.073872531822972931e+00 9.057575073242187500e+02
7.077307284205503812e+00 9.147804565429687500e+02
7.080742036588035582e+00 9.232976074218750000e+02
7.084176788970566463e+00 9.188607177734375000e+02
7.087611541353098232e+00 9.187105102539062500e+02
7.091046293735629114e+00 9.153988647460937500e+02
7.094481046118160883e+00 9.188653564453125000e+02
7.097915798500691764e+00 9.298966674804687500e+02
7.101350550883222645e+00 9.401821289062500000e+02
7.104785303265753527e+00 9.418185424804687500e+02
7.108220055648285296e+00 9.494938964843750000e+02
7.111654808030816177e+00 9.631135864257812500e+02
7.115089560413347947e+00 9.853304443359375000e+02
7.118524312795878828e+00 1.002537658691406250e+03
7.121959065178410597e+00 1.023257812500000000e+03
7.125393817560940590e+00 1.061586181640625000e+03
7.128828569943472360e+00 1.142811157226562500e+03
7.132263322326003241e+00 1.313335327148437500e+03
7.135698074708535010e+00 1.665143066406250000e+03
7.139132827091065892e+00 2.321610839843750000e+03
7.142567579473596773e+00 3.427767333984375000e+03
7.146002331856128542e+00 4.865729003906250000e+03
7.149437084238658535e+00 6.484732910156250000e+03
7.152871836621190305e+00 7.915936523437500000e+03
7.156306589003721186e+00 8.453023437500000000e+03
7.159741341386252955e+00 8.233602539062500000e+03
7.163176093768782948e+00 7.086266601562500000e+03
7.166610846151314718e+00 5.480817382812500000e+03
7.170045598533845599e+00 3.873620361328125000e+03
7.173480350916377368e+00 2.780882324218750000e+03
7.176915103298908249e+00 2.023487182617187500e+03
7.180349855681440019e+00 1.550912109375000000e+03
7.183784608063970900e+00 1.293989379882812500e+03
7.187219360446502670e+00 1.129592529296875000e+03
7.190654112829033551e+00 1.054710205078125000e+03
7.194088865211565320e+00 1.009188720703125000e+03
7.197523617594096201e+00 9.865618286132812500e+02
7.200958369976627971e+00 9.688847656250000000e+02
7.204393122359158852e+00 9.588640747070312500e+02
7.207827874741689733e+00 9.484107666015625000e+02
7.211262627124221503e+00 9.448792114257812500e+02
7.214697379506751496e+00 9.350086059570312500e+02
7.218132131889282377e+00 9.235325927734375000e+02
7.221566884271814146e+00 9.153538208007812500e+02
7.225001636654345027e+00 9.110716552734375000e+02
7.228436389036875909e+00 9.065156250000000000e+02
7.231871141419407678e+00 9.034341430664062500e+02
7.235305893801938559e+00 9.023051147460937500e+02
7.238740646184470329e+00 9.002257690429687500e+02
7.242175398567001210e+00 8.942838745117187500e+02
7.245610150949532979e+00 8.919587402343750000e+02
7.249044903332063861e+00 8.931515502929687500e+02
7.252479655714595630e+00 8.903921508789062500e+02
7.255914408097126511e+00 8.857598876953125000e+02
7.259349160479658281e+00 8.818638305664062500e+02
7.262783912862187385e+00 8.877612915039062500e+02
7.266218665244719155e+00 8.897457885742187500e+02
7.269653417627250036e+00 8.894025268554687500e+02
7.273088170009781805e+00 8.846342163085937500e+02
7.276522922392312687e+00 8.822047729492187500e+02
7.279957674774844456e+00 8.786754760742187500e+02
7.283392427157375337e+00 8.808924560546875000e+02
7.286827179539907107e+00 8.855797729492187500e+02
7.290261931922437988e+00 8.830845336914062500e+02
7.293696684304968869e+00 8.754634399414062500e+02
7.297131436687500639e+00 8.779484252929687500e+02
7.300566189070031520e+00 8.848945922851562500e+02
7.304000941452563289e+00 8.883892211914062500e+02
7.307435693835094170e+00 8.894578247070312500e+02
7.310870446217625940e+00 8.905638427734375000e+02
7.314305198600155045e+00 8.974461059570312500e+02
7.317739950982686814e+00 9.119112548828125000e+02
7.321174703365217695e+00 9.293325805664062500e+02
7.324609455747749465e+00 9.566876831054687500e+02
7.328044208130280346e+00 1.012627075195312500e+03
7.331478960512812115e+00 1.136220703125000000e+03
7.334913712895342996e+00 1.400333984375000000e+03
7.338348465277874766e+00 1.814546875000000000e+03
7.341783217660405647e+00 2.385955810546875000e+03
7.345217970042937417e+00 3.004623046875000000e+03
7.348652722425468298e+00 3.621560791015625000e+03
7.352087474808000067e+00 3.839669921875000000e+03
7.355522227190530948e+00 3.715854492187500000e+03
7.358956979573061830e+00 3.253491455078125000e+03
7.362391731955593599e+00 2.695106445312500000e+03
7.365826484338123592e+00 2.108401367187500000e+03
7.369261236720654473e+00 1.669920898437500000e+03
7.372695989103186243e+00 1.343594726562500000e+03
7.376130741485717124e+00 1.133532226562500000e+03
7.379565493868248005e+00 1.016551208496093750e+03
7.383000246250779774e+00 9.514131469726562500e+02
7.386434998633310656e+00 9.115763549804687500e+02
7.389869751015842425e+00 8.727799072265625000e+02
7.393304503398373306e+00 8.494743041992187500e+02
7.396739255780905076e+00 8.385262451171875000e+02
7.400174008163435957e+00 8.285903320312500000e+02
7.403608760545967726e+00 8.199219360351562500e+02
7.407043512928498608e+00 8.106659545898437500e+02
7.410478265311030377e+00 7.962426757812500000e+02
7.413913017693559482e+00 7.894657592773437500e+02
7.417347770076091251e+00 7.902625122070312500e+02
7.420782522458622132e+00 7.881697998046875000e+02
7.424217274841153902e+00 7.805438842773437500e+02
7.427652027223684783e+00 7.749144287109375000e+02
7.431086779606216552e+00 7.729691162109375000e+02
7.434521531988747434e+00 7.755496826171875000e+02
7.437956284371279203e+00 7.775412597656250000e+02
