# # sector 11: chi = -65.01 deg (range [-70, -60))
# # columns: 2theta(deg)  intensity
1.052751605245807909e+00 1.266330810546875000e+03
1.056186357628339012e+00 1.264971557617187500e+03
1.059621110010870337e+00 1.246842041015625000e+03
1.063055862393401441e+00 1.246716552734375000e+03
1.066490614775932544e+00 1.251947509765625000e+03
1.069925367158463869e+00 1.264471557617187500e+03
1.073360119540994972e+00 1.267092651367187500e+03
1.076794871923526298e+00 1.272034790039062500e+03
1.080229624306057401e+00 1.269274902343750000e+03
1.083664376688588726e+00 1.272775268554687500e+03
1.087099129071119830e+00 1.269564453125000000e+03
1.090533881453650933e+00 1.284298339843750000e+03
1.093968633836182036e+00 1.282341918945312500e+03
1.097403386218713361e+00 1.283902343750000000e+03
1.100838138601244465e+00 1.279620727539062500e+03
1.104272890983775568e+00 1.289670654296875000e+03
1.107707643366306893e+00 1.300014038085937500e+03
1.111142395748837997e+00 1.291657836914062500e+03
1.114577148131369322e+00 1.274231201171875000e+03
1.118011900513900425e+00 1.258831176757812500e+03
1.121446652896431750e+00 1.261670654296875000e+03
1.124881405278962854e+00 1.274547119140625000e+03
1.128316157661493957e+00 1.280206298828125000e+03
1.131750910044025060e+00 1.283641601562500000e+03
1.135185662426556386e+00 1.285852783203125000e+03
1.138620414809087489e+00 1.297094726562500000e+03
1.142055167191618592e+00 1.307330078125000000e+03
1.145489919574149917e+00 1.305907348632812500e+03
1.148924671956681021e+00 1.291140747070312500e+03
1.152359424339212346e+00 1.279641967773437500e+03
1.155794176721743449e+00 1.277417480468750000e+03
1.159228929104274775e+00 1.280901733398437500e+03
1.162663681486805878e+00 1.289342651367187500e+03
1.166098433869336981e+00 1.297750000000000000e+03
1.169533186251868084e+00 1.301836791992187500e+03
1.172967938634399410e+00 1.292961181640625000e+03
1.176402691016930513e+00 1.289005859375000000e+03
1.179837443399461616e+00 1.290764648437500000e+03
1.183272195781992941e+00 1.312427734375000000e+03
1.186706948164524045e+00 1.326517456054687500e+03
1.190141700547055370e+00 1.340810791015625000e+03
1.193576452929586473e+00 1.339833251953125000e+03
1.197011205312117799e+00 1.340292114257812500e+03
1.200445957694648902e+00 1.331101562500000000e+03
1.203880710077180005e+00 1.329334838867187500e+03
1.207315462459711108e+00 1.334086181640625000e+03
1.210750214842242434e+00 1.331118530273437500e+03
1.214184967224773537e+00 1.327361938476562500e+03
1.217619719607304640e+00 1.326572509765625000e+03
1.221054471989835966e+00 1.335172363281250000e+03
1.224489224372367069e+00 1.350022949218750000e+03
1.227923976754898394e+00 1.362633666992187500e+03
1.231358729137429497e+00 1.369343139648437500e+03
1.234793481519960823e+00 1.366683593750000000e+03
1.238228233902491926e+00 1.350911010742187500e+03
1.241662986285023029e+00 1.358850585937500000e+03
1.245097738667554133e+00 1.364565429687500000e+03
1.248532491050085236e+00 1.391304565429687500e+03
1.251967243432616561e+00 1.393224731445312500e+03
1.255401995815147664e+00 1.396935302734375000e+03
1.258836748197678990e+00 1.390576049804687500e+03
1.262271500580210093e+00 1.388468383789062500e+03
1.265706252962741418e+00 1.396318603515625000e+03
1.269141005345272522e+00 1.400697631835937500e+03
1.272575757727803847e+00 1.402712158203125000e+03
1.276010510110334950e+00 1.394741943359375000e+03
1.279445262492866053e+00 1.388409423828125000e+03
1.282880014875397157e+00 1.377830322265625000e+03
1.286314767257928260e+00 1.383077514648437500e+03
1.289749519640459585e+00 1.387614501953125000e+03
1.293184272022990688e+00 1.382964233398437500e+03
1.296619024405522014e+00 1.373341186523437500e+03
1.300053776788053117e+00 1.387566406250000000e+03
1.303488529170584442e+00 1.414456787109375000e+03
1.306923281553115546e+00 1.431828613281250000e+03
1.310358033935646871e+00 1.420387451171875000e+03
1.313792786318177974e+00 1.401336914062500000e+03
1.317227538700709077e+00 1.400299194335937500e+03
1.320662291083240181e+00 1.408523559570312500e+03
1.324097043465771284e+00 1.423154296875000000e+03
1.327531795848302609e+00 1.430744628906250000e+03
1.330966548230833713e+00 1.442492675781250000e+03
1.334401300613365038e+00 1.457648925781250000e+03
1.337836052995896141e+00 1.484994873046875000e+03
1.341270805378427466e+00 1.518300537109375000e+03
1.344705557760958570e+00 1.548109619140625000e+03
1.348140310143489895e+00 1.574194091796875000e+03
1.351575062526020998e+00 1.593533081054687500e+03
1.355009814908552102e+00 1.586875976562500000e+03
1.358444567291083205e+00 1.553577636718750000e+03
1.361879319673614308e+00 1.513615844726562500e+03
1.365314072056145633e+00 1.481424804687500000e+03
1.368748824438676737e+00 1.461480712890625000e+03
1.372183576821208062e+00 1.459917358398437500e+03
1.375618329203739165e+00 1.458345458984375000e+03
1.379053081586270491e+00 1.458959350585937500e+03
1.382487833968801594e+00 1.459268432617187500e+03
1.385922586351332919e+00 1.470510253906250000e+03
1.389357338733864022e+00 1.472288085937500000e+03
1.392792091116395126e+00 1.473227050781250000e+03
1.396226843498926229e+00 1.463396362304687500e+03
1.399661595881457332e+00 1.456864379882812500e+03
1.403096348263988657e+00 1.451951782226562500e+03
1.406531100646519761e+00 1.451370117187500000e+03
1.409965853029051086e+00 1.454321044921875000e+03
1.413400605411582189e+00 1.445735839843750000e+03
1.416835357794113515e+00 1.444362304687500000e+03
1.420270110176644618e+00 1.440366088867187500e+03
1.423704862559175943e+00 1.455197143554687500e+03
1.427139614941707046e+00 1.466237670898437500e+03
1.430574367324238150e+00 1.470838378906250000e+03
1.434009119706769253e+00 1.470466918945312500e+03
1.437443872089300356e+00 1.475969238281250000e+03
1.440878624471831682e+00 1.484501708984375000e+03
1.444313376854362785e+00 1.492450805664062500e+03
1.447748129236894110e+00 1.493974853515625000e+03
1.451182881619425213e+00 1.484056030273437500e+03
1.454617634001956539e+00 1.471532592773437500e+03
1.458052386384487642e+00 1.470341552734375000e+03
1.461487138767018967e+00 1.483486938476562500e+03
1.464921891149550071e+00 1.477722900390625000e+03
1.468356643532081174e+00 1.477572753906250000e+03
1.471791395914612277e+00 1.479326049804687500e+03
1.475226148297143380e+00 1.479441772460937500e+03
1.478660900679674706e+00 1.470749877929687500e+03
1.482095653062205809e+00 1.468288330078125000e+03
1.485530405444737134e+00 1.467744506835937500e+03
1.488965157827268238e+00 1.481360351562500000e+03
1.492399910209799563e+00 1.485401367187500000e+03
1.495834662592330666e+00 1.500444091796875000e+03
1.499269414974861991e+00 1.512542846679687500e+03
1.502704167357393095e+00 1.518035400390625000e+03
1.506138919739924198e+00 1.511171264648437500e+03
1.509573672122455301e+00 1.498772460937500000e+03
1.513008424504986404e+00 1.494711547851562500e+03
1.516443176887517730e+00 1.498687255859375000e+03
1.519877929270048833e+00 1.514054931640625000e+03
1.523312681652580158e+00 1.531754638671875000e+03
1.526747434035111262e+00 1.544817993164062500e+03
1.530182186417642587e+00 1.542208618164062500e+03
1.533616938800173690e+00 1.531844970703125000e+03
1.537051691182705015e+00 1.512527709960937500e+03
1.540486443565236119e+00 1.498539428710937500e+03
1.543921195947767222e+00 1.500430419921875000e+03
1.547355948330298325e+00 1.505878906250000000e+03
1.550790700712829429e+00 1.504785034179687500e+03
1.554225453095360754e+00 1.504555908203125000e+03
1.557660205477891857e+00 1.513380981445312500e+03
1.561094957860423182e+00 1.517807495117187500e+03
1.564529710242954286e+00 1.526767333984375000e+03
1.567964462625485611e+00 1.532056396484375000e+03
1.571399215008016714e+00 1.549128906250000000e+03
1.574833967390548040e+00 1.559426391601562500e+03
1.578268719773079143e+00 1.563891601562500000e+03
1.581703472155610246e+00 1.558052124023437500e+03
1.585138224538141349e+00 1.551740844726562500e+03
1.588572976920672453e+00 1.558048828125000000e+03
1.592007729303203778e+00 1.565028442382812500e+03
1.595442481685734881e+00 1.566640502929687500e+03
1.598877234068266207e+00 1.573518798828125000e+03
1.602311986450797310e+00 1.579116821289062500e+03
1.605746738833328635e+00 1.577250122070312500e+03
1.609181491215859738e+00 1.575213745117187500e+03
1.612616243598391064e+00 1.587771362304687500e+03
1.616050995980922167e+00 1.603591186523437500e+03
1.619485748363453270e+00 1.637991943359375000e+03
1.622920500745984373e+00 1.689848266601562500e+03
1.626355253128515477e+00 1.761832763671875000e+03
1.629790005511046802e+00 1.827210083007812500e+03
1.633224757893577905e+00 1.857758300781250000e+03
1.636659510276109231e+00 1.842585815429687500e+03
1.640094262658640334e+00 1.791770507812500000e+03
1.643529015041171659e+00 1.714356079101562500e+03
1.646963767423702762e+00 1.653656738281250000e+03
1.650398519806234088e+00 1.609177856445312500e+03
1.653833272188765191e+00 1.595677734375000000e+03
1.657268024571296294e+00 1.582981933593750000e+03
1.660702776953827398e+00 1.585615844726562500e+03
1.664137529336358501e+00 1.584006958007812500e+03
1.667572281718889826e+00 1.590797119140625000e+03
1.671007034101420929e+00 1.596305908203125000e+03
1.674441786483952255e+00 1.597430664062500000e+03
1.677876538866483358e+00 1.587674926757812500e+03
1.681311291249014683e+00 1.576503662109375000e+03
1.684746043631545787e+00 1.569024780273437500e+03
1.688180796014076890e+00 1.560305541992187500e+03
1.691615548396608215e+00 1.567738159179687500e+03
1.695050300779139318e+00 1.575252441406250000e+03
1.698485053161670422e+00 1.581742065429687500e+03
1.701919805544201525e+00 1.581394897460937500e+03
1.705354557926732850e+00 1.589151489257812500e+03
1.708789310309263954e+00 1.588518432617187500e+03
1.712224062691795279e+00 1.577154052734375000e+03
1.715658815074326382e+00 1.566407226562500000e+03
1.719093567456857707e+00 1.566201416015625000e+03
1.722528319839388811e+00 1.569430175781250000e+03
1.725963072221919914e+00 1.562018798828125000e+03
1.729397824604451239e+00 1.554911010742187500e+03
1.732832576986982343e+00 1.549958251953125000e+03
1.736267329369513446e+00 1.547391967773437500e+03
1.739702081752044549e+00 1.549734497070312500e+03
1.743136834134575874e+00 1.543278930664062500e+03
1.746571586517106978e+00 1.540803833007812500e+03
1.750006338899638303e+00 1.528185180664062500e+03
1.753441091282169406e+00 1.523846435546875000e+03
1.756875843664700731e+00 1.526579345703125000e+03
1.760310596047231835e+00 1.531115478515625000e+03
1.763745348429762938e+00 1.537193725585937500e+03
1.767180100812294263e+00 1.545546752929687500e+03
1.770614853194825367e+00 1.560878784179687500e+03
1.774049605577356470e+00 1.572701049804687500e+03
1.777484357959887573e+00 1.575297851562500000e+03
1.780919110342418898e+00 1.573670410156250000e+03
1.784353862724950002e+00 1.567740600585937500e+03
1.787788615107481327e+00 1.559407592773437500e+03
1.791223367490012208e+00 1.549042602539062500e+03
1.794658119872543534e+00 1.529315429687500000e+03
1.798092872255074859e+00 1.508822509765625000e+03
1.801527624637606184e+00 1.497946166992187500e+03
1.804962377020137065e+00 1.494937988281250000e+03
1.808397129402668391e+00 1.489790161132812500e+03
1.811831881785199494e+00 1.481507202148437500e+03
1.815266634167730819e+00 1.468563354492187500e+03
1.818701386550261700e+00 1.461610595703125000e+03
1.822136138932793026e+00 1.459481079101562500e+03
1.825570891315324351e+00 1.464120483398437500e+03
1.829005643697855676e+00 1.463703613281250000e+03
1.832440396080386558e+00 1.459719848632812500e+03
1.835875148462917883e+00 1.450497558593750000e+03
1.839309900845449208e+00 1.429592041015625000e+03
1.842744653227980089e+00 1.419693481445312500e+03
1.846179405610511415e+00 1.419752685546875000e+03
1.849614157993042740e+00 1.420474731445312500e+03
1.853048910375573843e+00 1.416589599609375000e+03
1.856483662758104725e+00 1.411865966796875000e+03
1.859918415140636050e+00 1.411691040039062500e+03
1.863353167523167375e+00 1.407509765625000000e+03
1.866787919905698701e+00 1.393408569335937500e+03
1.870222672288229582e+00 1.388463378906250000e+03
1.873657424670760907e+00 1.382149780273437500e+03
1.877092177053292232e+00 1.384297607421875000e+03
1.880526929435823114e+00 1.387121582031250000e+03
1.883961681818354439e+00 1.404615844726562500e+03
1.887396434200885764e+00 1.402600341796875000e+03
1.890831186583416867e+00 1.388783691406250000e+03
1.894265938965947749e+00 1.379743530273437500e+03
1.897700691348479074e+00 1.373852416992187500e+03
1.901135443731010399e+00 1.370750244140625000e+03
1.904570196113541725e+00 1.361922119140625000e+03
1.908004948496072606e+00 1.356422485351562500e+03
1.911439700878603931e+00 1.343478637695312500e+03
1.914874453261135256e+00 1.335633056640625000e+03
1.918309205643666138e+00 1.328303100585937500e+03
1.921743958026197463e+00 1.322850708007812500e+03
1.925178710408728788e+00 1.313679199218750000e+03
1.928613462791259892e+00 1.303274047851562500e+03
1.932048215173790773e+00 1.292938232421875000e+03
1.935482967556322098e+00 1.287865600585937500e+03
1.938917719938853423e+00 1.286468994140625000e+03
1.942352472321384749e+00 1.277981811523437500e+03
1.945787224703915630e+00 1.273786010742187500e+03
1.949221977086446955e+00 1.274650390625000000e+03
1.952656729468978281e+00 1.288660644531250000e+03
1.956091481851509162e+00 1.290966674804687500e+03
1.959526234234040487e+00 1.279169555664062500e+03
1.962960986616571812e+00 1.267704101562500000e+03
1.966395738999102916e+00 1.263166625976562500e+03
1.969830491381633797e+00 1.267119750976562500e+03
1.973265243764165122e+00 1.255477539062500000e+03
1.976699996146696447e+00 1.246754272460937500e+03
1.980134748529227329e+00 1.253057983398437500e+03
1.983569500911758654e+00 1.267005004882812500e+03
1.987004253294289979e+00 1.283528198242187500e+03
1.990439005676821305e+00 1.323866455078125000e+03
1.993873758059352186e+00 1.391432861328125000e+03
1.997308510441883511e+00 1.487389892578125000e+03
2.000743262824414614e+00 1.576670532226562500e+03
2.004178015206945940e+00 1.640172973632812500e+03
2.007612767589476821e+00 1.637130493164062500e+03
2.011047519972008146e+00 1.572048339843750000e+03
2.014482272354539472e+00 1.463108764648437500e+03
2.017917024737070353e+00 1.357293945312500000e+03
2.021351777119601678e+00 1.281925903320312500e+03
2.024786529502133003e+00 1.235332031250000000e+03
2.028221281884664329e+00 1.210543823242187500e+03
2.031656034267195210e+00 1.203376708984375000e+03
2.035090786649726535e+00 1.201190551757812500e+03
2.038525539032257861e+00 1.195145629882812500e+03
2.041960291414789186e+00 1.183557739257812500e+03
2.045395043797320067e+00 1.173064575195312500e+03
2.048829796179851392e+00 1.164756835937500000e+03
2.052264548562382718e+00 1.165033691406250000e+03
2.055699300944913599e+00 1.166747314453125000e+03
2.059134053327444924e+00 1.165893066406250000e+03
2.062568805709975805e+00 1.157664794921875000e+03
2.066003558092507131e+00 1.150572509765625000e+03
2.069438310475038012e+00 1.154011108398437500e+03
2.072873062857569337e+00 1.161807861328125000e+03
2.076307815240100663e+00 1.165304443359375000e+03
2.079742567622631988e+00 1.154113525390625000e+03
2.083177320005162869e+00 1.145764770507812500e+03
2.086612072387694194e+00 1.139162475585937500e+03
2.090046824770225520e+00 1.131122436523437500e+03
2.093481577152756401e+00 1.127746704101562500e+03
2.096916329535287726e+00 1.125698242187500000e+03
2.100351081917819052e+00 1.123227905273437500e+03
2.103785834300350377e+00 1.113455200195312500e+03
2.107220586682881258e+00 1.106727172851562500e+03
2.110655339065412583e+00 1.099404052734375000e+03
2.114090091447943909e+00 1.097664794921875000e+03
2.117524843830475234e+00 1.092479614257812500e+03
2.120959596213006115e+00 1.086197631835937500e+03
2.124394348595537441e+00 1.078011474609375000e+03
2.127829100978068766e+00 1.075556396484375000e+03
2.131263853360599647e+00 1.073531127929687500e+03
2.134698605743130972e+00 1.069776489257812500e+03
2.138133358125661854e+00 1.064164306640625000e+03
2.141568110508193179e+00 1.063255981445312500e+03
2.145002862890724060e+00 1.067258300781250000e+03
2.148437615273255386e+00 1.071743896484375000e+03
2.151872367655786711e+00 1.080067138671875000e+03
2.155307120038318036e+00 1.078107910156250000e+03
2.158741872420848917e+00 1.059571166992187500e+03
2.162176624803380243e+00 1.049632568359375000e+03
2.165611377185911568e+00 1.048982055664062500e+03
2.169046129568442449e+00 1.051585083007812500e+03
2.172480881950973775e+00 1.056131103515625000e+03
2.175915634333505100e+00 1.051169433593750000e+03
2.179350386716036425e+00 1.048207153320312500e+03
2.182785139098567306e+00 1.043317016601562500e+03
2.186219891481098632e+00 1.040790649414062500e+03
2.189654643863629957e+00 1.036390136718750000e+03
2.193089396246161282e+00 1.027076293945312500e+03
2.196524148628692163e+00 1.024169555664062500e+03
2.199958901011223489e+00 1.020162292480468750e+03
2.203393653393754814e+00 1.022106811523437500e+03
2.206828405776285695e+00 1.015372192382812500e+03
2.210263158158817021e+00 9.992671508789062500e+02
2.213697910541347902e+00 9.849557495117187500e+02
2.217132662923879227e+00 9.758137817382812500e+02
2.220567415306410108e+00 9.908128051757812500e+02
2.224002167688941434e+00 9.928359985351562500e+02
2.227436920071472759e+00 9.934294433593750000e+02
2.230871672454004084e+00 9.875275878906250000e+02
2.234306424836534966e+00 9.877392578125000000e+02
2.237741177219066291e+00 9.935188598632812500e+02
2.241175929601597616e+00 9.908657226562500000e+02
2.244610681984128497e+00 9.833889160156250000e+02
2.248045434366659823e+00 9.726687011718750000e+02
2.251480186749191148e+00 9.672016601562500000e+02
2.254914939131722473e+00 9.704396362304687500e+02
2.258349691514253355e+00 9.712035522460937500e+02
2.261784443896784680e+00 9.621851806640625000e+02
2.265219196279316005e+00 9.532401733398437500e+02
2.268653948661847330e+00 9.487800292968750000e+02
2.272088701044378212e+00 9.595255126953125000e+02
2.275523453426909537e+00 9.637500610351562500e+02
2.278958205809440862e+00 9.602879028320312500e+02
2.282392958191971744e+00 9.477899780273437500e+02
2.285827710574503069e+00 9.473447265625000000e+02
2.289262462957033950e+00 9.489446411132812500e+02
2.292697215339565275e+00 9.547278442382812500e+02
2.296131967722096157e+00 9.486408691406250000e+02
2.299566720104627482e+00 9.488571166992187500e+02
2.303001472487158807e+00 9.512810058593750000e+02
2.306436224869690133e+00 9.702613525390625000e+02
2.309870977252221014e+00 1.010410522460937500e+03
2.313305729634752339e+00 1.088490844726562500e+03
2.316740482017283664e+00 1.182886474609375000e+03
2.320175234399814546e+00 1.265236083984375000e+03
2.323609986782345871e+00 1.305291015625000000e+03
2.327044739164877196e+00 1.296281494140625000e+03
2.330479491547408522e+00 1.229209350585937500e+03
2.333914243929939403e+00 1.134592895507812500e+03
2.337348996312470728e+00 1.043748901367187500e+03
2.340783748695002053e+00 9.850145874023437500e+02
2.344218501077533379e+00 9.521962280273437500e+02
2.347653253460064260e+00 9.396043701171875000e+02
2.351088005842595585e+00 9.339313964843750000e+02
2.354522758225126911e+00 9.301840820312500000e+02
2.357957510607657792e+00 9.243189697265625000e+02
2.361392262990189117e+00 9.124817504882812500e+02
2.364827015372720442e+00 8.976474609375000000e+02
2.368261767755251324e+00 8.891789550781250000e+02
2.371696520137782205e+00 8.906205444335937500e+02
2.375131272520313530e+00 8.965567626953125000e+02
2.378566024902844855e+00 8.955217895507812500e+02
2.382000777285376181e+00 8.952794189453125000e+02
2.385435529667907062e+00 8.918890991210937500e+02
2.388870282050438387e+00 8.825756225585937500e+02
2.392305034432969713e+00 8.772062988281250000e+02
2.395739786815500594e+00 8.781671752929687500e+02
2.399174539198031919e+00 8.775249023437500000e+02
2.402609291580563244e+00 8.731185913085937500e+02
2.406044043963094570e+00 8.689049682617187500e+02
2.409478796345625451e+00 8.642588500976562500e+02
2.412913548728156776e+00 8.567033691406250000e+02
2.416348301110688102e+00 8.618400268554687500e+02
2.419783053493219427e+00 8.679763183593750000e+02
2.423217805875750308e+00 8.760938720703125000e+02
2.426652558258281633e+00 8.736457519531250000e+02
2.430087310640812959e+00 8.661764526367187500e+02
2.433522063023343840e+00 8.506547851562500000e+02
2.436956815405875165e+00 8.427244873046875000e+02
2.440391567788406491e+00 8.457664794921875000e+02
2.443826320170937372e+00 8.506985473632812500e+02
2.447261072553468253e+00 8.501024169921875000e+02
2.450695824935999578e+00 8.484517211914062500e+02
2.454130577318530904e+00 8.472044677734375000e+02
2.457565329701061785e+00 8.491881103515625000e+02
2.461000082083593110e+00 8.501075439453125000e+02
2.464434834466124435e+00 8.479412231445312500e+02
2.467869586848655761e+00 8.389013061523437500e+02
2.471304339231186642e+00 8.363654785156250000e+02
2.474739091613717967e+00 8.448268432617187500e+02
2.478173843996249293e+00 8.491066284179687500e+02
2.481608596378780618e+00 8.481310424804687500e+02
2.485043348761311499e+00 8.426323852539062500e+02
2.488478101143842824e+00 8.436958618164062500e+02
2.491912853526374150e+00 8.358629760742187500e+02
2.495347605908905031e+00 8.298813476562500000e+02
2.498782358291436356e+00 8.312585449218750000e+02
2.502217110673967682e+00 8.524437866210937500e+02
2.505651863056499007e+00 8.899231567382812500e+02
2.509086615439029888e+00 9.327994995117187500e+02
2.512521367821561213e+00 9.619426879882812500e+02
2.515956120204092539e+00 9.682697143554687500e+02
2.519390872586623420e+00 9.476146850585937500e+02
2.522825624969154301e+00 9.225393066406250000e+02
2.526260377351685626e+00 8.764896850585937500e+02
2.529695129734216952e+00 8.437899780273437500e+02
2.533129882116747833e+00 8.123173217773437500e+02
2.536564634499279158e+00 8.105147705078125000e+02
2.539999386881810484e+00 8.095156860351562500e+02
2.543434139264341809e+00 8.125723266601562500e+02
2.546868891646872690e+00 8.050104980468750000e+02
2.550303644029404015e+00 7.940081787109375000e+02
2.553738396411935341e+00 7.888029174804687500e+02
2.557173148794466666e+00 7.873065795898437500e+02
2.560607901176997547e+00 7.898536987304687500e+02
2.564042653559528873e+00 7.813614501953125000e+02
2.567477405942060198e+00 7.715605468750000000e+02
2.570912158324591079e+00 7.684346313476562500e+02
2.574346910707122404e+00 7.771575927734375000e+02
2.577781663089653730e+00 7.811289672851562500e+02
2.581216415472185055e+00 7.902994384765625000e+02
2.584651167854715936e+00 7.994655151367187500e+02
2.588085920237247262e+00 8.020236816406250000e+02
2.591520672619778587e+00 7.986374511718750000e+02
2.594955425002309468e+00 7.909681396484375000e+02
2.598390177384840349e+00 7.814295654296875000e+02
2.601824929767371675e+00 7.724050903320312500e+02
2.605259682149903000e+00 7.654716186523437500e+02
2.608694434532433881e+00 7.673149414062500000e+02
2.612129186914965207e+00 7.712132568359375000e+02
2.615563939297496532e+00 7.709927368164062500e+02
2.618998691680027857e+00 7.695905761718750000e+02
2.622433444062558738e+00 7.607559814453125000e+02
2.625868196445090064e+00 7.500015258789062500e+02
2.629302948827621389e+00 7.433041381835937500e+02
2.632737701210152714e+00 7.445966796875000000e+02
2.636172453592683596e+00 7.409574584960937500e+02
2.639607205975214921e+00 7.423096923828125000e+02
2.643041958357746246e+00 7.397825317382812500e+02
2.646476710740277127e+00 7.541102294921875000e+02
2.649911463122808453e+00 7.635408325195312500e+02
2.653346215505339778e+00 7.678386230468750000e+02
2.656780967887871103e+00 7.621155395507812500e+02
2.660215720270401984e+00 7.585912475585937500e+02
2.663650472652933310e+00 7.504246215820312500e+02
2.667085225035464635e+00 7.420014648437500000e+02
2.670519977417995516e+00 7.387636108398437500e+02
2.673954729800526398e+00 7.457536621093750000e+02
2.677389482183057723e+00 7.476380004882812500e+02
2.680824234565589048e+00 7.502749633789062500e+02
2.684258986948119929e+00 7.506563720703125000e+02
2.687693739330651255e+00 7.512058715820312500e+02
2.691128491713182580e+00 7.514279785156250000e+02
2.694563244095713905e+00 7.537335205078125000e+02
2.697997996478244787e+00 7.520168457031250000e+02
2.701432748860776112e+00 7.560668945312500000e+02
2.704867501243307437e+00 7.569759521484375000e+02
2.708302253625838762e+00 7.546878051757812500e+02
2.711737006008369644e+00 7.464502563476562500e+02
2.715171758390900969e+00 7.407414550781250000e+02
2.718606510773432294e+00 7.433529052734375000e+02
2.722041263155963176e+00 7.438645019531250000e+02
2.725476015538494501e+00 7.449794311523437500e+02
2.728910767921025826e+00 7.434257812500000000e+02
2.732345520303557151e+00 7.372546997070312500e+02
2.735780272686088033e+00 7.333618164062500000e+02
2.739215025068619358e+00 7.348099975585937500e+02
2.742649777451150683e+00 7.425720214843750000e+02
2.746084529833681565e+00 7.534577026367187500e+02
2.749519282216212890e+00 7.625888671875000000e+02
2.752954034598743771e+00 7.838211059570312500e+02
2.756388786981275096e+00 8.325835571289062500e+02
2.759823539363805978e+00 9.290056762695312500e+02
2.763258291746337303e+00 1.059972167968750000e+03
2.766693044128868628e+00 1.178282104492187500e+03
2.770127796511399954e+00 1.241630004882812500e+03
2.773562548893930835e+00 1.228075561523437500e+03
2.776997301276462160e+00 1.143860351562500000e+03
2.780432053658993485e+00 1.019703613281250000e+03
2.783866806041524811e+00 8.984453125000000000e+02
2.787301558424055692e+00 8.058286132812500000e+02
2.790736310806587017e+00 7.530829467773437500e+02
2.794171063189118343e+00 7.259948120117187500e+02
2.797605815571649224e+00 7.166976928710937500e+02
2.801040567954180549e+00 7.136029052734375000e+02
2.804475320336711874e+00 7.092927246093750000e+02
2.807910072719243200e+00 7.078268432617187500e+02
2.811344825101774081e+00 7.080028686523437500e+02
2.814779577484305406e+00 7.108337402343750000e+02
2.818214329866836731e+00 7.162014770507812500e+02
2.821649082249367613e+00 7.182451171875000000e+02
2.825083834631898938e+00 7.226171264648437500e+02
2.828518587014429819e+00 7.363102416992187500e+02
2.831953339396961145e+00 7.711599121093750000e+02
2.835388091779492026e+00 8.152725219726562500e+02
2.838822844162023351e+00 8.531270751953125000e+02
2.842257596544554676e+00 8.698356933593750000e+02
2.845692348927086002e+00 8.593269653320312500e+02
2.849127101309616883e+00 8.268355712890625000e+02
2.852561853692148208e+00 7.873608398437500000e+02
2.855996606074679534e+00 7.531940307617187500e+02
2.859431358457210415e+00 7.323427124023437500e+02
2.862866110839741740e+00 7.214741210937500000e+02
2.866300863222273065e+00 7.206943359375000000e+02
2.869735615604804391e+00 7.161446533203125000e+02
2.873170367987335272e+00 7.063649291992187500e+02
2.876605120369866597e+00 7.039615478515625000e+02
2.880039872752397923e+00 6.991011962890625000e+02
2.883474625134929248e+00 6.994319458007812500e+02
2.886909377517460129e+00 6.901536865234375000e+02
2.890344129899991454e+00 6.871600341796875000e+02
2.893778882282522780e+00 6.847887573242187500e+02
2.897213634665053661e+00 6.936815185546875000e+02
2.900648387047584986e+00 7.000716552734375000e+02
2.904083139430115867e+00 6.987245483398437500e+02
2.907517891812647193e+00 6.928419189453125000e+02
2.910952644195178074e+00 6.916044311523437500e+02
2.914387396577709399e+00 6.940372924804687500e+02
2.917822148960240725e+00 7.000483398437500000e+02
2.921256901342772050e+00 7.054515380859375000e+02
2.924691653725302931e+00 7.124538574218750000e+02
2.928126406107834256e+00 7.214168090820312500e+02
2.931561158490365582e+00 7.341076049804687500e+02
2.934995910872896463e+00 7.599338989257812500e+02
2.938430663255427788e+00 7.935505371093750000e+02
2.941865415637959114e+00 8.189385375976562500e+02
2.945300168020490439e+00 8.324258422851562500e+02
2.948734920403021320e+00 8.219349365234375000e+02
2.952169672785552645e+00 7.981929931640625000e+02
2.955604425168083971e+00 7.844320678710937500e+02
2.959039177550615296e+00 8.001672363281250000e+02
2.962473929933146177e+00 8.561742553710937500e+02
2.965908682315677503e+00 9.944465942382812500e+02
2.969343434698208828e+00 1.315192382812500000e+03
2.972778187080739709e+00 1.914652099609375000e+03
2.976212939463271034e+00 2.781062988281250000e+03
2.979647691845801916e+00 3.726217529296875000e+03
2.983082444228333241e+00 4.450233886718750000e+03
2.986517196610864122e+00 4.710227539062500000e+03
2.989951948993395447e+00 4.332977050781250000e+03
2.993386701375926773e+00 3.443084472656250000e+03
2.996821453758458098e+00 2.400614257812500000e+03
3.000256206140988979e+00 1.580269042968750000e+03
3.003690958523520305e+00 1.113007446289062500e+03
3.007125710906051630e+00 8.848828125000000000e+02
3.010560463288582511e+00 7.869206542968750000e+02
3.013995215671113836e+00 7.447215576171875000e+02
3.017429968053645162e+00 7.221633300781250000e+02
3.020864720436176487e+00 7.102336425781250000e+02
3.024299472818707368e+00 6.978765258789062500e+02
3.027734225201238694e+00 6.962328491210937500e+02
3.031168977583770019e+00 6.897089843750000000e+02
3.034603729966301344e+00 6.794309082031250000e+02
3.038038482348832225e+00 6.822327270507812500e+02
3.041473234731363551e+00 6.950238037109375000e+02
3.044907987113894876e+00 7.177836303710937500e+02
3.048342739496425757e+00 7.312486572265625000e+02
3.051777491878957083e+00 7.369403686523437500e+02
3.055212244261487964e+00 7.302404174804687500e+02
3.058646996644019289e+00 7.287247314453125000e+02
3.062081749026550170e+00 7.253685302734375000e+02
3.065516501409081496e+00 7.251605224609375000e+02
3.068951253791612821e+00 7.233708496093750000e+02
3.072386006174144146e+00 7.362482910156250000e+02
3.075820758556675028e+00 7.506375732421875000e+02
3.079255510939206353e+00 7.660097656250000000e+02
3.082690263321737678e+00 7.742972412109375000e+02
3.086125015704268559e+00 7.723143310546875000e+02
3.089559768086799885e+00 7.560684204101562500e+02
3.092994520469331210e+00 7.237446899414062500e+02
3.096429272851862535e+00 6.923241577148437500e+02
3.099864025234393416e+00 6.705693359375000000e+02
3.103298777616924742e+00 6.555728149414062500e+02
3.106733529999456067e+00 6.430653076171875000e+02
3.110168282381987392e+00 6.390162963867187500e+02
3.113603034764518274e+00 6.376522827148437500e+02
3.117037787147049599e+00 6.318945312500000000e+02
3.120472539529580924e+00 6.261533203125000000e+02
3.123907291912111805e+00 6.274940795898437500e+02
3.127342044294643131e+00 6.293840332031250000e+02
3.130776796677174012e+00 6.272399902343750000e+02
3.134211549059705337e+00 6.264943847656250000e+02
3.137646301442236219e+00 6.261649169921875000e+02
3.141081053824767544e+00 6.259213256835937500e+02
3.144515806207298869e+00 6.230944824218750000e+02
3.147950558589830194e+00 6.200588378906250000e+02
3.151385310972361076e+00 6.207352294921875000e+02
3.154820063354892401e+00 6.231323242187500000e+02
3.158254815737423726e+00 6.225168457031250000e+02
3.161689568119954608e+00 6.222529907226562500e+02
3.165124320502485933e+00 6.176129760742187500e+02
3.168559072885017258e+00 6.175867919921875000e+02
3.171993825267548583e+00 6.155386352539062500e+02
3.175428577650079465e+00 6.166460571289062500e+02
3.178863330032610790e+00 6.095975952148437500e+02
3.182298082415142115e+00 6.038671875000000000e+02
3.185732834797673441e+00 6.017980957031250000e+02
3.189167587180204322e+00 6.051322631835937500e+02
3.192602339562735647e+00 6.078867797851562500e+02
3.196037091945266972e+00 6.055056152343750000e+02
3.199471844327797854e+00 6.055625000000000000e+02
3.202906596710329179e+00 6.014464721679687500e+02
3.206341349092860060e+00 6.060621337890625000e+02
3.209776101475391386e+00 6.089214477539062500e+02
3.213210853857922267e+00 6.094154052734375000e+02
3.216645606240453592e+00 6.049010009765625000e+02
3.220080358622984917e+00 6.046973876953125000e+02
3.223515111005516243e+00 6.150332031250000000e+02
3.226949863388047124e+00 6.185217285156250000e+02
3.230384615770578449e+00 6.232869262695312500e+02
3.233819368153109775e+00 6.203117065429687500e+02
3.237254120535640656e+00 6.209592895507812500e+02
3.240688872918171981e+00 6.184801635742187500e+02
3.244123625300703306e+00 6.144600830078125000e+02
3.247558377683234632e+00 6.115513916015625000e+02
3.250993130065765513e+00 6.158963623046875000e+02
3.254427882448296838e+00 6.314707031250000000e+02
3.257862634830828164e+00 6.543694458007812500e+02
3.261297387213359489e+00 6.759100341796875000e+02
3.264732139595890370e+00 6.952863159179687500e+02
3.268166891978421695e+00 7.023941040039062500e+02
3.271601644360953021e+00 7.001900634765625000e+02
3.275036396743483902e+00 6.775296630859375000e+02
3.278471149126015227e+00 6.486080322265625000e+02
3.281905901508546108e+00 6.258776855468750000e+02
3.285340653891077434e+00 6.127694702148437500e+02
3.288775406273608315e+00 6.037644042968750000e+02
3.292210158656139640e+00 6.020692749023437500e+02
3.295644911038670966e+00 6.082635498046875000e+02
3.299079663421202291e+00 6.114393920898437500e+02
3.302514415803733172e+00 6.044880981445312500e+02
3.305949168186264497e+00 5.964490356445312500e+02
3.309383920568795823e+00 5.893216552734375000e+02
3.312818672951326704e+00 5.912670898437500000e+02
3.316253425333858029e+00 5.940309448242187500e+02
3.319688177716389355e+00 5.948803710937500000e+02
3.323122930098920680e+00 5.891860961914062500e+02
3.326557682481451561e+00 5.883334350585937500e+02
3.329992434863982886e+00 5.901132812500000000e+02
3.333427187246514212e+00 5.971348876953125000e+02
3.336861939629045093e+00 6.021415405273437500e+02
3.340296692011576418e+00 6.078320922851562500e+02
3.343731444394107744e+00 6.120772094726562500e+02
3.347166196776639069e+00 6.149578857421875000e+02
3.350600949159169950e+00 6.272262573242187500e+02
3.354035701541701275e+00 6.387015991210937500e+02
3.357470453924232601e+00 6.391307983398437500e+02
3.360905206306763482e+00 6.341404418945312500e+02
3.364339958689294363e+00 6.240665283203125000e+02
3.367774711071825688e+00 6.126434936523437500e+02
3.371209463454357014e+00 6.012189941406250000e+02
3.374644215836887895e+00 5.925844116210937500e+02
3.378078968219419220e+00 5.952522583007812500e+02
3.381513720601950546e+00 5.981785888671875000e+02
3.384948472984481871e+00 5.962372436523437500e+02
3.388383225367012752e+00 5.877438354492187500e+02
3.391817977749544077e+00 5.880437011718750000e+02
3.395252730132075403e+00 5.904648437500000000e+02
3.398687482514606728e+00 5.966617431640625000e+02
3.402122234897137609e+00 5.907084350585937500e+02
3.405556987279668935e+00 5.885101928710937500e+02
3.408991739662200260e+00 5.793557739257812500e+02
3.412426492044731141e+00 5.813260498046875000e+02
3.415861244427262466e+00 5.906145629882812500e+02
3.419295996809793792e+00 6.107682495117187500e+02
3.422730749192325117e+00 6.240468750000000000e+02
3.426165501574855998e+00 6.322069702148437500e+02
3.429600253957387324e+00 6.408498535156250000e+02
3.433035006339918649e+00 6.569939575195312500e+02
3.436469758722449530e+00 6.789673461914062500e+02
3.439904511104980411e+00 7.102481079101562500e+02
3.443339263487511737e+00 7.415770263671875000e+02
3.446774015870043062e+00 7.642806396484375000e+02
3.450208768252573943e+00 7.689246826171875000e+02
3.453643520635105268e+00 7.571399536132812500e+02
3.457078273017636594e+00 7.171291503906250000e+02
3.460513025400167919e+00 6.732083740234375000e+02
3.463947777782698800e+00 6.405814208984375000e+02
3.467382530165230126e+00 6.215000610351562500e+02
3.470817282547761451e+00 6.103845825195312500e+02
3.474252034930292776e+00 6.006025390625000000e+02
3.477686787312823657e+00 5.969443969726562500e+02
3.481121539695354983e+00 5.876948852539062500e+02
3.484556292077886308e+00 5.816359863281250000e+02
3.487991044460417189e+00 5.760764770507812500e+02
3.491425796842948515e+00 5.735444335937500000e+02
3.494860549225479840e+00 5.715939331054687500e+02
3.498295301608011165e+00 5.728455810546875000e+02
3.501730053990542046e+00 5.751671142578125000e+02
3.505164806373073372e+00 5.730840454101562500e+02
3.508599558755604697e+00 5.719247436523437500e+02
3.512034311138135578e+00 5.721593017578125000e+02
3.515469063520666460e+00 5.752933349609375000e+02
3.518903815903197785e+00 5.766221313476562500e+02
3.522338568285729110e+00 5.762155761718750000e+02
3.525773320668259991e+00 5.666498413085937500e+02
3.529208073050791317e+00 5.606882934570312500e+02
3.532642825433322642e+00 5.548414916992187500e+02
3.536077577815853967e+00 5.544621582031250000e+02
3.539512330198384849e+00 5.466916503906250000e+02
3.542947082580916174e+00 5.453446655273437500e+02
3.546381834963447499e+00 5.491010131835937500e+02
3.549816587345978824e+00 5.600385131835937500e+02
3.553251339728509706e+00 5.612291870117187500e+02
3.556686092111041031e+00 5.668122558593750000e+02
3.560120844493572356e+00 5.708920898437500000e+02
3.563555596876103237e+00 5.757655029296875000e+02
3.566990349258634563e+00 5.798511962890625000e+02
3.570425101641165888e+00 5.816000366210937500e+02
3.573859854023697213e+00 5.738911743164062500e+02
3.577294606406228095e+00 5.616968994140625000e+02
3.580729358788759420e+00 5.577722778320312500e+02
3.584164111171290301e+00 5.599313964843750000e+02
3.587598863553821626e+00 5.585827026367187500e+02
3.591033615936352508e+00 5.525357055664062500e+02
3.594468368318883833e+00 5.471742553710937500e+02
3.597903120701415158e+00 5.480305175781250000e+02
3.601337873083946484e+00 5.563297119140625000e+02
3.604772625466477809e+00 5.645770874023437500e+02
3.608207377849008246e+00 5.690148925781250000e+02
3.611642130231539571e+00 5.621353759765625000e+02
3.615076882614070897e+00 5.517730712890625000e+02
3.618511634996602222e+00 5.486682128906250000e+02
3.621946387379133547e+00 5.452587280273437500e+02
3.625381139761664873e+00 5.435293579101562500e+02
3.628815892144196198e+00 5.439859008789062500e+02
3.632250644526726635e+00 5.397297973632812500e+02
3.635685396909257960e+00 5.359179077148437500e+02
3.639120149291789286e+00 5.287465209960937500e+02
3.642554901674320611e+00 5.279046020507812500e+02
3.645989654056851936e+00 5.329221801757812500e+02
3.649424406439383262e+00 5.426381835937500000e+02
3.652859158821914587e+00 5.504864501953125000e+02
3.656293911204445912e+00 5.470206298828125000e+02
3.659728663586976349e+00 5.404337768554687500e+02
3.663163415969507675e+00 5.360374145507812500e+02
3.666598168352038556e+00 5.318491821289062500e+02
3.670032920734569881e+00 5.318028564453125000e+02
3.673467673117101207e+00 5.352313842773437500e+02
3.676902425499632532e+00 5.378753662109375000e+02
3.680337177882163857e+00 5.328305053710937500e+02
3.683771930264694294e+00 5.274125366210937500e+02
3.687206682647225620e+00 5.274199829101562500e+02
3.690641435029756945e+00 5.370466308593750000e+02
3.694076187412288270e+00 5.390100708007812500e+02
3.697510939794819596e+00 5.370285644531250000e+02
3.700945692177350921e+00 5.355236816406250000e+02
3.704380444559882246e+00 5.356993408203125000e+02
3.707815196942412683e+00 5.345396728515625000e+02
3.711249949324944009e+00 5.312034912109375000e+02
3.714684701707475334e+00 5.302642822265625000e+02
3.718119454090006659e+00 5.346859741210937500e+02
3.721554206472537984e+00 5.378654785156250000e+02
3.724988958855069310e+00 5.430961303710937500e+02
3.728423711237600635e+00 5.368146362304687500e+02
3.731858463620131960e+00 5.362136230468750000e+02
3.735293216002662398e+00 5.299830322265625000e+02
3.738727968385193723e+00 5.279481201171875000e+02
3.742162720767725048e+00 5.243676757812500000e+02
3.745597473150255929e+00 5.234282836914062500e+02
3.749032225532787255e+00 5.276135253906250000e+02
3.752466977915318580e+00 5.313090820312500000e+02
3.755901730297849905e+00 5.298809204101562500e+02
3.759336482680380342e+00 5.287167358398437500e+02
3.762771235062911668e+00 5.325467529296875000e+02
3.766205987445442993e+00 5.469671020507812500e+02
3.769640739827974318e+00 5.644523315429687500e+02
3.773075492210505644e+00 5.864323730468750000e+02
3.776510244593036969e+00 5.988038330078125000e+02
3.779944996975568294e+00 6.015958251953125000e+02
3.783379749358098731e+00 5.965626220703125000e+02
3.786814501740630057e+00 5.841663208007812500e+02
3.790249254123161382e+00 5.653587036132812500e+02
3.793684006505692707e+00 5.441022338867187500e+02
3.797118758888224033e+00 5.300278320312500000e+02
3.800553511270755358e+00 5.215069580078125000e+02
3.803988263653286683e+00 5.225896606445312500e+02
3.807423016035818009e+00 5.210975952148437500e+02
3.810857768418348446e+00 5.159369506835937500e+02
3.814292520800879771e+00 5.079789428710937500e+02
3.817727273183411096e+00 5.088505859375000000e+02
3.821162025565941978e+00 5.117021179199218750e+02
3.824596777948473303e+00 5.164434204101562500e+02
3.828031530331004628e+00 5.210840454101562500e+02
3.831466282713535954e+00 5.282588500976562500e+02
3.834901035096066391e+00 5.386947021484375000e+02
3.838335787478597716e+00 5.502233276367187500e+02
3.841770539861129041e+00 5.664696655273437500e+02
3.845205292243660367e+00 5.864322509765625000e+02
3.848640044626191692e+00 6.005873413085937500e+02
3.852074797008723017e+00 6.140121459960937500e+02
3.855509549391254343e+00 6.119192504882812500e+02
3.858944301773784780e+00 6.042231445312500000e+02
3.862379054156316105e+00 5.878242187500000000e+02
3.865813806538847430e+00 5.761246948242187500e+02
3.869248558921378756e+00 5.756608886718750000e+02
3.872683311303910081e+00 5.757335205078125000e+02
3.876118063686441406e+00 5.686270751953125000e+02
3.879552816068972732e+00 5.577593994140625000e+02
3.882987568451504057e+00 5.417974243164062500e+02
3.886422320834034494e+00 5.264951171875000000e+02
3.889857073216565819e+00 5.154810791015625000e+02
3.893291825599097145e+00 5.086860961914062500e+02
3.896726577981628026e+00 5.059785461425781250e+02
3.900161330364159351e+00 5.045155944824218750e+02
3.903596082746690676e+00 5.008229980468750000e+02
3.907030835129222002e+00 5.017824096679687500e+02
3.910465587511752439e+00 5.030696411132812500e+02
3.913900339894283764e+00 5.093520812988281250e+02
3.917335092276815089e+00 5.072666931152343750e+02
3.920769844659346415e+00 5.086494445800781250e+02
3.924204597041877740e+00 5.028710632324218750e+02
3.927639349424409065e+00 5.045536804199218750e+02
3.931074101806940391e+00 5.027397155761718750e+02
3.934508854189470828e+00 4.988057556152343750e+02
3.937943606572002153e+00 4.961654968261718750e+02
3.941378358954533478e+00 4.981734924316406250e+02
3.944813111337064804e+00 5.001044006347656250e+02
3.948247863719596129e+00 4.985527343750000000e+02
3.951682616102127454e+00 4.973864135742187500e+02
3.955117368484658780e+00 4.957722778320312500e+02
3.958552120867189217e+00 4.916957397460937500e+02
3.961986873249720542e+00 4.908197631835937500e+02
3.965421625632251867e+00 4.881303405761718750e+02
3.968856378014783193e+00 4.933568725585937500e+02
3.972291130397314074e+00 5.021386108398437500e+02
3.975725882779845399e+00 5.205275268554687500e+02
3.979160635162376725e+00 5.408380737304687500e+02
3.982595387544908050e+00 5.470866088867187500e+02
3.986030139927438487e+00 5.408966064453125000e+02
3.989464892309969812e+00 5.220668945312500000e+02
3.992899644692501138e+00 5.114892272949218750e+02
3.996334397075032463e+00 5.125283203125000000e+02
3.999769149457563788e+00 5.380459594726562500e+02
4.003203901840095114e+00 5.820730590820312500e+02
4.006638654222625995e+00 6.300870361328125000e+02
4.010073406605156876e+00 6.690023193359375000e+02
4.013508158987687757e+00 7.041098022460937500e+02
4.016942911370219527e+00 7.178150024414062500e+02
4.020377663752750408e+00 7.057787475585937500e+02
4.023812416135282177e+00 6.697217407226562500e+02
4.027247168517813058e+00 6.201790161132812500e+02
4.030681920900344828e+00 5.812020874023437500e+02
4.034116673282874821e+00 5.537756958007812500e+02
4.037551425665406590e+00 5.360085449218750000e+02
4.040986178047937472e+00 5.188190307617187500e+02
4.044420930430469241e+00 5.063546142578125000e+02
4.047855682813000122e+00 5.017791748046875000e+02
4.051290435195531892e+00 5.076257324218750000e+02
4.054725187578062773e+00 5.107463684082031250e+02
4.058159939960594542e+00 5.095187988281250000e+02
4.061594692343124535e+00 5.070281677246093750e+02
4.065029444725656305e+00 5.092581787109375000e+02
4.068464197108187186e+00 5.032265625000000000e+02
4.071898949490718955e+00 4.891314697265625000e+02
4.075333701873249836e+00 4.846521606445312500e+02
4.078768454255781606e+00 4.868265686035156250e+02
4.082203206638312487e+00 4.918041687011718750e+02
4.085637959020843368e+00 4.871195983886718750e+02
4.089072711403374250e+00 4.824159240722656250e+02
4.092507463785905131e+00 4.788548278808593750e+02
4.095942216168436900e+00 4.764800415039062500e+02
4.099376968550967781e+00 4.718586120605468750e+02
4.102811720933499551e+00 4.689309387207031250e+02
4.106246473316030432e+00 4.726072082519531250e+02
4.109681225698561313e+00 4.770659179687500000e+02
4.113115978081092194e+00 4.850989990234375000e+02
4.116550730463623964e+00 4.892748413085937500e+02
4.119985482846154845e+00 4.841616821289062500e+02
4.123420235228686614e+00 4.784512329101562500e+02
4.126854987611217496e+00 4.739770812988281250e+02
4.130289739993749265e+00 4.745482177734375000e+02
4.133724492376280146e+00 4.719869079589843750e+02
4.137159244758811028e+00 4.718183288574218750e+02
4.140593997141341909e+00 4.700666809082031250e+02
4.144028749523873678e+00 4.686437072753906250e+02
4.147463501906404559e+00 4.651386718750000000e+02
4.150898254288936329e+00 4.686410827636718750e+02
4.154333006671467210e+00 4.731427001953125000e+02
4.157767759053998091e+00 4.772616882324218750e+02
4.161202511436528972e+00 4.830663757324218750e+02
4.164637263819060742e+00 4.872617187500000000e+02
4.168072016201591623e+00 4.911553649902343750e+02
4.171506768584122504e+00 4.900837402343750000e+02
4.174941520966654274e+00 4.968198547363281250e+02
4.178376273349185155e+00 5.137459106445312500e+02
4.181811025731716924e+00 5.420836181640625000e+02
4.185245778114246917e+00 5.680557861328125000e+02
4.188680530496778687e+00 5.797302856445312500e+02
4.192115282879309568e+00 5.740949096679687500e+02
4.195550035261841337e+00 5.628522338867187500e+02
4.198984787644372219e+00 5.384450073242187500e+02
4.202419540026903988e+00 5.119262390136718750e+02
4.205854292409434869e+00 4.996542663574218750e+02
4.209289044791966639e+00 5.162092895507812500e+02
4.212723797174496632e+00 5.412575683593750000e+02
4.216158549557028401e+00 5.627742309570312500e+02
4.219593301939559282e+00 5.777358398437500000e+02
4.223028054322091052e+00 5.827059326171875000e+02
4.226462806704621933e+00 5.699282836914062500e+02
4.229897559087153702e+00 5.454672851562500000e+02
4.233332311469684583e+00 5.158449096679687500e+02
4.236767063852215465e+00 4.928336486816406250e+02
4.240201816234746346e+00 4.804160156250000000e+02
4.243636568617277227e+00 4.780568237304687500e+02
4.247071320999808997e+00 4.804399414062500000e+02
4.250506073382339878e+00 4.832946472167968750e+02
4.253940825764871647e+00 4.810332031250000000e+02
4.257375578147402528e+00 4.734040527343750000e+02
4.260810330529933410e+00 4.681273193359375000e+02
4.264245082912464291e+00 4.671012878417968750e+02
4.267679835294996060e+00 4.680603637695312500e+02
4.271114587677526941e+00 4.688012695312500000e+02
4.274549340060058711e+00 4.745354003906250000e+02
4.277984092442589592e+00 4.830725402832031250e+02
4.281418844825121361e+00 4.885585937500000000e+02
4.284853597207652243e+00 4.896671752929687500e+02
4.288288349590183124e+00 5.066759643554687500e+02
4.291723101972714005e+00 5.337402343750000000e+02
4.295157854355245775e+00 5.679106445312500000e+02
4.298592606737776656e+00 5.978834838867187500e+02
4.302027359120308425e+00 6.149766845703125000e+02
4.305462111502839306e+00 6.077484130859375000e+02
4.308896863885370188e+00 5.783475952148437500e+02
4.312331616267901069e+00 5.402892456054687500e+02
4.315766368650432838e+00 5.039628906250000000e+02
4.319201121032963719e+00 4.815607604980468750e+02
4.322635873415494601e+00 4.721150512695312500e+02
4.326070625798026370e+00 4.710676269531250000e+02
4.329505378180557251e+00 4.671671752929687500e+02
4.332940130563089021e+00 4.673404846191406250e+02
4.336374882945619014e+00 4.652480468750000000e+02
4.339809635328150783e+00 4.680969848632812500e+02
4.343244387710681664e+00 4.682001647949218750e+02
4.346679140093213434e+00 4.697438049316406250e+02
4.350113892475744315e+00 4.644217529296875000e+02
4.353548644858276084e+00 4.595207214355468750e+02
4.356983397240806966e+00 4.589573669433593750e+02
4.360418149623338735e+00 4.689234619140625000e+02
4.363852902005868728e+00 4.754006042480468750e+02
4.367287654388400497e+00 4.724414978027343750e+02
4.370722406770931379e+00 4.658377380371093750e+02
4.374157159153463148e+00 4.654648437500000000e+02
4.377591911535994029e+00 4.618824768066406250e+02
4.381026663918525799e+00 4.608245239257812500e+02
4.384461416301056680e+00 4.519339599609375000e+02
4.387896168683587561e+00 4.440514221191406250e+02
4.391330921066118442e+00 4.383253479003906250e+02
4.394765673448649324e+00 4.447538757324218750e+02
4.398200425831181093e+00 4.539040222167968750e+02
4.401635178213711974e+00 4.655576171875000000e+02
4.405069930596243744e+00 4.842662963867187500e+02
4.408504682978774625e+00 5.033481140136718750e+02
4.411939435361305506e+00 5.226926879882812500e+02
4.415374187743836387e+00 5.333335571289062500e+02
4.418808940126368157e+00 5.317080688476562500e+02
4.422243692508899038e+00 5.138524780273437500e+02
4.425678444891430807e+00 4.930685119628906250e+02
4.429113197273961688e+00 4.737547607421875000e+02
4.432547949656493458e+00 4.606796264648437500e+02
4.435982702039023451e+00 4.472170715332031250e+02
4.439417454421555220e+00 4.406448974609375000e+02
4.442852206804086101e+00 4.440994262695312500e+02
4.446286959186617871e+00 4.501589355468750000e+02
4.449721711569148752e+00 4.534488830566406250e+02
4.453156463951680522e+00 4.529177246093750000e+02
4.456591216334211403e+00 4.469203491210937500e+02
4.460025968716742284e+00 4.445332641601562500e+02
4.463460721099273165e+00 4.456669921875000000e+02
4.466895473481804935e+00 4.508972473144531250e+02
4.470330225864335816e+00 4.511723022460937500e+02
4.473764978246866697e+00 4.492714843750000000e+02
4.477199730629398466e+00 4.450475769042968750e+02
4.480634483011929348e+00 4.452121582031250000e+02
4.484069235394461117e+00 4.436402893066406250e+02
4.487503987776991110e+00 4.447174682617187500e+02
4.490938740159522879e+00 4.426951904296875000e+02
4.494373492542053761e+00 4.421593627929687500e+02
4.497808244924585530e+00 4.438446350097656250e+02
4.501242997307116411e+00 4.431992187500000000e+02
4.504677749689648181e+00 4.422897033691406250e+02
4.508112502072179062e+00 4.408978271484375000e+02
4.511547254454709943e+00 4.405989990234375000e+02
4.514982006837240824e+00 4.404128723144531250e+02
4.518416759219772594e+00 4.422558288574218750e+02
4.521851511602303475e+00 4.404525146484375000e+02
4.525286263984835244e+00 4.374882812500000000e+02
4.528721016367366126e+00 4.328412780761718750e+02
4.532155768749897895e+00 4.348262023925781250e+02
4.535590521132428776e+00 4.330004272460937500e+02
4.539025273514959657e+00 4.312168579101562500e+02
4.542460025897490539e+00 4.328755798339843750e+02
4.545894778280021420e+00 4.361544189453125000e+02
4.549329530662553189e+00 4.355751342773437500e+02
4.552764283045084071e+00 4.357196044921875000e+02
4.556199035427615840e+00 4.337677612304687500e+02
4.559633787810146721e+00 4.355289611816406250e+02
4.563068540192677602e+00 4.388592834472656250e+02
4.566503292575208484e+00 4.447099609375000000e+02
4.569938044957740253e+00 4.407079162597656250e+02
4.573372797340271134e+00 4.323406677246093750e+02
4.576807549722802904e+00 4.340970764160156250e+02
4.580242302105333785e+00 4.366867370605468750e+02
4.583677054487865554e+00 4.364981689453125000e+02
4.587111806870395547e+00 4.317874450683593750e+02
4.590546559252927317e+00 4.338704528808593750e+02
4.593981311635458198e+00 4.354284362792968750e+02
4.597416064017989967e+00 4.319407043457031250e+02
4.600850816400520849e+00 4.271991882324218750e+02
4.604285568783052618e+00 4.282416076660156250e+02
4.607720321165583499e+00 4.351881408691406250e+02
4.611155073548115269e+00 4.434369812011718750e+02
4.614589825930645262e+00 4.441608581542968750e+02
4.618024578313177031e+00 4.425200805664062500e+02
4.621459330695707912e+00 4.382102661132812500e+02
4.624894083078238793e+00 4.367340698242187500e+02
4.628328835460770563e+00 4.337500610351562500e+02
4.631763587843301444e+00 4.367468261718750000e+02
4.635198340225833213e+00 4.487509155273437500e+02
4.638633092608363206e+00 4.641452026367187500e+02
4.642067844990894976e+00 4.898920288085937500e+02
4.645502597373425857e+00 5.194339599609375000e+02
4.648937349755957626e+00 5.540512695312500000e+02
4.652372102138488508e+00 5.766876831054687500e+02
4.655806854521020277e+00 5.842664184570312500e+02
4.659241606903551158e+00 5.889487304687500000e+02
4.662676359286082040e+00 5.866859130859375000e+02
4.666111111668612921e+00 5.817091674804687500e+02
4.669545864051144690e+00 5.758792724609375000e+02
4.672980616433675571e+00 5.689653930664062500e+02
4.676415368816207341e+00 5.609571533203125000e+02
4.679850121198738222e+00 5.397802124023437500e+02
4.683284873581269991e+00 5.187938842773437500e+02
4.686719625963800873e+00 4.937984619140625000e+02
4.690154378346331754e+00 4.712767333984375000e+02
4.693589130728862635e+00 4.551517028808593750e+02
4.697023883111393516e+00 4.445442199707031250e+02
4.700458635493925286e+00 4.373500976562500000e+02
4.703893387876456167e+00 4.322101440429687500e+02
4.707328140258987936e+00 4.305745239257812500e+02
4.710762892641518818e+00 4.306338195800781250e+02
4.714197645024049699e+00 4.304101867675781250e+02
4.717632397406580580e+00 4.305954284667968750e+02
4.721067149789112349e+00 4.306933593750000000e+02
4.724501902171643231e+00 4.295052490234375000e+02
4.727936654554175000e+00 4.267964477539062500e+02
4.731371406936705881e+00 4.260083618164062500e+02
4.734806159319237651e+00 4.259208679199218750e+02
4.738240911701767644e+00 4.268690795898437500e+02
4.741675664084299413e+00 4.275029602050781250e+02
4.745110416466830294e+00 4.288516845703125000e+02
4.748545168849362064e+00 4.289222717285156250e+02
4.751979921231892945e+00 4.287449951171875000e+02
4.755414673614424714e+00 4.307915954589843750e+02
4.758849425996955596e+00 4.314151611328125000e+02
4.762284178379487365e+00 4.342681579589843750e+02
4.765718930762017358e+00 4.334983825683593750e+02
4.769153683144549127e+00 4.332193908691406250e+02
4.772588435527080009e+00 4.315389709472656250e+02
4.776023187909610890e+00 4.309075317382812500e+02
4.779457940292142659e+00 4.292583007812500000e+02
4.782892692674673540e+00 4.261334533691406250e+02
4.786327445057205310e+00 4.346304931640625000e+02
4.789762197439735303e+00 4.417754516601562500e+02
4.793196949822267072e+00 4.478727111816406250e+02
4.796631702204797953e+00 4.484098205566406250e+02
4.800066454587329723e+00 4.505609436035156250e+02
4.803501206969860604e+00 4.554291992187500000e+02
4.806935959352392373e+00 4.554307861328125000e+02
4.810370711734923255e+00 4.579498596191406250e+02
4.813805464117454136e+00 4.576503601074218750e+02
4.817240216499985017e+00 4.592649230957031250e+02
4.820674968882516787e+00 4.565225830078125000e+02
4.824109721265047668e+00 4.542894287109375000e+02
4.827544473647579437e+00 4.553621826171875000e+02
4.830979226030110318e+00 4.584013061523437500e+02
4.834413978412642088e+00 4.646309814453125000e+02
4.837848730795172969e+00 4.660087890625000000e+02
4.841283483177703850e+00 4.693023986816406250e+02
4.844718235560234731e+00 4.768787231445312500e+02
4.848152987942766501e+00 4.880874023437500000e+02
4.851587740325297382e+00 5.034353332519531250e+02
4.855022492707828263e+00 5.403453979492187500e+02
4.858457245090360033e+00 6.309594726562500000e+02
4.861891997472890914e+00 8.275297851562500000e+02
4.865326749855421795e+00 1.184278564453125000e+03
4.868761502237952676e+00 1.696431884765625000e+03
4.872196254620484446e+00 2.244255371093750000e+03
4.875631007003015327e+00 2.612195312500000000e+03
4.879065759385547096e+00 2.677067871093750000e+03
4.882500511768077978e+00 2.421274414062500000e+03
4.885935264150609747e+00 1.969046142578125000e+03
4.889370016533139740e+00 1.458127319335937500e+03
4.892804768915671509e+00 1.030326660156250000e+03
4.896239521298202391e+00 7.482180175781250000e+02
4.899674273680734160e+00 5.952874145507812500e+02
4.903109026063265041e+00 5.255932617187500000e+02
4.906543778445796811e+00 4.824118347167968750e+02
4.909978530828327692e+00 4.621720581054687500e+02
4.913413283210858573e+00 4.491301574707031250e+02
4.916848035593389454e+00 4.440970458984375000e+02
4.920282787975921224e+00 4.446896972656250000e+02
4.923717540358452105e+00 4.471653442382812500e+02
4.927152292740982986e+00 4.552783813476562500e+02
4.930587045123514756e+00 4.584702758789062500e+02
4.934021797506045637e+00 4.550715637207031250e+02
4.937456549888577406e+00 4.470940246582031250e+02
4.940891302271107399e+00 4.403424987792968750e+02
4.944326054653639169e+00 4.376907043457031250e+02
4.947760807036170050e+00 4.394038696289062500e+02
4.951195559418701819e+00 4.386964111328125000e+02
4.954630311801232700e+00 4.459605407714843750e+02
4.958065064183764470e+00 4.514424743652343750e+02
4.961499816566295351e+00 4.602025756835937500e+02
4.964934568948826232e+00 4.672616882324218750e+02
4.968369321331357114e+00 4.663352661132812500e+02
4.971804073713888883e+00 4.524574890136718750e+02
4.975238826096419764e+00 4.357471923828125000e+02
4.978673578478951534e+00 4.272593383789062500e+02
4.982108330861482415e+00 4.224656982421875000e+02
4.985543083244014184e+00 4.216109313964843750e+02
4.988977835626544177e+00 4.138701477050781250e+02
4.992412588009075947e+00 4.176248168945312500e+02
4.995847340391606828e+00 4.181948547363281250e+02
4.999282092774138597e+00 4.197662353515625000e+02
5.002716845156669478e+00 4.172395019531250000e+02
5.006151597539200360e+00 4.199044189453125000e+02
5.009586349921732129e+00 4.182208862304687500e+02
5.013021102304263010e+00 4.132178955078125000e+02
5.016455854686793892e+00 4.108101501464843750e+02
5.019890607069324773e+00 4.144455261230468750e+02
5.023325359451856542e+00 4.252401428222656250e+02
5.026760111834387423e+00 4.290564880371093750e+02
5.030194864216919193e+00 4.322231750488281250e+02
5.033629616599450074e+00 4.410040283203125000e+02
5.037064368981981843e+00 4.502717285156250000e+02
5.040499121364511836e+00 4.482314147949218750e+02
5.043933873747043606e+00 4.404988708496093750e+02
5.047368626129574487e+00 4.342775878906250000e+02
5.050803378512106256e+00 4.287380676269531250e+02
5.054238130894637138e+00 4.204557189941406250e+02
5.057672883277168907e+00 4.148031616210937500e+02
5.061107635659699788e+00 4.117762451171875000e+02
5.064542388042230669e+00 4.132908325195312500e+02
5.067977140424761551e+00 4.172976074218750000e+02
5.071411892807293320e+00 4.207174072265625000e+02
5.074846645189824201e+00 4.221097106933593750e+02
5.078281397572355083e+00 4.231620178222656250e+02
5.081716149954886852e+00 4.224382934570312500e+02
5.085150902337417733e+00 4.230332031250000000e+02
5.088585654719949503e+00 4.197552490234375000e+02
5.092020407102479496e+00 4.152606811523437500e+02
5.095455159485011265e+00 4.126485290527343750e+02
5.098889911867542146e+00 4.097165832519531250e+02
5.102324664250073916e+00 3.998487854003906250e+02
5.105759416632604797e+00 3.961641845703125000e+02
5.109194169015136566e+00 3.958337097167968750e+02
5.112628921397667447e+00 4.002577514648437500e+02
5.116063673780198329e+00 4.076481323242187500e+02
5.119498426162729210e+00 4.123085327148437500e+02
5.122933178545260979e+00 4.071929931640625000e+02
5.126367930927791861e+00 3.963700256347656250e+02
5.129802683310323630e+00 3.956354675292968750e+02
5.133237435692854511e+00 3.948769836425781250e+02
5.136672188075386281e+00 3.951042785644531250e+02
5.140106940457916274e+00 3.905926818847656250e+02
5.143541692840448043e+00 3.968269348144531250e+02
5.146976445222978924e+00 3.997556762695312500e+02
5.150411197605510694e+00 3.996251220703125000e+02
5.153845949988041575e+00 3.947093811035156250e+02
5.157280702370572456e+00 3.947655029296875000e+02
5.160715454753104225e+00 4.001955261230468750e+02
5.164150207135635107e+00 4.078480224609375000e+02
5.167584959518165988e+00 4.134661254882812500e+02
5.171019711900696869e+00 4.165175170898437500e+02
5.174454464283228639e+00 4.141449584960937500e+02
5.177889216665759520e+00 4.081679077148437500e+02
5.181323969048291289e+00 4.015950317382812500e+02
5.184758721430822170e+00 4.013546447753906250e+02
5.188193473813353940e+00 4.027306823730468750e+02
5.191628226195883933e+00 4.004136962890625000e+02
5.195062978578415702e+00 3.977153320312500000e+02
5.198497730960946583e+00 3.996101989746093750e+02
5.201932483343478353e+00 4.076080322265625000e+02
5.205367235726009234e+00 4.240505676269531250e+02
5.208801988108541003e+00 4.402385253906250000e+02
5.212236740491071885e+00 4.583323059082031250e+02
5.215671492873602766e+00 4.635691833496093750e+02
5.219106245256133647e+00 4.690643005371093750e+02
5.222540997638665417e+00 4.645888366699218750e+02
5.225975750021196298e+00 4.541475830078125000e+02
5.229410502403727179e+00 4.378035278320312500e+02
5.232845254786258948e+00 4.208558349609375000e+02
5.236280007168789830e+00 4.105288391113281250e+02
5.239714759551321599e+00 4.012730712890625000e+02
5.243149511933851592e+00 4.019256896972656250e+02
5.246584264316383361e+00 3.992584228515625000e+02
5.250019016698914243e+00 3.984033203125000000e+02
5.253453769081446012e+00 3.959553222656250000e+02
5.256888521463976893e+00 3.966731872558593750e+02
5.260323273846508663e+00 3.965695190429687500e+02
5.263758026229039544e+00 4.010400390625000000e+02
5.267192778611570425e+00 3.985818786621093750e+02
5.270627530994101306e+00 3.973940124511718750e+02
5.274062283376633076e+00 3.946160888671875000e+02
5.277497035759163957e+00 4.002464294433593750e+02
5.280931788141695726e+00 4.016371765136718750e+02
5.284366540524226608e+00 4.092673339843750000e+02
5.287801292906758377e+00 4.168268737792968750e+02
5.291236045289288370e+00 4.211356201171875000e+02
5.294670797671820139e+00 4.190515136718750000e+02
5.298105550054351021e+00 4.158260498046875000e+02
5.301540302436882790e+00 4.159291687011718750e+02
5.304975054819413671e+00 4.080954895019531250e+02
5.308409807201944552e+00 3.993060607910156250e+02
5.311844559584476322e+00 3.893117065429687500e+02
5.315279311967006315e+00 3.939555358886718750e+02
5.318714064349538084e+00 4.003502502441406250e+02
5.322148816732068966e+00 4.084427185058593750e+02
5.325583569114600735e+00 4.114300842285156250e+02
5.329018321497131616e+00 4.131543579101562500e+02
5.332453073879663386e+00 4.106889343261718750e+02
5.335887826262194267e+00 4.102950439453125000e+02
5.339322578644726036e+00 4.159915466308593750e+02
5.342757331027256029e+00 4.320432434082031250e+02
5.346192083409787799e+00 4.496697387695312500e+02
5.349626835792318680e+00 4.657880859375000000e+02
5.353061588174850449e+00 4.747353210449218750e+02
5.356496340557381330e+00 4.681603698730468750e+02
5.359931092939913100e+00 4.493717956542968750e+02
5.363365845322443981e+00 4.230512084960937500e+02
5.366800597704974862e+00 4.063019409179687500e+02
5.370235350087505743e+00 3.969167175292968750e+02
5.373670102470037513e+00 3.895655212402343750e+02
5.377104854852568394e+00 3.861973266601562500e+02
5.380539607235100164e+00 3.888995056152343750e+02
5.383974359617631045e+00 3.889969177246093750e+02
5.387409112000161926e+00 3.893560180664062500e+02
5.390843864382692807e+00 3.895570068359375000e+02
5.394278616765223688e+00 3.904780273437500000e+02
5.397713369147755458e+00 3.893396606445312500e+02
5.401148121530286339e+00 3.892352905273437500e+02
5.404582873912818108e+00 3.935248718261718750e+02
5.408017626295348990e+00 3.931380920410156250e+02
5.411452378677880759e+00 3.948995971679687500e+02
5.414887131060411640e+00 3.955770263671875000e+02
5.418321883442942521e+00 3.948538818359375000e+02
5.421756635825473403e+00 3.980191040039062500e+02
5.425191388208005172e+00 3.991403808593750000e+02
5.428626140590536053e+00 4.068365783691406250e+02
5.432060892973067823e+00 4.130552673339843750e+02
5.435495645355598704e+00 4.183550720214843750e+02
5.438930397738130473e+00 4.127754821777343750e+02
5.442365150120660466e+00 4.042748718261718750e+02
5.445799902503192236e+00 3.959919433593750000e+02
5.449234654885723117e+00 3.951098937988281250e+02
5.452669407268254886e+00 3.929244995117187500e+02
5.456104159650785768e+00 3.962908325195312500e+02
5.459538912033316649e+00 3.973371276855468750e+02
5.462973664415848418e+00 3.988038024902343750e+02
5.466408416798379299e+00 3.974019165039062500e+02
5.469843169180910181e+00 3.977715148925781250e+02
5.473277921563441062e+00 4.065013732910156250e+02
5.476712673945972831e+00 4.195093078613281250e+02
5.480147426328503713e+00 4.314407348632812500e+02
5.483582178711035482e+00 4.401597595214843750e+02
5.487016931093566363e+00 4.444670410156250000e+02
5.490451683476098133e+00 4.413433532714843750e+02
5.493886435858628126e+00 4.269421081542968750e+02
5.497321188241159895e+00 4.103401184082031250e+02
5.500755940623690776e+00 4.018344421386718750e+02
5.504190693006222546e+00 3.941669311523437500e+02
5.507625445388753427e+00 3.926901550292968750e+02
5.511060197771285196e+00 3.916444396972656250e+02
5.514494950153816077e+00 3.965046997070312500e+02
5.517929702536346959e+00 4.013586425781250000e+02
5.521364454918877840e+00 4.057359924316406250e+02
5.524799207301409609e+00 4.100317382812500000e+02
5.528233959683940490e+00 4.079856567382812500e+02
5.531668712066472260e+00 4.012216491699218750e+02
5.535103464449003141e+00 3.934596557617187500e+02
5.538538216831534022e+00 3.923359985351562500e+02
5.541972969214064904e+00 3.926301879882812500e+02
5.545407721596595785e+00 3.945800170898437500e+02
5.548842473979127554e+00 3.969030151367187500e+02
5.552277226361658435e+00 3.983798828125000000e+02
5.555711978744190205e+00 3.944459838867187500e+02
5.559146731126721086e+00 3.921576843261718750e+02
5.562581483509252855e+00 3.922168273925781250e+02
5.566016235891783737e+00 3.928023071289062500e+02
5.569450988274314618e+00 3.955440063476562500e+02
5.572885740656845499e+00 3.992920837402343750e+02
5.576320493039377268e+00 4.013346252441406250e+02
5.579755245421908150e+00 4.008347778320312500e+02
5.583189997804439919e+00 3.978692321777343750e+02
5.586624750186970800e+00 3.952236633300781250e+02
5.590059502569502570e+00 3.926289062500000000e+02
5.593494254952032563e+00 3.907106933593750000e+02
5.596929007334564332e+00 3.934643859863281250e+02
5.600363759717095213e+00 3.906871643066406250e+02
5.603798512099626983e+00 3.888693847656250000e+02
5.607233264482157864e+00 3.867023010253906250e+02
5.610668016864688745e+00 3.850594177246093750e+02
5.614102769247220515e+00 3.803654785156250000e+02
5.617537521629751396e+00 3.800886840820312500e+02
5.620972274012282277e+00 3.840138244628906250e+02
5.624407026394813158e+00 3.840668945312500000e+02
5.627841778777344928e+00 3.835310974121093750e+02
5.631276531159875809e+00 3.777971801757812500e+02
5.634711283542407578e+00 3.768310546875000000e+02
5.638146035924938460e+00 3.759199523925781250e+02
5.641580788307470229e+00 3.768595886230468750e+02
5.645015540690000222e+00 3.743596496582031250e+02
5.648450293072531991e+00 3.758166198730468750e+02
5.651885045455062873e+00 3.781250305175781250e+02
5.655319797837594642e+00 3.811983337402343750e+02
5.658754550220125523e+00 3.838971862792968750e+02
5.662189302602657293e+00 3.853180847167968750e+02
5.665624054985188174e+00 3.868802490234375000e+02
5.669058807367719055e+00 3.882978515625000000e+02
5.672493559750249936e+00 3.888411560058593750e+02
5.675928312132781706e+00 3.889298706054687500e+02
5.679363064515312587e+00 3.889640502929687500e+02
5.682797816897844356e+00 3.891132202148437500e+02
5.686232569280375237e+00 3.963134155273437500e+02
5.689667321662906119e+00 4.030451354980468750e+02
5.693102074045437000e+00 4.111123962402343750e+02
5.696536826427967881e+00 4.144330139160156250e+02
5.699971578810499651e+00 4.178273010253906250e+02
5.703406331193030532e+00 4.214274291992187500e+02
5.706841083575562301e+00 4.239750061035156250e+02
5.710275835958093182e+00 4.273218688964843750e+02
5.713710588340624952e+00 4.382913818359375000e+02
5.717145340723154945e+00 4.515303039550781250e+02
5.720580093105686714e+00 4.567955627441406250e+02
5.724014845488217595e+00 4.502408752441406250e+02
5.727449597870749365e+00 4.383281250000000000e+02
5.730884350253280246e+00 4.197483520507812500e+02
5.734319102635812015e+00 4.016793823242187500e+02
5.737753855018342897e+00 3.872547302246093750e+02
5.741188607400874666e+00 3.801442871093750000e+02
5.744623359783404659e+00 3.822831420898437500e+02
5.748058112165936429e+00 3.875635986328125000e+02
5.751492864548467310e+00 3.903287353515625000e+02
5.754927616930999079e+00 3.836036376953125000e+02
5.758362369313529960e+00 3.792938232421875000e+02
5.761797121696060842e+00 3.754886779785156250e+02
5.765231874078592611e+00 3.738120727539062500e+02
5.768666626461123492e+00 3.750978393554687500e+02
5.772101378843654373e+00 3.767560424804687500e+02
5.775536131226185255e+00 3.807375488281250000e+02
5.778970883608717024e+00 3.804592285156250000e+02
5.782405635991247905e+00 3.777729187011718750e+02
5.785840388373779675e+00 3.744827880859375000e+02
5.789275140756310556e+00 3.734980468750000000e+02
5.792709893138841437e+00 3.750344543457031250e+02
5.796144645521372318e+00 3.726444702148437500e+02
5.799579397903904088e+00 3.734478149414062500e+02
5.803014150286434969e+00 3.749948425292968750e+02
5.806448902668966738e+00 3.768559265136718750e+02
5.809883655051497620e+00 3.774976196289062500e+02
5.813318407434029389e+00 3.767579956054687500e+02
5.816753159816560270e+00 3.785917663574218750e+02
5.820187912199091151e+00 3.756136474609375000e+02
5.823622664581622033e+00 3.722070007324218750e+02
5.827057416964153802e+00 3.714402160644531250e+02
5.830492169346684683e+00 3.729743041992187500e+02
5.833926921729216453e+00 3.724140014648437500e+02
5.837361674111747334e+00 3.715618591308593750e+02
5.840796426494278215e+00 3.747453002929687500e+02
5.844231178876809096e+00 3.772598571777343750e+02
5.847665931259339978e+00 3.741699218750000000e+02
5.851100683641871747e+00 3.712287597656250000e+02
5.854535436024402628e+00 3.738190917968750000e+02
5.857970188406934398e+00 3.709928894042968750e+02
5.861404940789465279e+00 3.705829772949218750e+02
5.864839693171997048e+00 3.690524597167968750e+02
5.868274445554527041e+00 3.696848449707031250e+02
5.871709197937058811e+00 3.663955993652343750e+02
5.875143950319589692e+00 3.661299133300781250e+02
5.878578702702121461e+00 3.683184509277343750e+02
5.882013455084652342e+00 3.735584411621093750e+02
5.885448207467184112e+00 3.738303833007812500e+02
5.888882959849714993e+00 3.749381408691406250e+02
5.892317712232246762e+00 3.709388732910156250e+02
5.895752464614776756e+00 3.681945495605468750e+02
5.899187216997308525e+00 3.633538208007812500e+02
5.902621969379839406e+00 3.632354125976562500e+02
5.906056721762371176e+00 3.635891113281250000e+02
5.909491474144902057e+00 3.648656311035156250e+02
5.912926226527432938e+00 3.652294616699218750e+02
5.916360978909964707e+00 3.693898620605468750e+02
5.919795731292495589e+00 3.711958007812500000e+02
5.923230483675026470e+00 3.724160156250000000e+02
5.926665236057557351e+00 3.700545043945312500e+02
5.930099988440089120e+00 3.678681640625000000e+02
5.933534740822620002e+00 3.664252624511718750e+02
5.936969493205151771e+00 3.694348144531250000e+02
5.940404245587682652e+00 3.714869079589843750e+02
5.943838997970213534e+00 3.746357727050781250e+02
5.947273750352744415e+00 3.852286376953125000e+02
5.950708502735276184e+00 3.938193969726562500e+02
5.954143255117807065e+00 4.041448059082031250e+02
5.957578007500338835e+00 4.242090148925781250e+02
5.961012759882869716e+00 4.645603027343750000e+02
5.964447512265401485e+00 5.255964355468750000e+02
5.967882264647932367e+00 5.975831298828125000e+02
5.971317017030463248e+00 6.703262329101562500e+02
5.974751769412994129e+00 7.252542114257812500e+02
5.978186521795525898e+00 7.426754760742187500e+02
5.981621274178056780e+00 7.122225952148437500e+02
5.985056026560588549e+00 6.412299804687500000e+02
5.988490778943119430e+00 5.560101318359375000e+02
5.991925531325650311e+00 4.915182495117187500e+02
5.995360283708181193e+00 4.428641357421875000e+02
5.998795036090712074e+00 4.194567260742187500e+02
6.002229788473243843e+00 3.991947021484375000e+02
6.005664540855774725e+00 3.873201293945312500e+02
6.009099293238306494e+00 3.828670043945312500e+02
6.012534045620837375e+00 3.871332397460937500e+02
6.015968798003369145e+00 3.902295837402343750e+02
6.019403550385899138e+00 3.909911193847656250e+02
6.022838302768430907e+00 3.958273315429687500e+02
6.026273055150961788e+00 3.952381896972656250e+02
6.029707807533493558e+00 3.897359619140625000e+02
6.033142559916024439e+00 3.826472473144531250e+02
6.036577312298556208e+00 3.794106140136718750e+02
6.040012064681087089e+00 3.778624267578125000e+02
6.043446817063618859e+00 3.781347045898437500e+02
6.046881569446148852e+00 3.795306396484375000e+02
6.050316321828680621e+00 3.816710510253906250e+02
6.053751074211211503e+00 3.853666381835937500e+02
6.057185826593743272e+00 3.841329040527343750e+02
6.060620578976274153e+00 3.896992187500000000e+02
6.064055331358805923e+00 3.895122680664062500e+02
6.067490083741336804e+00 4.000019226074218750e+02
6.070924836123867685e+00 4.046744689941406250e+02
6.074359588506398566e+00 4.090756225585937500e+02
6.077794340888929447e+00 4.009393920898437500e+02
6.081229093271461217e+00 3.990655822753906250e+02
6.084663845653992098e+00 3.857800903320312500e+02
6.088098598036523867e+00 3.755230102539062500e+02
6.091533350419054749e+00 3.670352783203125000e+02
6.094968102801585630e+00 3.675990295410156250e+02
6.098402855184116511e+00 3.639880981445312500e+02
6.101837607566648281e+00 3.634458923339843750e+02
6.105272359949179162e+00 3.632474975585937500e+02
6.108707112331710931e+00 3.663629760742187500e+02
6.112141864714241812e+00 3.709774169921875000e+02
6.115576617096773582e+00 3.732084350585937500e+02
6.119011369479304463e+00 3.760731201171875000e+02
6.122446121861835344e+00 3.790930786132812500e+02
6.125880874244366225e+00 3.819802246093750000e+02
6.129315626626897995e+00 3.767694702148437500e+02
6.132750379009428876e+00 3.727640380859375000e+02
6.136185131391960645e+00 3.742915649414062500e+02
6.139619883774491527e+00 3.794703979492187500e+02
6.143054636157022408e+00 3.824228210449218750e+02
6.146489388539553289e+00 3.798746948242187500e+02
6.149924140922085058e+00 3.766870422363281250e+02
6.153358893304615940e+00 3.748725891113281250e+02
6.156793645687146821e+00 3.764692993164062500e+02
6.160228398069678590e+00 3.754030761718750000e+02
6.163663150452209472e+00 3.710432128906250000e+02
6.167097902834741241e+00 3.650430603027343750e+02
6.170532655217271234e+00 3.656559753417968750e+02
6.173967407599803003e+00 3.658723449707031250e+02
6.177402159982333885e+00 3.655459899902343750e+02
6.180836912364865654e+00 3.667390136718750000e+02
6.184271664747396535e+00 3.672119140625000000e+02
6.187706417129928305e+00 3.645268859863281250e+02
6.191141169512459186e+00 3.566299438476562500e+02
6.194575921894990067e+00 3.526425170898437500e+02
6.198010674277520948e+00 3.495235290527343750e+02
6.201445426660052718e+00 3.533402099609375000e+02
6.204880179042583599e+00 3.547264099121093750e+02
6.208314931425115368e+00 3.529772949218750000e+02
6.211749683807646250e+00 3.518960876464843750e+02
6.215184436190178019e+00 3.561441955566406250e+02
6.218619188572708900e+00 3.582994079589843750e+02
6.222053940955239781e+00 3.592251586914062500e+02
6.225488693337770663e+00 3.577692565917968750e+02
6.228923445720301544e+00 3.572076110839843750e+02
6.232358198102833313e+00 3.540284423828125000e+02
6.235792950485364194e+00 3.542145690917968750e+02
6.239227702867895964e+00 3.555835266113281250e+02
6.242662455250426845e+00 3.549366149902343750e+02
6.246097207632957726e+00 3.583200988769531250e+02
6.249531960015488607e+00 3.572074584960937500e+02
6.252966712398020377e+00 3.542304077148437500e+02
6.256401464780551258e+00 3.540311279296875000e+02
6.259836217163083028e+00 3.566348266601562500e+02
6.263270969545613909e+00 3.648094482421875000e+02
6.266705721928145678e+00 3.687735595703125000e+02
6.270140474310675671e+00 3.752187194824218750e+02
6.273575226693207441e+00 3.746586303710937500e+02
6.277009979075738322e+00 3.835196228027343750e+02
6.280444731458270091e+00 3.882979125976562500e+02
6.283879483840800972e+00 3.945386047363281250e+02
6.287314236223332742e+00 3.931813049316406250e+02
6.290748988605863623e+00 3.918683166503906250e+02
6.294183740988394504e+00 3.855837097167968750e+02
6.297618493370925385e+00 3.798705444335937500e+02
6.301053245753457155e+00 3.755024719238281250e+02
6.304487998135988036e+00 3.794537353515625000e+02
6.307922750518518917e+00 3.772473144531250000e+02
6.311357502901050687e+00 3.722540588378906250e+02
6.314792255283581568e+00 3.625245666503906250e+02
6.318227007666113337e+00 3.563901672363281250e+02
6.321661760048643330e+00 3.576382446289062500e+02
6.325096512431175100e+00 3.642620544433593750e+02
6.328531264813705981e+00 3.696335754394531250e+02
6.331966017196237750e+00 3.730357055664062500e+02
6.335400769578768632e+00 3.782308959960937500e+02
6.338835521961300401e+00 3.778410949707031250e+02
6.342270274343831282e+00 3.819110412597656250e+02
6.345705026726362163e+00 3.837145385742187500e+02
6.349139779108893045e+00 3.821785583496093750e+02
6.352574531491424814e+00 3.716048889160156250e+02
6.356009283873955695e+00 3.625329589843750000e+02
6.359444036256487465e+00 3.573471984863281250e+02
6.362878788639018346e+00 3.526398620605468750e+02
6.366313541021550115e+00 3.493843383789062500e+02
6.369748293404080997e+00 3.448293457031250000e+02
6.373183045786611878e+00 3.447942810058593750e+02
6.376617798169142759e+00 3.493392333984375000e+02
6.380052550551673640e+00 3.573564453125000000e+02
6.383487302934205410e+00 3.597456054687500000e+02
6.386922055316736291e+00 3.601165161132812500e+02
6.390356807699268060e+00 3.567730712890625000e+02
6.393791560081798941e+00 3.539489135742187500e+02
6.397226312464329823e+00 3.526348266601562500e+02
6.400661064846860704e+00 3.556367492675781250e+02
6.404095817229392473e+00 3.562960510253906250e+02
6.407530569611923355e+00 3.579186401367187500e+02
6.410965321994455124e+00 3.586013793945312500e+02
6.414400074376986005e+00 3.581799926757812500e+02
6.417834826759517775e+00 3.615935668945312500e+02
6.421269579142047768e+00 3.629631958007812500e+02
6.424704331524579537e+00 3.703116455078125000e+02
6.428139083907110418e+00 3.754362182617187500e+02
6.431573836289642188e+00 3.832792358398437500e+02
6.435008588672173069e+00 3.794800720214843750e+02
6.438443341054704838e+00 3.754151916503906250e+02
6.441878093437235719e+00 3.698049316406250000e+02
6.445312845819766601e+00 3.655418395996093750e+02
6.448747598202297482e+00 3.581683044433593750e+02
6.452182350584829251e+00 3.560507507324218750e+02
6.455617102967360132e+00 3.555798339843750000e+02
6.459051855349891014e+00 3.552206115722656250e+02
6.462486607732422783e+00 3.489185485839843750e+02
6.465921360114953664e+00 3.439510803222656250e+02
6.469356112497485434e+00 3.423800354003906250e+02
6.472790864880015427e+00 3.444166870117187500e+02
6.476225617262547196e+00 3.440027160644531250e+02
6.479660369645078077e+00 3.433581542968750000e+02
6.483095122027609847e+00 3.447294616699218750e+02
6.486529874410140728e+00 3.489494628906250000e+02
6.489964626792672497e+00 3.529249572753906250e+02
6.493399379175203379e+00 3.528448181152343750e+02
6.496834131557734260e+00 3.500520935058593750e+02
6.500268883940265141e+00 3.507680053710937500e+02
6.503703636322796910e+00 3.548600463867187500e+02
6.507138388705327792e+00 3.578692016601562500e+02
6.510573141087859561e+00 3.576213989257812500e+02
6.514007893470390442e+00 3.559691162109375000e+02
6.517442645852922212e+00 3.563733520507812500e+02
6.520877398235453093e+00 3.589634704589843750e+02
6.524312150617983974e+00 3.598063964843750000e+02
6.527746903000514855e+00 3.623013610839843750e+02
6.531181655383045737e+00 3.581569519042968750e+02
6.534616407765577506e+00 3.582152099609375000e+02
6.538051160148108387e+00 3.571097106933593750e+02
6.541485912530640157e+00 3.572891235351562500e+02
6.544920664913171038e+00 3.549365539550781250e+02
6.548355417295701919e+00 3.519136657714843750e+02
6.551790169678232800e+00 3.477656250000000000e+02
6.555224922060764570e+00 3.473257751464843750e+02
6.558659674443295451e+00 3.478468933105468750e+02
6.562094426825827220e+00 3.498529968261718750e+02
6.565529179208358102e+00 3.471604919433593750e+02
6.568963931590889871e+00 3.463900146484375000e+02
6.572398683973419864e+00 3.452878417968750000e+02
6.575833436355951633e+00 3.461189270019531250e+02
6.579268188738482515e+00 3.477170104980468750e+02
6.582702941121014284e+00 3.499317932128906250e+02
6.586137693503545165e+00 3.553000488281250000e+02
6.589572445886076935e+00 3.533323669433593750e+02
6.593007198268607816e+00 3.539251098632812500e+02
6.596441950651138697e+00 3.528999023437500000e+02
6.599876703033669578e+00 3.539220886230468750e+02
6.603311455416201348e+00 3.521241149902343750e+02
6.606746207798732229e+00 3.522767028808593750e+02
6.610180960181263110e+00 3.498057250976562500e+02
6.613615712563794879e+00 3.449737243652343750e+02
6.617050464946325761e+00 3.403675842285156250e+02
6.620485217328857530e+00 3.333808288574218750e+02
6.623919969711387523e+00 3.359225463867187500e+02
6.627354722093919293e+00 3.424425964355468750e+02
6.630789474476450174e+00 3.513414306640625000e+02
6.634224226858981943e+00 3.516432495117187500e+02
6.637658979241512824e+00 3.484370727539062500e+02
6.641093731624044594e+00 3.419446105957031250e+02
6.644528484006575475e+00 3.413125610351562500e+02
6.647963236389106356e+00 3.425213623046875000e+02
6.651397988771637237e+00 3.484636230468750000e+02
6.654832741154169007e+00 3.488643798828125000e+02
6.658267493536699888e+00 3.476509094238281250e+02
6.661702245919231657e+00 3.456612854003906250e+02
6.665136998301762539e+00 3.459001159667968750e+02
6.668571750684294308e+00 3.472076721191406250e+02
6.672006503066824301e+00 3.473136596679687500e+02
6.675441255449356071e+00 3.510974121093750000e+02
6.678876007831886952e+00 3.569944763183593750e+02
6.682310760214417833e+00 3.612909240722656250e+02
6.685745512596949602e+00 3.648717956542968750e+02
6.689180264979480484e+00 3.681772155761718750e+02
6.692615017362012253e+00 3.700505065917968750e+02
6.696049769744543134e+00 3.652841796875000000e+02
6.699484522127074015e+00 3.562384948730468750e+02
6.702919274509604897e+00 3.467172851562500000e+02
6.706354026892136666e+00 3.397253723144531250e+02
6.709788779274667547e+00 3.357093811035156250e+02
6.713223531657199317e+00 3.356774291992187500e+02
6.716658284039730198e+00 3.396325683593750000e+02
6.720093036422261967e+00 3.386708374023437500e+02
6.723527788804791960e+00 3.363283996582031250e+02
6.726962541187323730e+00 3.360482177734375000e+02
6.730397293569854611e+00 3.391705322265625000e+02
6.733832045952386380e+00 3.382778015136718750e+02
6.737266798334917262e+00 3.329829101562500000e+02
6.740701550717449031e+00 3.352203063964843750e+02
6.744136303099979912e+00 3.367815856933593750e+02
6.747571055482510793e+00 3.374909057617187500e+02
6.751005807865041675e+00 3.380169372558593750e+02
6.754440560247573444e+00 3.385058898925781250e+02
6.757875312630104325e+00 3.419678649902343750e+02
6.761310065012635206e+00 3.431345825195312500e+02
6.764744817395166976e+00 3.438847351074218750e+02
6.768179569777697857e+00 3.410354309082031250e+02
6.771614322160229626e+00 3.426807250976562500e+02
6.775049074542759620e+00 3.429252929687500000e+02
6.778483826925291389e+00 3.443478088378906250e+02
6.781918579307822270e+00 3.441050720214843750e+02
6.785353331690354040e+00 3.467510070800781250e+02
6.788788084072884921e+00 3.448520812988281250e+02
6.792222836455416690e+00 3.444725036621093750e+02
6.795657588837947571e+00 3.485125122070312500e+02
6.799092341220478453e+00 3.535777893066406250e+02
6.802527093603009334e+00 3.596354980468750000e+02
6.805961845985541103e+00 3.644084472656250000e+02
6.809396598368071984e+00 3.652417297363281250e+02
6.812831350750603754e+00 3.599955444335937500e+02
6.816266103133134635e+00 3.562872009277343750e+02
6.819700855515666404e+00 3.547307434082031250e+02
6.823135607898196398e+00 3.500786132812500000e+02
6.826570360280728167e+00 3.477004394531250000e+02
6.830005112663259048e+00 3.473482666015625000e+02
6.833439865045790818e+00 3.494706115722656250e+02
6.836874617428321699e+00 3.452099609375000000e+02
6.840309369810852580e+00 3.444876403808593750e+02
6.843744122193384349e+00 3.432117004394531250e+02
6.847178874575915231e+00 3.446531066894531250e+02
6.850613626958446112e+00 3.455887145996093750e+02
6.854048379340976993e+00 3.482349853515625000e+02
6.857483131723508762e+00 3.475956420898437500e+02
6.860917884106039644e+00 3.459329223632812500e+02
6.864352636488571413e+00 3.468929443359375000e+02
6.867787388871102294e+00 3.482950744628906250e+02
6.871222141253634064e+00 3.467845458984375000e+02
6.874656893636164057e+00 3.455268859863281250e+02
6.878091646018695826e+00 3.425038146972656250e+02
6.881526398401226707e+00 3.345976867675781250e+02
6.884961150783758477e+00 3.329235229492187500e+02
6.888395903166289358e+00 3.307295837402343750e+02
6.891830655548821127e+00 3.364828491210937500e+02
6.895265407931352009e+00 3.413627624511718750e+02
6.898700160313882890e+00 3.487621765136718750e+02
6.902134912696413771e+00 3.522479248046875000e+02
6.905569665078945540e+00 3.530010375976562500e+02
6.909004417461476422e+00 3.566345520019531250e+02
6.912439169844007303e+00 3.561624450683593750e+02
6.915873922226539072e+00 3.517418518066406250e+02
6.919308674609069953e+00 3.450039062500000000e+02
6.922743426991601723e+00 3.394119873046875000e+02
6.926178179374131716e+00 3.385095214843750000e+02
6.929612931756663485e+00 3.405661315917968750e+02
6.933047684139194367e+00 3.385913696289062500e+02
6.936482436521726136e+00 3.345196838378906250e+02
6.939917188904257017e+00 3.377402648925781250e+02
6.943351941286788787e+00 3.460959472656250000e+02
6.946786693669319668e+00 3.562549438476562500e+02
6.950221446051850549e+00 3.569432067871093750e+02
6.953656198434381430e+00 3.535696105957031250e+02
6.957090950816913200e+00 3.523190002441406250e+02
6.960525703199444081e+00 3.509415893554687500e+02
6.963960455581975850e+00 3.505541992187500000e+02
6.967395207964506731e+00 3.449158630371093750e+02
6.970829960347038501e+00 3.426642456054687500e+02
6.974264712729568494e+00 3.429840393066406250e+02
6.977699465112100263e+00 3.478491210937500000e+02
6.981134217494631145e+00 3.464496765136718750e+02
6.984568969877162914e+00 3.439040222167968750e+02
6.988003722259693795e+00 3.393893432617187500e+02
6.991438474642224676e+00 3.429887695312500000e+02
6.994873227024756446e+00 3.412209777832031250e+02
6.998307979407287327e+00 3.398525695800781250e+02
7.001742731789818208e+00 3.357565612792968750e+02
7.005177484172349089e+00 3.324338378906250000e+02
7.008612236554880859e+00 3.341390380859375000e+02
7.012046988937411740e+00 3.363692932128906250e+02
7.015481741319943509e+00 3.358621520996093750e+02
7.018916493702474391e+00 3.340099792480468750e+02
7.022351246085006160e+00 3.376562194824218750e+02
7.025785998467536153e+00 3.460147705078125000e+02
7.029220750850067922e+00 3.494391479492187500e+02
7.032655503232598804e+00 3.504114074707031250e+02
7.036090255615130573e+00 3.506444091796875000e+02
7.039525007997661454e+00 3.484399108886718750e+02
7.042959760380193224e+00 3.413724670410156250e+02
7.046394512762724105e+00 3.404989929199218750e+02
7.049829265145254986e+00 3.384347534179687500e+02
7.053264017527785867e+00 3.391273193359375000e+02
7.056698769910317637e+00 3.369178466796875000e+02
7.060133522292848518e+00 3.357678222656250000e+02
7.063568274675379399e+00 3.362085876464843750e+02
7.067003027057911169e+00 3.365933532714843750e+02
7.070437779440442050e+00 3.419943847656250000e+02
7.073872531822972931e+00 3.481283874511718750e+02
7.077307284205503812e+00 3.526960754394531250e+02
7.080742036588035582e+00 3.548161010742187500e+02
7.084176788970566463e+00 3.592709655761718750e+02
7.087611541353098232e+00 3.625440368652343750e+02
7.091046293735629114e+00 3.633086547851562500e+02
7.094481046118160883e+00 3.647825317382812500e+02
7.097915798500691764e+00 3.677298278808593750e+02
7.101350550883222645e+00 3.642993469238281250e+02
7.104785303265753527e+00 3.591925659179687500e+02
7.108220055648285296e+00 3.544747619628906250e+02
7.111654808030816177e+00 3.507633972167968750e+02
7.115089560413347947e+00 3.430938720703125000e+02
7.118524312795878828e+00 3.390902099609375000e+02
7.121959065178410597e+00 3.392274169921875000e+02
7.125393817560940590e+00 3.379243164062500000e+02
7.128828569943472360e+00 3.357165222167968750e+02
7.132263322326003241e+00 3.320375061035156250e+02
7.135698074708535010e+00 3.308924255371093750e+02
7.139132827091065892e+00 3.302238464355468750e+02
7.142567579473596773e+00 3.307595520019531250e+02
7.146002331856128542e+00 3.278817138671875000e+02
7.149437084238658535e+00 3.292026062011718750e+02
7.152871836621190305e+00 3.343150329589843750e+02
7.156306589003721186e+00 3.398865356445312500e+02
7.159741341386252955e+00 3.451777954101562500e+02
7.163176093768782948e+00 3.480294494628906250e+02
7.166610846151314718e+00 3.476906127929687500e+02
7.170045598533845599e+00 3.441159973144531250e+02
7.173480350916377368e+00 3.398577880859375000e+02
7.176915103298908249e+00 3.391976013183593750e+02
7.180349855681440019e+00 3.390345764160156250e+02
7.183784608063970900e+00 3.338658447265625000e+02
7.187219360446502670e+00 3.318916625976562500e+02
7.190654112829033551e+00 3.277946166992187500e+02
7.194088865211565320e+00 3.310499877929687500e+02
7.197523617594096201e+00 3.292882995605468750e+02
7.200958369976627971e+00 3.318441772460937500e+02
7.204393122359158852e+00 3.253472595214843750e+02
7.207827874741689733e+00 3.217285461425781250e+02
7.211262627124221503e+00 3.194529724121093750e+02
7.214697379506751496e+00 3.178619079589843750e+02
7.218132131889282377e+00 3.165988769531250000e+02
7.221566884271814146e+00 3.163693847656250000e+02
7.225001636654345027e+00 3.211401367187500000e+02
7.228436389036875909e+00 3.202142639160156250e+02
7.231871141419407678e+00 3.153850402832031250e+02
7.235305893801938559e+00 3.151979675292968750e+02
7.238740646184470329e+00 3.203920898437500000e+02
7.242175398567001210e+00 3.249241333007812500e+02
7.245610150949532979e+00 3.257278747558593750e+02
7.249044903332063861e+00 3.234529113769531250e+02
7.252479655714595630e+00 3.234055480957031250e+02
7.255914408097126511e+00 3.223200073242187500e+02
7.259349160479658281e+00 3.206053466796875000e+02
7.262783912862187385e+00 3.181702880859375000e+02
7.266218665244719155e+00 3.234669799804687500e+02
7.269653417627250036e+00 3.280402526855468750e+02
7.273088170009781805e+00 3.288356018066406250e+02
7.276522922392312687e+00 3.259266967773437500e+02
7.279957674774844456e+00 3.277023925781250000e+02
7.283392427157375337e+00 3.344277954101562500e+02
7.286827179539907107e+00 3.364725952148437500e+02
7.290261931922437988e+00 3.349197998046875000e+02
7.293696684304968869e+00 3.330885925292968750e+02
7.297131436687500639e+00 3.324249572753906250e+02
7.300566189070031520e+00 3.332823791503906250e+02
7.304000941452563289e+00 3.333044128417968750e+02
7.307435693835094170e+00 3.345579833984375000e+02
7.310870446217625940e+00 3.327733154296875000e+02
7.314305198600155045e+00 3.315209045410156250e+02
7.317739950982686814e+00 3.275830993652343750e+02
7.321174703365217695e+00 3.251455993652343750e+02
7.324609455747749465e+00 3.245840148925781250e+02
7.328044208130280346e+00 3.269716491699218750e+02
7.331478960512812115e+00 3.254484252929687500e+02
7.334913712895342996e+00 3.234400634765625000e+02
7.338348465277874766e+00 3.237155761718750000e+02
7.341783217660405647e+00 3.235237121582031250e+02
7.345217970042937417e+00 3.205501708984375000e+02
7.348652722425468298e+00 3.185387268066406250e+02
7.352087474808000067e+00 3.209033508300781250e+02
7.355522227190530948e+00 3.257106933593750000e+02
7.358956979573061830e+00 3.290784301757812500e+02
7.362391731955593599e+00 3.299049377441406250e+02
7.365826484338123592e+00 3.299163513183593750e+02
7.369261236720654473e+00 3.289548034667968750e+02
7.372695989103186243e+00 3.292243652343750000e+02
7.376130741485717124e+00 3.277582702636718750e+02
7.379565493868248005e+00 3.296585998535156250e+02
7.383000246250779774e+00 3.303644104003906250e+02
7.386434998633310656e+00 3.337207946777343750e+02
7.389869751015842425e+00 3.347135620117187500e+02
7.393304503398373306e+00 3.349208068847656250e+02
7.396739255780905076e+00 3.379432983398437500e+02
7.400174008163435957e+00 3.363304748535156250e+02
7.403608760545967726e+00 3.354256896972656250e+02
7.407043512928498608e+00 3.300537109375000000e+02
7.410478265311030377e+00 3.272525634765625000e+02
7.413913017693559482e+00 3.257340698242187500e+02
7.417347770076091251e+00 3.284652709960937500e+02
7.420782522458622132e+00 3.278274536132812500e+02
7.424217274841153902e+00 3.298411865234375000e+02
7.427652027223684783e+00 3.299612121582031250e+02
7.431086779606216552e+00 3.306618957519531250e+02
7.434521531988747434e+00 3.236801757812500000e+02
7.437956284371279203e+00 3.199080505371093750e+02
