# # sector 31: chi = 134.98 deg (range [130, 140))
# # columns: 2theta(deg)  intensity
1.052751605245807909e+00 1.246235107421875000e+03
1.056186357628339012e+00 1.250729248046875000e+03
1.059621110010870337e+00 1.251369262695312500e+03
1.063055862393401441e+00 1.251937622070312500e+03
1.066490614775932544e+00 1.254461791992187500e+03
1.069925367158463869e+00 1.264447143554687500e+03
1.073360119540994972e+00 1.276752441406250000e+03
1.076794871923526298e+00 1.278030883789062500e+03
1.080229624306057401e+00 1.268332031250000000e+03
1.083664376688588726e+00 1.262632568359375000e+03
1.087099129071119830e+00 1.267971679687500000e+03
1.090533881453650933e+00 1.279839355468750000e+03
1.093968633836182036e+00 1.285110351562500000e+03
1.097403386218713361e+00 1.289853149414062500e+03
1.100838138601244465e+00 1.289127563476562500e+03
1.104272890983775568e+00 1.284581176757812500e+03
1.107707643366306893e+00 1.279274536132812500e+03
1.111142395748837997e+00 1.276075805664062500e+03
1.114577148131369322e+00 1.279100219726562500e+03
1.118011900513900425e+00 1.281752319335937500e+03
1.121446652896431750e+00 1.294627929687500000e+03
1.124881405278962854e+00 1.306468383789062500e+03
1.128316157661493957e+00 1.311097900390625000e+03
1.131750910044025060e+00 1.311989990234375000e+03
1.135185662426556386e+00 1.304180053710937500e+03
1.138620414809087489e+00 1.303990844726562500e+03
1.142055167191618592e+00 1.308370239257812500e+03
1.145489919574149917e+00 1.319108154296875000e+03
1.148924671956681021e+00 1.323954223632812500e+03
1.152359424339212346e+00 1.324931030273437500e+03
1.155794176721743449e+00 1.312895751953125000e+03
1.159228929104274775e+00 1.312504516601562500e+03
1.162663681486805878e+00 1.314226684570312500e+03
1.166098433869336981e+00 1.326265014648437500e+03
1.169533186251868084e+00 1.326305786132812500e+03
1.172967938634399410e+00 1.327811645507812500e+03
1.176402691016930513e+00 1.324728271484375000e+03
1.179837443399461616e+00 1.325933959960937500e+03
1.183272195781992941e+00 1.321849731445312500e+03
1.186706948164524045e+00 1.318391967773437500e+03
1.190141700547055370e+00 1.319595825195312500e+03
1.193576452929586473e+00 1.329280883789062500e+03
1.197011205312117799e+00 1.353232543945312500e+03
1.200445957694648902e+00 1.361862792968750000e+03
1.203880710077180005e+00 1.369751586914062500e+03
1.207315462459711108e+00 1.361731933593750000e+03
1.210750214842242434e+00 1.357756591796875000e+03
1.214184967224773537e+00 1.347177368164062500e+03
1.217619719607304640e+00 1.338481323242187500e+03
1.221054471989835966e+00 1.339596679687500000e+03
1.224489224372367069e+00 1.347370239257812500e+03
1.227923976754898394e+00 1.353453247070312500e+03
1.231358729137429497e+00 1.362417846679687500e+03
1.234793481519960823e+00 1.373238403320312500e+03
1.238228233902491926e+00 1.385763183593750000e+03
1.241662986285023029e+00 1.380169067382812500e+03
1.245097738667554133e+00 1.365901611328125000e+03
1.248532491050085236e+00 1.355236083984375000e+03
1.251967243432616561e+00 1.343101562500000000e+03
1.255401995815147664e+00 1.350002197265625000e+03
1.258836748197678990e+00 1.359930297851562500e+03
1.262271500580210093e+00 1.381638061523437500e+03
1.265706252962741418e+00 1.379680419921875000e+03
1.269141005345272522e+00 1.379890625000000000e+03
1.272575757727803847e+00 1.381564697265625000e+03
1.276010510110334950e+00 1.382394287109375000e+03
1.279445262492866053e+00 1.379191040039062500e+03
1.282880014875397157e+00 1.380209472656250000e+03
1.286314767257928260e+00 1.392249877929687500e+03
1.289749519640459585e+00 1.396088134765625000e+03
1.293184272022990688e+00 1.393856445312500000e+03
1.296619024405522014e+00 1.389983276367187500e+03
1.300053776788053117e+00 1.398247680664062500e+03
1.303488529170584442e+00 1.408476074218750000e+03
1.306923281553115546e+00 1.417497070312500000e+03
1.310358033935646871e+00 1.424149047851562500e+03
1.313792786318177974e+00 1.442727172851562500e+03
1.317227538700709077e+00 1.452524169921875000e+03
1.320662291083240181e+00 1.455086791992187500e+03
1.324097043465771284e+00 1.438281982421875000e+03
1.327531795848302609e+00 1.436863525390625000e+03
1.330966548230833713e+00 1.437072509765625000e+03
1.334401300613365038e+00 1.450180786132812500e+03
1.337836052995896141e+00 1.462520019531250000e+03
1.341270805378427466e+00 1.479207641601562500e+03
1.344705557760958570e+00 1.501591796875000000e+03
1.348140310143489895e+00 1.552532226562500000e+03
1.351575062526020998e+00 1.581623901367187500e+03
1.355009814908552102e+00 1.606554687500000000e+03
1.358444567291083205e+00 1.596918701171875000e+03
1.361879319673614308e+00 1.578216552734375000e+03
1.365314072056145633e+00 1.558080444335937500e+03
1.368748824438676737e+00 1.526153198242187500e+03
1.372183576821208062e+00 1.502810180664062500e+03
1.375618329203739165e+00 1.482154052734375000e+03
1.379053081586270491e+00 1.464921386718750000e+03
1.382487833968801594e+00 1.459725341796875000e+03
1.385922586351332919e+00 1.455544189453125000e+03
1.389357338733864022e+00 1.453697265625000000e+03
1.392792091116395126e+00 1.444541381835937500e+03
1.396226843498926229e+00 1.441281494140625000e+03
1.399661595881457332e+00 1.453556274414062500e+03
1.403096348263988657e+00 1.463527954101562500e+03
1.406531100646519761e+00 1.477072387695312500e+03
1.409965853029051086e+00 1.475833862304687500e+03
1.413400605411582189e+00 1.489276000976562500e+03
1.416835357794113515e+00 1.489271118164062500e+03
1.420270110176644618e+00 1.494202148437500000e+03
1.423704862559175943e+00 1.496834106445312500e+03
1.427139614941707046e+00 1.503624511718750000e+03
1.430574367324238150e+00 1.497542114257812500e+03
1.434009119706769253e+00 1.496965087890625000e+03
1.437443872089300356e+00 1.480638671875000000e+03
1.440878624471831682e+00 1.482739746093750000e+03
1.444313376854362785e+00 1.481094848632812500e+03
1.447748129236894110e+00 1.490391113281250000e+03
1.451182881619425213e+00 1.498799194335937500e+03
1.454617634001956539e+00 1.491958129882812500e+03
1.458052386384487642e+00 1.488071289062500000e+03
1.461487138767018967e+00 1.483000488281250000e+03
1.464921891149550071e+00 1.494386596679687500e+03
1.468356643532081174e+00 1.500539550781250000e+03
1.471791395914612277e+00 1.508430297851562500e+03
1.475226148297143380e+00 1.503785400390625000e+03
1.478660900679674706e+00 1.501383056640625000e+03
1.482095653062205809e+00 1.507361816406250000e+03
1.485530405444737134e+00 1.517372558593750000e+03
1.488965157827268238e+00 1.517541625976562500e+03
1.492399910209799563e+00 1.513358398437500000e+03
1.495834662592330666e+00 1.505782714843750000e+03
1.499269414974861991e+00 1.503564575195312500e+03
1.502704167357393095e+00 1.501284667968750000e+03
1.506138919739924198e+00 1.514490356445312500e+03
1.509573672122455301e+00 1.526506103515625000e+03
1.513008424504986404e+00 1.522588989257812500e+03
1.516443176887517730e+00 1.513553100585937500e+03
1.519877929270048833e+00 1.519884765625000000e+03
1.523312681652580158e+00 1.526245727539062500e+03
1.526747434035111262e+00 1.520324340820312500e+03
1.530182186417642587e+00 1.504055664062500000e+03
1.533616938800173690e+00 1.501271118164062500e+03
1.537051691182705015e+00 1.511445190429687500e+03
1.540486443565236119e+00 1.522795288085937500e+03
1.543921195947767222e+00 1.525614135742187500e+03
1.547355948330298325e+00 1.522917114257812500e+03
1.550790700712829429e+00 1.514080078125000000e+03
1.554225453095360754e+00 1.514853027343750000e+03
1.557660205477891857e+00 1.518165161132812500e+03
1.561094957860423182e+00 1.533378051757812500e+03
1.564529710242954286e+00 1.536443847656250000e+03
1.567964462625485611e+00 1.541356567382812500e+03
1.571399215008016714e+00 1.537408447265625000e+03
1.574833967390548040e+00 1.543526855468750000e+03
1.578268719773079143e+00 1.544455566406250000e+03
1.581703472155610246e+00 1.545692016601562500e+03
1.585138224538141349e+00 1.550747192382812500e+03
1.588572976920672453e+00 1.554081176757812500e+03
1.592007729303203778e+00 1.558050903320312500e+03
1.595442481685734881e+00 1.555794799804687500e+03
1.598877234068266207e+00 1.556489257812500000e+03
1.602311986450797310e+00 1.563218261718750000e+03
1.605746738833328635e+00 1.568356323242187500e+03
1.609181491215859738e+00 1.571940429687500000e+03
1.612616243598391064e+00 1.575571533203125000e+03
1.616050995980922167e+00 1.582122192382812500e+03
1.619485748363453270e+00 1.603405151367187500e+03
1.622920500745984373e+00 1.640582275390625000e+03
1.626355253128515477e+00 1.690723266601562500e+03
1.629790005511046802e+00 1.732902587890625000e+03
1.633224757893577905e+00 1.773633666992187500e+03
1.636659510276109231e+00 1.799726562500000000e+03
1.640094262658640334e+00 1.814028564453125000e+03
1.643529015041171659e+00 1.804627075195312500e+03
1.646963767423702762e+00 1.752943725585937500e+03
1.650398519806234088e+00 1.699557373046875000e+03
1.653833272188765191e+00 1.641651733398437500e+03
1.657268024571296294e+00 1.611524414062500000e+03
1.660702776953827398e+00 1.588765991210937500e+03
1.664137529336358501e+00 1.578379150390625000e+03
1.667572281718889826e+00 1.575365234375000000e+03
1.671007034101420929e+00 1.575517944335937500e+03
1.674441786483952255e+00 1.575847534179687500e+03
1.677876538866483358e+00 1.576359863281250000e+03
1.681311291249014683e+00 1.581333740234375000e+03
1.684746043631545787e+00 1.582469238281250000e+03
1.688180796014076890e+00 1.587076904296875000e+03
1.691615548396608215e+00 1.578730102539062500e+03
1.695050300779139318e+00 1.575211791992187500e+03
1.698485053161670422e+00 1.562916503906250000e+03
1.701919805544201525e+00 1.569159057617187500e+03
1.705354557926732850e+00 1.572670898437500000e+03
1.708789310309263954e+00 1.574953247070312500e+03
1.712224062691795279e+00 1.567281005859375000e+03
1.715658815074326382e+00 1.556653320312500000e+03
1.719093567456857707e+00 1.554229980468750000e+03
1.722528319839388811e+00 1.554500976562500000e+03
1.725963072221919914e+00 1.553171264648437500e+03
1.729397824604451239e+00 1.541218627929687500e+03
1.732832576986982343e+00 1.536748046875000000e+03
1.736267329369513446e+00 1.535513305664062500e+03
1.739702081752044549e+00 1.533027465820312500e+03
1.743136834134575874e+00 1.528243164062500000e+03
1.746571586517106978e+00 1.524861328125000000e+03
1.750006338899638303e+00 1.522994262695312500e+03
1.753441091282169406e+00 1.524327514648437500e+03
1.756875843664700731e+00 1.522631835937500000e+03
1.760310596047231835e+00 1.530696655273437500e+03
1.763745348429762938e+00 1.535842041015625000e+03
1.767180100812294263e+00 1.545078247070312500e+03
1.770614853194825367e+00 1.544256347656250000e+03
1.774049605577356470e+00 1.547132080078125000e+03
1.777484357959887573e+00 1.557223876953125000e+03
1.780919110342418898e+00 1.573960693359375000e+03
1.784353862724950002e+00 1.588219360351562500e+03
1.787788615107481327e+00 1.586658081054687500e+03
1.791223367490012208e+00 1.576790283203125000e+03
1.794658119872543534e+00 1.557456298828125000e+03
1.798092872255074859e+00 1.538586059570312500e+03
1.801527624637606184e+00 1.514862548828125000e+03
1.804962377020137065e+00 1.494851074218750000e+03
1.808397129402668391e+00 1.488239013671875000e+03
1.811831881785199494e+00 1.479467895507812500e+03
1.815266634167730819e+00 1.461134155273437500e+03
1.818701386550261700e+00 1.440876586914062500e+03
1.822136138932793026e+00 1.426987060546875000e+03
1.825570891315324351e+00 1.417189941406250000e+03
1.829005643697855676e+00 1.411277343750000000e+03
1.832440396080386558e+00 1.406838134765625000e+03
1.835875148462917883e+00 1.394612915039062500e+03
1.839309900845449208e+00 1.396553588867187500e+03
1.842744653227980089e+00 1.397174438476562500e+03
1.846179405610511415e+00 1.398938964843750000e+03
1.849614157993042740e+00 1.382350585937500000e+03
1.853048910375573843e+00 1.377470947265625000e+03
1.856483662758104725e+00 1.377652343750000000e+03
1.859918415140636050e+00 1.377330566406250000e+03
1.863353167523167375e+00 1.371014038085937500e+03
1.866787919905698701e+00 1.363494750976562500e+03
1.870222672288229582e+00 1.356682006835937500e+03
1.873657424670760907e+00 1.350725341796875000e+03
1.877092177053292232e+00 1.342920898437500000e+03
1.880526929435823114e+00 1.348132690429687500e+03
1.883961681818354439e+00 1.352430297851562500e+03
1.887396434200885764e+00 1.353918823242187500e+03
1.890831186583416867e+00 1.341865966796875000e+03
1.894265938965947749e+00 1.341828857421875000e+03
1.897700691348479074e+00 1.349878906250000000e+03
1.901135443731010399e+00 1.359212524414062500e+03
1.904570196113541725e+00 1.349759155273437500e+03
1.908004948496072606e+00 1.332125366210937500e+03
1.911439700878603931e+00 1.317569824218750000e+03
1.914874453261135256e+00 1.306763183593750000e+03
1.918309205643666138e+00 1.296175537109375000e+03
1.921743958026197463e+00 1.279087768554687500e+03
1.925178710408728788e+00 1.276242675781250000e+03
1.928613462791259892e+00 1.270293579101562500e+03
1.932048215173790773e+00 1.269128295898437500e+03
1.935482967556322098e+00 1.264688598632812500e+03
1.938917719938853423e+00 1.258546752929687500e+03
1.942352472321384749e+00 1.255422851562500000e+03
1.945787224703915630e+00 1.252621215820312500e+03
1.949221977086446955e+00 1.250167968750000000e+03
1.952656729468978281e+00 1.244335083007812500e+03
1.956091481851509162e+00 1.244921630859375000e+03
1.959526234234040487e+00 1.247144042968750000e+03
1.962960986616571812e+00 1.243213012695312500e+03
1.966395738999102916e+00 1.234702636718750000e+03
1.969830491381633797e+00 1.230471313476562500e+03
1.973265243764165122e+00 1.233614990234375000e+03
1.976699996146696447e+00 1.228607543945312500e+03
1.980134748529227329e+00 1.221116699218750000e+03
1.983569500911758654e+00 1.212879760742187500e+03
1.987004253294289979e+00 1.223946533203125000e+03
1.990439005676821305e+00 1.243450317382812500e+03
1.993873758059352186e+00 1.286672363281250000e+03
1.997308510441883511e+00 1.348476440429687500e+03
2.000743262824414614e+00 1.412735351562500000e+03
2.004178015206945940e+00 1.483615600585937500e+03
2.007612767589476821e+00 1.532850097656250000e+03
2.011047519972008146e+00 1.550565673828125000e+03
2.014482272354539472e+00 1.541929565429687500e+03
2.017917024737070353e+00 1.476957031250000000e+03
2.021351777119601678e+00 1.408467773437500000e+03
2.024786529502133003e+00 1.332054443359375000e+03
2.028221281884664329e+00 1.277164306640625000e+03
2.031656034267195210e+00 1.233728271484375000e+03
2.035090786649726535e+00 1.187685546875000000e+03
2.038525539032257861e+00 1.155454467773437500e+03
2.041960291414789186e+00 1.150884887695312500e+03
2.045395043797320067e+00 1.156671386718750000e+03
2.048829796179851392e+00 1.147952392578125000e+03
2.052264548562382718e+00 1.138562744140625000e+03
2.055699300944913599e+00 1.130131713867187500e+03
2.059134053327444924e+00 1.127177490234375000e+03
2.062568805709975805e+00 1.123462768554687500e+03
2.066003558092507131e+00 1.115603515625000000e+03
2.069438310475038012e+00 1.110915527343750000e+03
2.072873062857569337e+00 1.113943481445312500e+03
2.076307815240100663e+00 1.116786010742187500e+03
2.079742567622631988e+00 1.117583129882812500e+03
2.083177320005162869e+00 1.106844360351562500e+03
2.086612072387694194e+00 1.090428222656250000e+03
2.090046824770225520e+00 1.082616943359375000e+03
2.093481577152756401e+00 1.089477172851562500e+03
2.096916329535287726e+00 1.094956176757812500e+03
2.100351081917819052e+00 1.094033813476562500e+03
2.103785834300350377e+00 1.089476806640625000e+03
2.107220586682881258e+00 1.086941284179687500e+03
2.110655339065412583e+00 1.091093627929687500e+03
2.114090091447943909e+00 1.074753051757812500e+03
2.117524843830475234e+00 1.069328002929687500e+03
2.120959596213006115e+00 1.057227172851562500e+03
2.124394348595537441e+00 1.058502685546875000e+03
2.127829100978068766e+00 1.054580932617187500e+03
2.131263853360599647e+00 1.045972412109375000e+03
2.134698605743130972e+00 1.036842651367187500e+03
2.138133358125661854e+00 1.034734252929687500e+03
2.141568110508193179e+00 1.031933471679687500e+03
2.145002862890724060e+00 1.030610473632812500e+03
2.148437615273255386e+00 1.031380859375000000e+03
2.151872367655786711e+00 1.036046142578125000e+03
2.155307120038318036e+00 1.031995727539062500e+03
2.158741872420848917e+00 1.024933349609375000e+03
2.162176624803380243e+00 1.019562622070312500e+03
2.165611377185911568e+00 1.015509643554687500e+03
2.169046129568442449e+00 1.006965270996093750e+03
2.172480881950973775e+00 9.966588745117187500e+02
2.175915634333505100e+00 1.000696716308593750e+03
2.179350386716036425e+00 1.006218200683593750e+03
2.182785139098567306e+00 1.006770446777343750e+03
2.186219891481098632e+00 9.984087524414062500e+02
2.189654643863629957e+00 9.934682617187500000e+02
2.193089396246161282e+00 9.871879882812500000e+02
2.196524148628692163e+00 9.936770019531250000e+02
2.199958901011223489e+00 9.969977416992187500e+02
2.203393653393754814e+00 1.000433837890625000e+03
2.206828405776285695e+00 9.922202148437500000e+02
2.210263158158817021e+00 9.826821289062500000e+02
2.213697910541347902e+00 9.804615478515625000e+02
2.217132662923879227e+00 9.767301025390625000e+02
2.220567415306410108e+00 9.696376953125000000e+02
2.224002167688941434e+00 9.634007568359375000e+02
2.227436920071472759e+00 9.560172119140625000e+02
2.230871672454004084e+00 9.581712646484375000e+02
2.234306424836534966e+00 9.590244750976562500e+02
2.237741177219066291e+00 9.558429565429687500e+02
2.241175929601597616e+00 9.515781860351562500e+02
2.244610681984128497e+00 9.489589233398437500e+02
2.248045434366659823e+00 9.467993164062500000e+02
2.251480186749191148e+00 9.444310302734375000e+02
2.254914939131722473e+00 9.381632690429687500e+02
2.258349691514253355e+00 9.340167846679687500e+02
2.261784443896784680e+00 9.284082641601562500e+02
2.265219196279316005e+00 9.250756835937500000e+02
2.268653948661847330e+00 9.276276245117187500e+02
2.272088701044378212e+00 9.286238403320312500e+02
2.275523453426909537e+00 9.317918090820312500e+02
2.278958205809440862e+00 9.335521850585937500e+02
2.282392958191971744e+00 9.376970214843750000e+02
2.285827710574503069e+00 9.425146484375000000e+02
2.289262462957033950e+00 9.410402832031250000e+02
2.292697215339565275e+00 9.359515991210937500e+02
2.296131967722096157e+00 9.248751220703125000e+02
2.299566720104627482e+00 9.243272705078125000e+02
2.303001472487158807e+00 9.328595581054687500e+02
2.306436224869690133e+00 9.467752075195312500e+02
2.309870977252221014e+00 9.672376708984375000e+02
2.313305729634752339e+00 9.974127807617187500e+02
2.316740482017283664e+00 1.048214477539062500e+03
2.320175234399814546e+00 1.098037963867187500e+03
2.323609986782345871e+00 1.151514892578125000e+03
2.327044739164877196e+00 1.184728637695312500e+03
2.330479491547408522e+00 1.191489746093750000e+03
2.333914243929939403e+00 1.171812866210937500e+03
2.337348996312470728e+00 1.132820556640625000e+03
2.340783748695002053e+00 1.084625854492187500e+03
2.344218501077533379e+00 1.031576293945312500e+03
2.347653253460064260e+00 9.763178710937500000e+02
2.351088005842595585e+00 9.469265136718750000e+02
2.354522758225126911e+00 9.233907470703125000e+02
2.357957510607657792e+00 9.018688354492187500e+02
2.361392262990189117e+00 8.863660888671875000e+02
2.364827015372720442e+00 8.789922485351562500e+02
2.368261767755251324e+00 8.794022216796875000e+02
2.371696520137782205e+00 8.788720703125000000e+02
2.375131272520313530e+00 8.758934326171875000e+02
2.378566024902844855e+00 8.556333618164062500e+02
2.382000777285376181e+00 8.437061157226562500e+02
2.385435529667907062e+00 8.395696411132812500e+02
2.388870282050438387e+00 8.463213500976562500e+02
2.392305034432969713e+00 8.499326782226562500e+02
2.395739786815500594e+00 8.512224121093750000e+02
2.399174539198031919e+00 8.615484619140625000e+02
2.402609291580563244e+00 8.653609619140625000e+02
2.406044043963094570e+00 8.582297363281250000e+02
2.409478796345625451e+00 8.424919433593750000e+02
2.412913548728156776e+00 8.415109252929687500e+02
2.416348301110688102e+00 8.439462890625000000e+02
2.419783053493219427e+00 8.476634521484375000e+02
2.423217805875750308e+00 8.451392211914062500e+02
2.426652558258281633e+00 8.372094726562500000e+02
2.430087310640812959e+00 8.317007446289062500e+02
2.433522063023343840e+00 8.263358764648437500e+02
2.436956815405875165e+00 8.265735473632812500e+02
2.440391567788406491e+00 8.237268676757812500e+02
2.443826320170937372e+00 8.344652099609375000e+02
2.447261072553468253e+00 8.462766723632812500e+02
2.450695824935999578e+00 8.492946166992187500e+02
2.454130577318530904e+00 8.404191284179687500e+02
2.457565329701061785e+00 8.356718139648437500e+02
2.461000082083593110e+00 8.363428955078125000e+02
2.464434834466124435e+00 8.283996582031250000e+02
2.467869586848655761e+00 8.260411376953125000e+02
2.471304339231186642e+00 8.244101562500000000e+02
2.474739091613717967e+00 8.206873168945312500e+02
2.478173843996249293e+00 8.106226196289062500e+02
2.481608596378780618e+00 7.984910888671875000e+02
2.485043348761311499e+00 7.984154663085937500e+02
2.488478101143842824e+00 7.997529907226562500e+02
2.491912853526374150e+00 8.096078491210937500e+02
2.495347605908905031e+00 8.146517333984375000e+02
2.498782358291436356e+00 8.274845581054687500e+02
2.502217110673967682e+00 8.402501220703125000e+02
2.505651863056499007e+00 8.562837524414062500e+02
2.509086615439029888e+00 8.684990844726562500e+02
2.512521367821561213e+00 8.840048828125000000e+02
2.515956120204092539e+00 9.040731811523437500e+02
2.519390872586623420e+00 9.167931518554687500e+02
2.522825624969154301e+00 9.163003540039062500e+02
2.526260377351685626e+00 9.043927001953125000e+02
2.529695129734216952e+00 8.826130371093750000e+02
2.533129882116747833e+00 8.591334228515625000e+02
2.536564634499279158e+00 8.349053344726562500e+02
2.539999386881810484e+00 8.097024536132812500e+02
2.543434139264341809e+00 7.916460571289062500e+02
2.546868891646872690e+00 7.803187866210937500e+02
2.550303644029404015e+00 7.800154418945312500e+02
2.553738396411935341e+00 7.809326171875000000e+02
2.557173148794466666e+00 7.755775756835937500e+02
2.560607901176997547e+00 7.652419433593750000e+02
2.564042653559528873e+00 7.579391479492187500e+02
2.567477405942060198e+00 7.539864501953125000e+02
2.570912158324591079e+00 7.546117553710937500e+02
2.574346910707122404e+00 7.564216918945312500e+02
2.577781663089653730e+00 7.545352783203125000e+02
2.581216415472185055e+00 7.547253417968750000e+02
2.584651167854715936e+00 7.519278564453125000e+02
2.588085920237247262e+00 7.522061767578125000e+02
2.591520672619778587e+00 7.474615478515625000e+02
2.594955425002309468e+00 7.462022705078125000e+02
2.598390177384840349e+00 7.491695556640625000e+02
2.601824929767371675e+00 7.529018554687500000e+02
2.605259682149903000e+00 7.527463378906250000e+02
2.608694434532433881e+00 7.458926391601562500e+02
2.612129186914965207e+00 7.403530883789062500e+02
2.615563939297496532e+00 7.361301879882812500e+02
2.618998691680027857e+00 7.332479858398437500e+02
2.622433444062558738e+00 7.248609008789062500e+02
2.625868196445090064e+00 7.236386718750000000e+02
2.629302948827621389e+00 7.256054687500000000e+02
2.632737701210152714e+00 7.331907958984375000e+02
2.636172453592683596e+00 7.365066528320312500e+02
2.639607205975214921e+00 7.395808715820312500e+02
2.643041958357746246e+00 7.408372802734375000e+02
2.646476710740277127e+00 7.369919433593750000e+02
2.649911463122808453e+00 7.299085083007812500e+02
2.653346215505339778e+00 7.251575317382812500e+02
2.656780967887871103e+00 7.242649536132812500e+02
2.660215720270401984e+00 7.178685302734375000e+02
2.663650472652933310e+00 7.078359375000000000e+02
2.667085225035464635e+00 7.091453857421875000e+02
2.670519977417995516e+00 7.108934936523437500e+02
2.673954729800526398e+00 7.155686645507812500e+02
2.677389482183057723e+00 7.151422119140625000e+02
2.680824234565589048e+00 7.159544677734375000e+02
2.684258986948119929e+00 7.104516601562500000e+02
2.687693739330651255e+00 7.047017211914062500e+02
2.691128491713182580e+00 7.037495117187500000e+02
2.694563244095713905e+00 7.040087890625000000e+02
2.697997996478244787e+00 7.024675292968750000e+02
2.701432748860776112e+00 7.054292602539062500e+02
2.704867501243307437e+00 7.094776611328125000e+02
2.708302253625838762e+00 7.033438720703125000e+02
2.711737006008369644e+00 6.986383056640625000e+02
2.715171758390900969e+00 6.952161254882812500e+02
2.718606510773432294e+00 7.049954833984375000e+02
2.722041263155963176e+00 7.086032714843750000e+02
2.725476015538494501e+00 7.077028198242187500e+02
2.728910767921025826e+00 7.028678588867187500e+02
2.732345520303557151e+00 7.054000854492187500e+02
2.735780272686088033e+00 7.073556518554687500e+02
2.739215025068619358e+00 7.056332397460937500e+02
2.742649777451150683e+00 7.036070556640625000e+02
2.746084529833681565e+00 7.042067871093750000e+02
2.749519282216212890e+00 7.103117065429687500e+02
2.752954034598743771e+00 7.250634155273437500e+02
2.756388786981275096e+00 7.545822753906250000e+02
2.759823539363805978e+00 7.971726684570312500e+02
2.763258291746337303e+00 8.735942382812500000e+02
2.766693044128868628e+00 9.492152099609375000e+02
2.770127796511399954e+00 1.030403076171875000e+03
2.773562548893930835e+00 1.084161132812500000e+03
2.776997301276462160e+00 1.097919189453125000e+03
2.780432053658993485e+00 1.078350952148437500e+03
2.783866806041524811e+00 1.026298706054687500e+03
2.787301558424055692e+00 9.632946777343750000e+02
2.790736310806587017e+00 8.949688110351562500e+02
2.794171063189118343e+00 8.262614746093750000e+02
2.797605815571649224e+00 7.762753295898437500e+02
2.801040567954180549e+00 7.447744140625000000e+02
2.804475320336711874e+00 7.194438476562500000e+02
2.807910072719243200e+00 7.067108154296875000e+02
2.811344825101774081e+00 6.936983642578125000e+02
2.814779577484305406e+00 6.829354248046875000e+02
2.818214329866836731e+00 6.808265991210937500e+02
2.821649082249367613e+00 6.827108764648437500e+02
2.825083834631898938e+00 6.844456787109375000e+02
2.828518587014429819e+00 6.866397705078125000e+02
2.831953339396961145e+00 7.030991821289062500e+02
2.835388091779492026e+00 7.310404052734375000e+02
2.838822844162023351e+00 7.634885864257812500e+02
2.842257596544554676e+00 7.868721313476562500e+02
2.845692348927086002e+00 8.031788330078125000e+02
2.849127101309616883e+00 8.045509033203125000e+02
2.852561853692148208e+00 7.883009033203125000e+02
2.855996606074679534e+00 7.712346801757812500e+02
2.859431358457210415e+00 7.428490600585937500e+02
2.862866110839741740e+00 7.288872680664062500e+02
2.866300863222273065e+00 7.127396850585937500e+02
2.869735615604804391e+00 7.058257446289062500e+02
2.873170367987335272e+00 6.968751831054687500e+02
2.876605120369866597e+00 6.898446044921875000e+02
2.880039872752397923e+00 6.818370361328125000e+02
2.883474625134929248e+00 6.758468627929687500e+02
2.886909377517460129e+00 6.693433227539062500e+02
2.890344129899991454e+00 6.674047241210937500e+02
2.893778882282522780e+00 6.646683349609375000e+02
2.897213634665053661e+00 6.575344238281250000e+02
2.900648387047584986e+00 6.464974975585937500e+02
2.904083139430115867e+00 6.433989868164062500e+02
2.907517891812647193e+00 6.423147583007812500e+02
2.910952644195178074e+00 6.433137817382812500e+02
2.914387396577709399e+00 6.456790161132812500e+02
2.917822148960240725e+00 6.473010864257812500e+02
2.921256901342772050e+00 6.463342895507812500e+02
2.924691653725302931e+00 6.488826293945312500e+02
2.928126406107834256e+00 6.597581787109375000e+02
2.931561158490365582e+00 6.733072509765625000e+02
2.934995910872896463e+00 6.832689819335937500e+02
2.938430663255427788e+00 6.910153808593750000e+02
2.941865415637959114e+00 7.056632690429687500e+02
2.945300168020490439e+00 7.186537475585937500e+02
2.948734920403021320e+00 7.284501953125000000e+02
2.952169672785552645e+00 7.344173583984375000e+02
2.955604425168083971e+00 7.234588012695312500e+02
2.959039177550615296e+00 7.108189086914062500e+02
2.962473929933146177e+00 6.953742065429687500e+02
2.965908682315677503e+00 6.913754882812500000e+02
2.969343434698208828e+00 6.881300048828125000e+02
2.972778187080739709e+00 6.929675292968750000e+02
2.976212939463271034e+00 7.152238159179687500e+02
2.979647691845801916e+00 7.531789550781250000e+02
2.983082444228333241e+00 7.841225585937500000e+02
2.986517196610864122e+00 8.029107055664062500e+02
2.989951948993395447e+00 7.921574707031250000e+02
2.993386701375926773e+00 7.748630981445312500e+02
2.996821453758458098e+00 7.504707031250000000e+02
3.000256206140988979e+00 7.357145385742187500e+02
3.003690958523520305e+00 7.155783691406250000e+02
3.007125710906051630e+00 6.947377929687500000e+02
3.010560463288582511e+00 6.694144897460937500e+02
3.013995215671113836e+00 6.530825195312500000e+02
3.017429968053645162e+00 6.320880737304687500e+02
3.020864720436176487e+00 6.250688476562500000e+02
3.024299472818707368e+00 6.227383422851562500e+02
3.027734225201238694e+00 6.212021484375000000e+02
3.031168977583770019e+00 6.185308227539062500e+02
3.034603729966301344e+00 6.192708740234375000e+02
3.038038482348832225e+00 6.278207397460937500e+02
3.041473234731363551e+00 6.326303100585937500e+02
3.044907987113894876e+00 6.356328735351562500e+02
3.048342739496425757e+00 6.434134521484375000e+02
3.051777491878957083e+00 6.620148925781250000e+02
3.055212244261487964e+00 6.691580200195312500e+02
3.058646996644019289e+00 6.734317016601562500e+02
3.062081749026550170e+00 6.743129882812500000e+02
3.065516501409081496e+00 6.846765136718750000e+02
3.068951253791612821e+00 6.931583251953125000e+02
3.072386006174144146e+00 6.922532958984375000e+02
3.075820758556675028e+00 6.974481201171875000e+02
3.079255510939206353e+00 7.086736450195312500e+02
3.082690263321737678e+00 7.246339721679687500e+02
3.086125015704268559e+00 7.231852416992187500e+02
3.089559768086799885e+00 7.058378295898437500e+02
3.092994520469331210e+00 6.874640502929687500e+02
3.096429272851862535e+00 6.713886718750000000e+02
3.099864025234393416e+00 6.651027832031250000e+02
3.103298777616924742e+00 6.518120727539062500e+02
3.106733529999456067e+00 6.444769287109375000e+02
3.110168282381987392e+00 6.371158447265625000e+02
3.113603034764518274e+00 6.316496582031250000e+02
3.117037787147049599e+00 6.260085449218750000e+02
3.120472539529580924e+00 6.147659912109375000e+02
3.123907291912111805e+00 6.066713256835937500e+02
3.127342044294643131e+00 6.033179321289062500e+02
3.130776796677174012e+00 6.014138183593750000e+02
3.134211549059705337e+00 5.995893554687500000e+02
3.137646301442236219e+00 6.000529785156250000e+02
3.141081053824767544e+00 6.029233398437500000e+02
3.144515806207298869e+00 6.074395141601562500e+02
3.147950558589830194e+00 6.012532958984375000e+02
3.151385310972361076e+00 5.956820678710937500e+02
3.154820063354892401e+00 5.892184448242187500e+02
3.158254815737423726e+00 5.842230224609375000e+02
3.161689568119954608e+00 5.847570800781250000e+02
3.165124320502485933e+00 5.805037841796875000e+02
3.168559072885017258e+00 5.768995361328125000e+02
3.171993825267548583e+00 5.685082397460937500e+02
3.175428577650079465e+00 5.701425170898437500e+02
3.178863330032610790e+00 5.765140991210937500e+02
3.182298082415142115e+00 5.817083740234375000e+02
3.185732834797673441e+00 5.862099609375000000e+02
3.189167587180204322e+00 5.866174316406250000e+02
3.192602339562735647e+00 5.942707519531250000e+02
3.196037091945266972e+00 5.945153198242187500e+02
3.199471844327797854e+00 5.956425170898437500e+02
3.202906596710329179e+00 5.897781372070312500e+02
3.206341349092860060e+00 5.857369995117187500e+02
3.209776101475391386e+00 5.811641235351562500e+02
3.213210853857922267e+00 5.763614501953125000e+02
3.216645606240453592e+00 5.725086669921875000e+02
3.220080358622984917e+00 5.730966796875000000e+02
3.223515111005516243e+00 5.756224975585937500e+02
3.226949863388047124e+00 5.833275756835937500e+02
3.230384615770578449e+00 5.850317382812500000e+02
3.233819368153109775e+00 5.885931396484375000e+02
3.237254120535640656e+00 5.878999633789062500e+02
3.240688872918171981e+00 5.807416381835937500e+02
3.244123625300703306e+00 5.787611694335937500e+02
3.247558377683234632e+00 5.773197631835937500e+02
3.250993130065765513e+00 5.862480468750000000e+02
3.254427882448296838e+00 5.879279174804687500e+02
3.257862634830828164e+00 5.953991699218750000e+02
3.261297387213359489e+00 6.080675659179687500e+02
3.264732139595890370e+00 6.356133422851562500e+02
3.268166891978421695e+00 6.526669311523437500e+02
3.271601644360953021e+00 6.650136718750000000e+02
3.275036396743483902e+00 6.595305786132812500e+02
3.278471149126015227e+00 6.469505615234375000e+02
3.281905901508546108e+00 6.290875244140625000e+02
3.285340653891077434e+00 6.124052734375000000e+02
3.288775406273608315e+00 6.011121826171875000e+02
3.292210158656139640e+00 5.926544799804687500e+02
3.295644911038670966e+00 5.824592285156250000e+02
3.299079663421202291e+00 5.823813476562500000e+02
3.302514415803733172e+00 5.779672851562500000e+02
3.305949168186264497e+00 5.752202148437500000e+02
3.309383920568795823e+00 5.694595947265625000e+02
3.312818672951326704e+00 5.685014038085937500e+02
3.316253425333858029e+00 5.773687133789062500e+02
3.319688177716389355e+00 5.823032226562500000e+02
3.323122930098920680e+00 5.816202392578125000e+02
3.326557682481451561e+00 5.794840087890625000e+02
3.329992434863982886e+00 5.818336181640625000e+02
3.333427187246514212e+00 5.916475830078125000e+02
3.336861939629045093e+00 5.952083129882812500e+02
3.340296692011576418e+00 5.905251464843750000e+02
3.343731444394107744e+00 5.842748413085937500e+02
3.347166196776639069e+00 5.704800415039062500e+02
3.350600949159169950e+00 5.681169433593750000e+02
3.354035701541701275e+00 5.686403808593750000e+02
3.357470453924232601e+00 5.738544311523437500e+02
3.360905206306763482e+00 5.800784301757812500e+02
3.364339958689294363e+00 5.902241210937500000e+02
3.367774711071825688e+00 6.007135009765625000e+02
3.371209463454357014e+00 6.146370239257812500e+02
3.374644215836887895e+00 6.125234985351562500e+02
3.378078968219419220e+00 6.124118652343750000e+02
3.381513720601950546e+00 6.033309326171875000e+02
3.384948472984481871e+00 6.025180664062500000e+02
3.388383225367012752e+00 5.949345703125000000e+02
3.391817977749544077e+00 5.859716796875000000e+02
3.395252730132075403e+00 5.784436645507812500e+02
3.398687482514606728e+00 5.754836425781250000e+02
3.402122234897137609e+00 5.710959472656250000e+02
3.405556987279668935e+00 5.701540527343750000e+02
3.408991739662200260e+00 5.723504028320312500e+02
3.412426492044731141e+00 5.752814331054687500e+02
3.415861244427262466e+00 5.803682250976562500e+02
3.419295996809793792e+00 5.771065673828125000e+02
3.422730749192325117e+00 5.786640625000000000e+02
3.426165501574855998e+00 5.761896362304687500e+02
3.429600253957387324e+00 5.827160034179687500e+02
3.433035006339918649e+00 5.860607910156250000e+02
3.436469758722449530e+00 5.835036621093750000e+02
3.439904511104980411e+00 5.799689941406250000e+02
3.443339263487511737e+00 5.766058959960937500e+02
3.446774015870043062e+00 5.735739135742187500e+02
3.450208768252573943e+00 5.724787597656250000e+02
3.453643520635105268e+00 5.667722778320312500e+02
3.457078273017636594e+00 5.686408081054687500e+02
3.460513025400167919e+00 5.685312500000000000e+02
3.463947777782698800e+00 5.750220336914062500e+02
3.467382530165230126e+00 5.794733886718750000e+02
3.470817282547761451e+00 5.856209716796875000e+02
3.474252034930292776e+00 5.863840942382812500e+02
3.477686787312823657e+00 5.846419677734375000e+02
3.481121539695354983e+00 5.796145629882812500e+02
3.484556292077886308e+00 5.736420288085937500e+02
3.487991044460417189e+00 5.670737304687500000e+02
3.491425796842948515e+00 5.592869873046875000e+02
3.494860549225479840e+00 5.522276000976562500e+02
3.498295301608011165e+00 5.495866088867187500e+02
3.501730053990542046e+00 5.533413085937500000e+02
3.505164806373073372e+00 5.552305297851562500e+02
3.508599558755604697e+00 5.542374267578125000e+02
3.512034311138135578e+00 5.545831909179687500e+02
3.515469063520666460e+00 5.532838134765625000e+02
3.518903815903197785e+00 5.542598266601562500e+02
3.522338568285729110e+00 5.510672607421875000e+02
3.525773320668259991e+00 5.506478271484375000e+02
3.529208073050791317e+00 5.420707397460937500e+02
3.532642825433322642e+00 5.340037231445312500e+02
3.536077577815853967e+00 5.317708129882812500e+02
3.539512330198384849e+00 5.373328857421875000e+02
3.542947082580916174e+00 5.414172363281250000e+02
3.546381834963447499e+00 5.405926513671875000e+02
3.549816587345978824e+00 5.378018798828125000e+02
3.553251339728509706e+00 5.417381591796875000e+02
3.556686092111041031e+00 5.477443847656250000e+02
3.560120844493572356e+00 5.496124877929687500e+02
3.563555596876103237e+00 5.520781250000000000e+02
3.566990349258634563e+00 5.494471435546875000e+02
3.570425101641165888e+00 5.505664062500000000e+02
3.573859854023697213e+00 5.502519531250000000e+02
3.577294606406228095e+00 5.532233886718750000e+02
3.580729358788759420e+00 5.586150512695312500e+02
3.584164111171290301e+00 5.538051147460937500e+02
3.587598863553821626e+00 5.549962768554687500e+02
3.591033615936352508e+00 5.459083862304687500e+02
3.594468368318883833e+00 5.408927612304687500e+02
3.597903120701415158e+00 5.318618774414062500e+02
3.601337873083946484e+00 5.318862304687500000e+02
3.604772625466477809e+00 5.336157226562500000e+02
3.608207377849008246e+00 5.308571166992187500e+02
3.611642130231539571e+00 5.276806030273437500e+02
3.615076882614070897e+00 5.200232543945312500e+02
3.618511634996602222e+00 5.166385498046875000e+02
3.621946387379133547e+00 5.143807983398437500e+02
3.625381139761664873e+00 5.159670410156250000e+02
3.628815892144196198e+00 5.235216064453125000e+02
3.632250644526726635e+00 5.261294555664062500e+02
3.635685396909257960e+00 5.282328491210937500e+02
3.639120149291789286e+00 5.253406372070312500e+02
3.642554901674320611e+00 5.196738891601562500e+02
3.645989654056851936e+00 5.169202270507812500e+02
3.649424406439383262e+00 5.134541625976562500e+02
3.652859158821914587e+00 5.164104614257812500e+02
3.656293911204445912e+00 5.213435058593750000e+02
3.659728663586976349e+00 5.267869262695312500e+02
3.663163415969507675e+00 5.294351806640625000e+02
3.666598168352038556e+00 5.239670410156250000e+02
3.670032920734569881e+00 5.190803833007812500e+02
3.673467673117101207e+00 5.186050415039062500e+02
3.676902425499632532e+00 5.209985961914062500e+02
3.680337177882163857e+00 5.245180664062500000e+02
3.683771930264694294e+00 5.278055419921875000e+02
3.687206682647225620e+00 5.258974609375000000e+02
3.690641435029756945e+00 5.250258789062500000e+02
3.694076187412288270e+00 5.221417846679687500e+02
3.697510939794819596e+00 5.232694702148437500e+02
3.700945692177350921e+00 5.230162963867187500e+02
3.704380444559882246e+00 5.184197998046875000e+02
3.707815196942412683e+00 5.189768676757812500e+02
3.711249949324944009e+00 5.177468872070312500e+02
3.714684701707475334e+00 5.207804565429687500e+02
3.718119454090006659e+00 5.191035766601562500e+02
3.721554206472537984e+00 5.185343017578125000e+02
3.724988958855069310e+00 5.185232543945312500e+02
3.728423711237600635e+00 5.145289306640625000e+02
3.731858463620131960e+00 5.116362609863281250e+02
3.735293216002662398e+00 5.076200866699218750e+02
3.738727968385193723e+00 5.064769287109375000e+02
3.742162720767725048e+00 5.044574279785156250e+02
3.745597473150255929e+00 5.066119384765625000e+02
3.749032225532787255e+00 5.042333679199218750e+02
3.752466977915318580e+00 5.019049987792968750e+02
3.755901730297849905e+00 4.969393005371093750e+02
3.759336482680380342e+00 4.999897766113281250e+02
3.762771235062911668e+00 5.012289733886718750e+02
3.766205987445442993e+00 5.131055908203125000e+02
3.769640739827974318e+00 5.264852294921875000e+02
3.773075492210505644e+00 5.449113769531250000e+02
3.776510244593036969e+00 5.534640502929687500e+02
3.779944996975568294e+00 5.637164306640625000e+02
3.783379749358098731e+00 5.667039184570312500e+02
3.786814501740630057e+00 5.675015869140625000e+02
3.790249254123161382e+00 5.573217773437500000e+02
3.793684006505692707e+00 5.448265380859375000e+02
3.797118758888224033e+00 5.367607421875000000e+02
3.800553511270755358e+00 5.265373535156250000e+02
3.803988263653286683e+00 5.208746337890625000e+02
3.807423016035818009e+00 5.105586853027343750e+02
3.810857768418348446e+00 5.051656494140625000e+02
3.814292520800879771e+00 5.044105224609375000e+02
3.817727273183411096e+00 5.092524108886718750e+02
3.821162025565941978e+00 5.108603515625000000e+02
3.824596777948473303e+00 5.154860229492187500e+02
3.828031530331004628e+00 5.152721557617187500e+02
3.831466282713535954e+00 5.189233398437500000e+02
3.834901035096066391e+00 5.189333496093750000e+02
3.838335787478597716e+00 5.196146240234375000e+02
3.841770539861129041e+00 5.256264038085937500e+02
3.845205292243660367e+00 5.322726440429687500e+02
3.848640044626191692e+00 5.466502685546875000e+02
3.852074797008723017e+00 5.615785522460937500e+02
3.855509549391254343e+00 5.682291259765625000e+02
3.858944301773784780e+00 5.723167114257812500e+02
3.862379054156316105e+00 5.732597045898437500e+02
3.865813806538847430e+00 5.718151855468750000e+02
3.869248558921378756e+00 5.616598510742187500e+02
3.872683311303910081e+00 5.497490234375000000e+02
3.876118063686441406e+00 5.413020629882812500e+02
3.879552816068972732e+00 5.366275024414062500e+02
3.882987568451504057e+00 5.245436401367187500e+02
3.886422320834034494e+00 5.248571166992187500e+02
3.889857073216565819e+00 5.184859008789062500e+02
3.893291825599097145e+00 5.182669677734375000e+02
3.896726577981628026e+00 5.061510314941406250e+02
3.900161330364159351e+00 5.075409851074218750e+02
3.903596082746690676e+00 5.102138061523437500e+02
3.907030835129222002e+00 5.058459777832031250e+02
3.910465587511752439e+00 5.005626525878906250e+02
3.913900339894283764e+00 4.961476135253906250e+02
3.917335092276815089e+00 4.991419677734375000e+02
3.920769844659346415e+00 4.941037292480468750e+02
3.924204597041877740e+00 4.926828613281250000e+02
3.927639349424409065e+00 4.903446350097656250e+02
3.931074101806940391e+00 4.939281616210937500e+02
3.934508854189470828e+00 4.933196411132812500e+02
3.937943606572002153e+00 4.928498535156250000e+02
3.941378358954533478e+00 4.874328918457031250e+02
3.944813111337064804e+00 4.828091430664062500e+02
3.948247863719596129e+00 4.837363281250000000e+02
3.951682616102127454e+00 4.812375488281250000e+02
3.955117368484658780e+00 4.812823486328125000e+02
3.958552120867189217e+00 4.751541748046875000e+02
3.961986873249720542e+00 4.728457946777343750e+02
3.965421625632251867e+00 4.729045104980468750e+02
3.968856378014783193e+00 4.811042175292968750e+02
3.972291130397314074e+00 4.900610351562500000e+02
3.975725882779845399e+00 4.927843933105468750e+02
3.979160635162376725e+00 4.934058532714843750e+02
3.982595387544908050e+00 4.898395080566406250e+02
3.986030139927438487e+00 4.859460754394531250e+02
3.989464892309969812e+00 4.810461120605468750e+02
3.992899644692501138e+00 4.839254150390625000e+02
3.996334397075032463e+00 4.929336853027343750e+02
3.999769149457563788e+00 5.092964782714843750e+02
4.003203901840095114e+00 5.393894042968750000e+02
4.006638654222625995e+00 5.674025268554687500e+02
4.010073406605156876e+00 5.984840698242187500e+02
4.013508158987687757e+00 6.293692626953125000e+02
4.016942911370219527e+00 6.533465576171875000e+02
4.020377663752750408e+00 6.638453369140625000e+02
4.023812416135282177e+00 6.653705444335937500e+02
4.027247168517813058e+00 6.547274169921875000e+02
4.030681920900344828e+00 6.407684936523437500e+02
4.034116673282874821e+00 6.175871582031250000e+02
4.037551425665406590e+00 5.906796875000000000e+02
4.040986178047937472e+00 5.657633056640625000e+02
4.044420930430469241e+00 5.368467407226562500e+02
4.047855682813000122e+00 5.201455688476562500e+02
4.051290435195531892e+00 5.085259704589843750e+02
4.054725187578062773e+00 4.982806091308593750e+02
4.058159939960594542e+00 4.962592773437500000e+02
4.061594692343124535e+00 4.887619323730468750e+02
4.065029444725656305e+00 4.906917114257812500e+02
4.068464197108187186e+00 4.893243408203125000e+02
4.071898949490718955e+00 4.893898925781250000e+02
4.075333701873249836e+00 4.893887634277343750e+02
4.078768454255781606e+00 4.878521728515625000e+02
4.082203206638312487e+00 4.845188903808593750e+02
4.085637959020843368e+00 4.767972412109375000e+02
4.089072711403374250e+00 4.683765869140625000e+02
4.092507463785905131e+00 4.654949035644531250e+02
4.095942216168436900e+00 4.622179260253906250e+02
4.099376968550967781e+00 4.631441955566406250e+02
4.102811720933499551e+00 4.666504821777343750e+02
4.106246473316030432e+00 4.679673461914062500e+02
4.109681225698561313e+00 4.714721679687500000e+02
4.113115978081092194e+00 4.724188537597656250e+02
4.116550730463623964e+00 4.757109069824218750e+02
4.119985482846154845e+00 4.725393066406250000e+02
4.123420235228686614e+00 4.725141601562500000e+02
4.126854987611217496e+00 4.712512817382812500e+02
4.130289739993749265e+00 4.704859008789062500e+02
4.133724492376280146e+00 4.642044677734375000e+02
4.137159244758811028e+00 4.645354003906250000e+02
4.140593997141341909e+00 4.649317321777343750e+02
4.144028749523873678e+00 4.700485229492187500e+02
4.147463501906404559e+00 4.730272521972656250e+02
4.150898254288936329e+00 4.745927429199218750e+02
4.154333006671467210e+00 4.736854553222656250e+02
4.157767759053998091e+00 4.698376159667968750e+02
4.161202511436528972e+00 4.728870849609375000e+02
4.164637263819060742e+00 4.730832824707031250e+02
4.168072016201591623e+00 4.722782287597656250e+02
4.171506768584122504e+00 4.666690979003906250e+02
4.174941520966654274e+00 4.777248535156250000e+02
4.178376273349185155e+00 4.946466674804687500e+02
4.181811025731716924e+00 5.188074340820312500e+02
4.185245778114246917e+00 5.339394531250000000e+02
4.188680530496778687e+00 5.412415771484375000e+02
4.192115282879309568e+00 5.444096069335937500e+02
4.195550035261841337e+00 5.473563842773437500e+02
4.198984787644372219e+00 5.454197998046875000e+02
4.202419540026903988e+00 5.399110717773437500e+02
4.205854292409434869e+00 5.320383300781250000e+02
4.209289044791966639e+00 5.278305053710937500e+02
4.212723797174496632e+00 5.312924194335937500e+02
4.216158549557028401e+00 5.376921386718750000e+02
4.219593301939559282e+00 5.496458129882812500e+02
4.223028054322091052e+00 5.563005371093750000e+02
4.226462806704621933e+00 5.615322265625000000e+02
4.229897559087153702e+00 5.575056152343750000e+02
4.233332311469684583e+00 5.492120361328125000e+02
4.236767063852215465e+00 5.371751708984375000e+02
4.240201816234746346e+00 5.230714721679687500e+02
4.243636568617277227e+00 5.058350524902343750e+02
4.247071320999808997e+00 4.909518737792968750e+02
4.250506073382339878e+00 4.811845703125000000e+02
4.253940825764871647e+00 4.813925781250000000e+02
4.257375578147402528e+00 4.752687683105468750e+02
4.260810330529933410e+00 4.741811523437500000e+02
4.264245082912464291e+00 4.734559020996093750e+02
4.267679835294996060e+00 4.727154235839843750e+02
4.271114587677526941e+00 4.702204589843750000e+02
4.274549340060058711e+00 4.688966674804687500e+02
4.277984092442589592e+00 4.704335021972656250e+02
4.281418844825121361e+00 4.708190612792968750e+02
4.284853597207652243e+00 4.778737792968750000e+02
4.288288349590183124e+00 4.893823242187500000e+02
4.291723101972714005e+00 5.051860961914062500e+02
4.295157854355245775e+00 5.214086303710937500e+02
4.298592606737776656e+00 5.376721801757812500e+02
4.302027359120308425e+00 5.559519653320312500e+02
4.305462111502839306e+00 5.607377319335937500e+02
4.308896863885370188e+00 5.636756591796875000e+02
4.312331616267901069e+00 5.557335205078125000e+02
4.315766368650432838e+00 5.413775634765625000e+02
4.319201121032963719e+00 5.233687744140625000e+02
4.322635873415494601e+00 5.027330017089843750e+02
4.326070625798026370e+00 4.906333007812500000e+02
4.329505378180557251e+00 4.774213867187500000e+02
4.332940130563089021e+00 4.698399963378906250e+02
4.336374882945619014e+00 4.651875000000000000e+02
4.339809635328150783e+00 4.639581604003906250e+02
4.343244387710681664e+00 4.625001831054687500e+02
4.346679140093213434e+00 4.608943176269531250e+02
4.350113892475744315e+00 4.593818054199218750e+02
4.353548644858276084e+00 4.597697448730468750e+02
4.356983397240806966e+00 4.605999145507812500e+02
4.360418149623338735e+00 4.645453186035156250e+02
4.363852902005868728e+00 4.662439880371093750e+02
4.367287654388400497e+00 4.663666687011718750e+02
4.370722406770931379e+00 4.690839538574218750e+02
4.374157159153463148e+00 4.695855407714843750e+02
4.377591911535994029e+00 4.672649841308593750e+02
4.381026663918525799e+00 4.643443908691406250e+02
4.384461416301056680e+00 4.685845947265625000e+02
4.387896168683587561e+00 4.681968383789062500e+02
4.391330921066118442e+00 4.642629089355468750e+02
4.394765673448649324e+00 4.573154602050781250e+02
4.398200425831181093e+00 4.570084228515625000e+02
4.401635178213711974e+00 4.600824279785156250e+02
4.405069930596243744e+00 4.668521118164062500e+02
4.408504682978774625e+00 4.826423034667968750e+02
4.411939435361305506e+00 4.996620788574218750e+02
4.415374187743836387e+00 5.028775634765625000e+02
4.418808940126368157e+00 5.015886840820312500e+02
4.422243692508899038e+00 4.994938659667968750e+02
4.425678444891430807e+00 5.015945739746093750e+02
4.429113197273961688e+00 4.986868286132812500e+02
4.432547949656493458e+00 4.876618347167968750e+02
4.435982702039023451e+00 4.826244812011718750e+02
4.439417454421555220e+00 4.749320373535156250e+02
4.442852206804086101e+00 4.672694702148437500e+02
4.446286959186617871e+00 4.619971618652343750e+02
4.449721711569148752e+00 4.599117736816406250e+02
4.453156463951680522e+00 4.609983520507812500e+02
4.456591216334211403e+00 4.558691406250000000e+02
4.460025968716742284e+00 4.519141540527343750e+02
4.463460721099273165e+00 4.460938720703125000e+02
4.466895473481804935e+00 4.436833496093750000e+02
4.470330225864335816e+00 4.415301208496093750e+02
4.473764978246866697e+00 4.435164184570312500e+02
4.477199730629398466e+00 4.499193420410156250e+02
4.480634483011929348e+00 4.526964721679687500e+02
4.484069235394461117e+00 4.482537841796875000e+02
4.487503987776991110e+00 4.442255859375000000e+02
4.490938740159522879e+00 4.412482910156250000e+02
4.494373492542053761e+00 4.425392761230468750e+02
4.497808244924585530e+00 4.410571594238281250e+02
4.501242997307116411e+00 4.404598388671875000e+02
4.504677749689648181e+00 4.422901916503906250e+02
4.508112502072179062e+00 4.447431945800781250e+02
4.511547254454709943e+00 4.528591918945312500e+02
4.514982006837240824e+00 4.495952148437500000e+02
4.518416759219772594e+00 4.440482788085937500e+02
4.521851511602303475e+00 4.401520996093750000e+02
4.525286263984835244e+00 4.437417602539062500e+02
4.528721016367366126e+00 4.496838989257812500e+02
4.532155768749897895e+00 4.480241699218750000e+02
4.535590521132428776e+00 4.485206604003906250e+02
4.539025273514959657e+00 4.445124816894531250e+02
4.542460025897490539e+00 4.420701293945312500e+02
4.545894778280021420e+00 4.405423889160156250e+02
4.549329530662553189e+00 4.406479797363281250e+02
4.552764283045084071e+00 4.436299743652343750e+02
4.556199035427615840e+00 4.447203979492187500e+02
4.559633787810146721e+00 4.427137145996093750e+02
4.563068540192677602e+00 4.405475769042968750e+02
4.566503292575208484e+00 4.412967224121093750e+02
4.569938044957740253e+00 4.405180664062500000e+02
4.573372797340271134e+00 4.359308776855468750e+02
4.576807549722802904e+00 4.318310241699218750e+02
4.580242302105333785e+00 4.285993041992187500e+02
4.583677054487865554e+00 4.290280151367187500e+02
4.587111806870395547e+00 4.299930419921875000e+02
4.590546559252927317e+00 4.341339111328125000e+02
4.593981311635458198e+00 4.412249145507812500e+02
4.597416064017989967e+00 4.411228637695312500e+02
4.600850816400520849e+00 4.391952209472656250e+02
4.604285568783052618e+00 4.387860107421875000e+02
4.607720321165583499e+00 4.402041625976562500e+02
4.611155073548115269e+00 4.442459716796875000e+02
4.614589825930645262e+00 4.393277282714843750e+02
4.618024578313177031e+00 4.378020019531250000e+02
4.621459330695707912e+00 4.368205261230468750e+02
4.624894083078238793e+00 4.422026672363281250e+02
4.628328835460770563e+00 4.438192138671875000e+02
4.631763587843301444e+00 4.439289855957031250e+02
4.635198340225833213e+00 4.518623657226562500e+02
4.638633092608363206e+00 4.702895812988281250e+02
4.642067844990894976e+00 4.838530578613281250e+02
4.645502597373425857e+00 4.952691650390625000e+02
4.648937349755957626e+00 5.063901672363281250e+02
4.652372102138488508e+00 5.207831420898437500e+02
4.655806854521020277e+00 5.399422607421875000e+02
4.659241606903551158e+00 5.550243530273437500e+02
4.662676359286082040e+00 5.699688720703125000e+02
4.666111111668612921e+00 5.789995727539062500e+02
4.669545864051144690e+00 5.846235351562500000e+02
4.672980616433675571e+00 5.820284423828125000e+02
4.676415368816207341e+00 5.749809570312500000e+02
4.679850121198738222e+00 5.642413330078125000e+02
4.683284873581269991e+00 5.471439208984375000e+02
4.686719625963800873e+00 5.294687500000000000e+02
4.690154378346331754e+00 5.068605957031250000e+02
4.693589130728862635e+00 4.958968200683593750e+02
4.697023883111393516e+00 4.838467712402343750e+02
4.700458635493925286e+00 4.654855651855468750e+02
4.703893387876456167e+00 4.506154479980468750e+02
4.707328140258987936e+00 4.417048034667968750e+02
4.710762892641518818e+00 4.412262878417968750e+02
4.714197645024049699e+00 4.370202636718750000e+02
4.717632397406580580e+00 4.320750122070312500e+02
4.721067149789112349e+00 4.336826171875000000e+02
4.724501902171643231e+00 4.388634338378906250e+02
4.727936654554175000e+00 4.427997436523437500e+02
4.731371406936705881e+00 4.384024353027343750e+02
4.734806159319237651e+00 4.345322875976562500e+02
4.738240911701767644e+00 4.281622009277343750e+02
4.741675664084299413e+00 4.265398559570312500e+02
4.745110416466830294e+00 4.250982360839843750e+02
4.748545168849362064e+00 4.256545715332031250e+02
4.751979921231892945e+00 4.262995910644531250e+02
4.755414673614424714e+00 4.295100097656250000e+02
4.758849425996955596e+00 4.298226013183593750e+02
4.762284178379487365e+00 4.353557434082031250e+02
4.765718930762017358e+00 4.347547607421875000e+02
4.769153683144549127e+00 4.357040710449218750e+02
4.772588435527080009e+00 4.300130920410156250e+02
4.776023187909610890e+00 4.329406127929687500e+02
4.779457940292142659e+00 4.358989562988281250e+02
4.782892692674673540e+00 4.423146972656250000e+02
4.786327445057205310e+00 4.387622375488281250e+02
4.789762197439735303e+00 4.360666198730468750e+02
4.793196949822267072e+00 4.333875732421875000e+02
4.796631702204797953e+00 4.388786010742187500e+02
4.800066454587329723e+00 4.426929931640625000e+02
4.803501206969860604e+00 4.445713806152343750e+02
4.806935959352392373e+00 4.423055725097656250e+02
4.810370711734923255e+00 4.425042724609375000e+02
4.813805464117454136e+00 4.418382873535156250e+02
4.817240216499985017e+00 4.436220703125000000e+02
4.820674968882516787e+00 4.437419433593750000e+02
4.824109721265047668e+00 4.399910583496093750e+02
4.827544473647579437e+00 4.334367675781250000e+02
4.830979226030110318e+00 4.246423645019531250e+02
4.834413978412642088e+00 4.274041137695312500e+02
4.837848730795172969e+00 4.294077453613281250e+02
4.841283483177703850e+00 4.339673767089843750e+02
4.844718235560234731e+00 4.286801452636718750e+02
4.848152987942766501e+00 4.239681701660156250e+02
4.851587740325297382e+00 4.264670104980468750e+02
4.855022492707828263e+00 4.314038696289062500e+02
4.858457245090360033e+00 4.402320861816406250e+02
4.861891997472890914e+00 4.522038269042968750e+02
4.865326749855421795e+00 4.776126708984375000e+02
4.868761502237952676e+00 5.182985229492187500e+02
4.872196254620484446e+00 5.795598144531250000e+02
4.875631007003015327e+00 6.467948608398437500e+02
4.879065759385547096e+00 6.744925537109375000e+02
4.882500511768077978e+00 6.686771850585937500e+02
4.885935264150609747e+00 6.233769531250000000e+02
4.889370016533139740e+00 5.771375122070312500e+02
4.892804768915671509e+00 5.361872558593750000e+02
4.896239521298202391e+00 5.071618957519531250e+02
4.899674273680734160e+00 4.918450317382812500e+02
4.903109026063265041e+00 4.797824707031250000e+02
4.906543778445796811e+00 4.591697387695312500e+02
4.909978530828327692e+00 4.437994689941406250e+02
4.913413283210858573e+00 4.320904846191406250e+02
4.916848035593389454e+00 4.328502197265625000e+02
4.920282787975921224e+00 4.382297973632812500e+02
4.923717540358452105e+00 4.409175415039062500e+02
4.927152292740982986e+00 4.416838989257812500e+02
4.930587045123514756e+00 4.391084594726562500e+02
4.934021797506045637e+00 4.376809387207031250e+02
4.937456549888577406e+00 4.414151000976562500e+02
4.940891302271107399e+00 4.418450927734375000e+02
4.944326054653639169e+00 4.408975219726562500e+02
4.947760807036170050e+00 4.357009887695312500e+02
4.951195559418701819e+00 4.343741760253906250e+02
4.954630311801232700e+00 4.398550415039062500e+02
4.958065064183764470e+00 4.482217712402343750e+02
4.961499816566295351e+00 4.528128051757812500e+02
4.964934568948826232e+00 4.545493164062500000e+02
4.968369321331357114e+00 4.580554199218750000e+02
4.971804073713888883e+00 4.610509033203125000e+02
4.975238826096419764e+00 4.598503723144531250e+02
4.978673578478951534e+00 4.517699584960937500e+02
4.982108330861482415e+00 4.422470703125000000e+02
4.985543083244014184e+00 4.362695007324218750e+02
4.988977835626544177e+00 4.293482055664062500e+02
4.992412588009075947e+00 4.316781005859375000e+02
4.995847340391606828e+00 4.332648620605468750e+02
4.999282092774138597e+00 4.374647521972656250e+02
5.002716845156669478e+00 4.302918090820312500e+02
5.006151597539200360e+00 4.230910644531250000e+02
5.009586349921732129e+00 4.204668884277343750e+02
5.013021102304263010e+00 4.231713256835937500e+02
5.016455854686793892e+00 4.235123901367187500e+02
5.019890607069324773e+00 4.268692016601562500e+02
5.023325359451856542e+00 4.301747741699218750e+02
5.026760111834387423e+00 4.398632507324218750e+02
5.030194864216919193e+00 4.431741027832031250e+02
5.033629616599450074e+00 4.434925842285156250e+02
5.037064368981981843e+00 4.459448852539062500e+02
5.040499121364511836e+00 4.460848693847656250e+02
5.043933873747043606e+00 4.486776123046875000e+02
5.047368626129574487e+00 4.472457580566406250e+02
5.050803378512106256e+00 4.470358276367187500e+02
5.054238130894637138e+00 4.473270263671875000e+02
5.057672883277168907e+00 4.457129516601562500e+02
5.061107635659699788e+00 4.461580810546875000e+02
5.064542388042230669e+00 4.421830749511718750e+02
5.067977140424761551e+00 4.386119689941406250e+02
5.071411892807293320e+00 4.353569335937500000e+02
5.074846645189824201e+00 4.362778015136718750e+02
5.078281397572355083e+00 4.344014892578125000e+02
5.081716149954886852e+00 4.318045959472656250e+02
5.085150902337417733e+00 4.244580688476562500e+02
5.088585654719949503e+00 4.243908386230468750e+02
5.092020407102479496e+00 4.233809509277343750e+02
5.095455159485011265e+00 4.295486450195312500e+02
5.098889911867542146e+00 4.264516296386718750e+02
5.102324664250073916e+00 4.202632446289062500e+02
5.105759416632604797e+00 4.085245056152343750e+02
5.109194169015136566e+00 4.024103088378906250e+02
5.112628921397667447e+00 3.988443298339843750e+02
5.116063673780198329e+00 4.014534912109375000e+02
5.119498426162729210e+00 4.063406982421875000e+02
5.122933178545260979e+00 4.113528137207031250e+02
5.126367930927791861e+00 4.170001525878906250e+02
5.129802683310323630e+00 4.183691406250000000e+02
5.133237435692854511e+00 4.187021484375000000e+02
5.136672188075386281e+00 4.171840209960937500e+02
5.140106940457916274e+00 4.132456665039062500e+02
5.143541692840448043e+00 4.145227355957031250e+02
5.146976445222978924e+00 4.155350341796875000e+02
5.150411197605510694e+00 4.161820983886718750e+02
5.153845949988041575e+00 4.167744445800781250e+02
5.157280702370572456e+00 4.183295593261718750e+02
5.160715454753104225e+00 4.234042053222656250e+02
5.164150207135635107e+00 4.239717407226562500e+02
5.167584959518165988e+00 4.243679809570312500e+02
5.171019711900696869e+00 4.259284362792968750e+02
5.174454464283228639e+00 4.280051879882812500e+02
5.177889216665759520e+00 4.244024047851562500e+02
5.181323969048291289e+00 4.187945556640625000e+02
5.184758721430822170e+00 4.149557189941406250e+02
5.188193473813353940e+00 4.138762512207031250e+02
5.191628226195883933e+00 4.165387268066406250e+02
5.195062978578415702e+00 4.147719116210937500e+02
5.198497730960946583e+00 4.142257385253906250e+02
5.201932483343478353e+00 4.141899414062500000e+02
5.205367235726009234e+00 4.221683044433593750e+02
5.208801988108541003e+00 4.321561584472656250e+02
5.212236740491071885e+00 4.437745056152343750e+02
5.215671492873602766e+00 4.543483886718750000e+02
5.219106245256133647e+00 4.678174438476562500e+02
5.222540997638665417e+00 4.694089965820312500e+02
5.225975750021196298e+00 4.654691467285156250e+02
5.229410502403727179e+00 4.513146362304687500e+02
5.232845254786258948e+00 4.456142883300781250e+02
5.236280007168789830e+00 4.404712829589843750e+02
5.239714759551321599e+00 4.361942443847656250e+02
5.243149511933851592e+00 4.291012573242187500e+02
5.246584264316383361e+00 4.217441406250000000e+02
5.250019016698914243e+00 4.134940185546875000e+02
5.253453769081446012e+00 4.101491699218750000e+02
5.256888521463976893e+00 4.073440856933593750e+02
5.260323273846508663e+00 4.001922302246093750e+02
5.263758026229039544e+00 3.969810485839843750e+02
5.267192778611570425e+00 4.006366577148437500e+02
5.270627530994101306e+00 4.059248657226562500e+02
5.274062283376633076e+00 4.106625061035156250e+02
5.277497035759163957e+00 4.109133911132812500e+02
5.280931788141695726e+00 4.145543212890625000e+02
5.284366540524226608e+00 4.149703979492187500e+02
5.287801292906758377e+00 4.148284606933593750e+02
5.291236045289288370e+00 4.193378295898437500e+02
5.294670797671820139e+00 4.262485046386718750e+02
5.298105550054351021e+00 4.316967163085937500e+02
5.301540302436882790e+00 4.293890686035156250e+02
5.304975054819413671e+00 4.218988037109375000e+02
5.308409807201944552e+00 4.182231750488281250e+02
5.311844559584476322e+00 4.160289611816406250e+02
5.315279311967006315e+00 4.127868347167968750e+02
5.318714064349538084e+00 4.164429016113281250e+02
5.322148816732068966e+00 4.182445068359375000e+02
5.325583569114600735e+00 4.211842041015625000e+02
5.329018321497131616e+00 4.179669494628906250e+02
5.332453073879663386e+00 4.202340393066406250e+02
5.335887826262194267e+00 4.234289855957031250e+02
5.339322578644726036e+00 4.258553466796875000e+02
5.342757331027256029e+00 4.302090454101562500e+02
5.346192083409787799e+00 4.370298767089843750e+02
5.349626835792318680e+00 4.498713378906250000e+02
5.353061588174850449e+00 4.622976684570312500e+02
5.356496340557381330e+00 4.670369567871093750e+02
5.359931092939913100e+00 4.600953369140625000e+02
5.363365845322443981e+00 4.500520629882812500e+02
5.366800597704974862e+00 4.477731018066406250e+02
5.370235350087505743e+00 4.395322570800781250e+02
5.373670102470037513e+00 4.304000244140625000e+02
5.377104854852568394e+00 4.123689880371093750e+02
5.380539607235100164e+00 4.059875488281250000e+02
5.383974359617631045e+00 4.052937011718750000e+02
5.387409112000161926e+00 4.077935791015625000e+02
5.390843864382692807e+00 4.049692687988281250e+02
5.394278616765223688e+00 4.019941711425781250e+02
5.397713369147755458e+00 4.036829528808593750e+02
5.401148121530286339e+00 4.049570007324218750e+02
5.404582873912818108e+00 4.079745788574218750e+02
5.408017626295348990e+00 4.071857299804687500e+02
5.411452378677880759e+00 4.037790527343750000e+02
5.414887131060411640e+00 3.983340148925781250e+02
5.418321883442942521e+00 3.988613891601562500e+02
5.421756635825473403e+00 4.030002746582031250e+02
5.425191388208005172e+00 4.073758239746093750e+02
5.428626140590536053e+00 4.098424072265625000e+02
5.432060892973067823e+00 4.176694030761718750e+02
5.435495645355598704e+00 4.194965515136718750e+02
5.438930397738130473e+00 4.192559814453125000e+02
5.442365150120660466e+00 4.143682861328125000e+02
5.445799902503192236e+00 4.120487670898437500e+02
5.449234654885723117e+00 4.113807983398437500e+02
5.452669407268254886e+00 4.099169616699218750e+02
5.456104159650785768e+00 4.073717651367187500e+02
5.459538912033316649e+00 4.051712951660156250e+02
5.462973664415848418e+00 4.051197204589843750e+02
5.466408416798379299e+00 4.086244506835937500e+02
5.469843169180910181e+00 4.125478210449218750e+02
5.473277921563441062e+00 4.185382385253906250e+02
5.476712673945972831e+00 4.251526489257812500e+02
5.480147426328503713e+00 4.354090270996093750e+02
5.483582178711035482e+00 4.437043457031250000e+02
5.487016931093566363e+00 4.488839416503906250e+02
5.490451683476098133e+00 4.469566650390625000e+02
5.493886435858628126e+00 4.443052673339843750e+02
5.497321188241159895e+00 4.430917663574218750e+02
5.500755940623690776e+00 4.395803222656250000e+02
5.504190693006222546e+00 4.361584472656250000e+02
5.507625445388753427e+00 4.297311706542968750e+02
5.511060197771285196e+00 4.243080749511718750e+02
5.514494950153816077e+00 4.160678100585937500e+02
5.517929702536346959e+00 4.087464904785156250e+02
5.521364454918877840e+00 4.055901489257812500e+02
5.524799207301409609e+00 4.092512512207031250e+02
5.528233959683940490e+00 4.143309326171875000e+02
5.531668712066472260e+00 4.126452636718750000e+02
5.535103464449003141e+00 4.089529724121093750e+02
5.538538216831534022e+00 4.052081298828125000e+02
5.541972969214064904e+00 4.067438964843750000e+02
5.545407721596595785e+00 4.051211242675781250e+02
5.548842473979127554e+00 4.052283325195312500e+02
5.552277226361658435e+00 4.055540466308593750e+02
5.555711978744190205e+00 4.114455261230468750e+02
5.559146731126721086e+00 4.156436157226562500e+02
5.562581483509252855e+00 4.156726989746093750e+02
5.566016235891783737e+00 4.141130981445312500e+02
5.569450988274314618e+00 4.085811767578125000e+02
5.572885740656845499e+00 4.019499206542968750e+02
5.576320493039377268e+00 4.009508666992187500e+02
5.579755245421908150e+00 4.053231506347656250e+02
5.583189997804439919e+00 4.078521423339843750e+02
5.586624750186970800e+00 4.046968383789062500e+02
5.590059502569502570e+00 4.009702758789062500e+02
5.593494254952032563e+00 3.995667114257812500e+02
5.596929007334564332e+00 4.027059936523437500e+02
5.600363759717095213e+00 4.042814636230468750e+02
5.603798512099626983e+00 4.093597717285156250e+02
5.607233264482157864e+00 4.046977844238281250e+02
5.610668016864688745e+00 3.995411071777343750e+02
5.614102769247220515e+00 3.942348022460937500e+02
5.617537521629751396e+00 3.949931335449218750e+02
5.620972274012282277e+00 3.961086730957031250e+02
5.624407026394813158e+00 3.946336364746093750e+02
5.627841778777344928e+00 3.951589355468750000e+02
5.631276531159875809e+00 3.965982666015625000e+02
5.634711283542407578e+00 3.938223266601562500e+02
5.638146035924938460e+00 3.928550415039062500e+02
5.641580788307470229e+00 3.923502807617187500e+02
5.645015540690000222e+00 3.939413146972656250e+02
5.648450293072531991e+00 3.905670166015625000e+02
5.651885045455062873e+00 3.872772827148437500e+02
5.655319797837594642e+00 3.877453613281250000e+02
5.658754550220125523e+00 3.886131286621093750e+02
5.662189302602657293e+00 3.924267883300781250e+02
5.665624054985188174e+00 3.948719787597656250e+02
5.669058807367719055e+00 3.991732788085937500e+02
5.672493559750249936e+00 4.011383056640625000e+02
5.675928312132781706e+00 4.041860046386718750e+02
5.679363064515312587e+00 4.086093444824218750e+02
5.682797816897844356e+00 4.136083374023437500e+02
5.686232569280375237e+00 4.204108581542968750e+02
5.689667321662906119e+00 4.252431945800781250e+02
5.693102074045437000e+00 4.360202636718750000e+02
5.696536826427967881e+00 4.465608520507812500e+02
5.699971578810499651e+00 4.664294128417968750e+02
5.703406331193030532e+00 5.006360168457031250e+02
5.706841083575562301e+00 5.651492309570312500e+02
5.710275835958093182e+00 6.343883666992187500e+02
5.713710588340624952e+00 7.140136108398437500e+02
5.717145340723154945e+00 7.743872680664062500e+02
5.720580093105686714e+00 8.222334594726562500e+02
5.724014845488217595e+00 8.500119628906250000e+02
5.727449597870749365e+00 8.474627075195312500e+02
5.730884350253280246e+00 8.180035400390625000e+02
5.734319102635812015e+00 7.745495605468750000e+02
5.737753855018342897e+00 7.166129150390625000e+02
5.741188607400874666e+00 6.656463012695312500e+02
5.744623359783404659e+00 6.085133666992187500e+02
5.748058112165936429e+00 5.541377563476562500e+02
5.751492864548467310e+00 5.065631408691406250e+02
5.754927616930999079e+00 4.655621337890625000e+02
5.758362369313529960e+00 4.346650085449218750e+02
5.761797121696060842e+00 4.179898376464843750e+02
5.765231874078592611e+00 4.091426696777343750e+02
5.768666626461123492e+00 4.000129394531250000e+02
5.772101378843654373e+00 3.972677612304687500e+02
5.775536131226185255e+00 3.960902709960937500e+02
5.778970883608717024e+00 3.916996765136718750e+02
5.782405635991247905e+00 3.888526000976562500e+02
5.785840388373779675e+00 3.866498107910156250e+02
5.789275140756310556e+00 3.897792663574218750e+02
5.792709893138841437e+00 3.921981506347656250e+02
5.796144645521372318e+00 3.920458374023437500e+02
5.799579397903904088e+00 3.925327453613281250e+02
5.803014150286434969e+00 3.885510559082031250e+02
5.806448902668966738e+00 3.883573303222656250e+02
5.809883655051497620e+00 3.867848815917968750e+02
5.813318407434029389e+00 3.913084106445312500e+02
5.816753159816560270e+00 3.889895629882812500e+02
5.820187912199091151e+00 3.858610534667968750e+02
5.823622664581622033e+00 3.827363281250000000e+02
5.827057416964153802e+00 3.842373657226562500e+02
5.830492169346684683e+00 3.854261779785156250e+02
5.833926921729216453e+00 3.832189941406250000e+02
5.837361674111747334e+00 3.805312500000000000e+02
5.840796426494278215e+00 3.811390075683593750e+02
5.844231178876809096e+00 3.815441284179687500e+02
5.847665931259339978e+00 3.852064819335937500e+02
5.851100683641871747e+00 3.848066406250000000e+02
5.854535436024402628e+00 3.866427001953125000e+02
5.857970188406934398e+00 3.832990722656250000e+02
5.861404940789465279e+00 3.809418945312500000e+02
5.864839693171997048e+00 3.769666442871093750e+02
5.868274445554527041e+00 3.752021789550781250e+02
5.871709197937058811e+00 3.764075927734375000e+02
5.875143950319589692e+00 3.765671691894531250e+02
5.878578702702121461e+00 3.759453430175781250e+02
5.882013455084652342e+00 3.719416503906250000e+02
5.885448207467184112e+00 3.746250000000000000e+02
5.888882959849714993e+00 3.838232727050781250e+02
5.892317712232246762e+00 3.910162048339843750e+02
5.895752464614776756e+00 3.891622009277343750e+02
5.899187216997308525e+00 3.856050415039062500e+02
5.902621969379839406e+00 3.818880310058593750e+02
5.906056721762371176e+00 3.819094238281250000e+02
5.909491474144902057e+00 3.800863952636718750e+02
5.912926226527432938e+00 3.796834411621093750e+02
5.916360978909964707e+00 3.798277282714843750e+02
5.919795731292495589e+00 3.813334960937500000e+02
5.923230483675026470e+00 3.829726257324218750e+02
5.926665236057557351e+00 3.828377075195312500e+02
5.930099988440089120e+00 3.841379089355468750e+02
5.933534740822620002e+00 3.821821594238281250e+02
5.936969493205151771e+00 3.814125366210937500e+02
5.940404245587682652e+00 3.831315002441406250e+02
5.943838997970213534e+00 3.873810119628906250e+02
5.947273750352744415e+00 3.906629943847656250e+02
5.950708502735276184e+00 3.916556396484375000e+02
5.954143255117807065e+00 3.952398071289062500e+02
5.957578007500338835e+00 3.965969848632812500e+02
5.961012759882869716e+00 3.944838256835937500e+02
5.964447512265401485e+00 3.926218872070312500e+02
5.967882264647932367e+00 3.925417480468750000e+02
5.971317017030463248e+00 3.969935607910156250e+02
5.974751769412994129e+00 3.947228393554687500e+02
5.978186521795525898e+00 3.926201171875000000e+02
5.981621274178056780e+00 3.926323242187500000e+02
5.985056026560588549e+00 3.968762817382812500e+02
5.988490778943119430e+00 3.987716674804687500e+02
5.991925531325650311e+00 3.937602233886718750e+02
5.995360283708181193e+00 3.930423889160156250e+02
5.998795036090712074e+00 3.938140869140625000e+02
6.002229788473243843e+00 3.931180419921875000e+02
6.005664540855774725e+00 3.899436035156250000e+02
6.009099293238306494e+00 3.855355529785156250e+02
6.012534045620837375e+00 3.864578552246093750e+02
6.015968798003369145e+00 3.890342407226562500e+02
6.019403550385899138e+00 3.920098876953125000e+02
6.022838302768430907e+00 3.943688049316406250e+02
6.026273055150961788e+00 3.937329711914062500e+02
6.029707807533493558e+00 3.930037231445312500e+02
6.033142559916024439e+00 3.921989135742187500e+02
6.036577312298556208e+00 3.899631958007812500e+02
6.040012064681087089e+00 3.854465637207031250e+02
6.043446817063618859e+00 3.855372619628906250e+02
6.046881569446148852e+00 3.893622131347656250e+02
6.050316321828680621e+00 3.932302856445312500e+02
6.053751074211211503e+00 3.924598999023437500e+02
6.057185826593743272e+00 3.945171813964843750e+02
6.060620578976274153e+00 4.023583374023437500e+02
6.064055331358805923e+00 4.088362426757812500e+02
6.067490083741336804e+00 4.091411437988281250e+02
6.070924836123867685e+00 4.049902954101562500e+02
6.074359588506398566e+00 4.013198547363281250e+02
6.077794340888929447e+00 3.969416503906250000e+02
6.081229093271461217e+00 3.952275390625000000e+02
6.084663845653992098e+00 3.906978759765625000e+02
6.088098598036523867e+00 3.902559509277343750e+02
6.091533350419054749e+00 3.892544555664062500e+02
6.094968102801585630e+00 3.909127197265625000e+02
6.098402855184116511e+00 3.888329467773437500e+02
6.101837607566648281e+00 3.880721740722656250e+02
6.105272359949179162e+00 3.856673889160156250e+02
6.108707112331710931e+00 3.861458435058593750e+02
6.112141864714241812e+00 3.855812683105468750e+02
6.115576617096773582e+00 3.832344360351562500e+02
6.119011369479304463e+00 3.777577819824218750e+02
6.122446121861835344e+00 3.733454284667968750e+02
6.125880874244366225e+00 3.754820251464843750e+02
6.129315626626897995e+00 3.798360900878906250e+02
6.132750379009428876e+00 3.788227539062500000e+02
6.136185131391960645e+00 3.802947692871093750e+02
6.139619883774491527e+00 3.788478698730468750e+02
6.143054636157022408e+00 3.830785827636718750e+02
6.146489388539553289e+00 3.831652832031250000e+02
6.149924140922085058e+00 3.887427062988281250e+02
6.153358893304615940e+00 3.854239196777343750e+02
6.156793645687146821e+00 3.828659973144531250e+02
6.160228398069678590e+00 3.828211669921875000e+02
6.163663150452209472e+00 3.816052551269531250e+02
6.167097902834741241e+00 3.780011596679687500e+02
6.170532655217271234e+00 3.764324035644531250e+02
6.173967407599803003e+00 3.770419311523437500e+02
6.177402159982333885e+00 3.792923583984375000e+02
6.180836912364865654e+00 3.739690856933593750e+02
6.184271664747396535e+00 3.710069580078125000e+02
6.187706417129928305e+00 3.662423400878906250e+02
6.191141169512459186e+00 3.676681823730468750e+02
6.194575921894990067e+00 3.697687988281250000e+02
6.198010674277520948e+00 3.697183837890625000e+02
6.201445426660052718e+00 3.662995605468750000e+02
6.204880179042583599e+00 3.598930358886718750e+02
6.208314931425115368e+00 3.580987548828125000e+02
6.211749683807646250e+00 3.568451538085937500e+02
6.215184436190178019e+00 3.585699157714843750e+02
6.218619188572708900e+00 3.621319274902343750e+02
6.222053940955239781e+00 3.648198852539062500e+02
6.225488693337770663e+00 3.667241210937500000e+02
6.228923445720301544e+00 3.628327941894531250e+02
6.232358198102833313e+00 3.591954345703125000e+02
6.235792950485364194e+00 3.585720214843750000e+02
6.239227702867895964e+00 3.635348815917968750e+02
6.242662455250426845e+00 3.696612243652343750e+02
6.246097207632957726e+00 3.692921142578125000e+02
6.249531960015488607e+00 3.739934387207031250e+02
6.252966712398020377e+00 3.727166442871093750e+02
6.256401464780551258e+00 3.774088134765625000e+02
6.259836217163083028e+00 3.749692993164062500e+02
6.263270969545613909e+00 3.766366882324218750e+02
6.266705721928145678e+00 3.773394775390625000e+02
6.270140474310675671e+00 3.831615295410156250e+02
6.273575226693207441e+00 3.907320556640625000e+02
6.277009979075738322e+00 3.981214294433593750e+02
6.280444731458270091e+00 4.024326782226562500e+02
6.283879483840800972e+00 4.074520263671875000e+02
6.287314236223332742e+00 4.090437622070312500e+02
6.290748988605863623e+00 4.185239868164062500e+02
6.294183740988394504e+00 4.265600891113281250e+02
6.297618493370925385e+00 4.357351989746093750e+02
6.301053245753457155e+00 4.832554321289062500e+02
6.304487998135988036e+00 5.613616943359375000e+02
6.307922750518518917e+00 6.384838256835937500e+02
6.311357502901050687e+00 7.762304687500000000e+02
6.314792255283581568e+00 7.802095336914062500e+02
6.318227007666113337e+00 7.612771606445312500e+02
6.321661760048643330e+00 6.667332763671875000e+02
6.325096512431175100e+00 5.733692016601562500e+02
6.328531264813705981e+00 5.178112182617187500e+02
6.331966017196237750e+00 4.606657714843750000e+02
6.335400769578768632e+00 4.312830810546875000e+02
6.338835521961300401e+00 4.177706298828125000e+02
6.342270274343831282e+00 4.052362976074218750e+02
6.345705026726362163e+00 3.964320373535156250e+02
6.349139779108893045e+00 3.893929443359375000e+02
6.352574531491424814e+00 3.827224731445312500e+02
6.356009283873955695e+00 3.792595520019531250e+02
6.359444036256487465e+00 3.770996398925781250e+02
6.362878788639018346e+00 3.749206542968750000e+02
6.366313541021550115e+00 3.705905456542968750e+02
6.369748293404080997e+00 3.697348937988281250e+02
6.373183045786611878e+00 3.688518371582031250e+02
6.376617798169142759e+00 3.710521850585937500e+02
6.380052550551673640e+00 3.713305664062500000e+02
6.383487302934205410e+00 3.668612670898437500e+02
6.386922055316736291e+00 3.642495422363281250e+02
6.390356807699268060e+00 3.651192016601562500e+02
6.393791560081798941e+00 3.659456481933593750e+02
6.397226312464329823e+00 3.663238220214843750e+02
6.400661064846860704e+00 3.674146423339843750e+02
6.404095817229392473e+00 3.685574951171875000e+02
6.407530569611923355e+00 3.673077392578125000e+02
6.410965321994455124e+00 3.664919738769531250e+02
6.414400074376986005e+00 3.693273620605468750e+02
6.417834826759517775e+00 3.719418029785156250e+02
6.421269579142047768e+00 3.743626098632812500e+02
6.424704331524579537e+00 3.750265197753906250e+02
6.428139083907110418e+00 3.795319213867187500e+02
6.431573836289642188e+00 3.824869079589843750e+02
6.435008588672173069e+00 3.841041870117187500e+02
6.438443341054704838e+00 3.797893981933593750e+02
6.441878093437235719e+00 3.780304565429687500e+02
6.445312845819766601e+00 3.754060668945312500e+02
6.448747598202297482e+00 3.788338928222656250e+02
6.452182350584829251e+00 3.795485229492187500e+02
6.455617102967360132e+00 3.804384460449218750e+02
6.459051855349891014e+00 3.760927429199218750e+02
6.462486607732422783e+00 3.742665405273437500e+02
6.465921360114953664e+00 3.729547729492187500e+02
6.469356112497485434e+00 3.719396972656250000e+02
6.472790864880015427e+00 3.676368103027343750e+02
6.476225617262547196e+00 3.607906799316406250e+02
6.479660369645078077e+00 3.569033508300781250e+02
6.483095122027609847e+00 3.557396545410156250e+02
6.486529874410140728e+00 3.554485778808593750e+02
6.489964626792672497e+00 3.553752136230468750e+02
6.493399379175203379e+00 3.535421142578125000e+02
6.496834131557734260e+00 3.531233520507812500e+02
6.500268883940265141e+00 3.545640563964843750e+02
6.503703636322796910e+00 3.562680358886718750e+02
6.507138388705327792e+00 3.588500976562500000e+02
6.510573141087859561e+00 3.540157470703125000e+02
6.514007893470390442e+00 3.552609863281250000e+02
6.517442645852922212e+00 3.589381103515625000e+02
6.520877398235453093e+00 3.642697753906250000e+02
6.524312150617983974e+00 3.663087158203125000e+02
6.527746903000514855e+00 3.640529174804687500e+02
6.531181655383045737e+00 3.627366943359375000e+02
6.534616407765577506e+00 3.597850341796875000e+02
6.538051160148108387e+00 3.592462768554687500e+02
6.541485912530640157e+00 3.586671752929687500e+02
6.544920664913171038e+00 3.572000122070312500e+02
6.548355417295701919e+00 3.539488220214843750e+02
6.551790169678232800e+00 3.553292541503906250e+02
6.555224922060764570e+00 3.548202819824218750e+02
6.558659674443295451e+00 3.594876403808593750e+02
6.562094426825827220e+00 3.574627685546875000e+02
6.565529179208358102e+00 3.571185913085937500e+02
6.568963931590889871e+00 3.551143798828125000e+02
6.572398683973419864e+00 3.532465515136718750e+02
6.575833436355951633e+00 3.519219665527343750e+02
6.579268188738482515e+00 3.513627014160156250e+02
6.582702941121014284e+00 3.522215881347656250e+02
6.586137693503545165e+00 3.511931762695312500e+02
6.589572445886076935e+00 3.514479370117187500e+02
6.593007198268607816e+00 3.594202575683593750e+02
6.596441950651138697e+00 3.684176940917968750e+02
6.599876703033669578e+00 3.718418884277343750e+02
6.603311455416201348e+00 3.689419555664062500e+02
6.606746207798732229e+00 3.609839782714843750e+02
6.610180960181263110e+00 3.574735107421875000e+02
6.613615712563794879e+00 3.555055541992187500e+02
6.617050464946325761e+00 3.552749328613281250e+02
6.620485217328857530e+00 3.525159912109375000e+02
6.623919969711387523e+00 3.554043884277343750e+02
6.627354722093919293e+00 3.601260375976562500e+02
6.630789474476450174e+00 3.615375366210937500e+02
6.634224226858981943e+00 3.539542236328125000e+02
6.637658979241512824e+00 3.520706787109375000e+02
6.641093731624044594e+00 3.478249206542968750e+02
6.644528484006575475e+00 3.498820800781250000e+02
6.647963236389106356e+00 3.467211914062500000e+02
6.651397988771637237e+00 3.467907409667968750e+02
6.654832741154169007e+00 3.469521789550781250e+02
6.658267493536699888e+00 3.484596557617187500e+02
6.661702245919231657e+00 3.478295593261718750e+02
6.665136998301762539e+00 3.491096496582031250e+02
6.668571750684294308e+00 3.490933227539062500e+02
6.672006503066824301e+00 3.549782104492187500e+02
6.675441255449356071e+00 3.540283508300781250e+02
6.678876007831886952e+00 3.560682373046875000e+02
6.682310760214417833e+00 3.612050781250000000e+02
6.685745512596949602e+00 3.661542053222656250e+02
6.689180264979480484e+00 3.711420898437500000e+02
6.692615017362012253e+00 3.706708679199218750e+02
6.696049769744543134e+00 3.711315612792968750e+02
6.699484522127074015e+00 3.692477722167968750e+02
6.702919274509604897e+00 3.680573730468750000e+02
6.706354026892136666e+00 3.642669067382812500e+02
6.709788779274667547e+00 3.592766113281250000e+02
6.713223531657199317e+00 3.537846984863281250e+02
6.716658284039730198e+00 3.539341430664062500e+02
6.720093036422261967e+00 3.556434936523437500e+02
6.723527788804791960e+00 3.544476623535156250e+02
6.726962541187323730e+00 3.485602111816406250e+02
6.730397293569854611e+00 3.430990905761718750e+02
6.733832045952386380e+00 3.435668640136718750e+02
6.737266798334917262e+00 3.450291137695312500e+02
6.740701550717449031e+00 3.451307678222656250e+02
6.744136303099979912e+00 3.461410827636718750e+02
6.747571055482510793e+00 3.506316223144531250e+02
6.751005807865041675e+00 3.563156433105468750e+02
6.754440560247573444e+00 3.548212280273437500e+02
6.757875312630104325e+00 3.553204040527343750e+02
6.761310065012635206e+00 3.543315124511718750e+02
6.764744817395166976e+00 3.543122863769531250e+02
6.768179569777697857e+00 3.542188415527343750e+02
6.771614322160229626e+00 3.539745788574218750e+02
6.775049074542759620e+00 3.528286437988281250e+02
6.778483826925291389e+00 3.480278930664062500e+02
6.781918579307822270e+00 3.457174682617187500e+02
6.785353331690354040e+00 3.502331542968750000e+02
6.788788084072884921e+00 3.553276062011718750e+02
6.792222836455416690e+00 3.548909301757812500e+02
6.795657588837947571e+00 3.549358825683593750e+02
6.799092341220478453e+00 3.539373779296875000e+02
6.802527093603009334e+00 3.568268737792968750e+02
6.805961845985541103e+00 3.570249328613281250e+02
6.809396598368071984e+00 3.600011901855468750e+02
6.812831350750603754e+00 3.634497070312500000e+02
6.816266103133134635e+00 3.631518249511718750e+02
6.819700855515666404e+00 3.615676269531250000e+02
6.823135607898196398e+00 3.562718811035156250e+02
6.826570360280728167e+00 3.545279846191406250e+02
6.830005112663259048e+00 3.517071838378906250e+02
6.833439865045790818e+00 3.506407165527343750e+02
6.836874617428321699e+00 3.429770202636718750e+02
6.840309369810852580e+00 3.412532348632812500e+02
6.843744122193384349e+00 3.390111389160156250e+02
6.847178874575915231e+00 3.452643737792968750e+02
6.850613626958446112e+00 3.512735900878906250e+02
6.854048379340976993e+00 3.578818054199218750e+02
6.857483131723508762e+00 3.619389953613281250e+02
6.860917884106039644e+00 3.616776733398437500e+02
6.864352636488571413e+00 3.599141235351562500e+02
6.867787388871102294e+00 3.572105407714843750e+02
6.871222141253634064e+00 3.523775939941406250e+02
6.874656893636164057e+00 3.482010498046875000e+02
6.878091646018695826e+00 3.459338073730468750e+02
6.881526398401226707e+00 3.486321105957031250e+02
6.884961150783758477e+00 3.499450683593750000e+02
6.888395903166289358e+00 3.483880920410156250e+02
6.891830655548821127e+00 3.448660888671875000e+02
6.895265407931352009e+00 3.408152465820312500e+02
6.898700160313882890e+00 3.404587402343750000e+02
6.902134912696413771e+00 3.432184143066406250e+02
6.905569665078945540e+00 3.452860107421875000e+02
6.909004417461476422e+00 3.447540893554687500e+02
6.912439169844007303e+00 3.396976013183593750e+02
6.915873922226539072e+00 3.399434814453125000e+02
6.919308674609069953e+00 3.389604797363281250e+02
6.922743426991601723e+00 3.403059692382812500e+02
6.926178179374131716e+00 3.404145507812500000e+02
6.929612931756663485e+00 3.399343261718750000e+02
6.933047684139194367e+00 3.403350219726562500e+02
6.936482436521726136e+00 3.416175231933593750e+02
6.939917188904257017e+00 3.457401733398437500e+02
6.943351941286788787e+00 3.502443542480468750e+02
6.946786693669319668e+00 3.539776000976562500e+02
6.950221446051850549e+00 3.531265563964843750e+02
6.953656198434381430e+00 3.541761779785156250e+02
6.957090950816913200e+00 3.516302795410156250e+02
6.960525703199444081e+00 3.544316101074218750e+02
6.963960455581975850e+00 3.561128234863281250e+02
6.967395207964506731e+00 3.535148620605468750e+02
6.970829960347038501e+00 3.499927978515625000e+02
6.974264712729568494e+00 3.469796142578125000e+02
6.977699465112100263e+00 3.519399414062500000e+02
6.981134217494631145e+00 3.566127014160156250e+02
6.984568969877162914e+00 3.587532348632812500e+02
6.988003722259693795e+00 3.582139892578125000e+02
6.991438474642224676e+00 3.539484558105468750e+02
6.994873227024756446e+00 3.487344970703125000e+02
6.998307979407287327e+00 3.458440246582031250e+02
7.001742731789818208e+00 3.454007263183593750e+02
7.005177484172349089e+00 3.475811462402343750e+02
7.008612236554880859e+00 3.493008728027343750e+02
7.012046988937411740e+00 3.485092773437500000e+02
7.015481741319943509e+00 3.490839843750000000e+02
7.018916493702474391e+00 3.466498107910156250e+02
7.022351246085006160e+00 3.478119201660156250e+02
7.025785998467536153e+00 3.444910888671875000e+02
7.029220750850067922e+00 3.431262207031250000e+02
7.032655503232598804e+00 3.402455444335937500e+02
7.036090255615130573e+00 3.398147583007812500e+02
7.039525007997661454e+00 3.405021057128906250e+02
7.042959760380193224e+00 3.450748596191406250e+02
7.046394512762724105e+00 3.490950317382812500e+02
7.049829265145254986e+00 3.480051879882812500e+02
7.053264017527785867e+00 3.453834533691406250e+02
7.056698769910317637e+00 3.425797729492187500e+02
7.060133522292848518e+00 3.468471679687500000e+02
7.063568274675379399e+00 3.476384582519531250e+02
7.067003027057911169e+00 3.508502807617187500e+02
7.070437779440442050e+00 3.476594543457031250e+02
7.073872531822972931e+00 3.482797546386718750e+02
7.077307284205503812e+00 3.486682739257812500e+02
7.080742036588035582e+00 3.550404357910156250e+02
7.084176788970566463e+00 3.579288635253906250e+02
7.087611541353098232e+00 3.629069519042968750e+02
7.091046293735629114e+00 3.631026916503906250e+02
7.094481046118160883e+00 3.643379821777343750e+02
7.097915798500691764e+00 3.591787719726562500e+02
7.101350550883222645e+00 3.609487609863281250e+02
7.104785303265753527e+00 3.642652587890625000e+02
7.108220055648285296e+00 3.659234008789062500e+02
7.111654808030816177e+00 3.606603698730468750e+02
7.115089560413347947e+00 3.548794250488281250e+02
7.118524312795878828e+00 3.516730651855468750e+02
7.121959065178410597e+00 3.449536132812500000e+02
7.125393817560940590e+00 3.419574584960937500e+02
7.128828569943472360e+00 3.394314575195312500e+02
7.132263322326003241e+00 3.413004150390625000e+02
7.135698074708535010e+00 3.447231445312500000e+02
7.139132827091065892e+00 3.416830444335937500e+02
7.142567579473596773e+00 3.356279602050781250e+02
7.146002331856128542e+00 3.284189758300781250e+02
7.149437084238658535e+00 3.273601684570312500e+02
7.152871836621190305e+00 3.270670166015625000e+02
7.156306589003721186e+00 3.264249877929687500e+02
7.159741341386252955e+00 3.291524353027343750e+02
7.163176093768782948e+00 3.318346252441406250e+02
7.166610846151314718e+00 3.345437622070312500e+02
7.170045598533845599e+00 3.379889526367187500e+02
7.173480350916377368e+00 3.427649230957031250e+02
7.176915103298908249e+00 3.465372314453125000e+02
7.180349855681440019e+00 3.434285278320312500e+02
7.183784608063970900e+00 3.412156982421875000e+02
7.187219360446502670e+00 3.368664245605468750e+02
7.190654112829033551e+00 3.378558044433593750e+02
7.194088865211565320e+00 3.344932556152343750e+02
7.197523617594096201e+00 3.360493164062500000e+02
7.200958369976627971e+00 3.317754211425781250e+02
7.204393122359158852e+00 3.286255798339843750e+02
7.207827874741689733e+00 3.217794799804687500e+02
7.211262627124221503e+00 3.202292480468750000e+02
7.214697379506751496e+00 3.190561523437500000e+02
7.218132131889282377e+00 3.225285644531250000e+02
7.221566884271814146e+00 3.287790527343750000e+02
7.225001636654345027e+00 3.340523376464843750e+02
7.228436389036875909e+00 3.331368408203125000e+02
7.231871141419407678e+00 3.301464233398437500e+02
7.235305893801938559e+00 3.278305358886718750e+02
7.238740646184470329e+00 3.255434570312500000e+02
7.242175398567001210e+00 3.212879943847656250e+02
7.245610150949532979e+00 3.235036010742187500e+02
7.249044903332063861e+00 3.278684692382812500e+02
7.252479655714595630e+00 3.327086791992187500e+02
7.255914408097126511e+00 3.307305603027343750e+02
7.259349160479658281e+00 3.312145996093750000e+02
7.262783912862187385e+00 3.296111145019531250e+02
7.266218665244719155e+00 3.298391418457031250e+02
7.269653417627250036e+00 3.241256713867187500e+02
7.273088170009781805e+00 3.245823669433593750e+02
7.276522922392312687e+00 3.238860473632812500e+02
7.279957674774844456e+00 3.255713195800781250e+02
7.283392427157375337e+00 3.248868408203125000e+02
7.286827179539907107e+00 3.260126953125000000e+02
7.290261931922437988e+00 3.261243591308593750e+02
7.293696684304968869e+00 3.268644104003906250e+02
7.297131436687500639e+00 3.249026489257812500e+02
7.300566189070031520e+00 3.256059570312500000e+02
7.304000941452563289e+00 3.303116760253906250e+02
7.307435693835094170e+00 3.389309387207031250e+02
7.310870446217625940e+00 3.418191223144531250e+02
7.314305198600155045e+00 3.354221801757812500e+02
7.317739950982686814e+00 3.283510742187500000e+02
7.321174703365217695e+00 3.264052124023437500e+02
7.324609455747749465e+00 3.301459960937500000e+02
7.328044208130280346e+00 3.294828796386718750e+02
7.331478960512812115e+00 3.292405395507812500e+02
7.334913712895342996e+00 3.292731628417968750e+02
7.338348465277874766e+00 3.279058837890625000e+02
7.341783217660405647e+00 3.277037353515625000e+02
7.345217970042937417e+00 3.229283447265625000e+02
7.348652722425468298e+00 3.242217407226562500e+02
7.352087474808000067e+00 3.261596069335937500e+02
7.355522227190530948e+00 3.296571044921875000e+02
7.358956979573061830e+00 3.312008972167968750e+02
7.362391731955593599e+00 3.323327941894531250e+02
7.365826484338123592e+00 3.346699829101562500e+02
7.369261236720654473e+00 3.372594299316406250e+02
7.372695989103186243e+00 3.370487976074218750e+02
7.376130741485717124e+00 3.389786682128906250e+02
7.379565493868248005e+00 3.387753906250000000e+02
7.383000246250779774e+00 3.418866577148437500e+02
7.386434998633310656e+00 3.454270629882812500e+02
7.389869751015842425e+00 3.487916259765625000e+02
7.393304503398373306e+00 3.453552246093750000e+02
7.396739255780905076e+00 3.415074768066406250e+02
7.400174008163435957e+00 3.342438049316406250e+02
7.403608760545967726e+00 3.338080139160156250e+02
7.407043512928498608e+00 3.323163452148437500e+02
7.410478265311030377e+00 3.347310485839843750e+02
7.413913017693559482e+00 3.369205932617187500e+02
7.417347770076091251e+00 3.350809936523437500e+02
7.420782522458622132e+00 3.379458312988281250e+02
7.424217274841153902e+00 3.370633239746093750e+02
7.427652027223684783e+00 3.408580932617187500e+02
7.431086779606216552e+00 3.383515319824218750e+02
7.434521531988747434e+00 3.389223632812500000e+02
7.437956284371279203e+00 3.442846374511718750e+02
