# # sector 16: chi = -15.01 deg (range [-20, -10))
# # columns: 2theta(deg)  intensity
1.052751605245807909e+00 1.203072143554687500e+03
1.056186357628339012e+00 1.188575927734375000e+03
1.059621110010870337e+00 1.177762084960937500e+03
1.063055862393401441e+00 1.177360595703125000e+03
1.066490614775932544e+00 1.163994506835937500e+03
1.069925367158463869e+00 1.168878906250000000e+03
1.073360119540994972e+00 1.181763671875000000e+03
1.076794871923526298e+00 1.191621582031250000e+03
1.080229624306057401e+00 1.189865722656250000e+03
1.083664376688588726e+00 1.208751342773437500e+03
1.087099129071119830e+00 1.231555053710937500e+03
1.090533881453650933e+00 1.239434448242187500e+03
1.093968633836182036e+00 1.235178710937500000e+03
1.097403386218713361e+00 1.223297851562500000e+03
1.100838138601244465e+00 1.205002563476562500e+03
1.104272890983775568e+00 1.203339843750000000e+03
1.107707643366306893e+00 1.206869506835937500e+03
1.111142395748837997e+00 1.210288330078125000e+03
1.114577148131369322e+00 1.208999389648437500e+03
1.118011900513900425e+00 1.226778320312500000e+03
1.121446652896431750e+00 1.226085815429687500e+03
1.124881405278962854e+00 1.232491333007812500e+03
1.128316157661493957e+00 1.231303222656250000e+03
1.131750910044025060e+00 1.244136108398437500e+03
1.135185662426556386e+00 1.240943603515625000e+03
1.138620414809087489e+00 1.249957519531250000e+03
1.142055167191618592e+00 1.242625122070312500e+03
1.145489919574149917e+00 1.245360839843750000e+03
1.148924671956681021e+00 1.244890380859375000e+03
1.152359424339212346e+00 1.253999145507812500e+03
1.155794176721743449e+00 1.243397705078125000e+03
1.159228929104274775e+00 1.229117309570312500e+03
1.162663681486805878e+00 1.226376953125000000e+03
1.166098433869336981e+00 1.233015991210937500e+03
1.169533186251868084e+00 1.249146972656250000e+03
1.172967938634399410e+00 1.251779296875000000e+03
1.176402691016930513e+00 1.252217773437500000e+03
1.179837443399461616e+00 1.261162109375000000e+03
1.183272195781992941e+00 1.277453369140625000e+03
1.186706948164524045e+00 1.292095947265625000e+03
1.190141700547055370e+00 1.283530883789062500e+03
1.193576452929586473e+00 1.255482788085937500e+03
1.197011205312117799e+00 1.238102539062500000e+03
1.200445957694648902e+00 1.253041381835937500e+03
1.203880710077180005e+00 1.270437255859375000e+03
1.207315462459711108e+00 1.291555541992187500e+03
1.210750214842242434e+00 1.293106811523437500e+03
1.214184967224773537e+00 1.273768920898437500e+03
1.217619719607304640e+00 1.272847534179687500e+03
1.221054471989835966e+00 1.286196289062500000e+03
1.224489224372367069e+00 1.305438598632812500e+03
1.227923976754898394e+00 1.303527099609375000e+03
1.231358729137429497e+00 1.299726806640625000e+03
1.234793481519960823e+00 1.287754394531250000e+03
1.238228233902491926e+00 1.265997680664062500e+03
1.241662986285023029e+00 1.256855346679687500e+03
1.245097738667554133e+00 1.266858764648437500e+03
1.248532491050085236e+00 1.287571289062500000e+03
1.251967243432616561e+00 1.299623535156250000e+03
1.255401995815147664e+00 1.309395263671875000e+03
1.258836748197678990e+00 1.310891601562500000e+03
1.262271500580210093e+00 1.317723144531250000e+03
1.265706252962741418e+00 1.327872680664062500e+03
1.269141005345272522e+00 1.333561157226562500e+03
1.272575757727803847e+00 1.345773193359375000e+03
1.276010510110334950e+00 1.345366088867187500e+03
1.279445262492866053e+00 1.336906982421875000e+03
1.282880014875397157e+00 1.324130615234375000e+03
1.286314767257928260e+00 1.334555664062500000e+03
1.289749519640459585e+00 1.346622680664062500e+03
1.293184272022990688e+00 1.344279541015625000e+03
1.296619024405522014e+00 1.337776611328125000e+03
1.300053776788053117e+00 1.334823852539062500e+03
1.303488529170584442e+00 1.346000610351562500e+03
1.306923281553115546e+00 1.343466918945312500e+03
1.310358033935646871e+00 1.349382934570312500e+03
1.313792786318177974e+00 1.345098266601562500e+03
1.317227538700709077e+00 1.353918579101562500e+03
1.320662291083240181e+00 1.348622070312500000e+03
1.324097043465771284e+00 1.356484985351562500e+03
1.327531795848302609e+00 1.373888305664062500e+03
1.330966548230833713e+00 1.405099365234375000e+03
1.334401300613365038e+00 1.413047851562500000e+03
1.337836052995896141e+00 1.433476562500000000e+03
1.341270805378427466e+00 1.461368774414062500e+03
1.344705557760958570e+00 1.492040649414062500e+03
1.348140310143489895e+00 1.516276733398437500e+03
1.351575062526020998e+00 1.514808715820312500e+03
1.355009814908552102e+00 1.499875854492187500e+03
1.358444567291083205e+00 1.484351562500000000e+03
1.361879319673614308e+00 1.467265380859375000e+03
1.365314072056145633e+00 1.431076416015625000e+03
1.368748824438676737e+00 1.403673950195312500e+03
1.372183576821208062e+00 1.391056640625000000e+03
1.375618329203739165e+00 1.389135375976562500e+03
1.379053081586270491e+00 1.394967773437500000e+03
1.382487833968801594e+00 1.394149780273437500e+03
1.385922586351332919e+00 1.390090698242187500e+03
1.389357338733864022e+00 1.391204223632812500e+03
1.392792091116395126e+00 1.401688720703125000e+03
1.396226843498926229e+00 1.417392700195312500e+03
1.399661595881457332e+00 1.425383178710937500e+03
1.403096348263988657e+00 1.414927734375000000e+03
1.406531100646519761e+00 1.416374389648437500e+03
1.409965853029051086e+00 1.425935180664062500e+03
1.413400605411582189e+00 1.447151367187500000e+03
1.416835357794113515e+00 1.446536132812500000e+03
1.420270110176644618e+00 1.440542480468750000e+03
1.423704862559175943e+00 1.441648071289062500e+03
1.427139614941707046e+00 1.445293945312500000e+03
1.430574367324238150e+00 1.436479125976562500e+03
1.434009119706769253e+00 1.440945922851562500e+03
1.437443872089300356e+00 1.443807128906250000e+03
1.440878624471831682e+00 1.450837646484375000e+03
1.444313376854362785e+00 1.461903442382812500e+03
1.447748129236894110e+00 1.457654907226562500e+03
1.451182881619425213e+00 1.453629394531250000e+03
1.454617634001956539e+00 1.449263061523437500e+03
1.458052386384487642e+00 1.451562255859375000e+03
1.461487138767018967e+00 1.457297485351562500e+03
1.464921891149550071e+00 1.454175903320312500e+03
1.468356643532081174e+00 1.448494384765625000e+03
1.471791395914612277e+00 1.443689453125000000e+03
1.475226148297143380e+00 1.439239379882812500e+03
1.478660900679674706e+00 1.442294433593750000e+03
1.482095653062205809e+00 1.462163208007812500e+03
1.485530405444737134e+00 1.484107055664062500e+03
1.488965157827268238e+00 1.489021118164062500e+03
1.492399910209799563e+00 1.479899658203125000e+03
1.495834662592330666e+00 1.476970581054687500e+03
1.499269414974861991e+00 1.471442504882812500e+03
1.502704167357393095e+00 1.470103881835937500e+03
1.506138919739924198e+00 1.470743408203125000e+03
1.509573672122455301e+00 1.463654418945312500e+03
1.513008424504986404e+00 1.465315673828125000e+03
1.516443176887517730e+00 1.462344604492187500e+03
1.519877929270048833e+00 1.470545166015625000e+03
1.523312681652580158e+00 1.472413085937500000e+03
1.526747434035111262e+00 1.472813842773437500e+03
1.530182186417642587e+00 1.468657348632812500e+03
1.533616938800173690e+00 1.478367187500000000e+03
1.537051691182705015e+00 1.477686523437500000e+03
1.540486443565236119e+00 1.469443725585937500e+03
1.543921195947767222e+00 1.469132934570312500e+03
1.547355948330298325e+00 1.478958007812500000e+03
1.550790700712829429e+00 1.488279418945312500e+03
1.554225453095360754e+00 1.495219360351562500e+03
1.557660205477891857e+00 1.501045654296875000e+03
1.561094957860423182e+00 1.503612426757812500e+03
1.564529710242954286e+00 1.521127929687500000e+03
1.567964462625485611e+00 1.547310913085937500e+03
1.571399215008016714e+00 1.550843139648437500e+03
1.574833967390548040e+00 1.509411499023437500e+03
1.578268719773079143e+00 1.503211547851562500e+03
1.581703472155610246e+00 1.506442504882812500e+03
1.585138224538141349e+00 1.502307250976562500e+03
1.588572976920672453e+00 1.493766845703125000e+03
1.592007729303203778e+00 1.503071411132812500e+03
1.595442481685734881e+00 1.521287353515625000e+03
1.598877234068266207e+00 1.527350830078125000e+03
1.602311986450797310e+00 1.529711181640625000e+03
1.605746738833328635e+00 1.530059936523437500e+03
1.609181491215859738e+00 1.539619018554687500e+03
1.612616243598391064e+00 1.567433715820312500e+03
1.616050995980922167e+00 1.618323242187500000e+03
1.619485748363453270e+00 1.678313720703125000e+03
1.622920500745984373e+00 1.724898559570312500e+03
1.626355253128515477e+00 1.763512573242187500e+03
1.629790005511046802e+00 1.764356811523437500e+03
1.633224757893577905e+00 1.747934692382812500e+03
1.636659510276109231e+00 1.711902709960937500e+03
1.640094262658640334e+00 1.661704467773437500e+03
1.643529015041171659e+00 1.598985595703125000e+03
1.646963767423702762e+00 1.542197265625000000e+03
1.650398519806234088e+00 1.514480834960937500e+03
1.653833272188765191e+00 1.497614990234375000e+03
1.657268024571296294e+00 1.500027832031250000e+03
1.660702776953827398e+00 1.510451538085937500e+03
1.664137529336358501e+00 1.520982177734375000e+03
1.667572281718889826e+00 1.520221191406250000e+03
1.671007034101420929e+00 1.525329956054687500e+03
1.674441786483952255e+00 1.530528442382812500e+03
1.677876538866483358e+00 1.535330200195312500e+03
1.681311291249014683e+00 1.544421875000000000e+03
1.684746043631545787e+00 1.532073974609375000e+03
1.688180796014076890e+00 1.516171752929687500e+03
1.691615548396608215e+00 1.506887939453125000e+03
1.695050300779139318e+00 1.511882324218750000e+03
1.698485053161670422e+00 1.516716308593750000e+03
1.701919805544201525e+00 1.510404663085937500e+03
1.705354557926732850e+00 1.517022216796875000e+03
1.708789310309263954e+00 1.527390747070312500e+03
1.712224062691795279e+00 1.520184692382812500e+03
1.715658815074326382e+00 1.505994018554687500e+03
1.719093567456857707e+00 1.493100097656250000e+03
1.722528319839388811e+00 1.482008300781250000e+03
1.725963072221919914e+00 1.472700317382812500e+03
1.729397824604451239e+00 1.474399536132812500e+03
1.732832576986982343e+00 1.495496704101562500e+03
1.736267329369513446e+00 1.503531982421875000e+03
1.739702081752044549e+00 1.499006225585937500e+03
1.743136834134575874e+00 1.501504150390625000e+03
1.746571586517106978e+00 1.508080078125000000e+03
1.750006338899638303e+00 1.494827880859375000e+03
1.753441091282169406e+00 1.478583129882812500e+03
1.756875843664700731e+00 1.482791625976562500e+03
1.760310596047231835e+00 1.485814086914062500e+03
1.763745348429762938e+00 1.490317993164062500e+03
1.767180100812294263e+00 1.503558593750000000e+03
1.770614853194825367e+00 1.514585693359375000e+03
1.774049605577356470e+00 1.508412597656250000e+03
1.777484357959887573e+00 1.505002441406250000e+03
1.780919110342418898e+00 1.500251953125000000e+03
1.784353862724950002e+00 1.495143188476562500e+03
1.787788615107481327e+00 1.478980590820312500e+03
1.791223367490012208e+00 1.455707275390625000e+03
1.794658119872543534e+00 1.425211547851562500e+03
1.798092872255074859e+00 1.407061157226562500e+03
1.801527624637606184e+00 1.405945068359375000e+03
1.804962377020137065e+00 1.413059448242187500e+03
1.808397129402668391e+00 1.408759765625000000e+03
1.811831881785199494e+00 1.403176391601562500e+03
1.815266634167730819e+00 1.396856567382812500e+03
1.818701386550261700e+00 1.394874145507812500e+03
1.822136138932793026e+00 1.394647094726562500e+03
1.825570891315324351e+00 1.386250366210937500e+03
1.829005643697855676e+00 1.380763549804687500e+03
1.832440396080386558e+00 1.382773559570312500e+03
1.835875148462917883e+00 1.375632812500000000e+03
1.839309900845449208e+00 1.361044433593750000e+03
1.842744653227980089e+00 1.350013671875000000e+03
1.846179405610511415e+00 1.351488281250000000e+03
1.849614157993042740e+00 1.356478393554687500e+03
1.853048910375573843e+00 1.359389526367187500e+03
1.856483662758104725e+00 1.368213500976562500e+03
1.859918415140636050e+00 1.370080444335937500e+03
1.863353167523167375e+00 1.368717407226562500e+03
1.866787919905698701e+00 1.348486572265625000e+03
1.870222672288229582e+00 1.341305908203125000e+03
1.873657424670760907e+00 1.329578735351562500e+03
1.877092177053292232e+00 1.336595947265625000e+03
1.880526929435823114e+00 1.337861206054687500e+03
1.883961681818354439e+00 1.335601440429687500e+03
1.887396434200885764e+00 1.324608276367187500e+03
1.890831186583416867e+00 1.304452514648437500e+03
1.894265938965947749e+00 1.278975952148437500e+03
1.897700691348479074e+00 1.262723144531250000e+03
1.901135443731010399e+00 1.264085815429687500e+03
1.904570196113541725e+00 1.264270141601562500e+03
1.908004948496072606e+00 1.260922851562500000e+03
1.911439700878603931e+00 1.263129394531250000e+03
1.914874453261135256e+00 1.258672363281250000e+03
1.918309205643666138e+00 1.242045410156250000e+03
1.921743958026197463e+00 1.232906494140625000e+03
1.925178710408728788e+00 1.232428100585937500e+03
1.928613462791259892e+00 1.232313598632812500e+03
1.932048215173790773e+00 1.216479492187500000e+03
1.935482967556322098e+00 1.205372802734375000e+03
1.938917719938853423e+00 1.200980834960937500e+03
1.942352472321384749e+00 1.202664184570312500e+03
1.945787224703915630e+00 1.202872192382812500e+03
1.949221977086446955e+00 1.197419067382812500e+03
1.952656729468978281e+00 1.182102294921875000e+03
1.956091481851509162e+00 1.181709838867187500e+03
1.959526234234040487e+00 1.182751831054687500e+03
1.962960986616571812e+00 1.196829101562500000e+03
1.966395738999102916e+00 1.198216918945312500e+03
1.969830491381633797e+00 1.193184570312500000e+03
1.973265243764165122e+00 1.171911254882812500e+03
1.976699996146696447e+00 1.167836791992187500e+03
1.980134748529227329e+00 1.196376708984375000e+03
1.983569500911758654e+00 1.238913085937500000e+03
1.987004253294289979e+00 1.289426391601562500e+03
1.990439005676821305e+00 1.353003295898437500e+03
1.993873758059352186e+00 1.425271362304687500e+03
1.997308510441883511e+00 1.481769165039062500e+03
2.000743262824414614e+00 1.503683227539062500e+03
2.004178015206945940e+00 1.483639160156250000e+03
2.007612767589476821e+00 1.433084594726562500e+03
2.011047519972008146e+00 1.357347656250000000e+03
2.014482272354539472e+00 1.286404541015625000e+03
2.017917024737070353e+00 1.219910766601562500e+03
2.021351777119601678e+00 1.179393310546875000e+03
2.024786529502133003e+00 1.152140747070312500e+03
2.028221281884664329e+00 1.131563964843750000e+03
2.031656034267195210e+00 1.118549682617187500e+03
2.035090786649726535e+00 1.120878784179687500e+03
2.038525539032257861e+00 1.122582519531250000e+03
2.041960291414789186e+00 1.113140380859375000e+03
2.045395043797320067e+00 1.100762207031250000e+03
2.048829796179851392e+00 1.097630493164062500e+03
2.052264548562382718e+00 1.091630493164062500e+03
2.055699300944913599e+00 1.093024536132812500e+03
2.059134053327444924e+00 1.089492797851562500e+03
2.062568805709975805e+00 1.076936523437500000e+03
2.066003558092507131e+00 1.059847656250000000e+03
2.069438310475038012e+00 1.051643066406250000e+03
2.072873062857569337e+00 1.055458374023437500e+03
2.076307815240100663e+00 1.055326049804687500e+03
2.079742567622631988e+00 1.045822387695312500e+03
2.083177320005162869e+00 1.036214965820312500e+03
2.086612072387694194e+00 1.040495971679687500e+03
2.090046824770225520e+00 1.039784790039062500e+03
2.093481577152756401e+00 1.036362182617187500e+03
2.096916329535287726e+00 1.026526977539062500e+03
2.100351081917819052e+00 1.028812133789062500e+03
2.103785834300350377e+00 1.040162597656250000e+03
2.107220586682881258e+00 1.036786743164062500e+03
2.110655339065412583e+00 1.027133666992187500e+03
2.114090091447943909e+00 1.019393188476562500e+03
2.117524843830475234e+00 1.026522827148437500e+03
2.120959596213006115e+00 1.024765502929687500e+03
2.124394348595537441e+00 1.014684570312500000e+03
2.127829100978068766e+00 9.982119750976562500e+02
2.131263853360599647e+00 9.917349243164062500e+02
2.134698605743130972e+00 9.970695190429687500e+02
2.138133358125661854e+00 9.969281616210937500e+02
2.141568110508193179e+00 1.005138244628906250e+03
2.145002862890724060e+00 9.959907836914062500e+02
2.148437615273255386e+00 9.806677246093750000e+02
2.151872367655786711e+00 9.758688964843750000e+02
2.155307120038318036e+00 9.901487426757812500e+02
2.158741872420848917e+00 9.912738037109375000e+02
2.162176624803380243e+00 9.822633666992187500e+02
2.165611377185911568e+00 9.672918701171875000e+02
2.169046129568442449e+00 9.653795166015625000e+02
2.172480881950973775e+00 9.688664550781250000e+02
2.175915634333505100e+00 9.759503173828125000e+02
2.179350386716036425e+00 9.684211425781250000e+02
2.182785139098567306e+00 9.546689453125000000e+02
2.186219891481098632e+00 9.479036865234375000e+02
2.189654643863629957e+00 9.446788940429687500e+02
2.193089396246161282e+00 9.523483886718750000e+02
2.196524148628692163e+00 9.531064453125000000e+02
2.199958901011223489e+00 9.446303100585937500e+02
2.203393653393754814e+00 9.375922241210937500e+02
2.206828405776285695e+00 9.386311645507812500e+02
2.210263158158817021e+00 9.426776733398437500e+02
2.213697910541347902e+00 9.405592041015625000e+02
2.217132662923879227e+00 9.447698364257812500e+02
2.220567415306410108e+00 9.360026855468750000e+02
2.224002167688941434e+00 9.270969848632812500e+02
2.227436920071472759e+00 9.214625244140625000e+02
2.230871672454004084e+00 9.251901245117187500e+02
2.234306424836534966e+00 9.298728637695312500e+02
2.237741177219066291e+00 9.226260986328125000e+02
2.241175929601597616e+00 9.056001586914062500e+02
2.244610681984128497e+00 8.945582885742187500e+02
2.248045434366659823e+00 8.981417236328125000e+02
2.251480186749191148e+00 8.956160888671875000e+02
2.254914939131722473e+00 8.956007690429687500e+02
2.258349691514253355e+00 8.966481933593750000e+02
2.261784443896784680e+00 8.993325195312500000e+02
2.265219196279316005e+00 8.971571655273437500e+02
2.268653948661847330e+00 9.017463989257812500e+02
2.272088701044378212e+00 9.026307373046875000e+02
2.275523453426909537e+00 8.980306396484375000e+02
2.278958205809440862e+00 8.917322998046875000e+02
2.282392958191971744e+00 8.849625854492187500e+02
2.285827710574503069e+00 8.783727416992187500e+02
2.289262462957033950e+00 8.785359497070312500e+02
2.292697215339565275e+00 8.877395019531250000e+02
2.296131967722096157e+00 8.996397705078125000e+02
2.299566720104627482e+00 9.112923583984375000e+02
2.303001472487158807e+00 9.350582275390625000e+02
2.306436224869690133e+00 9.845574340820312500e+02
2.309870977252221014e+00 1.053397338867187500e+03
2.313305729634752339e+00 1.122119506835937500e+03
2.316740482017283664e+00 1.189221801757812500e+03
2.320175234399814546e+00 1.208015258789062500e+03
2.323609986782345871e+00 1.194110351562500000e+03
2.327044739164877196e+00 1.140928466796875000e+03
2.330479491547408522e+00 1.070233154296875000e+03
2.333914243929939403e+00 9.923071289062500000e+02
2.337348996312470728e+00 9.312052001953125000e+02
2.340783748695002053e+00 8.974464721679687500e+02
2.344218501077533379e+00 8.797204589843750000e+02
2.347653253460064260e+00 8.674727783203125000e+02
2.351088005842595585e+00 8.618265380859375000e+02
2.354522758225126911e+00 8.529110107421875000e+02
2.357957510607657792e+00 8.539173583984375000e+02
2.361392262990189117e+00 8.534926757812500000e+02
2.364827015372720442e+00 8.610603027343750000e+02
2.368261767755251324e+00 8.546829223632812500e+02
2.371696520137782205e+00 8.488083496093750000e+02
2.375131272520313530e+00 8.461077880859375000e+02
2.378566024902844855e+00 8.504862060546875000e+02
2.382000777285376181e+00 8.468121337890625000e+02
2.385435529667907062e+00 8.442991943359375000e+02
2.388870282050438387e+00 8.358654174804687500e+02
2.392305034432969713e+00 8.309578247070312500e+02
2.395739786815500594e+00 8.279975585937500000e+02
2.399174539198031919e+00 8.307667236328125000e+02
2.402609291580563244e+00 8.247926635742187500e+02
2.406044043963094570e+00 8.266005859375000000e+02
2.409478796345625451e+00 8.309870605468750000e+02
2.412913548728156776e+00 8.317551269531250000e+02
2.416348301110688102e+00 8.319641723632812500e+02
2.419783053493219427e+00 8.330114746093750000e+02
2.423217805875750308e+00 8.248090820312500000e+02
2.426652558258281633e+00 8.147860107421875000e+02
2.430087310640812959e+00 8.190123901367187500e+02
2.433522063023343840e+00 8.225482788085937500e+02
2.436956815405875165e+00 8.116628417968750000e+02
2.440391567788406491e+00 8.034282836914062500e+02
2.443826320170937372e+00 8.053555297851562500e+02
2.447261072553468253e+00 8.103881835937500000e+02
2.450695824935999578e+00 8.136051025390625000e+02
2.454130577318530904e+00 8.034224243164062500e+02
2.457565329701061785e+00 8.052262573242187500e+02
2.461000082083593110e+00 8.008543090820312500e+02
2.464434834466124435e+00 7.934901123046875000e+02
2.467869586848655761e+00 7.892105712890625000e+02
2.471304339231186642e+00 7.937352905273437500e+02
2.474739091613717967e+00 8.015773315429687500e+02
2.478173843996249293e+00 8.048264160156250000e+02
2.481608596378780618e+00 8.024967651367187500e+02
2.485043348761311499e+00 7.929050292968750000e+02
2.488478101143842824e+00 7.894593505859375000e+02
2.491912853526374150e+00 7.970120849609375000e+02
2.495347605908905031e+00 8.170248413085937500e+02
2.498782358291436356e+00 8.382076416015625000e+02
2.502217110673967682e+00 8.668790283203125000e+02
2.505651863056499007e+00 8.925183715820312500e+02
2.509086615439029888e+00 9.052568359375000000e+02
2.512521367821561213e+00 9.133385009765625000e+02
2.515956120204092539e+00 8.987512207031250000e+02
2.519390872586623420e+00 8.727767944335937500e+02
2.522825624969154301e+00 8.393379516601562500e+02
2.526260377351685626e+00 8.174485473632812500e+02
2.529695129734216952e+00 8.006558837890625000e+02
2.533129882116747833e+00 7.892214965820312500e+02
2.536564634499279158e+00 7.759472656250000000e+02
2.539999386881810484e+00 7.741861572265625000e+02
2.543434139264341809e+00 7.723038940429687500e+02
2.546868891646872690e+00 7.700679321289062500e+02
2.550303644029404015e+00 7.600916137695312500e+02
2.553738396411935341e+00 7.587395629882812500e+02
2.557173148794466666e+00 7.632589721679687500e+02
2.560607901176997547e+00 7.593421020507812500e+02
2.564042653559528873e+00 7.519233398437500000e+02
2.567477405942060198e+00 7.488106079101562500e+02
2.570912158324591079e+00 7.532807617187500000e+02
2.574346910707122404e+00 7.501859741210937500e+02
2.577781663089653730e+00 7.475133056640625000e+02
2.581216415472185055e+00 7.505593872070312500e+02
2.584651167854715936e+00 7.473039550781250000e+02
2.588085920237247262e+00 7.485914916992187500e+02
2.591520672619778587e+00 7.492631225585937500e+02
2.594955425002309468e+00 7.492149658203125000e+02
2.598390177384840349e+00 7.433346557617187500e+02
2.601824929767371675e+00 7.470433959960937500e+02
2.605259682149903000e+00 7.485432739257812500e+02
2.608694434532433881e+00 7.430975341796875000e+02
2.612129186914965207e+00 7.436789550781250000e+02
2.615563939297496532e+00 7.487473144531250000e+02
2.618998691680027857e+00 7.559183959960937500e+02
2.622433444062558738e+00 7.529951171875000000e+02
2.625868196445090064e+00 7.496466674804687500e+02
2.629302948827621389e+00 7.466605224609375000e+02
2.632737701210152714e+00 7.400794677734375000e+02
2.636172453592683596e+00 7.418375244140625000e+02
2.639607205975214921e+00 7.431112060546875000e+02
2.643041958357746246e+00 7.399560546875000000e+02
2.646476710740277127e+00 7.387034301757812500e+02
2.649911463122808453e+00 7.359525146484375000e+02
2.653346215505339778e+00 7.324008789062500000e+02
2.656780967887871103e+00 7.256892089843750000e+02
2.660215720270401984e+00 7.301056518554687500e+02
2.663650472652933310e+00 7.275891723632812500e+02
2.667085225035464635e+00 7.204939575195312500e+02
2.670519977417995516e+00 7.119916381835937500e+02
2.673954729800526398e+00 7.099992675781250000e+02
2.677389482183057723e+00 7.179664916992187500e+02
2.680824234565589048e+00 7.311050415039062500e+02
2.684258986948119929e+00 7.392236938476562500e+02
2.687693739330651255e+00 7.357995605468750000e+02
2.691128491713182580e+00 7.369606323242187500e+02
2.694563244095713905e+00 7.433603515625000000e+02
2.697997996478244787e+00 7.545731811523437500e+02
2.701432748860776112e+00 7.545897216796875000e+02
2.704867501243307437e+00 7.405486450195312500e+02
2.708302253625838762e+00 7.312944946289062500e+02
2.711737006008369644e+00 7.308248291015625000e+02
2.715171758390900969e+00 7.439440917968750000e+02
2.718606510773432294e+00 7.518588256835937500e+02
2.722041263155963176e+00 7.534763793945312500e+02
2.725476015538494501e+00 7.464769287109375000e+02
2.728910767921025826e+00 7.367342529296875000e+02
2.732345520303557151e+00 7.312044677734375000e+02
2.735780272686088033e+00 7.360084838867187500e+02
2.739215025068619358e+00 7.504742431640625000e+02
2.742649777451150683e+00 7.551054687500000000e+02
2.746084529833681565e+00 7.691710815429687500e+02
2.749519282216212890e+00 8.098444213867187500e+02
2.752954034598743771e+00 8.840864257812500000e+02
2.756388786981275096e+00 9.699144287109375000e+02
2.759823539363805978e+00 1.069078247070312500e+03
2.763258291746337303e+00 1.137943359375000000e+03
2.766693044128868628e+00 1.168529296875000000e+03
2.770127796511399954e+00 1.160920532226562500e+03
2.773562548893930835e+00 1.110401733398437500e+03
2.776997301276462160e+00 1.018374938964843750e+03
2.780432053658993485e+00 9.173335571289062500e+02
2.783866806041524811e+00 8.416530761718750000e+02
2.787301558424055692e+00 7.993653564453125000e+02
2.790736310806587017e+00 7.767202758789062500e+02
2.794171063189118343e+00 7.675333251953125000e+02
2.797605815571649224e+00 7.752153320312500000e+02
2.801040567954180549e+00 8.090114135742187500e+02
2.804475320336711874e+00 8.332250976562500000e+02
2.807910072719243200e+00 1.095961181640625000e+03
2.811344825101774081e+00 1.126633789062500000e+03
2.814779577484305406e+00 1.023027648925781250e+03
2.818214329866836731e+00 8.767775268554687500e+02
2.821649082249367613e+00 8.390532836914062500e+02
2.825083834631898938e+00 8.245189819335937500e+02
2.828518587014429819e+00 8.393171386718750000e+02
2.831953339396961145e+00 8.519818725585937500e+02
2.835388091779492026e+00 8.604166870117187500e+02
2.838822844162023351e+00 8.632799682617187500e+02
2.842257596544554676e+00 8.446122436523437500e+02
2.845692348927086002e+00 8.125182495117187500e+02
2.849127101309616883e+00 7.777669067382812500e+02
2.852561853692148208e+00 7.450337524414062500e+02
2.855996606074679534e+00 7.248626708984375000e+02
2.859431358457210415e+00 7.177689819335937500e+02
2.862866110839741740e+00 7.111781005859375000e+02
2.866300863222273065e+00 7.152946777343750000e+02
2.869735615604804391e+00 7.248721313476562500e+02
2.873170367987335272e+00 7.293512573242187500e+02
2.876605120369866597e+00 7.145050048828125000e+02
2.880039872752397923e+00 7.028073120117187500e+02
2.883474625134929248e+00 6.986767578125000000e+02
2.886909377517460129e+00 6.975544433593750000e+02
2.890344129899991454e+00 6.943756103515625000e+02
2.893778882282522780e+00 6.916073608398437500e+02
2.897213634665053661e+00 6.835535888671875000e+02
2.900648387047584986e+00 6.850765380859375000e+02
2.904083139430115867e+00 6.854909057617187500e+02
2.907517891812647193e+00 6.891303710937500000e+02
2.910952644195178074e+00 6.856973266601562500e+02
2.914387396577709399e+00 6.928865356445312500e+02
2.917822148960240725e+00 6.935802001953125000e+02
2.921256901342772050e+00 6.991413574218750000e+02
2.924691653725302931e+00 7.079683837890625000e+02
2.928126406107834256e+00 7.270037231445312500e+02
2.931561158490365582e+00 7.378416137695312500e+02
2.934995910872896463e+00 7.454575805664062500e+02
2.938430663255427788e+00 7.476019897460937500e+02
2.941865415637959114e+00 7.460711059570312500e+02
2.945300168020490439e+00 7.288518066406250000e+02
2.948734920403021320e+00 7.117141113281250000e+02
2.952169672785552645e+00 6.935580444335937500e+02
2.955604425168083971e+00 6.795317993164062500e+02
2.959039177550615296e+00 6.754130859375000000e+02
2.962473929933146177e+00 6.919246826171875000e+02
2.965908682315677503e+00 7.130991210937500000e+02
2.969343434698208828e+00 7.562382812500000000e+02
2.972778187080739709e+00 8.141240844726562500e+02
2.976212939463271034e+00 8.763264770507812500e+02
2.979647691845801916e+00 9.191397705078125000e+02
2.983082444228333241e+00 9.304218750000000000e+02
2.986517196610864122e+00 9.057993774414062500e+02
2.989951948993395447e+00 8.457625122070312500e+02
2.993386701375926773e+00 7.744466552734375000e+02
2.996821453758458098e+00 7.110132446289062500e+02
3.000256206140988979e+00 6.701451416015625000e+02
3.003690958523520305e+00 6.517316284179687500e+02
3.007125710906051630e+00 6.443231201171875000e+02
3.010560463288582511e+00 6.405806884765625000e+02
3.013995215671113836e+00 6.401693115234375000e+02
3.017429968053645162e+00 6.384896850585937500e+02
3.020864720436176487e+00 6.386941528320312500e+02
3.024299472818707368e+00 6.419349975585937500e+02
3.027734225201238694e+00 6.506394042968750000e+02
3.031168977583770019e+00 6.615449218750000000e+02
3.034603729966301344e+00 6.621871948242187500e+02
3.038038482348832225e+00 6.631530761718750000e+02
3.041473234731363551e+00 6.736448974609375000e+02
3.044907987113894876e+00 6.874503173828125000e+02
3.048342739496425757e+00 6.935626831054687500e+02
3.051777491878957083e+00 6.945968627929687500e+02
3.055212244261487964e+00 6.936793823242187500e+02
3.058646996644019289e+00 6.937583618164062500e+02
3.062081749026550170e+00 6.995015258789062500e+02
3.065516501409081496e+00 7.096496582031250000e+02
3.068951253791612821e+00 7.220858764648437500e+02
3.072386006174144146e+00 7.302917480468750000e+02
3.075820758556675028e+00 7.352883300781250000e+02
3.079255510939206353e+00 7.336231689453125000e+02
3.082690263321737678e+00 7.220184326171875000e+02
3.086125015704268559e+00 7.072164306640625000e+02
3.089559768086799885e+00 6.844579467773437500e+02
3.092994520469331210e+00 6.639799194335937500e+02
3.096429272851862535e+00 6.438242187500000000e+02
3.099864025234393416e+00 6.198065185546875000e+02
3.103298777616924742e+00 6.108905639648437500e+02
3.106733529999456067e+00 6.113819580078125000e+02
3.110168282381987392e+00 6.039317016601562500e+02
3.113603034764518274e+00 5.945127563476562500e+02
3.117037787147049599e+00 5.929608154296875000e+02
3.120472539529580924e+00 5.904732055664062500e+02
3.123907291912111805e+00 5.809703979492187500e+02
3.127342044294643131e+00 5.838552246093750000e+02
3.130776796677174012e+00 5.969553833007812500e+02
3.134211549059705337e+00 6.029622192382812500e+02
3.137646301442236219e+00 6.009091186523437500e+02
3.141081053824767544e+00 5.985305786132812500e+02
3.144515806207298869e+00 5.942572021484375000e+02
3.147950558589830194e+00 5.922629394531250000e+02
3.151385310972361076e+00 5.919234008789062500e+02
3.154820063354892401e+00 5.885160522460937500e+02
3.158254815737423726e+00 5.874147338867187500e+02
3.161689568119954608e+00 5.966923217773437500e+02
3.165124320502485933e+00 5.990905151367187500e+02
3.168559072885017258e+00 5.983366088867187500e+02
3.171993825267548583e+00 6.009075317382812500e+02
3.175428577650079465e+00 6.031055297851562500e+02
3.178863330032610790e+00 5.968707885742187500e+02
3.182298082415142115e+00 5.984464721679687500e+02
3.185732834797673441e+00 6.039201660156250000e+02
3.189167587180204322e+00 6.044085083007812500e+02
3.192602339562735647e+00 5.933864135742187500e+02
3.196037091945266972e+00 5.926216430664062500e+02
3.199471844327797854e+00 5.931302490234375000e+02
3.202906596710329179e+00 5.860544433593750000e+02
3.206341349092860060e+00 5.782479248046875000e+02
3.209776101475391386e+00 5.768133544921875000e+02
3.213210853857922267e+00 5.737221069335937500e+02
3.216645606240453592e+00 5.703242797851562500e+02
3.220080358622984917e+00 5.725410766601562500e+02
3.223515111005516243e+00 5.748312988281250000e+02
3.226949863388047124e+00 5.751549682617187500e+02
3.230384615770578449e+00 5.796552124023437500e+02
3.233819368153109775e+00 5.821318969726562500e+02
3.237254120535640656e+00 5.820972900390625000e+02
3.240688872918171981e+00 5.879304199218750000e+02
3.244123625300703306e+00 5.997899169921875000e+02
3.247558377683234632e+00 6.125789794921875000e+02
3.250993130065765513e+00 6.225269775390625000e+02
3.254427882448296838e+00 6.367593383789062500e+02
3.257862634830828164e+00 6.505612182617187500e+02
3.261297387213359489e+00 6.683609008789062500e+02
3.264732139595890370e+00 6.726045532226562500e+02
3.268166891978421695e+00 6.675033569335937500e+02
3.271601644360953021e+00 6.542446899414062500e+02
3.275036396743483902e+00 6.360457763671875000e+02
3.278471149126015227e+00 6.149422607421875000e+02
3.281905901508546108e+00 5.977359008789062500e+02
3.285340653891077434e+00 5.891970825195312500e+02
3.288775406273608315e+00 5.830825805664062500e+02
3.292210158656139640e+00 5.749692993164062500e+02
3.295644911038670966e+00 5.704208984375000000e+02
3.299079663421202291e+00 5.702001342773437500e+02
3.302514415803733172e+00 5.739722900390625000e+02
3.305949168186264497e+00 5.819393310546875000e+02
3.309383920568795823e+00 5.833158569335937500e+02
3.312818672951326704e+00 5.767857055664062500e+02
3.316253425333858029e+00 5.736124877929687500e+02
3.319688177716389355e+00 5.818900146484375000e+02
3.323122930098920680e+00 5.814683837890625000e+02
3.326557682481451561e+00 5.714254150390625000e+02
3.329992434863982886e+00 5.661118164062500000e+02
3.333427187246514212e+00 5.743828125000000000e+02
3.336861939629045093e+00 5.754000854492187500e+02
3.340296692011576418e+00 5.777583618164062500e+02
3.343731444394107744e+00 5.852354736328125000e+02
3.347166196776639069e+00 5.907819213867187500e+02
3.350600949159169950e+00 5.955863647460937500e+02
3.354035701541701275e+00 5.995288085937500000e+02
3.357470453924232601e+00 5.967057495117187500e+02
3.360905206306763482e+00 5.885255126953125000e+02
3.364339958689294363e+00 5.942950439453125000e+02
3.367774711071825688e+00 5.917743530273437500e+02
3.371209463454357014e+00 5.903369750976562500e+02
3.374644215836887895e+00 5.896728515625000000e+02
3.378078968219419220e+00 5.924887084960937500e+02
3.381513720601950546e+00 5.873743896484375000e+02
3.384948472984481871e+00 5.789042358398437500e+02
3.388383225367012752e+00 5.699334106445312500e+02
3.391817977749544077e+00 5.717147216796875000e+02
3.395252730132075403e+00 5.721950073242187500e+02
3.398687482514606728e+00 5.727581176757812500e+02
3.402122234897137609e+00 5.712600708007812500e+02
3.405556987279668935e+00 5.704805297851562500e+02
3.408991739662200260e+00 5.782219238281250000e+02
3.412426492044731141e+00 5.972786254882812500e+02
3.415861244427262466e+00 6.200031738281250000e+02
3.419295996809793792e+00 6.419690551757812500e+02
3.422730749192325117e+00 6.826707763671875000e+02
3.426165501574855998e+00 7.586895141601562500e+02
3.429600253957387324e+00 8.955392456054687500e+02
3.433035006339918649e+00 1.086525390625000000e+03
3.436469758722449530e+00 1.319080200195312500e+03
3.439904511104980411e+00 1.512057861328125000e+03
3.443339263487511737e+00 1.616955810546875000e+03
3.446774015870043062e+00 1.590468872070312500e+03
3.450208768252573943e+00 1.441014892578125000e+03
3.453643520635105268e+00 1.230738525390625000e+03
3.457078273017636594e+00 1.003125305175781250e+03
3.460513025400167919e+00 8.203844604492187500e+02
3.463947777782698800e+00 7.023605957031250000e+02
3.467382530165230126e+00 6.466904296875000000e+02
3.470817282547761451e+00 6.224012451171875000e+02
3.474252034930292776e+00 6.050604248046875000e+02
3.477686787312823657e+00 5.819321899414062500e+02
3.481121539695354983e+00 5.739439697265625000e+02
3.484556292077886308e+00 5.710388183593750000e+02
3.487991044460417189e+00 5.644764404296875000e+02
3.491425796842948515e+00 5.607088623046875000e+02
3.494860549225479840e+00 5.599775390625000000e+02
3.498295301608011165e+00 5.601887207031250000e+02
3.501730053990542046e+00 5.590215454101562500e+02
3.505164806373073372e+00 5.592275390625000000e+02
3.508599558755604697e+00 5.507857666015625000e+02
3.512034311138135578e+00 5.468837280273437500e+02
3.515469063520666460e+00 5.517651367187500000e+02
3.518903815903197785e+00 5.523692626953125000e+02
3.522338568285729110e+00 5.437070922851562500e+02
3.525773320668259991e+00 5.340466918945312500e+02
3.529208073050791317e+00 5.353015136718750000e+02
3.532642825433322642e+00 5.403884887695312500e+02
3.536077577815853967e+00 5.414213867187500000e+02
3.539512330198384849e+00 5.360679321289062500e+02
3.542947082580916174e+00 5.385886840820312500e+02
3.546381834963447499e+00 5.433261108398437500e+02
3.549816587345978824e+00 5.452180175781250000e+02
3.553251339728509706e+00 5.468097534179687500e+02
3.556686092111041031e+00 5.462498168945312500e+02
3.560120844493572356e+00 5.471732788085937500e+02
3.563555596876103237e+00 5.466046142578125000e+02
3.566990349258634563e+00 5.483352050781250000e+02
3.570425101641165888e+00 5.498262329101562500e+02
3.573859854023697213e+00 5.524678344726562500e+02
3.577294606406228095e+00 5.495422363281250000e+02
3.580729358788759420e+00 5.403705444335937500e+02
3.584164111171290301e+00 5.328381958007812500e+02
3.587598863553821626e+00 5.351936035156250000e+02
3.591033615936352508e+00 5.388051757812500000e+02
3.594468368318883833e+00 5.383004150390625000e+02
3.597903120701415158e+00 5.348048095703125000e+02
3.601337873083946484e+00 5.315906982421875000e+02
3.604772625466477809e+00 5.311307983398437500e+02
3.608207377849008246e+00 5.351318359375000000e+02
3.611642130231539571e+00 5.334108276367187500e+02
3.615076882614070897e+00 5.304724121093750000e+02
3.618511634996602222e+00 5.321007080078125000e+02
3.621946387379133547e+00 5.326243896484375000e+02
3.625381139761664873e+00 5.323703002929687500e+02
3.628815892144196198e+00 5.282857666015625000e+02
3.632250644526726635e+00 5.298098144531250000e+02
3.635685396909257960e+00 5.328931884765625000e+02
3.639120149291789286e+00 5.355050659179687500e+02
3.642554901674320611e+00 5.250006713867187500e+02
3.645989654056851936e+00 5.243383789062500000e+02
3.649424406439383262e+00 5.257264404296875000e+02
3.652859158821914587e+00 5.280986328125000000e+02
3.656293911204445912e+00 5.227059936523437500e+02
3.659728663586976349e+00 5.211766357421875000e+02
3.663163415969507675e+00 5.200123901367187500e+02
3.666598168352038556e+00 5.194525756835937500e+02
3.670032920734569881e+00 5.196279296875000000e+02
3.673467673117101207e+00 5.179658203125000000e+02
3.676902425499632532e+00 5.197245483398437500e+02
3.680337177882163857e+00 5.170430908203125000e+02
3.683771930264694294e+00 5.255716552734375000e+02
3.687206682647225620e+00 5.322352294921875000e+02
3.690641435029756945e+00 5.363568725585937500e+02
3.694076187412288270e+00 5.265828247070312500e+02
3.697510939794819596e+00 5.235062866210937500e+02
3.700945692177350921e+00 5.188666992187500000e+02
3.704380444559882246e+00 5.192951049804687500e+02
3.707815196942412683e+00 5.170086059570312500e+02
3.711249949324944009e+00 5.139743041992187500e+02
3.714684701707475334e+00 5.088031616210937500e+02
3.718119454090006659e+00 5.077412414550781250e+02
3.721554206472537984e+00 5.138833007812500000e+02
3.724988958855069310e+00 5.172510375976562500e+02
3.728423711237600635e+00 5.085311279296875000e+02
3.731858463620131960e+00 4.999151306152343750e+02
3.735293216002662398e+00 5.044404296875000000e+02
3.738727968385193723e+00 5.171813354492187500e+02
3.742162720767725048e+00 5.218447875976562500e+02
3.745597473150255929e+00 5.201408081054687500e+02
3.749032225532787255e+00 5.167083129882812500e+02
3.752466977915318580e+00 5.165371704101562500e+02
3.755901730297849905e+00 5.174949340820312500e+02
3.759336482680380342e+00 5.233028564453125000e+02
3.762771235062911668e+00 5.396639404296875000e+02
3.766205987445442993e+00 5.571700439453125000e+02
3.769640739827974318e+00 5.701436767578125000e+02
3.773075492210505644e+00 5.780161743164062500e+02
3.776510244593036969e+00 5.756410522460937500e+02
3.779944996975568294e+00 5.668355102539062500e+02
3.783379749358098731e+00 5.542357177734375000e+02
3.786814501740630057e+00 5.357503662109375000e+02
3.790249254123161382e+00 5.173209838867187500e+02
3.793684006505692707e+00 5.082245483398437500e+02
3.797118758888224033e+00 5.057166748046875000e+02
3.800553511270755358e+00 5.049417114257812500e+02
3.803988263653286683e+00 5.040311584472656250e+02
3.807423016035818009e+00 5.024313964843750000e+02
3.810857768418348446e+00 5.001570434570312500e+02
3.814292520800879771e+00 4.996813354492187500e+02
3.817727273183411096e+00 5.037884826660156250e+02
3.821162025565941978e+00 5.036241149902343750e+02
3.824596777948473303e+00 5.082128601074218750e+02
3.828031530331004628e+00 5.160579833984375000e+02
3.831466282713535954e+00 5.258057250976562500e+02
3.834901035096066391e+00 5.310689697265625000e+02
3.838335787478597716e+00 5.432104492187500000e+02
3.841770539861129041e+00 5.566566772460937500e+02
3.845205292243660367e+00 5.725035400390625000e+02
3.848640044626191692e+00 5.768931884765625000e+02
3.852074797008723017e+00 5.789505615234375000e+02
3.855509549391254343e+00 5.703273925781250000e+02
3.858944301773784780e+00 5.609716186523437500e+02
3.862379054156316105e+00 5.574422607421875000e+02
3.865813806538847430e+00 5.553500366210937500e+02
3.869248558921378756e+00 5.440991210937500000e+02
3.872683311303910081e+00 5.351942749023437500e+02
3.876118063686441406e+00 5.385629882812500000e+02
3.879552816068972732e+00 5.299381103515625000e+02
3.882987568451504057e+00 5.177062377929687500e+02
3.886422320834034494e+00 5.049524841308593750e+02
3.889857073216565819e+00 5.015876464843750000e+02
3.893291825599097145e+00 4.930450134277343750e+02
3.896726577981628026e+00 4.893876037597656250e+02
3.900161330364159351e+00 4.867616577148437500e+02
3.903596082746690676e+00 4.810731811523437500e+02
3.907030835129222002e+00 4.819899597167968750e+02
3.910465587511752439e+00 4.915310974121093750e+02
3.913900339894283764e+00 4.991541748046875000e+02
3.917335092276815089e+00 4.973788146972656250e+02
3.920769844659346415e+00 4.917113952636718750e+02
3.924204597041877740e+00 4.904341430664062500e+02
3.927639349424409065e+00 4.920188293457031250e+02
3.931074101806940391e+00 4.855139160156250000e+02
3.934508854189470828e+00 4.787729187011718750e+02
3.937943606572002153e+00 4.760872497558593750e+02
3.941378358954533478e+00 4.842955932617187500e+02
3.944813111337064804e+00 4.931361083984375000e+02
3.948247863719596129e+00 4.967427368164062500e+02
3.951682616102127454e+00 4.951162414550781250e+02
3.955117368484658780e+00 5.052596740722656250e+02
3.958552120867189217e+00 5.443830566406250000e+02
3.961986873249720542e+00 6.238887329101562500e+02
3.965421625632251867e+00 7.697192382812500000e+02
3.968856378014783193e+00 8.300183715820312500e+02
3.972291130397314074e+00 7.907490844726562500e+02
3.975725882779845399e+00 6.314593505859375000e+02
3.979160635162376725e+00 5.674622192382812500e+02
3.982595387544908050e+00 5.173886108398437500e+02
3.986030139927438487e+00 5.045572509765625000e+02
3.989464892309969812e+00 5.069312744140625000e+02
3.992899644692501138e+00 5.203055419921875000e+02
3.996334397075032463e+00 5.473380737304687500e+02
3.999769149457563788e+00 5.886133422851562500e+02
4.003203901840095114e+00 6.367522583007812500e+02
4.006638654222625995e+00 6.717896118164062500e+02
4.010073406605156876e+00 6.887158203125000000e+02
4.013508158987687757e+00 6.920029296875000000e+02
4.016942911370219527e+00 6.786692504882812500e+02
4.020377663752750408e+00 6.444928588867187500e+02
4.023812416135282177e+00 5.921254272460937500e+02
4.027247168517813058e+00 5.523016967773437500e+02
4.030681920900344828e+00 5.266173095703125000e+02
4.034116673282874821e+00 5.093051757812500000e+02
4.037551425665406590e+00 4.968704833984375000e+02
4.040986178047937472e+00 4.925688781738281250e+02
4.044420930430469241e+00 4.891335144042968750e+02
4.047855682813000122e+00 4.848503723144531250e+02
4.051290435195531892e+00 4.781423950195312500e+02
4.054725187578062773e+00 4.736718750000000000e+02
4.058159939960594542e+00 4.720905456542968750e+02
4.061594692343124535e+00 4.707919921875000000e+02
4.065029444725656305e+00 4.691003723144531250e+02
4.068464197108187186e+00 4.671900024414062500e+02
4.071898949490718955e+00 4.630677185058593750e+02
4.075333701873249836e+00 4.653520507812500000e+02
4.078768454255781606e+00 4.704999084472656250e+02
4.082203206638312487e+00 4.757767028808593750e+02
4.085637959020843368e+00 4.784836730957031250e+02
4.089072711403374250e+00 4.785733337402343750e+02
4.092507463785905131e+00 4.737381591796875000e+02
4.095942216168436900e+00 4.725445861816406250e+02
4.099376968550967781e+00 4.690513000488281250e+02
4.102811720933499551e+00 4.672923889160156250e+02
4.106246473316030432e+00 4.640043640136718750e+02
4.109681225698561313e+00 4.679619445800781250e+02
4.113115978081092194e+00 4.731943359375000000e+02
4.116550730463623964e+00 4.712989501953125000e+02
4.119985482846154845e+00 4.666796875000000000e+02
4.123420235228686614e+00 4.641167602539062500e+02
4.126854987611217496e+00 4.628892211914062500e+02
4.130289739993749265e+00 4.640265808105468750e+02
4.133724492376280146e+00 4.623624267578125000e+02
4.137159244758811028e+00 4.539752197265625000e+02
4.140593997141341909e+00 4.532906799316406250e+02
4.144028749523873678e+00 4.556445922851562500e+02
4.147463501906404559e+00 4.565874023437500000e+02
4.150898254288936329e+00 4.535765686035156250e+02
4.154333006671467210e+00 4.545988769531250000e+02
4.157767759053998091e+00 4.632861633300781250e+02
4.161202511436528972e+00 4.711550598144531250e+02
4.164637263819060742e+00 4.698244628906250000e+02
4.168072016201591623e+00 4.809293518066406250e+02
4.171506768584122504e+00 5.007894592285156250e+02
4.174941520966654274e+00 5.179014892578125000e+02
4.178376273349185155e+00 5.342962646484375000e+02
4.181811025731716924e+00 5.523699340820312500e+02
4.185245778114246917e+00 5.650850830078125000e+02
4.188680530496778687e+00 5.634128417968750000e+02
4.192115282879309568e+00 5.487561645507812500e+02
4.195550035261841337e+00 5.285324096679687500e+02
4.198984787644372219e+00 5.127624511718750000e+02
4.202419540026903988e+00 5.119412536621093750e+02
4.205854292409434869e+00 5.240064697265625000e+02
4.209289044791966639e+00 5.407455444335937500e+02
4.212723797174496632e+00 5.620350341796875000e+02
4.216158549557028401e+00 5.750633544921875000e+02
4.219593301939559282e+00 5.754058837890625000e+02
4.223028054322091052e+00 5.600227050781250000e+02
4.226462806704621933e+00 5.388631591796875000e+02
4.229897559087153702e+00 5.158732910156250000e+02
4.233332311469684583e+00 4.910531005859375000e+02
4.236767063852215465e+00 4.749576110839843750e+02
4.240201816234746346e+00 4.702889404296875000e+02
4.243636568617277227e+00 4.673418884277343750e+02
4.247071320999808997e+00 4.644226989746093750e+02
4.250506073382339878e+00 4.598166198730468750e+02
4.253940825764871647e+00 4.575846557617187500e+02
4.257375578147402528e+00 4.547127380371093750e+02
4.260810330529933410e+00 4.527362060546875000e+02
4.264245082912464291e+00 4.536838073730468750e+02
4.267679835294996060e+00 4.537129516601562500e+02
4.271114587677526941e+00 4.592190856933593750e+02
4.274549340060058711e+00 4.608921203613281250e+02
4.277984092442589592e+00 4.650378417968750000e+02
4.281418844825121361e+00 4.752929382324218750e+02
4.284853597207652243e+00 4.961172485351562500e+02
4.288288349590183124e+00 5.260430297851562500e+02
4.291723101972714005e+00 5.538941040039062500e+02
4.295157854355245775e+00 5.751604614257812500e+02
4.298592606737776656e+00 5.874941406250000000e+02
4.302027359120308425e+00 5.811335449218750000e+02
4.305462111502839306e+00 5.584395751953125000e+02
4.308896863885370188e+00 5.277966918945312500e+02
4.312331616267901069e+00 5.013760681152343750e+02
4.315766368650432838e+00 4.777431640625000000e+02
4.319201121032963719e+00 4.608836975097656250e+02
4.322635873415494601e+00 4.538974914550781250e+02
4.326070625798026370e+00 4.531868591308593750e+02
4.329505378180557251e+00 4.570124206542968750e+02
4.332940130563089021e+00 4.598263854980468750e+02
4.336374882945619014e+00 4.551969299316406250e+02
4.339809635328150783e+00 4.536679077148437500e+02
4.343244387710681664e+00 4.528144531250000000e+02
4.346679140093213434e+00 4.579680786132812500e+02
4.350113892475744315e+00 4.628056335449218750e+02
4.353548644858276084e+00 4.643568420410156250e+02
4.356983397240806966e+00 4.592155456542968750e+02
4.360418149623338735e+00 4.565580444335937500e+02
4.363852902005868728e+00 4.532507629394531250e+02
4.367287654388400497e+00 4.509743652343750000e+02
4.370722406770931379e+00 4.441007385253906250e+02
4.374157159153463148e+00 4.453942260742187500e+02
4.377591911535994029e+00 4.508702392578125000e+02
4.381026663918525799e+00 4.514638366699218750e+02
4.384461416301056680e+00 4.499581909179687500e+02
4.387896168683587561e+00 4.475061340332031250e+02
4.391330921066118442e+00 4.491902465820312500e+02
4.394765673448649324e+00 4.562291259765625000e+02
4.398200425831181093e+00 4.674873657226562500e+02
4.401635178213711974e+00 4.815061340332031250e+02
4.405069930596243744e+00 5.000815734863281250e+02
4.408504682978774625e+00 5.177542724609375000e+02
4.411939435361305506e+00 5.253345947265625000e+02
4.415374187743836387e+00 5.146135253906250000e+02
4.418808940126368157e+00 4.957331542968750000e+02
4.422243692508899038e+00 4.757716674804687500e+02
4.425678444891430807e+00 4.639606323242187500e+02
4.429113197273961688e+00 4.523224487304687500e+02
4.432547949656493458e+00 4.426797180175781250e+02
4.435982702039023451e+00 4.421926574707031250e+02
4.439417454421555220e+00 4.427175598144531250e+02
4.442852206804086101e+00 4.432623291015625000e+02
4.446286959186617871e+00 4.380859680175781250e+02
4.449721711569148752e+00 4.392647094726562500e+02
4.453156463951680522e+00 4.424062500000000000e+02
4.456591216334211403e+00 4.413065490722656250e+02
4.460025968716742284e+00 4.368304138183593750e+02
4.463460721099273165e+00 4.301595764160156250e+02
4.466895473481804935e+00 4.314007873535156250e+02
4.470330225864335816e+00 4.403844909667968750e+02
4.473764978246866697e+00 4.462004699707031250e+02
4.477199730629398466e+00 4.432736511230468750e+02
4.480634483011929348e+00 4.397501831054687500e+02
4.484069235394461117e+00 4.419061584472656250e+02
4.487503987776991110e+00 4.404132385253906250e+02
4.490938740159522879e+00 4.366557312011718750e+02
4.494373492542053761e+00 4.340478515625000000e+02
4.497808244924585530e+00 4.340876464843750000e+02
4.501242997307116411e+00 4.338290710449218750e+02
4.504677749689648181e+00 4.314867553710937500e+02
4.508112502072179062e+00 4.307205505371093750e+02
4.511547254454709943e+00 4.345711059570312500e+02
4.514982006837240824e+00 4.396640930175781250e+02
4.518416759219772594e+00 4.376048889160156250e+02
4.521851511602303475e+00 4.328002624511718750e+02
4.525286263984835244e+00 4.328005065917968750e+02
4.528721016367366126e+00 4.324591369628906250e+02
4.532155768749897895e+00 4.338476257324218750e+02
4.535590521132428776e+00 4.314542541503906250e+02
4.539025273514959657e+00 4.309533996582031250e+02
4.542460025897490539e+00 4.278164367675781250e+02
4.545894778280021420e+00 4.266434326171875000e+02
4.549329530662553189e+00 4.289340209960937500e+02
4.552764283045084071e+00 4.285245361328125000e+02
4.556199035427615840e+00 4.236159362792968750e+02
4.559633787810146721e+00 4.190744628906250000e+02
4.563068540192677602e+00 4.169677429199218750e+02
4.566503292575208484e+00 4.180472717285156250e+02
4.569938044957740253e+00 4.188194274902343750e+02
4.573372797340271134e+00 4.225879516601562500e+02
4.576807549722802904e+00 4.217081298828125000e+02
4.580242302105333785e+00 4.252432861328125000e+02
4.583677054487865554e+00 4.237859497070312500e+02
4.587111806870395547e+00 4.273278198242187500e+02
4.590546559252927317e+00 4.289505615234375000e+02
4.593981311635458198e+00 4.341543273925781250e+02
4.597416064017989967e+00 4.385502319335937500e+02
4.600850816400520849e+00 4.392260131835937500e+02
4.604285568783052618e+00 4.345377807617187500e+02
4.607720321165583499e+00 4.328484802246093750e+02
4.611155073548115269e+00 4.297956237792968750e+02
4.614589825930645262e+00 4.270381469726562500e+02
4.618024578313177031e+00 4.253489685058593750e+02
4.621459330695707912e+00 4.272165832519531250e+02
4.624894083078238793e+00 4.347260131835937500e+02
4.628328835460770563e+00 4.471833801269531250e+02
4.631763587843301444e+00 4.594825134277343750e+02
4.635198340225833213e+00 4.756779479980468750e+02
4.638633092608363206e+00 4.949978942871093750e+02
4.642067844990894976e+00 5.237933959960937500e+02
4.645502597373425857e+00 5.556464233398437500e+02
4.648937349755957626e+00 5.769976806640625000e+02
4.652372102138488508e+00 5.856475219726562500e+02
4.655806854521020277e+00 5.797034301757812500e+02
4.659241606903551158e+00 5.670590209960937500e+02
4.662676359286082040e+00 5.628013916015625000e+02
4.666111111668612921e+00 5.668317871093750000e+02
4.669545864051144690e+00 5.618327636718750000e+02
4.672980616433675571e+00 5.560303344726562500e+02
4.676415368816207341e+00 5.398019409179687500e+02
4.679850121198738222e+00 5.183406372070312500e+02
4.683284873581269991e+00 4.983079528808593750e+02
4.686719625963800873e+00 4.813106994628906250e+02
4.690154378346331754e+00 4.606096496582031250e+02
4.693589130728862635e+00 4.427663269042968750e+02
4.697023883111393516e+00 4.409178161621093750e+02
4.700458635493925286e+00 4.382011718750000000e+02
4.703893387876456167e+00 4.336393127441406250e+02
4.707328140258987936e+00 4.283416137695312500e+02
4.710762892641518818e+00 4.245828552246093750e+02
4.714197645024049699e+00 4.207470397949218750e+02
4.717632397406580580e+00 4.202757873535156250e+02
4.721067149789112349e+00 4.240086669921875000e+02
4.724501902171643231e+00 4.276399536132812500e+02
4.727936654554175000e+00 4.285060424804687500e+02
4.731371406936705881e+00 4.329144897460937500e+02
4.734806159319237651e+00 4.324895629882812500e+02
4.738240911701767644e+00 4.313632202148437500e+02
4.741675664084299413e+00 4.270894775390625000e+02
4.745110416466830294e+00 4.186700744628906250e+02
4.748545168849362064e+00 4.137768554687500000e+02
4.751979921231892945e+00 4.167686767578125000e+02
4.755414673614424714e+00 4.244259033203125000e+02
4.758849425996955596e+00 4.259177246093750000e+02
4.762284178379487365e+00 4.229858398437500000e+02
4.765718930762017358e+00 4.184607849121093750e+02
4.769153683144549127e+00 4.175248107910156250e+02
4.772588435527080009e+00 4.181474609375000000e+02
4.776023187909610890e+00 4.232088623046875000e+02
4.779457940292142659e+00 4.254954223632812500e+02
4.782892692674673540e+00 4.304218444824218750e+02
4.786327445057205310e+00 4.275811767578125000e+02
4.789762197439735303e+00 4.312662963867187500e+02
4.793196949822267072e+00 4.308880615234375000e+02
4.796631702204797953e+00 4.361584167480468750e+02
4.800066454587329723e+00 4.360787353515625000e+02
4.803501206969860604e+00 4.379818115234375000e+02
4.806935959352392373e+00 4.387810668945312500e+02
4.810370711734923255e+00 4.406264038085937500e+02
4.813805464117454136e+00 4.426994323730468750e+02
4.817240216499985017e+00 4.394959411621093750e+02
4.820674968882516787e+00 4.317381591796875000e+02
4.824109721265047668e+00 4.325068054199218750e+02
4.827544473647579437e+00 4.339889831542968750e+02
4.830979226030110318e+00 4.325803222656250000e+02
4.834413978412642088e+00 4.294669799804687500e+02
4.837848730795172969e+00 4.343144531250000000e+02
4.841283483177703850e+00 4.306959228515625000e+02
4.844718235560234731e+00 4.244666442871093750e+02
4.848152987942766501e+00 4.272253723144531250e+02
4.851587740325297382e+00 4.325843811035156250e+02
4.855022492707828263e+00 4.376198425292968750e+02
4.858457245090360033e+00 4.438428649902343750e+02
4.861891997472890914e+00 4.606548156738281250e+02
4.865326749855421795e+00 4.718508605957031250e+02
4.868761502237952676e+00 4.721179809570312500e+02
4.872196254620484446e+00 4.694049377441406250e+02
4.875631007003015327e+00 4.584789733886718750e+02
4.879065759385547096e+00 4.465324707031250000e+02
4.882500511768077978e+00 4.443862609863281250e+02
4.885935264150609747e+00 4.404846801757812500e+02
4.889370016533139740e+00 4.316099243164062500e+02
4.892804768915671509e+00 4.200289001464843750e+02
4.896239521298202391e+00 4.177347412109375000e+02
4.899674273680734160e+00 4.185635070800781250e+02
4.903109026063265041e+00 4.198840942382812500e+02
4.906543778445796811e+00 4.224125366210937500e+02
4.909978530828327692e+00 4.259985046386718750e+02
4.913413283210858573e+00 4.278440551757812500e+02
4.916848035593389454e+00 4.282687988281250000e+02
4.920282787975921224e+00 4.279090270996093750e+02
4.923717540358452105e+00 4.275090026855468750e+02
4.927152292740982986e+00 4.226394653320312500e+02
4.930587045123514756e+00 4.216125793457031250e+02
4.934021797506045637e+00 4.229281311035156250e+02
4.937456549888577406e+00 4.191733398437500000e+02
4.940891302271107399e+00 4.181739501953125000e+02
4.944326054653639169e+00 4.229795837402343750e+02
4.947760807036170050e+00 4.256144104003906250e+02
4.951195559418701819e+00 4.276604309082031250e+02
4.954630311801232700e+00 4.317494506835937500e+02
4.958065064183764470e+00 4.418471984863281250e+02
4.961499816566295351e+00 4.428940124511718750e+02
4.964934568948826232e+00 4.423801574707031250e+02
4.968369321331357114e+00 4.367821960449218750e+02
4.971804073713888883e+00 4.309507446289062500e+02
4.975238826096419764e+00 4.292914733886718750e+02
4.978673578478951534e+00 4.259987792968750000e+02
4.982108330861482415e+00 4.190303649902343750e+02
4.985543083244014184e+00 4.145184326171875000e+02
4.988977835626544177e+00 4.104829711914062500e+02
4.992412588009075947e+00 4.132112426757812500e+02
4.995847340391606828e+00 4.144356384277343750e+02
4.999282092774138597e+00 4.148147888183593750e+02
5.002716845156669478e+00 4.116000366210937500e+02
5.006151597539200360e+00 4.088796997070312500e+02
5.009586349921732129e+00 4.092960510253906250e+02
5.013021102304263010e+00 4.092602233886718750e+02
5.016455854686793892e+00 4.126002197265625000e+02
5.019890607069324773e+00 4.169087829589843750e+02
5.023325359451856542e+00 4.267596740722656250e+02
5.026760111834387423e+00 4.299635009765625000e+02
5.030194864216919193e+00 4.342463684082031250e+02
5.033629616599450074e+00 4.394682617187500000e+02
5.037064368981981843e+00 4.456507263183593750e+02
5.040499121364511836e+00 4.454978332519531250e+02
5.043933873747043606e+00 4.378543395996093750e+02
5.047368626129574487e+00 4.299893188476562500e+02
5.050803378512106256e+00 4.205882263183593750e+02
5.054238130894637138e+00 4.120044250488281250e+02
5.057672883277168907e+00 4.083059997558593750e+02
5.061107635659699788e+00 4.054824829101562500e+02
5.064542388042230669e+00 4.076689147949218750e+02
5.067977140424761551e+00 4.054993896484375000e+02
5.071411892807293320e+00 4.098925476074218750e+02
5.074846645189824201e+00 4.129010620117187500e+02
5.078281397572355083e+00 4.192888793945312500e+02
5.081716149954886852e+00 4.180862731933593750e+02
5.085150902337417733e+00 4.175737609863281250e+02
5.088585654719949503e+00 4.112433471679687500e+02
5.092020407102479496e+00 4.066509704589843750e+02
5.095455159485011265e+00 4.094550476074218750e+02
5.098889911867542146e+00 4.209151611328125000e+02
5.102324664250073916e+00 4.186250000000000000e+02
5.105759416632604797e+00 4.078747558593750000e+02
5.109194169015136566e+00 4.013272399902343750e+02
5.112628921397667447e+00 4.005150146484375000e+02
5.116063673780198329e+00 4.013231201171875000e+02
5.119498426162729210e+00 3.951146850585937500e+02
5.122933178545260979e+00 3.947457275390625000e+02
5.126367930927791861e+00 3.959378967285156250e+02
5.129802683310323630e+00 3.999124450683593750e+02
5.133237435692854511e+00 4.010942077636718750e+02
5.136672188075386281e+00 3.977201843261718750e+02
5.140106940457916274e+00 3.967686157226562500e+02
5.143541692840448043e+00 4.041614990234375000e+02
5.146976445222978924e+00 4.063810119628906250e+02
5.150411197605510694e+00 4.092907714843750000e+02
5.153845949988041575e+00 4.125747985839843750e+02
5.157280702370572456e+00 4.189123840332031250e+02
5.160715454753104225e+00 4.245168457031250000e+02
5.164150207135635107e+00 4.243542785644531250e+02
5.167584959518165988e+00 4.190956420898437500e+02
5.171019711900696869e+00 4.129269409179687500e+02
5.174454464283228639e+00 4.031251220703125000e+02
5.177889216665759520e+00 3.968759155273437500e+02
5.181323969048291289e+00 3.997555847167968750e+02
5.184758721430822170e+00 3.986764221191406250e+02
5.188193473813353940e+00 3.953690795898437500e+02
5.191628226195883933e+00 3.979972229003906250e+02
5.195062978578415702e+00 4.070875549316406250e+02
5.198497730960946583e+00 4.177245483398437500e+02
5.201932483343478353e+00 4.247688903808593750e+02
5.205367235726009234e+00 4.411547241210937500e+02
5.208801988108541003e+00 4.590721130371093750e+02
5.212236740491071885e+00 4.721916198730468750e+02
5.215671492873602766e+00 4.691303100585937500e+02
5.219106245256133647e+00 4.630266113281250000e+02
5.222540997638665417e+00 4.538095397949218750e+02
5.225975750021196298e+00 4.386379394531250000e+02
5.229410502403727179e+00 4.218536071777343750e+02
5.232845254786258948e+00 4.136705017089843750e+02
5.236280007168789830e+00 4.100573120117187500e+02
5.239714759551321599e+00 4.032875976562500000e+02
5.243149511933851592e+00 4.036789855957031250e+02
5.246584264316383361e+00 4.030184326171875000e+02
5.250019016698914243e+00 4.032507019042968750e+02
5.253453769081446012e+00 4.004606323242187500e+02
5.256888521463976893e+00 3.975632934570312500e+02
5.260323273846508663e+00 3.957062683105468750e+02
5.263758026229039544e+00 3.984918212890625000e+02
5.267192778611570425e+00 3.997647094726562500e+02
5.270627530994101306e+00 4.020451660156250000e+02
5.274062283376633076e+00 4.064835205078125000e+02
5.277497035759163957e+00 4.112431945800781250e+02
5.280931788141695726e+00 4.111971435546875000e+02
5.284366540524226608e+00 4.117770996093750000e+02
5.287801292906758377e+00 4.130927124023437500e+02
5.291236045289288370e+00 4.190783386230468750e+02
5.294670797671820139e+00 4.134387512207031250e+02
5.298105550054351021e+00 4.076049499511718750e+02
5.301540302436882790e+00 4.000428771972656250e+02
5.304975054819413671e+00 3.983720397949218750e+02
5.308409807201944552e+00 4.001272583007812500e+02
5.311844559584476322e+00 4.109783020019531250e+02
5.315279311967006315e+00 4.345213012695312500e+02
5.318714064349538084e+00 4.407807617187500000e+02
5.322148816732068966e+00 4.220855407714843750e+02
5.325583569114600735e+00 4.139876098632812500e+02
5.329018321497131616e+00 4.179883422851562500e+02
5.332453073879663386e+00 4.262016601562500000e+02
5.335887826262194267e+00 4.283841552734375000e+02
5.339322578644726036e+00 4.350063781738281250e+02
5.342757331027256029e+00 4.474454345703125000e+02
5.346192083409787799e+00 4.628055419921875000e+02
5.349626835792318680e+00 4.763570556640625000e+02
5.353061588174850449e+00 4.777615051269531250e+02
5.356496340557381330e+00 4.669216613769531250e+02
5.359931092939913100e+00 4.447096252441406250e+02
5.363365845322443981e+00 4.266973571777343750e+02
5.366800597704974862e+00 4.045832824707031250e+02
5.370235350087505743e+00 4.021519470214843750e+02
5.373670102470037513e+00 4.038688049316406250e+02
5.377104854852568394e+00 4.028758850097656250e+02
5.380539607235100164e+00 4.001094360351562500e+02
5.383974359617631045e+00 3.992716064453125000e+02
5.387409112000161926e+00 3.978334655761718750e+02
5.390843864382692807e+00 3.914357910156250000e+02
5.394278616765223688e+00 3.935471191406250000e+02
5.397713369147755458e+00 3.931739196777343750e+02
5.401148121530286339e+00 3.962585449218750000e+02
5.404582873912818108e+00 3.936992187500000000e+02
5.408017626295348990e+00 3.976925048828125000e+02
5.411452378677880759e+00 4.010939331054687500e+02
5.414887131060411640e+00 4.035142822265625000e+02
5.418321883442942521e+00 4.054194641113281250e+02
5.421756635825473403e+00 4.098426818847656250e+02
5.425191388208005172e+00 4.170931396484375000e+02
5.428626140590536053e+00 4.223956298828125000e+02
5.432060892973067823e+00 4.171791687011718750e+02
5.435495645355598704e+00 4.113118896484375000e+02
5.438930397738130473e+00 4.106449890136718750e+02
5.442365150120660466e+00 4.034917602539062500e+02
5.445799902503192236e+00 3.982260131835937500e+02
5.449234654885723117e+00 3.930516967773437500e+02
5.452669407268254886e+00 3.954357910156250000e+02
5.456104159650785768e+00 3.942641601562500000e+02
5.459538912033316649e+00 3.974733276367187500e+02
5.462973664415848418e+00 4.011206970214843750e+02
5.466408416798379299e+00 4.096284179687500000e+02
5.469843169180910181e+00 4.201875915527343750e+02
5.473277921563441062e+00 4.373966064453125000e+02
5.476712673945972831e+00 4.482140197753906250e+02
5.480147426328503713e+00 4.513541259765625000e+02
5.483582178711035482e+00 4.488667907714843750e+02
5.487016931093566363e+00 4.473868103027343750e+02
5.490451683476098133e+00 4.375671386718750000e+02
5.493886435858628126e+00 4.283879699707031250e+02
5.497321188241159895e+00 4.201446838378906250e+02
5.500755940623690776e+00 4.132645874023437500e+02
5.504190693006222546e+00 4.042272644042968750e+02
5.507625445388753427e+00 3.999931640625000000e+02
5.511060197771285196e+00 4.009380187988281250e+02
5.514494950153816077e+00 4.032735595703125000e+02
5.517929702536346959e+00 4.072442626953125000e+02
5.521364454918877840e+00 4.102189331054687500e+02
5.524799207301409609e+00 4.112951354980468750e+02
5.528233959683940490e+00 4.121448669433593750e+02
5.531668712066472260e+00 4.087526550292968750e+02
5.535103464449003141e+00 4.080032348632812500e+02
5.538538216831534022e+00 4.053627929687500000e+02
5.541972969214064904e+00 3.983360595703125000e+02
5.545407721596595785e+00 3.951622009277343750e+02
5.548842473979127554e+00 3.987322082519531250e+02
5.552277226361658435e+00 4.082369384765625000e+02
5.555711978744190205e+00 4.110491027832031250e+02
5.559146731126721086e+00 4.140751647949218750e+02
5.562581483509252855e+00 4.185656433105468750e+02
5.566016235891783737e+00 4.200209045410156250e+02
5.569450988274314618e+00 4.226874389648437500e+02
5.572885740656845499e+00 4.191159973144531250e+02
5.576320493039377268e+00 4.140671081542968750e+02
5.579755245421908150e+00 4.052586364746093750e+02
5.583189997804439919e+00 4.004854125976562500e+02
5.586624750186970800e+00 3.978479309082031250e+02
5.590059502569502570e+00 4.018478698730468750e+02
5.593494254952032563e+00 4.084376831054687500e+02
5.596929007334564332e+00 4.144933166503906250e+02
5.600363759717095213e+00 4.126155700683593750e+02
5.603798512099626983e+00 4.065292358398437500e+02
5.607233264482157864e+00 4.036601562500000000e+02
5.610668016864688745e+00 4.043226623535156250e+02
5.614102769247220515e+00 4.030935363769531250e+02
5.617537521629751396e+00 4.033254394531250000e+02
5.620972274012282277e+00 3.988524169921875000e+02
5.624407026394813158e+00 3.925186767578125000e+02
5.627841778777344928e+00 3.889963989257812500e+02
5.631276531159875809e+00 3.922977905273437500e+02
5.634711283542407578e+00 3.991357116699218750e+02
5.638146035924938460e+00 4.031288757324218750e+02
5.641580788307470229e+00 3.986717529296875000e+02
5.645015540690000222e+00 3.957919311523437500e+02
5.648450293072531991e+00 3.913328247070312500e+02
5.651885045455062873e+00 3.926403808593750000e+02
5.655319797837594642e+00 3.907370605468750000e+02
5.658754550220125523e+00 3.935041198730468750e+02
5.662189302602657293e+00 3.951445922851562500e+02
5.665624054985188174e+00 3.986631164550781250e+02
5.669058807367719055e+00 4.035086975097656250e+02
5.672493559750249936e+00 4.048508911132812500e+02
5.675928312132781706e+00 4.080628967285156250e+02
5.679363064515312587e+00 4.099517822265625000e+02
5.682797816897844356e+00 4.180514526367187500e+02
5.686232569280375237e+00 4.198148803710937500e+02
5.689667321662906119e+00 4.258544921875000000e+02
5.693102074045437000e+00 4.272730712890625000e+02
5.696536826427967881e+00 4.287262573242187500e+02
5.699971578810499651e+00 4.354836120605468750e+02
5.703406331193030532e+00 4.441134033203125000e+02
5.706841083575562301e+00 4.537109375000000000e+02
5.710275835958093182e+00 4.579502563476562500e+02
5.713710588340624952e+00 4.638582458496093750e+02
5.717145340723154945e+00 4.608896484375000000e+02
5.720580093105686714e+00 4.578871765136718750e+02
5.724014845488217595e+00 4.498487854003906250e+02
5.727449597870749365e+00 4.400204162597656250e+02
5.730884350253280246e+00 4.229686889648437500e+02
5.734319102635812015e+00 4.079058837890625000e+02
5.737753855018342897e+00 3.969497070312500000e+02
5.741188607400874666e+00 3.930177001953125000e+02
5.744623359783404659e+00 3.924996337890625000e+02
5.748058112165936429e+00 3.911342773437500000e+02
5.751492864548467310e+00 3.882127685546875000e+02
5.754927616930999079e+00 3.883934936523437500e+02
5.758362369313529960e+00 3.898891601562500000e+02
5.761797121696060842e+00 3.918539123535156250e+02
5.765231874078592611e+00 3.958841247558593750e+02
5.768666626461123492e+00 3.964669799804687500e+02
5.772101378843654373e+00 3.909141845703125000e+02
5.775536131226185255e+00 3.865821838378906250e+02
5.778970883608717024e+00 3.887985839843750000e+02
5.782405635991247905e+00 3.916987304687500000e+02
5.785840388373779675e+00 3.849401550292968750e+02
5.789275140756310556e+00 3.758743896484375000e+02
5.792709893138841437e+00 3.764692993164062500e+02
5.796144645521372318e+00 3.819873962402343750e+02
5.799579397903904088e+00 3.861796569824218750e+02
5.803014150286434969e+00 3.852540588378906250e+02
5.806448902668966738e+00 3.873291625976562500e+02
5.809883655051497620e+00 3.887382507324218750e+02
5.813318407434029389e+00 3.873398132324218750e+02
5.816753159816560270e+00 3.855947265625000000e+02
5.820187912199091151e+00 3.862021484375000000e+02
5.823622664581622033e+00 3.876365356445312500e+02
5.827057416964153802e+00 3.874176025390625000e+02
5.830492169346684683e+00 3.841550598144531250e+02
5.833926921729216453e+00 3.855996093750000000e+02
5.837361674111747334e+00 3.846726074218750000e+02
5.840796426494278215e+00 3.856056213378906250e+02
5.844231178876809096e+00 3.887378234863281250e+02
5.847665931259339978e+00 3.890036926269531250e+02
5.851100683641871747e+00 3.860512695312500000e+02
5.854535436024402628e+00 3.841097412109375000e+02
5.857970188406934398e+00 3.893842468261718750e+02
5.861404940789465279e+00 3.874194030761718750e+02
5.864839693171997048e+00 3.876288146972656250e+02
5.868274445554527041e+00 3.856403808593750000e+02
5.871709197937058811e+00 3.826425476074218750e+02
5.875143950319589692e+00 3.796494140625000000e+02
5.878578702702121461e+00 3.823927612304687500e+02
5.882013455084652342e+00 3.769563293457031250e+02
5.885448207467184112e+00 3.746656188964843750e+02
5.888882959849714993e+00 3.777069396972656250e+02
5.892317712232246762e+00 3.846621704101562500e+02
5.895752464614776756e+00 3.875639953613281250e+02
5.899187216997308525e+00 3.836795349121093750e+02
5.902621969379839406e+00 3.791826782226562500e+02
5.906056721762371176e+00 3.794677734375000000e+02
5.909491474144902057e+00 3.820228576660156250e+02
5.912926226527432938e+00 3.861874694824218750e+02
5.916360978909964707e+00 3.795732727050781250e+02
5.919795731292495589e+00 3.724382324218750000e+02
5.923230483675026470e+00 3.740972290039062500e+02
5.926665236057557351e+00 3.787135314941406250e+02
5.930099988440089120e+00 3.746299133300781250e+02
5.933534740822620002e+00 3.666907348632812500e+02
5.936969493205151771e+00 3.692869567871093750e+02
5.940404245587682652e+00 3.749836120605468750e+02
5.943838997970213534e+00 3.799235839843750000e+02
5.947273750352744415e+00 3.831760253906250000e+02
5.950708502735276184e+00 3.877956237792968750e+02
5.954143255117807065e+00 3.938718566894531250e+02
5.957578007500338835e+00 3.971579589843750000e+02
5.961012759882869716e+00 4.034859619140625000e+02
5.964447512265401485e+00 4.070744934082031250e+02
5.967882264647932367e+00 4.124579467773437500e+02
5.971317017030463248e+00 4.116332397460937500e+02
5.974751769412994129e+00 4.098443908691406250e+02
5.978186521795525898e+00 4.025401611328125000e+02
5.981621274178056780e+00 3.951976318359375000e+02
5.985056026560588549e+00 3.876537170410156250e+02
5.988490778943119430e+00 3.871605529785156250e+02
5.991925531325650311e+00 3.844942626953125000e+02
5.995360283708181193e+00 3.824846496582031250e+02
5.998795036090712074e+00 3.820970764160156250e+02
6.002229788473243843e+00 3.833223266601562500e+02
6.005664540855774725e+00 3.844089660644531250e+02
6.009099293238306494e+00 3.832394714355468750e+02
6.012534045620837375e+00 3.807101745605468750e+02
6.015968798003369145e+00 3.849454956054687500e+02
6.019403550385899138e+00 3.889014892578125000e+02
6.022838302768430907e+00 3.935291748046875000e+02
6.026273055150961788e+00 3.928510437011718750e+02
6.029707807533493558e+00 3.902206420898437500e+02
6.033142559916024439e+00 3.852156372070312500e+02
6.036577312298556208e+00 3.821005554199218750e+02
6.040012064681087089e+00 3.816372985839843750e+02
6.043446817063618859e+00 3.817681579589843750e+02
6.046881569446148852e+00 3.877697448730468750e+02
6.050316321828680621e+00 3.883696289062500000e+02
6.053751074211211503e+00 3.904564514160156250e+02
6.057185826593743272e+00 3.913771667480468750e+02
6.060620578976274153e+00 3.969218750000000000e+02
6.064055331358805923e+00 4.005783386230468750e+02
6.067490083741336804e+00 4.061330566406250000e+02
6.070924836123867685e+00 4.033483886718750000e+02
6.074359588506398566e+00 4.003982849121093750e+02
6.077794340888929447e+00 3.908540649414062500e+02
6.081229093271461217e+00 3.853200988769531250e+02
6.084663845653992098e+00 3.774831542968750000e+02
6.088098598036523867e+00 3.684956359863281250e+02
6.091533350419054749e+00 3.682756958007812500e+02
6.094968102801585630e+00 3.669179077148437500e+02
6.098402855184116511e+00 3.722569885253906250e+02
6.101837607566648281e+00 3.738467712402343750e+02
6.105272359949179162e+00 3.774286804199218750e+02
6.108707112331710931e+00 3.769105529785156250e+02
6.112141864714241812e+00 3.762598266601562500e+02
6.115576617096773582e+00 3.776795654296875000e+02
6.119011369479304463e+00 3.778663940429687500e+02
6.122446121861835344e+00 3.773582458496093750e+02
6.125880874244366225e+00 3.759560241699218750e+02
6.129315626626897995e+00 3.781828308105468750e+02
6.132750379009428876e+00 3.786748962402343750e+02
6.136185131391960645e+00 3.791908264160156250e+02
6.139619883774491527e+00 3.836712036132812500e+02
6.143054636157022408e+00 3.817358703613281250e+02
6.146489388539553289e+00 3.785629882812500000e+02
6.149924140922085058e+00 3.839703063964843750e+02
6.153358893304615940e+00 3.864483337402343750e+02
6.156793645687146821e+00 3.854631347656250000e+02
6.160228398069678590e+00 3.770172119140625000e+02
6.163663150452209472e+00 3.748242492675781250e+02
6.167097902834741241e+00 3.755057983398437500e+02
6.170532655217271234e+00 3.791918334960937500e+02
6.173967407599803003e+00 3.733837890625000000e+02
6.177402159982333885e+00 3.687716064453125000e+02
6.180836912364865654e+00 3.654449157714843750e+02
6.184271664747396535e+00 3.674870605468750000e+02
6.187706417129928305e+00 3.626754150390625000e+02
6.191141169512459186e+00 3.595427551269531250e+02
6.194575921894990067e+00 3.584827270507812500e+02
6.198010674277520948e+00 3.595368347167968750e+02
6.201445426660052718e+00 3.646310729980468750e+02
6.204880179042583599e+00 3.634925231933593750e+02
6.208314931425115368e+00 3.560738525390625000e+02
6.211749683807646250e+00 3.543907470703125000e+02
6.215184436190178019e+00 3.611192626953125000e+02
6.218619188572708900e+00 3.703545227050781250e+02
6.222053940955239781e+00 3.669023437500000000e+02
6.225488693337770663e+00 3.635251770019531250e+02
6.228923445720301544e+00 3.585890502929687500e+02
6.232358198102833313e+00 3.587565917968750000e+02
6.235792950485364194e+00 3.550326843261718750e+02
6.239227702867895964e+00 3.532539978027343750e+02
6.242662455250426845e+00 3.523123168945312500e+02
6.246097207632957726e+00 3.521749267578125000e+02
6.249531960015488607e+00 3.563895263671875000e+02
6.252966712398020377e+00 3.626697998046875000e+02
6.256401464780551258e+00 3.647968750000000000e+02
6.259836217163083028e+00 3.635618896484375000e+02
6.263270969545613909e+00 3.674534912109375000e+02
6.266705721928145678e+00 3.717169494628906250e+02
6.270140474310675671e+00 3.778255615234375000e+02
6.273575226693207441e+00 3.885142517089843750e+02
6.277009979075738322e+00 3.976503906250000000e+02
6.280444731458270091e+00 4.004553833007812500e+02
6.283879483840800972e+00 4.029833374023437500e+02
6.287314236223332742e+00 3.960260925292968750e+02
6.290748988605863623e+00 3.878427734375000000e+02
6.294183740988394504e+00 3.765111083984375000e+02
6.297618493370925385e+00 3.677679443359375000e+02
6.301053245753457155e+00 3.584962768554687500e+02
6.304487998135988036e+00 3.521030578613281250e+02
6.307922750518518917e+00 3.517489929199218750e+02
6.311357502901050687e+00 3.554371643066406250e+02
6.314792255283581568e+00 3.574316711425781250e+02
6.318227007666113337e+00 3.570631713867187500e+02
6.321661760048643330e+00 3.540808715820312500e+02
6.325096512431175100e+00 3.538906860351562500e+02
6.328531264813705981e+00 3.621647033691406250e+02
6.331966017196237750e+00 3.770830688476562500e+02
6.335400769578768632e+00 3.841268310546875000e+02
6.338835521961300401e+00 3.868967895507812500e+02
6.342270274343831282e+00 3.799649047851562500e+02
6.345705026726362163e+00 3.757477111816406250e+02
6.349139779108893045e+00 3.680327453613281250e+02
6.352574531491424814e+00 3.593113403320312500e+02
6.356009283873955695e+00 3.535881347656250000e+02
6.359444036256487465e+00 3.499982299804687500e+02
6.362878788639018346e+00 3.455822143554687500e+02
6.366313541021550115e+00 3.439243469238281250e+02
6.369748293404080997e+00 3.451126708984375000e+02
6.373183045786611878e+00 3.499651184082031250e+02
6.376617798169142759e+00 3.473514709472656250e+02
6.380052550551673640e+00 3.543632507324218750e+02
6.383487302934205410e+00 3.613554992675781250e+02
6.386922055316736291e+00 3.637373962402343750e+02
6.390356807699268060e+00 3.563339843750000000e+02
6.393791560081798941e+00 3.534594116210937500e+02
6.397226312464329823e+00 3.511285400390625000e+02
6.400661064846860704e+00 3.500632934570312500e+02
6.404095817229392473e+00 3.526943359375000000e+02
6.407530569611923355e+00 3.580657043457031250e+02
6.410965321994455124e+00 3.575588684082031250e+02
6.414400074376986005e+00 3.559927673339843750e+02
6.417834826759517775e+00 3.585740661621093750e+02
6.421269579142047768e+00 3.647778930664062500e+02
6.424704331524579537e+00 3.709418640136718750e+02
6.428139083907110418e+00 3.703994750976562500e+02
6.431573836289642188e+00 3.734712829589843750e+02
6.435008588672173069e+00 3.762273254394531250e+02
6.438443341054704838e+00 3.743215332031250000e+02
6.441878093437235719e+00 3.697792358398437500e+02
6.445312845819766601e+00 3.667505798339843750e+02
6.448747598202297482e+00 3.626882934570312500e+02
6.452182350584829251e+00 3.608750000000000000e+02
6.455617102967360132e+00 3.584860839843750000e+02
6.459051855349891014e+00 3.556307678222656250e+02
6.462486607732422783e+00 3.535191955566406250e+02
6.465921360114953664e+00 3.539006958007812500e+02
6.469356112497485434e+00 3.562052307128906250e+02
6.472790864880015427e+00 3.554570007324218750e+02
6.476225617262547196e+00 3.575033569335937500e+02
6.479660369645078077e+00 3.579684753417968750e+02
6.483095122027609847e+00 3.554318847656250000e+02
6.486529874410140728e+00 3.508158874511718750e+02
6.489964626792672497e+00 3.496226501464843750e+02
6.493399379175203379e+00 3.504182434082031250e+02
6.496834131557734260e+00 3.503724060058593750e+02
6.500268883940265141e+00 3.481031799316406250e+02
6.503703636322796910e+00 3.482837829589843750e+02
6.507138388705327792e+00 3.506582031250000000e+02
6.510573141087859561e+00 3.516153869628906250e+02
6.514007893470390442e+00 3.539550170898437500e+02
6.517442645852922212e+00 3.549024353027343750e+02
6.520877398235453093e+00 3.524631958007812500e+02
6.524312150617983974e+00 3.468809814453125000e+02
6.527746903000514855e+00 3.513407287597656250e+02
6.531181655383045737e+00 3.532810974121093750e+02
6.534616407765577506e+00 3.571645507812500000e+02
6.538051160148108387e+00 3.592834167480468750e+02
6.541485912530640157e+00 3.625560913085937500e+02
6.544920664913171038e+00 3.556847839355468750e+02
6.548355417295701919e+00 3.492276916503906250e+02
6.551790169678232800e+00 3.465135498046875000e+02
6.555224922060764570e+00 3.490516052246093750e+02
6.558659674443295451e+00 3.474053955078125000e+02
6.562094426825827220e+00 3.493485717773437500e+02
6.565529179208358102e+00 3.476554260253906250e+02
6.568963931590889871e+00 3.479178466796875000e+02
6.572398683973419864e+00 3.456093139648437500e+02
6.575833436355951633e+00 3.491500854492187500e+02
6.579268188738482515e+00 3.560072326660156250e+02
6.582702941121014284e+00 3.621112976074218750e+02
6.586137693503545165e+00 3.568367309570312500e+02
6.589572445886076935e+00 3.560157470703125000e+02
6.593007198268607816e+00 3.542321777343750000e+02
6.596441950651138697e+00 3.579824829101562500e+02
6.599876703033669578e+00 3.545587158203125000e+02
6.603311455416201348e+00 3.572591247558593750e+02
6.606746207798732229e+00 3.542842102050781250e+02
6.610180960181263110e+00 3.519736328125000000e+02
6.613615712563794879e+00 3.492630004882812500e+02
6.617050464946325761e+00 3.488067321777343750e+02
6.620485217328857530e+00 3.431813964843750000e+02
6.623919969711387523e+00 3.407750549316406250e+02
6.627354722093919293e+00 3.447864685058593750e+02
6.630789474476450174e+00 3.460610656738281250e+02
6.634224226858981943e+00 3.483543395996093750e+02
6.637658979241512824e+00 3.477932739257812500e+02
6.641093731624044594e+00 3.442308349609375000e+02
6.644528484006575475e+00 3.438271789550781250e+02
6.647963236389106356e+00 3.467825622558593750e+02
6.651397988771637237e+00 3.519946594238281250e+02
6.654832741154169007e+00 3.488490600585937500e+02
6.658267493536699888e+00 3.462538757324218750e+02
6.661702245919231657e+00 3.450688476562500000e+02
6.665136998301762539e+00 3.448230285644531250e+02
6.668571750684294308e+00 3.436985168457031250e+02
6.672006503066824301e+00 3.505653991699218750e+02
6.675441255449356071e+00 3.543999938964843750e+02
6.678876007831886952e+00 3.563566589355468750e+02
6.682310760214417833e+00 3.610479431152343750e+02
6.685745512596949602e+00 3.682019042968750000e+02
6.689180264979480484e+00 3.748254089355468750e+02
6.692615017362012253e+00 3.723379211425781250e+02
6.696049769744543134e+00 3.645076904296875000e+02
6.699484522127074015e+00 3.475152587890625000e+02
6.702919274509604897e+00 3.409342956542968750e+02
6.706354026892136666e+00 3.376335449218750000e+02
6.709788779274667547e+00 3.400023803710937500e+02
6.713223531657199317e+00 3.427193908691406250e+02
6.716658284039730198e+00 3.428908691406250000e+02
6.720093036422261967e+00 3.389859924316406250e+02
6.723527788804791960e+00 3.372637939453125000e+02
6.726962541187323730e+00 3.375804748535156250e+02
6.730397293569854611e+00 3.357515869140625000e+02
6.733832045952386380e+00 3.373716125488281250e+02
6.737266798334917262e+00 3.346096496582031250e+02
6.740701550717449031e+00 3.383135070800781250e+02
6.744136303099979912e+00 3.407088623046875000e+02
6.747571055482510793e+00 3.433873291015625000e+02
6.751005807865041675e+00 3.425363769531250000e+02
6.754440560247573444e+00 3.436544799804687500e+02
6.757875312630104325e+00 3.418729858398437500e+02
6.761310065012635206e+00 3.430412597656250000e+02
6.764744817395166976e+00 3.500843200683593750e+02
6.768179569777697857e+00 3.550242919921875000e+02
6.771614322160229626e+00 3.540974426269531250e+02
6.775049074542759620e+00 3.491795349121093750e+02
6.778483826925291389e+00 3.491798706054687500e+02
6.781918579307822270e+00 3.469089965820312500e+02
6.785353331690354040e+00 3.426044006347656250e+02
6.788788084072884921e+00 3.417167968750000000e+02
6.792222836455416690e+00 3.420355529785156250e+02
6.795657588837947571e+00 3.462889099121093750e+02
6.799092341220478453e+00 3.529986572265625000e+02
6.802527093603009334e+00 3.641609497070312500e+02
6.805961845985541103e+00 3.693016662597656250e+02
6.809396598368071984e+00 3.666420898437500000e+02
6.812831350750603754e+00 3.670031433105468750e+02
6.816266103133134635e+00 3.619630126953125000e+02
6.819700855515666404e+00 3.529458923339843750e+02
6.823135607898196398e+00 3.470375671386718750e+02
6.826570360280728167e+00 3.431158752441406250e+02
6.830005112663259048e+00 3.438115539550781250e+02
6.833439865045790818e+00 3.438772888183593750e+02
6.836874617428321699e+00 3.434890441894531250e+02
6.840309369810852580e+00 3.457570800781250000e+02
6.843744122193384349e+00 3.490828857421875000e+02
6.847178874575915231e+00 3.521778259277343750e+02
6.850613626958446112e+00 3.552670898437500000e+02
6.854048379340976993e+00 3.530292053222656250e+02
6.857483131723508762e+00 3.545089111328125000e+02
6.860917884106039644e+00 3.561775207519531250e+02
6.864352636488571413e+00 3.540441284179687500e+02
6.867787388871102294e+00 3.471279296875000000e+02
6.871222141253634064e+00 3.449561462402343750e+02
6.874656893636164057e+00 3.469302062988281250e+02
6.878091646018695826e+00 3.527124023437500000e+02
6.881526398401226707e+00 3.526609497070312500e+02
6.884961150783758477e+00 3.537777404785156250e+02
6.888395903166289358e+00 3.659990234375000000e+02
6.891830655548821127e+00 3.892277221679687500e+02
6.895265407931352009e+00 4.112169799804687500e+02
6.898700160313882890e+00 4.255991210937500000e+02
6.902134912696413771e+00 4.270328369140625000e+02
6.905569665078945540e+00 4.219959716796875000e+02
6.909004417461476422e+00 4.125598144531250000e+02
6.912439169844007303e+00 3.951643066406250000e+02
6.915873922226539072e+00 3.783672485351562500e+02
6.919308674609069953e+00 3.589575500488281250e+02
6.922743426991601723e+00 3.491778564453125000e+02
6.926178179374131716e+00 3.399553527832031250e+02
6.929612931756663485e+00 3.366154785156250000e+02
6.933047684139194367e+00 3.381545104980468750e+02
6.936482436521726136e+00 3.425852661132812500e+02
6.939917188904257017e+00 3.493542175292968750e+02
6.943351941286788787e+00 3.540202941894531250e+02
6.946786693669319668e+00 3.575349121093750000e+02
6.950221446051850549e+00 3.549116516113281250e+02
6.953656198434381430e+00 3.542819519042968750e+02
6.957090950816913200e+00 3.512585144042968750e+02
6.960525703199444081e+00 3.488321838378906250e+02
6.963960455581975850e+00 3.423551940917968750e+02
6.967395207964506731e+00 3.363609619140625000e+02
6.970829960347038501e+00 3.377549438476562500e+02
6.974264712729568494e+00 3.401167297363281250e+02
6.977699465112100263e+00 3.426550292968750000e+02
6.981134217494631145e+00 3.491031494140625000e+02
6.984568969877162914e+00 3.530166931152343750e+02
6.988003722259693795e+00 3.488736572265625000e+02
6.991438474642224676e+00 3.404603576660156250e+02
6.994873227024756446e+00 3.370133972167968750e+02
6.998307979407287327e+00 3.346336059570312500e+02
7.001742731789818208e+00 3.318645629882812500e+02
7.005177484172349089e+00 3.334717712402343750e+02
7.008612236554880859e+00 3.366189575195312500e+02
7.012046988937411740e+00 3.436453552246093750e+02
7.015481741319943509e+00 3.415045776367187500e+02
7.018916493702474391e+00 3.415030212402343750e+02
7.022351246085006160e+00 3.383837890625000000e+02
7.025785998467536153e+00 3.379559020996093750e+02
7.029220750850067922e+00 3.369927673339843750e+02
7.032655503232598804e+00 3.347937622070312500e+02
7.036090255615130573e+00 3.349734191894531250e+02
7.039525007997661454e+00 3.358027038574218750e+02
7.042959760380193224e+00 3.378392639160156250e+02
7.046394512762724105e+00 3.384404296875000000e+02
7.049829265145254986e+00 3.342981872558593750e+02
7.053264017527785867e+00 3.329983520507812500e+02
7.056698769910317637e+00 3.334022521972656250e+02
7.060133522292848518e+00 3.352371215820312500e+02
7.063568274675379399e+00 3.336368408203125000e+02
7.067003027057911169e+00 3.337131347656250000e+02
7.070437779440442050e+00 3.391585693359375000e+02
7.073872531822972931e+00 3.447112121582031250e+02
7.077307284205503812e+00 3.520363464355468750e+02
7.080742036588035582e+00 3.570814514160156250e+02
7.084176788970566463e+00 3.537671813964843750e+02
7.087611541353098232e+00 3.526200256347656250e+02
7.091046293735629114e+00 3.592947692871093750e+02
7.094481046118160883e+00 3.643865966796875000e+02
7.097915798500691764e+00 3.664654846191406250e+02
7.101350550883222645e+00 3.632976989746093750e+02
7.104785303265753527e+00 3.551079406738281250e+02
7.108220055648285296e+00 3.446563415527343750e+02
7.111654808030816177e+00 3.371953125000000000e+02
7.115089560413347947e+00 3.334318542480468750e+02
7.118524312795878828e+00 3.331858825683593750e+02
7.121959065178410597e+00 3.324737548828125000e+02
7.125393817560940590e+00 3.274399719238281250e+02
7.128828569943472360e+00 3.194960327148437500e+02
7.132263322326003241e+00 3.167682189941406250e+02
7.135698074708535010e+00 3.243814392089843750e+02
7.139132827091065892e+00 3.227661743164062500e+02
7.142567579473596773e+00 3.173113708496093750e+02
7.146002331856128542e+00 3.191459045410156250e+02
7.149437084238658535e+00 3.272169189453125000e+02
7.152871836621190305e+00 3.321655578613281250e+02
7.156306589003721186e+00 3.378790283203125000e+02
7.159741341386252955e+00 3.416970825195312500e+02
7.163176093768782948e+00 3.454302062988281250e+02
7.166610846151314718e+00 3.474814147949218750e+02
7.170045598533845599e+00 3.447777709960937500e+02
7.173480350916377368e+00 3.403758239746093750e+02
7.176915103298908249e+00 3.338318176269531250e+02
7.180349855681440019e+00 3.344134216308593750e+02
7.183784608063970900e+00 3.313224182128906250e+02
7.187219360446502670e+00 3.254439697265625000e+02
7.190654112829033551e+00 3.262984619140625000e+02
7.194088865211565320e+00 3.272767944335937500e+02
7.197523617594096201e+00 3.271289062500000000e+02
7.200958369976627971e+00 3.238800659179687500e+02
7.204393122359158852e+00 3.218782348632812500e+02
7.207827874741689733e+00 3.214634399414062500e+02
7.211262627124221503e+00 3.242519531250000000e+02
7.214697379506751496e+00 3.215003662109375000e+02
7.218132131889282377e+00 3.170244140625000000e+02
7.221566884271814146e+00 3.163030395507812500e+02
7.225001636654345027e+00 3.198948669433593750e+02
7.228436389036875909e+00 3.177263793945312500e+02
7.231871141419407678e+00 3.181398925781250000e+02
7.235305893801938559e+00 3.227778015136718750e+02
7.238740646184470329e+00 3.191702270507812500e+02
7.242175398567001210e+00 3.151237182617187500e+02
7.245610150949532979e+00 3.158208618164062500e+02
7.249044903332063861e+00 3.159006042480468750e+02
7.252479655714595630e+00 3.174556274414062500e+02
7.255914408097126511e+00 3.198899536132812500e+02
7.259349160479658281e+00 3.200994262695312500e+02
7.262783912862187385e+00 3.232639465332031250e+02
7.266218665244719155e+00 3.289193725585937500e+02
7.269653417627250036e+00 3.303869018554687500e+02
7.273088170009781805e+00 3.279559020996093750e+02
7.276522922392312687e+00 3.248435668945312500e+02
7.279957674774844456e+00 3.180571899414062500e+02
7.283392427157375337e+00 3.169017944335937500e+02
7.286827179539907107e+00 3.206548767089843750e+02
7.290261931922437988e+00 3.293710632324218750e+02
7.293696684304968869e+00 3.292615051269531250e+02
7.297131436687500639e+00 3.291958007812500000e+02
7.300566189070031520e+00 3.287711486816406250e+02
7.304000941452563289e+00 3.303045349121093750e+02
7.307435693835094170e+00 3.284216308593750000e+02
7.310870446217625940e+00 3.276965332031250000e+02
7.314305198600155045e+00 3.234022521972656250e+02
7.317739950982686814e+00 3.198515014648437500e+02
7.321174703365217695e+00 3.185231628417968750e+02
7.324609455747749465e+00 3.207395019531250000e+02
7.328044208130280346e+00 3.204380493164062500e+02
7.331478960512812115e+00 3.182377014160156250e+02
7.334913712895342996e+00 3.169797363281250000e+02
7.338348465277874766e+00 3.199073791503906250e+02
7.341783217660405647e+00 3.217678527832031250e+02
7.345217970042937417e+00 3.209060974121093750e+02
7.348652722425468298e+00 3.151668395996093750e+02
7.352087474808000067e+00 3.172745056152343750e+02
7.355522227190530948e+00 3.244547729492187500e+02
7.358956979573061830e+00 3.275374755859375000e+02
7.362391731955593599e+00 3.277908935546875000e+02
7.365826484338123592e+00 3.346632385253906250e+02
7.369261236720654473e+00 3.352225646972656250e+02
7.372695989103186243e+00 3.344301757812500000e+02
7.376130741485717124e+00 3.306864929199218750e+02
7.379565493868248005e+00 3.252846374511718750e+02
7.383000246250779774e+00 3.210465087890625000e+02
7.386434998633310656e+00 3.218668823242187500e+02
7.389869751015842425e+00 3.206482543945312500e+02
7.393304503398373306e+00 3.145202026367187500e+02
7.396739255780905076e+00 3.143392333984375000e+02
7.400174008163435957e+00 3.155494995117187500e+02
7.403608760545967726e+00 3.194830322265625000e+02
7.407043512928498608e+00 3.178088684082031250e+02
7.410478265311030377e+00 3.129416503906250000e+02
7.413913017693559482e+00 3.074727478027343750e+02
7.417347770076091251e+00 3.071716918945312500e+02
7.420782522458622132e+00 3.034187316894531250e+02
7.424217274841153902e+00 3.019429626464843750e+02
7.427652027223684783e+00 3.012503051757812500e+02
7.431086779606216552e+00 2.954994201660156250e+02
7.434521531988747434e+00 2.896929016113281250e+02
7.437956284371279203e+00 2.869992675781250000e+02
