# # sector 06: chi = -115.01 deg (range [-120, -110))
# # columns: 2theta(deg)  intensity
1.052751605245807909e+00 1.265476928710937500e+03
1.056186357628339012e+00 1.261439208984375000e+03
1.059621110010870337e+00 1.266093872070312500e+03
1.063055862393401441e+00 1.274937377929687500e+03
1.066490614775932544e+00 1.274427246093750000e+03
1.069925367158463869e+00 1.252679443359375000e+03
1.073360119540994972e+00 1.245917968750000000e+03
1.076794871923526298e+00 1.257799926757812500e+03
1.080229624306057401e+00 1.262927978515625000e+03
1.083664376688588726e+00 1.266896484375000000e+03
1.087099129071119830e+00 1.261932739257812500e+03
1.090533881453650933e+00 1.262419189453125000e+03
1.093968633836182036e+00 1.265919067382812500e+03
1.097403386218713361e+00 1.268572021484375000e+03
1.100838138601244465e+00 1.274593017578125000e+03
1.104272890983775568e+00 1.280993896484375000e+03
1.107707643366306893e+00 1.283039916992187500e+03
1.111142395748837997e+00 1.279615844726562500e+03
1.114577148131369322e+00 1.278141113281250000e+03
1.118011900513900425e+00 1.280586669921875000e+03
1.121446652896431750e+00 1.288128173828125000e+03
1.124881405278962854e+00 1.288674072265625000e+03
1.128316157661493957e+00 1.296143432617187500e+03
1.131750910044025060e+00 1.309288452148437500e+03
1.135185662426556386e+00 1.305791503906250000e+03
1.138620414809087489e+00 1.291968627929687500e+03
1.142055167191618592e+00 1.280669189453125000e+03
1.145489919574149917e+00 1.285183105468750000e+03
1.148924671956681021e+00 1.283104736328125000e+03
1.152359424339212346e+00 1.281249755859375000e+03
1.155794176721743449e+00 1.292754516601562500e+03
1.159228929104274775e+00 1.292108398437500000e+03
1.162663681486805878e+00 1.281607421875000000e+03
1.166098433869336981e+00 1.276299438476562500e+03
1.169533186251868084e+00 1.284783813476562500e+03
1.172967938634399410e+00 1.298592407226562500e+03
1.176402691016930513e+00 1.306508422851562500e+03
1.179837443399461616e+00 1.317619018554687500e+03
1.183272195781992941e+00 1.333695068359375000e+03
1.186706948164524045e+00 1.335715087890625000e+03
1.190141700547055370e+00 1.334154785156250000e+03
1.193576452929586473e+00 1.332373535156250000e+03
1.197011205312117799e+00 1.338479003906250000e+03
1.200445957694648902e+00 1.337674438476562500e+03
1.203880710077180005e+00 1.329642944335937500e+03
1.207315462459711108e+00 1.320265380859375000e+03
1.210750214842242434e+00 1.316096069335937500e+03
1.214184967224773537e+00 1.319325195312500000e+03
1.217619719607304640e+00 1.324843139648437500e+03
1.221054471989835966e+00 1.341837768554687500e+03
1.224489224372367069e+00 1.353067626953125000e+03
1.227923976754898394e+00 1.357371582031250000e+03
1.231358729137429497e+00 1.360699218750000000e+03
1.234793481519960823e+00 1.361002197265625000e+03
1.238228233902491926e+00 1.360978271484375000e+03
1.241662986285023029e+00 1.348833496093750000e+03
1.245097738667554133e+00 1.344502929687500000e+03
1.248532491050085236e+00 1.345735839843750000e+03
1.251967243432616561e+00 1.361571289062500000e+03
1.255401995815147664e+00 1.371127563476562500e+03
1.258836748197678990e+00 1.375452270507812500e+03
1.262271500580210093e+00 1.374007324218750000e+03
1.265706252962741418e+00 1.387616577148437500e+03
1.269141005345272522e+00 1.396249633789062500e+03
1.272575757727803847e+00 1.408330566406250000e+03
1.276010510110334950e+00 1.407315185546875000e+03
1.279445262492866053e+00 1.398592895507812500e+03
1.282880014875397157e+00 1.388196289062500000e+03
1.286314767257928260e+00 1.385123901367187500e+03
1.289749519640459585e+00 1.383983886718750000e+03
1.293184272022990688e+00 1.384079223632812500e+03
1.296619024405522014e+00 1.384623413085937500e+03
1.300053776788053117e+00 1.396587890625000000e+03
1.303488529170584442e+00 1.404121459960937500e+03
1.306923281553115546e+00 1.417545898437500000e+03
1.310358033935646871e+00 1.419288940429687500e+03
1.313792786318177974e+00 1.415071533203125000e+03
1.317227538700709077e+00 1.410769409179687500e+03
1.320662291083240181e+00 1.419769042968750000e+03
1.324097043465771284e+00 1.433805786132812500e+03
1.327531795848302609e+00 1.440534057617187500e+03
1.330966548230833713e+00 1.441223999023437500e+03
1.334401300613365038e+00 1.445525390625000000e+03
1.337836052995896141e+00 1.456277343750000000e+03
1.341270805378427466e+00 1.468567626953125000e+03
1.344705557760958570e+00 1.503136840820312500e+03
1.348140310143489895e+00 1.537866088867187500e+03
1.351575062526020998e+00 1.568314697265625000e+03
1.355009814908552102e+00 1.585030273437500000e+03
1.358444567291083205e+00 1.582194946289062500e+03
1.361879319673614308e+00 1.570924194335937500e+03
1.365314072056145633e+00 1.537943481445312500e+03
1.368748824438676737e+00 1.505618896484375000e+03
1.372183576821208062e+00 1.469392456054687500e+03
1.375618329203739165e+00 1.446445312500000000e+03
1.379053081586270491e+00 1.443652832031250000e+03
1.382487833968801594e+00 1.445446289062500000e+03
1.385922586351332919e+00 1.442769653320312500e+03
1.389357338733864022e+00 1.443202392578125000e+03
1.392792091116395126e+00 1.445760864257812500e+03
1.396226843498926229e+00 1.447957519531250000e+03
1.399661595881457332e+00 1.443730224609375000e+03
1.403096348263988657e+00 1.447686889648437500e+03
1.406531100646519761e+00 1.454525024414062500e+03
1.409965853029051086e+00 1.455290649414062500e+03
1.413400605411582189e+00 1.453116333007812500e+03
1.416835357794113515e+00 1.455623779296875000e+03
1.420270110176644618e+00 1.463037109375000000e+03
1.423704862559175943e+00 1.472544433593750000e+03
1.427139614941707046e+00 1.475129638671875000e+03
1.430574367324238150e+00 1.476981445312500000e+03
1.434009119706769253e+00 1.478063964843750000e+03
1.437443872089300356e+00 1.486888916015625000e+03
1.440878624471831682e+00 1.494359252929687500e+03
1.444313376854362785e+00 1.504398925781250000e+03
1.447748129236894110e+00 1.500979125976562500e+03
1.451182881619425213e+00 1.482681152343750000e+03
1.454617634001956539e+00 1.465114990234375000e+03
1.458052386384487642e+00 1.459479248046875000e+03
1.461487138767018967e+00 1.478177368164062500e+03
1.464921891149550071e+00 1.496549194335937500e+03
1.468356643532081174e+00 1.507210083007812500e+03
1.471791395914612277e+00 1.502012695312500000e+03
1.475226148297143380e+00 1.505185913085937500e+03
1.478660900679674706e+00 1.498648193359375000e+03
1.482095653062205809e+00 1.496516601562500000e+03
1.485530405444737134e+00 1.495242187500000000e+03
1.488965157827268238e+00 1.494934204101562500e+03
1.492399910209799563e+00 1.494502685546875000e+03
1.495834662592330666e+00 1.503237915039062500e+03
1.499269414974861991e+00 1.515404785156250000e+03
1.502704167357393095e+00 1.518437744140625000e+03
1.506138919739924198e+00 1.518169433593750000e+03
1.509573672122455301e+00 1.513292236328125000e+03
1.513008424504986404e+00 1.513239868164062500e+03
1.516443176887517730e+00 1.515844726562500000e+03
1.519877929270048833e+00 1.511901245117187500e+03
1.523312681652580158e+00 1.511295043945312500e+03
1.526747434035111262e+00 1.520662109375000000e+03
1.530182186417642587e+00 1.533439575195312500e+03
1.533616938800173690e+00 1.540574462890625000e+03
1.537051691182705015e+00 1.530298583984375000e+03
1.540486443565236119e+00 1.532656738281250000e+03
1.543921195947767222e+00 1.528250976562500000e+03
1.547355948330298325e+00 1.524404174804687500e+03
1.550790700712829429e+00 1.519572021484375000e+03
1.554225453095360754e+00 1.526084838867187500e+03
1.557660205477891857e+00 1.548687255859375000e+03
1.561094957860423182e+00 1.565008789062500000e+03
1.564529710242954286e+00 1.571264038085937500e+03
1.567964462625485611e+00 1.575438842773437500e+03
1.571399215008016714e+00 1.559871582031250000e+03
1.574833967390548040e+00 1.558559326171875000e+03
1.578268719773079143e+00 1.552253417968750000e+03
1.581703472155610246e+00 1.558936279296875000e+03
1.585138224538141349e+00 1.558590454101562500e+03
1.588572976920672453e+00 1.566384155273437500e+03
1.592007729303203778e+00 1.578359497070312500e+03
1.595442481685734881e+00 1.580024902343750000e+03
1.598877234068266207e+00 1.563953735351562500e+03
1.602311986450797310e+00 1.549241699218750000e+03
1.605746738833328635e+00 1.545502441406250000e+03
1.609181491215859738e+00 1.547278320312500000e+03
1.612616243598391064e+00 1.555671508789062500e+03
1.616050995980922167e+00 1.579556030273437500e+03
1.619485748363453270e+00 1.608242797851562500e+03
1.622920500745984373e+00 1.640738891601562500e+03
1.626355253128515477e+00 1.679643188476562500e+03
1.629790005511046802e+00 1.738352905273437500e+03
1.633224757893577905e+00 1.809482666015625000e+03
1.636659510276109231e+00 1.854357543945312500e+03
1.640094262658640334e+00 1.866673828125000000e+03
1.643529015041171659e+00 1.841369873046875000e+03
1.646963767423702762e+00 1.788263183593750000e+03
1.650398519806234088e+00 1.719196044921875000e+03
1.653833272188765191e+00 1.669446899414062500e+03
1.657268024571296294e+00 1.638671752929687500e+03
1.660702776953827398e+00 1.623378784179687500e+03
1.664137529336358501e+00 1.605675659179687500e+03
1.667572281718889826e+00 1.610360229492187500e+03
1.671007034101420929e+00 1.614942260742187500e+03
1.674441786483952255e+00 1.610974609375000000e+03
1.677876538866483358e+00 1.595797119140625000e+03
1.681311291249014683e+00 1.581386108398437500e+03
1.684746043631545787e+00 1.573177978515625000e+03
1.688180796014076890e+00 1.566666259765625000e+03
1.691615548396608215e+00 1.575686645507812500e+03
1.695050300779139318e+00 1.584753173828125000e+03
1.698485053161670422e+00 1.606383666992187500e+03
1.701919805544201525e+00 1.612361694335937500e+03
1.705354557926732850e+00 1.606662841796875000e+03
1.708789310309263954e+00 1.605350708007812500e+03
1.712224062691795279e+00 1.604030151367187500e+03
1.715658815074326382e+00 1.608407226562500000e+03
1.719093567456857707e+00 1.598747314453125000e+03
1.722528319839388811e+00 1.588300292968750000e+03
1.725963072221919914e+00 1.586458984375000000e+03
1.729397824604451239e+00 1.590506469726562500e+03
1.732832576986982343e+00 1.601262573242187500e+03
1.736267329369513446e+00 1.601478027343750000e+03
1.739702081752044549e+00 1.603877441406250000e+03
1.743136834134575874e+00 1.595635864257812500e+03
1.746571586517106978e+00 1.596015380859375000e+03
1.750006338899638303e+00 1.588511474609375000e+03
1.753441091282169406e+00 1.583093505859375000e+03
1.756875843664700731e+00 1.567169799804687500e+03
1.760310596047231835e+00 1.564220336914062500e+03
1.763745348429762938e+00 1.557378540039062500e+03
1.767180100812294263e+00 1.558963012695312500e+03
1.770614853194825367e+00 1.559918579101562500e+03
1.774049605577356470e+00 1.575019531250000000e+03
1.777484357959887573e+00 1.582875244140625000e+03
1.780919110342418898e+00 1.595005249023437500e+03
1.784353862724950002e+00 1.597471191406250000e+03
1.787788615107481327e+00 1.599968139648437500e+03
1.791223367490012208e+00 1.591197265625000000e+03
1.794658119872543534e+00 1.580390991210937500e+03
1.798092872255074859e+00 1.562820556640625000e+03
1.801527624637606184e+00 1.539431640625000000e+03
1.804962377020137065e+00 1.519269531250000000e+03
1.808397129402668391e+00 1.507358154296875000e+03
1.811831881785199494e+00 1.498466430664062500e+03
1.815266634167730819e+00 1.492452026367187500e+03
1.818701386550261700e+00 1.486234130859375000e+03
1.822136138932793026e+00 1.485162963867187500e+03
1.825570891315324351e+00 1.481062744140625000e+03
1.829005643697855676e+00 1.472173950195312500e+03
1.832440396080386558e+00 1.462992309570312500e+03
1.835875148462917883e+00 1.450784057617187500e+03
1.839309900845449208e+00 1.443988281250000000e+03
1.842744653227980089e+00 1.443511962890625000e+03
1.846179405610511415e+00 1.445865234375000000e+03
1.849614157993042740e+00 1.455221801757812500e+03
1.853048910375573843e+00 1.442648681640625000e+03
1.856483662758104725e+00 1.437877197265625000e+03
1.859918415140636050e+00 1.424103759765625000e+03
1.863353167523167375e+00 1.416715698242187500e+03
1.866787919905698701e+00 1.406879638671875000e+03
1.870222672288229582e+00 1.397323974609375000e+03
1.873657424670760907e+00 1.390364257812500000e+03
1.877092177053292232e+00 1.385258666992187500e+03
1.880526929435823114e+00 1.390186279296875000e+03
1.883961681818354439e+00 1.404820312500000000e+03
1.887396434200885764e+00 1.403774414062500000e+03
1.890831186583416867e+00 1.412572509765625000e+03
1.894265938965947749e+00 1.409576049804687500e+03
1.897700691348479074e+00 1.414446655273437500e+03
1.901135443731010399e+00 1.391694458007812500e+03
1.904570196113541725e+00 1.383486572265625000e+03
1.908004948496072606e+00 1.363959838867187500e+03
1.911439700878603931e+00 1.347972045898437500e+03
1.914874453261135256e+00 1.336250732421875000e+03
1.918309205643666138e+00 1.343287963867187500e+03
1.921743958026197463e+00 1.343997558593750000e+03
1.925178710408728788e+00 1.333072021484375000e+03
1.928613462791259892e+00 1.318826293945312500e+03
1.932048215173790773e+00 1.312156127929687500e+03
1.935482967556322098e+00 1.312444091796875000e+03
1.938917719938853423e+00 1.306192504882812500e+03
1.942352472321384749e+00 1.304600219726562500e+03
1.945787224703915630e+00 1.292560058593750000e+03
1.949221977086446955e+00 1.288826293945312500e+03
1.952656729468978281e+00 1.285679077148437500e+03
1.956091481851509162e+00 1.282542480468750000e+03
1.959526234234040487e+00 1.275332519531250000e+03
1.962960986616571812e+00 1.271109741210937500e+03
1.966395738999102916e+00 1.276218383789062500e+03
1.969830491381633797e+00 1.276964965820312500e+03
1.973265243764165122e+00 1.275194946289062500e+03
1.976699996146696447e+00 1.267158569335937500e+03
1.980134748529227329e+00 1.266598510742187500e+03
1.983569500911758654e+00 1.270999389648437500e+03
1.987004253294289979e+00 1.276431274414062500e+03
1.990439005676821305e+00 1.281013916015625000e+03
1.993873758059352186e+00 1.311613647460937500e+03
1.997308510441883511e+00 1.372110229492187500e+03
2.000743262824414614e+00 1.457405029296875000e+03
2.004178015206945940e+00 1.536167358398437500e+03
2.007612767589476821e+00 1.600921752929687500e+03
2.011047519972008146e+00 1.623651123046875000e+03
2.014482272354539472e+00 1.598694946289062500e+03
2.017917024737070353e+00 1.540705444335937500e+03
2.021351777119601678e+00 1.463597045898437500e+03
2.024786529502133003e+00 1.378406250000000000e+03
2.028221281884664329e+00 1.306978149414062500e+03
2.031656034267195210e+00 1.257641601562500000e+03
2.035090786649726535e+00 1.226270263671875000e+03
2.038525539032257861e+00 1.203582031250000000e+03
2.041960291414789186e+00 1.192099121093750000e+03
2.045395043797320067e+00 1.185861328125000000e+03
2.048829796179851392e+00 1.187682006835937500e+03
2.052264548562382718e+00 1.189091186523437500e+03
2.055699300944913599e+00 1.188105834960937500e+03
2.059134053327444924e+00 1.183036621093750000e+03
2.062568805709975805e+00 1.173429565429687500e+03
2.066003558092507131e+00 1.174810791015625000e+03
2.069438310475038012e+00 1.168259277343750000e+03
2.072873062857569337e+00 1.162344360351562500e+03
2.076307815240100663e+00 1.150768066406250000e+03
2.079742567622631988e+00 1.152196166992187500e+03
2.083177320005162869e+00 1.153379638671875000e+03
2.086612072387694194e+00 1.157137695312500000e+03
2.090046824770225520e+00 1.153124755859375000e+03
2.093481577152756401e+00 1.147111206054687500e+03
2.096916329535287726e+00 1.140860839843750000e+03
2.100351081917819052e+00 1.135943847656250000e+03
2.103785834300350377e+00 1.135680175781250000e+03
2.107220586682881258e+00 1.131800048828125000e+03
2.110655339065412583e+00 1.125839355468750000e+03
2.114090091447943909e+00 1.118118530273437500e+03
2.117524843830475234e+00 1.112395019531250000e+03
2.120959596213006115e+00 1.109621459960937500e+03
2.124394348595537441e+00 1.104153686523437500e+03
2.127829100978068766e+00 1.098512084960937500e+03
2.131263853360599647e+00 1.089578002929687500e+03
2.134698605743130972e+00 1.089490600585937500e+03
2.138133358125661854e+00 1.099442138671875000e+03
2.141568110508193179e+00 1.100876220703125000e+03
2.145002862890724060e+00 1.093666870117187500e+03
2.148437615273255386e+00 1.088819824218750000e+03
2.151872367655786711e+00 1.093489013671875000e+03
2.155307120038318036e+00 1.094584716796875000e+03
2.158741872420848917e+00 1.083451293945312500e+03
2.162176624803380243e+00 1.069389038085937500e+03
2.165611377185911568e+00 1.068646728515625000e+03
2.169046129568442449e+00 1.071304321289062500e+03
2.172480881950973775e+00 1.070135864257812500e+03
2.175915634333505100e+00 1.056170043945312500e+03
2.179350386716036425e+00 1.048685302734375000e+03
2.182785139098567306e+00 1.053944580078125000e+03
2.186219891481098632e+00 1.054730834960937500e+03
2.189654643863629957e+00 1.051533935546875000e+03
2.193089396246161282e+00 1.046567749023437500e+03
2.196524148628692163e+00 1.039480224609375000e+03
2.199958901011223489e+00 1.040945678710937500e+03
2.203393653393754814e+00 1.041481567382812500e+03
2.206828405776285695e+00 1.040140014648437500e+03
2.210263158158817021e+00 1.037602050781250000e+03
2.213697910541347902e+00 1.030801757812500000e+03
2.217132662923879227e+00 1.029945678710937500e+03
2.220567415306410108e+00 1.025729248046875000e+03
2.224002167688941434e+00 1.019050170898437500e+03
2.227436920071472759e+00 1.016650024414062500e+03
2.230871672454004084e+00 1.011104858398437500e+03
2.234306424836534966e+00 1.007856384277343750e+03
2.237741177219066291e+00 1.009380493164062500e+03
2.241175929601597616e+00 1.012915954589843750e+03
2.244610681984128497e+00 1.009493469238281250e+03
2.248045434366659823e+00 9.988886718750000000e+02
2.251480186749191148e+00 9.906199340820312500e+02
2.254914939131722473e+00 9.955606079101562500e+02
2.258349691514253355e+00 9.994736328125000000e+02
2.261784443896784680e+00 9.990402832031250000e+02
2.265219196279316005e+00 9.922333374023437500e+02
2.268653948661847330e+00 9.835540771484375000e+02
2.272088701044378212e+00 9.746525268554687500e+02
2.275523453426909537e+00 9.742805175781250000e+02
2.278958205809440862e+00 9.788002319335937500e+02
2.282392958191971744e+00 9.793831176757812500e+02
2.285827710574503069e+00 9.815542602539062500e+02
2.289262462957033950e+00 9.863852539062500000e+02
2.292697215339565275e+00 9.848969116210937500e+02
2.296131967722096157e+00 9.787817993164062500e+02
2.299566720104627482e+00 9.737857055664062500e+02
2.303001472487158807e+00 9.777929077148437500e+02
2.306436224869690133e+00 9.839876098632812500e+02
2.309870977252221014e+00 1.001301391601562500e+03
2.313305729634752339e+00 1.033385375976562500e+03
2.316740482017283664e+00 1.088112426757812500e+03
2.320175234399814546e+00 1.165751831054687500e+03
2.323609986782345871e+00 1.232776489257812500e+03
2.327044739164877196e+00 1.276824218750000000e+03
2.330479491547408522e+00 1.289841552734375000e+03
2.333914243929939403e+00 1.262893554687500000e+03
2.337348996312470728e+00 1.196079467773437500e+03
2.340783748695002053e+00 1.114768920898437500e+03
2.344218501077533379e+00 1.045604614257812500e+03
2.347653253460064260e+00 9.909989624023437500e+02
2.351088005842595585e+00 9.521672973632812500e+02
2.354522758225126911e+00 9.322619018554687500e+02
2.357957510607657792e+00 9.242310180664062500e+02
2.361392262990189117e+00 9.167855224609375000e+02
2.364827015372720442e+00 9.107758789062500000e+02
2.368261767755251324e+00 8.997753906250000000e+02
2.371696520137782205e+00 8.967211914062500000e+02
2.375131272520313530e+00 8.993195800781250000e+02
2.378566024902844855e+00 9.041232299804687500e+02
2.382000777285376181e+00 9.007711791992187500e+02
2.385435529667907062e+00 8.961221923828125000e+02
2.388870282050438387e+00 8.978588256835937500e+02
2.392305034432969713e+00 8.981881103515625000e+02
2.395739786815500594e+00 8.972708129882812500e+02
2.399174539198031919e+00 8.954408569335937500e+02
2.402609291580563244e+00 8.900644531250000000e+02
2.406044043963094570e+00 8.842079467773437500e+02
2.409478796345625451e+00 8.843768310546875000e+02
2.412913548728156776e+00 8.905455932617187500e+02
2.416348301110688102e+00 8.897170410156250000e+02
2.419783053493219427e+00 8.869423217773437500e+02
2.423217805875750308e+00 8.794122314453125000e+02
2.426652558258281633e+00 8.741078491210937500e+02
2.430087310640812959e+00 8.737432861328125000e+02
2.433522063023343840e+00 8.727437133789062500e+02
2.436956815405875165e+00 8.784111938476562500e+02
2.440391567788406491e+00 8.820426025390625000e+02
2.443826320170937372e+00 8.848236083984375000e+02
2.447261072553468253e+00 8.826828002929687500e+02
2.450695824935999578e+00 8.804852294921875000e+02
2.454130577318530904e+00 8.761575927734375000e+02
2.457565329701061785e+00 8.619890136718750000e+02
2.461000082083593110e+00 8.591304321289062500e+02
2.464434834466124435e+00 8.593118286132812500e+02
2.467869586848655761e+00 8.572834472656250000e+02
2.471304339231186642e+00 8.524423217773437500e+02
2.474739091613717967e+00 8.544302978515625000e+02
2.478173843996249293e+00 8.521995239257812500e+02
2.481608596378780618e+00 8.417795410156250000e+02
2.485043348761311499e+00 8.385105590820312500e+02
2.488478101143842824e+00 8.338717041015625000e+02
2.491912853526374150e+00 8.359534912109375000e+02
2.495347605908905031e+00 8.384656982421875000e+02
2.498782358291436356e+00 8.472711181640625000e+02
2.502217110673967682e+00 8.565942993164062500e+02
2.505651863056499007e+00 8.776629638671875000e+02
2.509086615439029888e+00 9.030323486328125000e+02
2.512521367821561213e+00 9.331177978515625000e+02
2.515956120204092539e+00 9.588674316406250000e+02
2.519390872586623420e+00 9.739422607421875000e+02
2.522825624969154301e+00 9.752261962890625000e+02
2.526260377351685626e+00 9.565927734375000000e+02
2.529695129734216952e+00 9.309270019531250000e+02
2.533129882116747833e+00 8.923287353515625000e+02
2.536564634499279158e+00 8.618162231445312500e+02
2.539999386881810484e+00 8.401569213867187500e+02
2.543434139264341809e+00 8.329822998046875000e+02
2.546868891646872690e+00 8.302749023437500000e+02
2.550303644029404015e+00 8.194897460937500000e+02
2.553738396411935341e+00 8.045669555664062500e+02
2.557173148794466666e+00 7.957554321289062500e+02
2.560607901176997547e+00 7.999067382812500000e+02
2.564042653559528873e+00 8.064997558593750000e+02
2.567477405942060198e+00 8.034372558593750000e+02
2.570912158324591079e+00 8.020944824218750000e+02
2.574346910707122404e+00 8.089885864257812500e+02
2.577781663089653730e+00 8.103370971679687500e+02
2.581216415472185055e+00 8.053249511718750000e+02
2.584651167854715936e+00 7.954224853515625000e+02
2.588085920237247262e+00 7.916265869140625000e+02
2.591520672619778587e+00 7.888738403320312500e+02
2.594955425002309468e+00 7.849721069335937500e+02
2.598390177384840349e+00 7.781320800781250000e+02
2.601824929767371675e+00 7.739284667968750000e+02
2.605259682149903000e+00 7.807053222656250000e+02
2.608694434532433881e+00 7.888153076171875000e+02
2.612129186914965207e+00 7.858538208007812500e+02
2.615563939297496532e+00 7.828593139648437500e+02
2.618998691680027857e+00 7.809069213867187500e+02
2.622433444062558738e+00 7.723845214843750000e+02
2.625868196445090064e+00 7.626353759765625000e+02
2.629302948827621389e+00 7.556744384765625000e+02
2.632737701210152714e+00 7.551033325195312500e+02
2.636172453592683596e+00 7.610217285156250000e+02
2.639607205975214921e+00 7.647056884765625000e+02
2.643041958357746246e+00 7.667416381835937500e+02
2.646476710740277127e+00 7.698764648437500000e+02
2.649911463122808453e+00 7.671831054687500000e+02
2.653346215505339778e+00 7.591584472656250000e+02
2.656780967887871103e+00 7.521972045898437500e+02
2.660215720270401984e+00 7.465588378906250000e+02
2.663650472652933310e+00 7.470648803710937500e+02
2.667085225035464635e+00 7.416262207031250000e+02
2.670519977417995516e+00 7.464059448242187500e+02
2.673954729800526398e+00 7.427590942382812500e+02
2.677389482183057723e+00 7.487875976562500000e+02
2.680824234565589048e+00 7.489024047851562500e+02
2.684258986948119929e+00 7.488502807617187500e+02
2.687693739330651255e+00 7.422557373046875000e+02
2.691128491713182580e+00 7.444343872070312500e+02
2.694563244095713905e+00 7.399693603515625000e+02
2.697997996478244787e+00 7.442148437500000000e+02
2.701432748860776112e+00 7.534946899414062500e+02
2.704867501243307437e+00 7.669641723632812500e+02
2.708302253625838762e+00 7.683619995117187500e+02
2.711737006008369644e+00 7.631406250000000000e+02
2.715171758390900969e+00 7.552350463867187500e+02
2.718606510773432294e+00 7.515618286132812500e+02
2.722041263155963176e+00 7.525957641601562500e+02
2.725476015538494501e+00 7.496696166992187500e+02
2.728910767921025826e+00 7.439942626953125000e+02
2.732345520303557151e+00 7.392805786132812500e+02
2.735780272686088033e+00 7.391237792968750000e+02
2.739215025068619358e+00 7.398483276367187500e+02
2.742649777451150683e+00 7.398206176757812500e+02
2.746084529833681565e+00 7.391221923828125000e+02
2.749519282216212890e+00 7.376352539062500000e+02
2.752954034598743771e+00 7.395711669921875000e+02
2.756388786981275096e+00 7.638388671875000000e+02
2.759823539363805978e+00 8.117042236328125000e+02
2.763258291746337303e+00 8.930443115234375000e+02
2.766693044128868628e+00 9.888215332031250000e+02
2.770127796511399954e+00 1.093029052734375000e+03
2.773562548893930835e+00 1.156297851562500000e+03
2.776997301276462160e+00 1.181319702148437500e+03
2.780432053658993485e+00 1.147489013671875000e+03
2.783866806041524811e+00 1.085975097656250000e+03
2.787301558424055692e+00 9.963790893554687500e+02
2.790736310806587017e+00 9.063281250000000000e+02
2.794171063189118343e+00 8.275288696289062500e+02
2.797605815571649224e+00 7.728756713867187500e+02
2.801040567954180549e+00 7.474207153320312500e+02
2.804475320336711874e+00 7.362481689453125000e+02
2.807910072719243200e+00 7.314490966796875000e+02
2.811344825101774081e+00 7.298729858398437500e+02
2.814779577484305406e+00 7.199735107421875000e+02
2.818214329866836731e+00 7.147557983398437500e+02
2.821649082249367613e+00 7.090787353515625000e+02
2.825083834631898938e+00 7.164436645507812500e+02
2.828518587014429819e+00 7.371206665039062500e+02
2.831953339396961145e+00 7.589389038085937500e+02
2.835388091779492026e+00 7.783400878906250000e+02
2.838822844162023351e+00 7.955336303710937500e+02
2.842257596544554676e+00 8.209694213867187500e+02
2.845692348927086002e+00 8.411484375000000000e+02
2.849127101309616883e+00 8.404154663085937500e+02
2.852561853692148208e+00 8.239664916992187500e+02
2.855996606074679534e+00 7.971828613281250000e+02
2.859431358457210415e+00 7.705095825195312500e+02
2.862866110839741740e+00 7.496900634765625000e+02
2.866300863222273065e+00 7.310582275390625000e+02
2.869735615604804391e+00 7.172470703125000000e+02
2.873170367987335272e+00 7.097098388671875000e+02
2.876605120369866597e+00 7.053557128906250000e+02
2.880039872752397923e+00 7.100609741210937500e+02
2.883474625134929248e+00 7.019307250976562500e+02
2.886909377517460129e+00 7.000447387695312500e+02
2.890344129899991454e+00 6.940446777343750000e+02
2.893778882282522780e+00 6.924315795898437500e+02
2.897213634665053661e+00 6.952066650390625000e+02
2.900648387047584986e+00 6.985865478515625000e+02
2.904083139430115867e+00 6.947056274414062500e+02
2.907517891812647193e+00 6.875138549804687500e+02
2.910952644195178074e+00 6.921121215820312500e+02
2.914387396577709399e+00 6.999022827148437500e+02
2.917822148960240725e+00 7.000912475585937500e+02
2.921256901342772050e+00 6.901782836914062500e+02
2.924691653725302931e+00 6.827342529296875000e+02
2.928126406107834256e+00 6.884943847656250000e+02
2.931561158490365582e+00 7.032480468750000000e+02
2.934995910872896463e+00 7.213267822265625000e+02
2.938430663255427788e+00 7.390852661132812500e+02
2.941865415637959114e+00 7.530964965820312500e+02
2.945300168020490439e+00 7.729097900390625000e+02
2.948734920403021320e+00 7.806398315429687500e+02
2.952169672785552645e+00 7.846215820312500000e+02
2.955604425168083971e+00 7.699410400390625000e+02
2.959039177550615296e+00 7.476861572265625000e+02
2.962473929933146177e+00 7.228309936523437500e+02
2.965908682315677503e+00 7.096509399414062500e+02
2.969343434698208828e+00 7.064348144531250000e+02
2.972778187080739709e+00 7.243928833007812500e+02
2.976212939463271034e+00 7.685482788085937500e+02
2.979647691845801916e+00 8.399057006835937500e+02
2.983082444228333241e+00 9.158489990234375000e+02
2.986517196610864122e+00 9.797024536132812500e+02
2.989951948993395447e+00 1.019836120605468750e+03
2.993386701375926773e+00 1.021508056640625000e+03
2.996821453758458098e+00 9.828465576171875000e+02
3.000256206140988979e+00 9.115375976562500000e+02
3.003690958523520305e+00 8.291283569335937500e+02
3.007125710906051630e+00 7.620036010742187500e+02
3.010560463288582511e+00 7.121481323242187500e+02
3.013995215671113836e+00 6.804603271484375000e+02
3.017429968053645162e+00 6.695014038085937500e+02
3.020864720436176487e+00 6.644915161132812500e+02
3.024299472818707368e+00 6.665482788085937500e+02
3.027734225201238694e+00 6.680001831054687500e+02
3.031168977583770019e+00 6.726602172851562500e+02
3.034603729966301344e+00 6.719893798828125000e+02
3.038038482348832225e+00 6.748951416015625000e+02
3.041473234731363551e+00 6.770125732421875000e+02
3.044907987113894876e+00 6.801298828125000000e+02
3.048342739496425757e+00 6.901190185546875000e+02
3.051777491878957083e+00 7.015353393554687500e+02
3.055212244261487964e+00 7.100972290039062500e+02
3.058646996644019289e+00 7.088053588867187500e+02
3.062081749026550170e+00 7.122347412109375000e+02
3.065516501409081496e+00 7.193214721679687500e+02
3.068951253791612821e+00 7.265048217773437500e+02
3.072386006174144146e+00 7.296115112304687500e+02
3.075820758556675028e+00 7.360177612304687500e+02
3.079255510939206353e+00 7.483433227539062500e+02
3.082690263321737678e+00 7.566099243164062500e+02
3.086125015704268559e+00 7.609432373046875000e+02
3.089559768086799885e+00 7.567888793945312500e+02
3.092994520469331210e+00 7.525668945312500000e+02
3.096429272851862535e+00 7.398101196289062500e+02
3.099864025234393416e+00 7.224732055664062500e+02
3.103298777616924742e+00 7.039970092773437500e+02
3.106733529999456067e+00 6.875963745117187500e+02
3.110168282381987392e+00 6.693658447265625000e+02
3.113603034764518274e+00 6.533787231445312500e+02
3.117037787147049599e+00 6.452827148437500000e+02
3.120472539529580924e+00 6.402803955078125000e+02
3.123907291912111805e+00 6.381480102539062500e+02
3.127342044294643131e+00 6.372536010742187500e+02
3.130776796677174012e+00 6.335680541992187500e+02
3.134211549059705337e+00 6.298309936523437500e+02
3.137646301442236219e+00 6.223764038085937500e+02
3.141081053824767544e+00 6.169644165039062500e+02
3.144515806207298869e+00 6.156179199218750000e+02
3.147950558589830194e+00 6.211896362304687500e+02
3.151385310972361076e+00 6.226774291992187500e+02
3.154820063354892401e+00 6.155697021484375000e+02
3.158254815737423726e+00 6.124370727539062500e+02
3.161689568119954608e+00 6.134266967773437500e+02
3.165124320502485933e+00 6.202708740234375000e+02
3.168559072885017258e+00 6.159776000976562500e+02
3.171993825267548583e+00 6.124686889648437500e+02
3.175428577650079465e+00 6.103314208984375000e+02
3.178863330032610790e+00 6.184395141601562500e+02
3.182298082415142115e+00 6.289420776367187500e+02
3.185732834797673441e+00 6.304443969726562500e+02
3.189167587180204322e+00 6.185711669921875000e+02
3.192602339562735647e+00 6.112094116210937500e+02
3.196037091945266972e+00 6.113604125976562500e+02
3.199471844327797854e+00 6.115835571289062500e+02
3.202906596710329179e+00 6.082873535156250000e+02
3.206341349092860060e+00 6.063266601562500000e+02
3.209776101475391386e+00 6.145809936523437500e+02
3.213210853857922267e+00 6.189486694335937500e+02
3.216645606240453592e+00 6.189406738281250000e+02
3.220080358622984917e+00 6.193459472656250000e+02
3.223515111005516243e+00 6.216989135742187500e+02
3.226949863388047124e+00 6.211567993164062500e+02
3.230384615770578449e+00 6.172151489257812500e+02
3.233819368153109775e+00 6.172140502929687500e+02
3.237254120535640656e+00 6.119349975585937500e+02
3.240688872918171981e+00 6.118828125000000000e+02
3.244123625300703306e+00 6.174440917968750000e+02
3.247558377683234632e+00 6.214868774414062500e+02
3.250993130065765513e+00 6.291735229492187500e+02
3.254427882448296838e+00 6.393646240234375000e+02
3.257862634830828164e+00 6.569755249023437500e+02
3.261297387213359489e+00 6.712735595703125000e+02
3.264732139595890370e+00 6.841820678710937500e+02
3.268166891978421695e+00 6.929407348632812500e+02
3.271601644360953021e+00 6.985524902343750000e+02
3.275036396743483902e+00 7.004714965820312500e+02
3.278471149126015227e+00 6.942474365234375000e+02
3.281905901508546108e+00 6.782354125976562500e+02
3.285340653891077434e+00 6.567672119140625000e+02
3.288775406273608315e+00 6.345764770507812500e+02
3.292210158656139640e+00 6.232988281250000000e+02
3.295644911038670966e+00 6.231802978515625000e+02
3.299079663421202291e+00 6.198024902343750000e+02
3.302514415803733172e+00 6.198529052734375000e+02
3.305949168186264497e+00 6.169647827148437500e+02
3.309383920568795823e+00 6.148885498046875000e+02
3.312818672951326704e+00 6.136774291992187500e+02
3.316253425333858029e+00 6.166519775390625000e+02
3.319688177716389355e+00 6.152709350585937500e+02
3.323122930098920680e+00 6.091979370117187500e+02
3.326557682481451561e+00 6.034003906250000000e+02
3.329992434863982886e+00 6.026441040039062500e+02
3.333427187246514212e+00 5.971470336914062500e+02
3.336861939629045093e+00 5.990393676757812500e+02
3.340296692011576418e+00 5.997980957031250000e+02
3.343731444394107744e+00 6.138309936523437500e+02
3.347166196776639069e+00 6.174759521484375000e+02
3.350600949159169950e+00 6.220728759765625000e+02
3.354035701541701275e+00 6.181660156250000000e+02
3.357470453924232601e+00 6.207998046875000000e+02
3.360905206306763482e+00 6.246149902343750000e+02
3.364339958689294363e+00 6.294078369140625000e+02
3.367774711071825688e+00 6.309921264648437500e+02
3.371209463454357014e+00 6.272287597656250000e+02
3.374644215836887895e+00 6.194580688476562500e+02
3.378078968219419220e+00 6.158223876953125000e+02
3.381513720601950546e+00 6.204620361328125000e+02
3.384948472984481871e+00 6.267876586914062500e+02
3.388383225367012752e+00 6.227049560546875000e+02
3.391817977749544077e+00 6.155237426757812500e+02
3.395252730132075403e+00 6.106257324218750000e+02
3.398687482514606728e+00 6.102581787109375000e+02
3.402122234897137609e+00 6.108895263671875000e+02
3.405556987279668935e+00 6.148138427734375000e+02
3.408991739662200260e+00 6.228532714843750000e+02
3.412426492044731141e+00 6.303802490234375000e+02
3.415861244427262466e+00 6.401262817382812500e+02
3.419295996809793792e+00 6.472117309570312500e+02
3.422730749192325117e+00 6.654465332031250000e+02
3.426165501574855998e+00 6.927630004882812500e+02
3.429600253957387324e+00 7.436405639648437500e+02
3.433035006339918649e+00 8.453449096679687500e+02
3.436469758722449530e+00 1.028988769531250000e+03
3.439904511104980411e+00 1.288483276367187500e+03
3.443339263487511737e+00 1.613830444335937500e+03
3.446774015870043062e+00 1.934518676757812500e+03
3.450208768252573943e+00 2.189028564453125000e+03
3.453643520635105268e+00 2.291927001953125000e+03
3.457078273017636594e+00 2.224827880859375000e+03
3.460513025400167919e+00 2.007388549804687500e+03
3.463947777782698800e+00 1.697318603515625000e+03
3.467382530165230126e+00 1.387105102539062500e+03
3.470817282547761451e+00 1.108116577148437500e+03
3.474252034930292776e+00 9.051252441406250000e+02
3.477686787312823657e+00 7.678150024414062500e+02
3.481121539695354983e+00 6.919152832031250000e+02
3.484556292077886308e+00 6.493241577148437500e+02
3.487991044460417189e+00 6.257694091796875000e+02
3.491425796842948515e+00 6.150999755859375000e+02
3.494860549225479840e+00 6.108352661132812500e+02
3.498295301608011165e+00 6.035123901367187500e+02
3.501730053990542046e+00 6.015600585937500000e+02
3.505164806373073372e+00 5.972056884765625000e+02
3.508599558755604697e+00 5.923189697265625000e+02
3.512034311138135578e+00 5.805916137695312500e+02
3.515469063520666460e+00 5.804328613281250000e+02
3.518903815903197785e+00 5.771365356445312500e+02
3.522338568285729110e+00 5.784793090820312500e+02
3.525773320668259991e+00 5.745831298828125000e+02
3.529208073050791317e+00 5.793078002929687500e+02
3.532642825433322642e+00 5.802659912109375000e+02
3.536077577815853967e+00 5.784462890625000000e+02
3.539512330198384849e+00 5.761948242187500000e+02
3.542947082580916174e+00 5.737491455078125000e+02
3.546381834963447499e+00 5.756882934570312500e+02
3.549816587345978824e+00 5.744932861328125000e+02
3.553251339728509706e+00 5.755795898437500000e+02
3.556686092111041031e+00 5.759550170898437500e+02
3.560120844493572356e+00 5.780723266601562500e+02
3.563555596876103237e+00 5.769397583007812500e+02
3.566990349258634563e+00 5.700129394531250000e+02
3.570425101641165888e+00 5.766427001953125000e+02
3.573859854023697213e+00 5.839096679687500000e+02
3.577294606406228095e+00 5.857165527343750000e+02
3.580729358788759420e+00 5.803988647460937500e+02
3.584164111171290301e+00 5.777481079101562500e+02
3.587598863553821626e+00 5.777692871093750000e+02
3.591033615936352508e+00 5.733505249023437500e+02
3.594468368318883833e+00 5.702962036132812500e+02
3.597903120701415158e+00 5.714161987304687500e+02
3.601337873083946484e+00 5.746622924804687500e+02
3.604772625466477809e+00 5.712136840820312500e+02
3.608207377849008246e+00 5.649758300781250000e+02
3.611642130231539571e+00 5.592761230468750000e+02
3.615076882614070897e+00 5.583607177734375000e+02
3.618511634996602222e+00 5.637675781250000000e+02
3.621946387379133547e+00 5.688051757812500000e+02
3.625381139761664873e+00 5.637443237304687500e+02
3.628815892144196198e+00 5.525294799804687500e+02
3.632250644526726635e+00 5.444510498046875000e+02
3.635685396909257960e+00 5.461271362304687500e+02
3.639120149291789286e+00 5.513557739257812500e+02
3.642554901674320611e+00 5.561677856445312500e+02
3.645989654056851936e+00 5.558883056640625000e+02
3.649424406439383262e+00 5.522769775390625000e+02
3.652859158821914587e+00 5.504343261718750000e+02
3.656293911204445912e+00 5.478289184570312500e+02
3.659728663586976349e+00 5.495101318359375000e+02
3.663163415969507675e+00 5.473012084960937500e+02
3.666598168352038556e+00 5.437492675781250000e+02
3.670032920734569881e+00 5.454706420898437500e+02
3.673467673117101207e+00 5.475280151367187500e+02
3.676902425499632532e+00 5.484724121093750000e+02
3.680337177882163857e+00 5.460740966796875000e+02
3.683771930264694294e+00 5.466151733398437500e+02
3.687206682647225620e+00 5.473341064453125000e+02
3.690641435029756945e+00 5.490343017578125000e+02
3.694076187412288270e+00 5.527174682617187500e+02
3.697510939794819596e+00 5.526442871093750000e+02
3.700945692177350921e+00 5.547327270507812500e+02
3.704380444559882246e+00 5.561959228515625000e+02
3.707815196942412683e+00 5.598861694335937500e+02
3.711249949324944009e+00 5.563565673828125000e+02
3.714684701707475334e+00 5.550921630859375000e+02
3.718119454090006659e+00 5.545773315429687500e+02
3.721554206472537984e+00 5.525681152343750000e+02
3.724988958855069310e+00 5.477360229492187500e+02
3.728423711237600635e+00 5.425782470703125000e+02
3.731858463620131960e+00 5.422817993164062500e+02
3.735293216002662398e+00 5.423904418945312500e+02
3.738727968385193723e+00 5.422217407226562500e+02
3.742162720767725048e+00 5.444104003906250000e+02
3.745597473150255929e+00 5.438115234375000000e+02
3.749032225532787255e+00 5.384505615234375000e+02
3.752466977915318580e+00 5.295279541015625000e+02
3.755901730297849905e+00 5.255051879882812500e+02
3.759336482680380342e+00 5.226956787109375000e+02
3.762771235062911668e+00 5.257027587890625000e+02
3.766205987445442993e+00 5.383129882812500000e+02
3.769640739827974318e+00 5.563929443359375000e+02
3.773075492210505644e+00 5.710321044921875000e+02
3.776510244593036969e+00 5.811667480468750000e+02
3.779944996975568294e+00 5.911837158203125000e+02
3.783379749358098731e+00 5.997739257812500000e+02
3.786814501740630057e+00 6.014455566406250000e+02
3.790249254123161382e+00 5.856140747070312500e+02
3.793684006505692707e+00 5.752138061523437500e+02
3.797118758888224033e+00 5.585095825195312500e+02
3.800553511270755358e+00 5.520229492187500000e+02
3.803988263653286683e+00 5.348773803710937500e+02
3.807423016035818009e+00 5.291450805664062500e+02
3.810857768418348446e+00 5.230803222656250000e+02
3.814292520800879771e+00 5.260847778320312500e+02
3.817727273183411096e+00 5.240858154296875000e+02
3.821162025565941978e+00 5.228261108398437500e+02
3.824596777948473303e+00 5.212069091796875000e+02
3.828031530331004628e+00 5.248880004882812500e+02
3.831466282713535954e+00 5.293819580078125000e+02
3.834901035096066391e+00 5.337444458007812500e+02
3.838335787478597716e+00 5.415675048828125000e+02
3.841770539861129041e+00 5.579133300781250000e+02
3.845205292243660367e+00 5.741518554687500000e+02
3.848640044626191692e+00 5.889487304687500000e+02
3.852074797008723017e+00 5.977833862304687500e+02
3.855509549391254343e+00 6.013460083007812500e+02
3.858944301773784780e+00 6.029616088867187500e+02
3.862379054156316105e+00 5.956499023437500000e+02
3.865813806538847430e+00 5.874793090820312500e+02
3.869248558921378756e+00 5.811420288085937500e+02
3.872683311303910081e+00 5.808062133789062500e+02
3.876118063686441406e+00 5.770518798828125000e+02
3.879552816068972732e+00 5.682640991210937500e+02
3.882987568451504057e+00 5.597407836914062500e+02
3.886422320834034494e+00 5.506370239257812500e+02
3.889857073216565819e+00 5.426883544921875000e+02
3.893291825599097145e+00 5.369377441406250000e+02
3.896726577981628026e+00 5.300190429687500000e+02
3.900161330364159351e+00 5.272740478515625000e+02
3.903596082746690676e+00 5.216096191406250000e+02
3.907030835129222002e+00 5.210050659179687500e+02
3.910465587511752439e+00 5.183949584960937500e+02
3.913900339894283764e+00 5.157059326171875000e+02
3.917335092276815089e+00 5.131018066406250000e+02
3.920769844659346415e+00 5.160368652343750000e+02
3.924204597041877740e+00 5.163189086914062500e+02
3.927639349424409065e+00 5.110280761718750000e+02
3.931074101806940391e+00 5.079391174316406250e+02
3.934508854189470828e+00 5.101235961914062500e+02
3.937943606572002153e+00 5.141587524414062500e+02
3.941378358954533478e+00 5.138896484375000000e+02
3.944813111337064804e+00 5.062134094238281250e+02
3.948247863719596129e+00 5.083885192871093750e+02
3.951682616102127454e+00 5.100247802734375000e+02
3.955117368484658780e+00 5.078041992187500000e+02
3.958552120867189217e+00 5.032953491210937500e+02
3.961986873249720542e+00 5.076883850097656250e+02
3.965421625632251867e+00 5.106492919921875000e+02
3.968856378014783193e+00 5.085176391601562500e+02
3.972291130397314074e+00 5.077095031738281250e+02
3.975725882779845399e+00 5.131113281250000000e+02
3.979160635162376725e+00 5.098841857910156250e+02
3.982595387544908050e+00 5.156045532226562500e+02
3.986030139927438487e+00 5.123496704101562500e+02
3.989464892309969812e+00 5.159779052734375000e+02
3.992899644692501138e+00 5.184030151367187500e+02
3.996334397075032463e+00 5.261486206054687500e+02
3.999769149457563788e+00 5.349953002929687500e+02
4.003203901840095114e+00 5.556589965820312500e+02
4.006638654222625995e+00 5.906622314453125000e+02
4.010073406605156876e+00 6.324229736328125000e+02
4.013508158987687757e+00 6.686563720703125000e+02
4.016942911370219527e+00 6.903837280273437500e+02
4.020377663752750408e+00 7.049523315429687500e+02
4.023812416135282177e+00 7.124787597656250000e+02
4.027247168517813058e+00 7.033338012695312500e+02
4.030681920900344828e+00 6.684879760742187500e+02
4.034116673282874821e+00 6.277391967773437500e+02
4.037551425665406590e+00 5.935427856445312500e+02
4.040986178047937472e+00 5.675230712890625000e+02
4.044420930430469241e+00 5.441477050781250000e+02
4.047855682813000122e+00 5.290020751953125000e+02
4.051290435195531892e+00 5.162875976562500000e+02
4.054725187578062773e+00 5.046980895996093750e+02
4.058159939960594542e+00 4.994208068847656250e+02
4.061594692343124535e+00 5.038581848144531250e+02
4.065029444725656305e+00 5.024650573730468750e+02
4.068464197108187186e+00 5.000597229003906250e+02
4.071898949490718955e+00 4.943222045898437500e+02
4.075333701873249836e+00 4.910172729492187500e+02
4.078768454255781606e+00 4.924600830078125000e+02
4.082203206638312487e+00 4.952997436523437500e+02
4.085637959020843368e+00 4.936971435546875000e+02
4.089072711403374250e+00 4.869672546386718750e+02
4.092507463785905131e+00 4.886947326660156250e+02
4.095942216168436900e+00 4.866804809570312500e+02
4.099376968550967781e+00 4.884823303222656250e+02
4.102811720933499551e+00 4.844370117187500000e+02
4.106246473316030432e+00 4.906862792968750000e+02
4.109681225698561313e+00 4.917078857421875000e+02
4.113115978081092194e+00 4.947215270996093750e+02
4.116550730463623964e+00 4.947897644042968750e+02
4.119985482846154845e+00 4.991831054687500000e+02
4.123420235228686614e+00 5.043603515625000000e+02
4.126854987611217496e+00 5.038162841796875000e+02
4.130289739993749265e+00 5.031668701171875000e+02
4.133724492376280146e+00 5.023815307617187500e+02
4.137159244758811028e+00 4.994171447753906250e+02
4.140593997141341909e+00 5.005773925781250000e+02
4.144028749523873678e+00 5.017387695312500000e+02
4.147463501906404559e+00 5.080509643554687500e+02
4.150898254288936329e+00 5.049817199707031250e+02
4.154333006671467210e+00 5.047885742187500000e+02
4.157767759053998091e+00 5.021294250488281250e+02
4.161202511436528972e+00 5.054046936035156250e+02
4.164637263819060742e+00 5.041682739257812500e+02
4.168072016201591623e+00 5.026446533203125000e+02
4.171506768584122504e+00 4.958997192382812500e+02
4.174941520966654274e+00 4.976424255371093750e+02
4.178376273349185155e+00 5.117724304199218750e+02
4.181811025731716924e+00 5.317713012695312500e+02
4.185245778114246917e+00 5.489541625976562500e+02
4.188680530496778687e+00 5.627187500000000000e+02
4.192115282879309568e+00 5.702248535156250000e+02
4.195550035261841337e+00 5.699608154296875000e+02
4.198984787644372219e+00 5.637769165039062500e+02
4.202419540026903988e+00 5.587404785156250000e+02
4.205854292409434869e+00 5.531284790039062500e+02
4.209289044791966639e+00 5.490369873046875000e+02
4.212723797174496632e+00 5.504081420898437500e+02
4.216158549557028401e+00 5.591320190429687500e+02
4.219593301939559282e+00 5.702817382812500000e+02
4.223028054322091052e+00 5.751217041015625000e+02
4.226462806704621933e+00 5.890958862304687500e+02
4.229897559087153702e+00 5.908363647460937500e+02
4.233332311469684583e+00 5.836824951171875000e+02
4.236767063852215465e+00 5.490066528320312500e+02
4.240201816234746346e+00 5.258438720703125000e+02
4.243636568617277227e+00 5.098073730468750000e+02
4.247071320999808997e+00 4.997424316406250000e+02
4.250506073382339878e+00 4.925139465332031250e+02
4.253940825764871647e+00 4.905237426757812500e+02
4.257375578147402528e+00 4.924502563476562500e+02
4.260810330529933410e+00 4.915053405761718750e+02
4.264245082912464291e+00 4.865884704589843750e+02
4.267679835294996060e+00 4.852308044433593750e+02
4.271114587677526941e+00 4.842837524414062500e+02
4.274549340060058711e+00 4.893184204101562500e+02
4.277984092442589592e+00 4.913552246093750000e+02
4.281418844825121361e+00 4.888351440429687500e+02
4.284853597207652243e+00 4.894446716308593750e+02
4.288288349590183124e+00 4.996035766601562500e+02
4.291723101972714005e+00 5.167577514648437500e+02
4.295157854355245775e+00 5.391304321289062500e+02
4.298592606737776656e+00 5.631387329101562500e+02
4.302027359120308425e+00 5.817789306640625000e+02
4.305462111502839306e+00 5.888778686523437500e+02
4.308896863885370188e+00 5.902911987304687500e+02
4.312331616267901069e+00 5.777503662109375000e+02
4.315766368650432838e+00 5.634307250976562500e+02
4.319201121032963719e+00 5.432825927734375000e+02
4.322635873415494601e+00 5.298906860351562500e+02
4.326070625798026370e+00 5.157136230468750000e+02
4.329505378180557251e+00 5.028863220214843750e+02
4.332940130563089021e+00 4.885994567871093750e+02
4.336374882945619014e+00 4.760570983886718750e+02
4.339809635328150783e+00 4.657019653320312500e+02
4.343244387710681664e+00 4.655151367187500000e+02
4.346679140093213434e+00 4.680292358398437500e+02
4.350113892475744315e+00 4.675887756347656250e+02
4.353548644858276084e+00 4.656689453125000000e+02
4.356983397240806966e+00 4.670054321289062500e+02
4.360418149623338735e+00 4.712720336914062500e+02
4.363852902005868728e+00 4.719638061523437500e+02
4.367287654388400497e+00 4.707105712890625000e+02
4.370722406770931379e+00 4.698768920898437500e+02
4.374157159153463148e+00 4.725873718261718750e+02
4.377591911535994029e+00 4.794306335449218750e+02
4.381026663918525799e+00 4.817596740722656250e+02
4.384461416301056680e+00 4.770526428222656250e+02
4.387896168683587561e+00 4.700642089843750000e+02
4.391330921066118442e+00 4.660838928222656250e+02
4.394765673448649324e+00 4.660994262695312500e+02
4.398200425831181093e+00 4.691821594238281250e+02
4.401635178213711974e+00 4.739222106933593750e+02
4.405069930596243744e+00 4.830155639648437500e+02
4.408504682978774625e+00 4.959041137695312500e+02
4.411939435361305506e+00 5.131556396484375000e+02
4.415374187743836387e+00 5.221646728515625000e+02
4.418808940126368157e+00 5.271354980468750000e+02
4.422243692508899038e+00 5.210641479492187500e+02
4.425678444891430807e+00 5.137770996093750000e+02
4.429113197273961688e+00 4.992882385253906250e+02
4.432547949656493458e+00 4.870285034179687500e+02
4.435982702039023451e+00 4.794095153808593750e+02
4.439417454421555220e+00 4.759195556640625000e+02
4.442852206804086101e+00 4.726555480957031250e+02
4.446286959186617871e+00 4.661653747558593750e+02
4.449721711569148752e+00 4.601395263671875000e+02
4.453156463951680522e+00 4.546300659179687500e+02
4.456591216334211403e+00 4.563661193847656250e+02
4.460025968716742284e+00 4.573370971679687500e+02
4.463460721099273165e+00 4.603506469726562500e+02
4.466895473481804935e+00 4.593670349121093750e+02
4.470330225864335816e+00 4.594546813964843750e+02
4.473764978246866697e+00 4.574824218750000000e+02
4.477199730629398466e+00 4.590753479003906250e+02
4.480634483011929348e+00 4.578153991699218750e+02
4.484069235394461117e+00 4.548013610839843750e+02
4.487503987776991110e+00 4.515046691894531250e+02
4.490938740159522879e+00 4.493656005859375000e+02
4.494373492542053761e+00 4.512033691406250000e+02
4.497808244924585530e+00 4.537447814941406250e+02
4.501242997307116411e+00 4.554621887207031250e+02
4.504677749689648181e+00 4.518827209472656250e+02
4.508112502072179062e+00 4.493076782226562500e+02
4.511547254454709943e+00 4.524302368164062500e+02
4.514982006837240824e+00 4.550527954101562500e+02
4.518416759219772594e+00 4.577466735839843750e+02
4.521851511602303475e+00 4.600546875000000000e+02
4.525286263984835244e+00 4.622068176269531250e+02
4.528721016367366126e+00 4.575930786132812500e+02
4.532155768749897895e+00 4.506760559082031250e+02
4.535590521132428776e+00 4.457737426757812500e+02
4.539025273514959657e+00 4.467994995117187500e+02
4.542460025897490539e+00 4.499243164062500000e+02
4.545894778280021420e+00 4.553631286621093750e+02
4.549329530662553189e+00 4.554928283691406250e+02
4.552764283045084071e+00 4.525530395507812500e+02
4.556199035427615840e+00 4.470634765625000000e+02
4.559633787810146721e+00 4.449349975585937500e+02
4.563068540192677602e+00 4.483479003906250000e+02
4.566503292575208484e+00 4.463497924804687500e+02
4.569938044957740253e+00 4.487136535644531250e+02
4.573372797340271134e+00 4.475185852050781250e+02
4.576807549722802904e+00 4.551690368652343750e+02
4.580242302105333785e+00 4.589890441894531250e+02
4.583677054487865554e+00 4.545762023925781250e+02
4.587111806870395547e+00 4.401239318847656250e+02
4.590546559252927317e+00 4.325000915527343750e+02
4.593981311635458198e+00 4.331494750976562500e+02
4.597416064017989967e+00 4.421805419921875000e+02
4.600850816400520849e+00 4.467094116210937500e+02
4.604285568783052618e+00 4.493797607421875000e+02
4.607720321165583499e+00 4.473526916503906250e+02
4.611155073548115269e+00 4.428944702148437500e+02
4.614589825930645262e+00 4.393176879882812500e+02
4.618024578313177031e+00 4.423635864257812500e+02
4.621459330695707912e+00 4.451369934082031250e+02
4.624894083078238793e+00 4.491710815429687500e+02
4.628328835460770563e+00 4.542013549804687500e+02
4.631763587843301444e+00 4.590402221679687500e+02
4.635198340225833213e+00 4.628684692382812500e+02
4.638633092608363206e+00 4.650921936035156250e+02
4.642067844990894976e+00 4.815974426269531250e+02
4.645502597373425857e+00 5.058363647460937500e+02
4.648937349755957626e+00 5.366572265625000000e+02
4.652372102138488508e+00 5.577691040039062500e+02
4.655806854521020277e+00 5.755830078125000000e+02
4.659241606903551158e+00 5.883667602539062500e+02
4.662676359286082040e+00 5.989265136718750000e+02
4.666111111668612921e+00 5.950673828125000000e+02
4.669545864051144690e+00 5.912607421875000000e+02
4.672980616433675571e+00 5.813304443359375000e+02
4.676415368816207341e+00 5.732693481445312500e+02
4.679850121198738222e+00 5.616564941406250000e+02
4.683284873581269991e+00 5.529524536132812500e+02
4.686719625963800873e+00 5.372266845703125000e+02
4.690154378346331754e+00 5.241528930664062500e+02
4.693589130728862635e+00 5.095324096679687500e+02
4.697023883111393516e+00 4.891031494140625000e+02
4.700458635493925286e+00 4.707893676757812500e+02
4.703893387876456167e+00 4.537035827636718750e+02
4.707328140258987936e+00 4.491999206542968750e+02
4.710762892641518818e+00 4.437556152343750000e+02
4.714197645024049699e+00 4.401995849609375000e+02
4.717632397406580580e+00 4.384583129882812500e+02
4.721067149789112349e+00 4.431712036132812500e+02
4.724501902171643231e+00 4.444219970703125000e+02
4.727936654554175000e+00 4.420417785644531250e+02
4.731371406936705881e+00 4.397716674804687500e+02
4.734806159319237651e+00 4.413890686035156250e+02
4.738240911701767644e+00 4.437121887207031250e+02
4.741675664084299413e+00 4.444260253906250000e+02
4.745110416466830294e+00 4.428351135253906250e+02
4.748545168849362064e+00 4.461731262207031250e+02
4.751979921231892945e+00 4.438414611816406250e+02
4.755414673614424714e+00 4.433577880859375000e+02
4.758849425996955596e+00 4.392335205078125000e+02
4.762284178379487365e+00 4.426618957519531250e+02
4.765718930762017358e+00 4.400124511718750000e+02
4.769153683144549127e+00 4.421212158203125000e+02
4.772588435527080009e+00 4.386390380859375000e+02
4.776023187909610890e+00 4.410829467773437500e+02
4.779457940292142659e+00 4.367682189941406250e+02
4.782892692674673540e+00 4.413601074218750000e+02
4.786327445057205310e+00 4.413177795410156250e+02
4.789762197439735303e+00 4.361544799804687500e+02
4.793196949822267072e+00 4.348977966308593750e+02
4.796631702204797953e+00 4.422066650390625000e+02
4.800066454587329723e+00 4.515524902343750000e+02
4.803501206969860604e+00 4.554046936035156250e+02
4.806935959352392373e+00 4.556808471679687500e+02
4.810370711734923255e+00 4.548806762695312500e+02
4.813805464117454136e+00 4.516162414550781250e+02
4.817240216499985017e+00 4.482605590820312500e+02
4.820674968882516787e+00 4.420344543457031250e+02
4.824109721265047668e+00 4.385912170410156250e+02
4.827544473647579437e+00 4.367081298828125000e+02
4.830979226030110318e+00 4.364914550781250000e+02
4.834413978412642088e+00 4.304468994140625000e+02
4.837848730795172969e+00 4.307777099609375000e+02
4.841283483177703850e+00 4.280724487304687500e+02
4.844718235560234731e+00 4.314306335449218750e+02
4.848152987942766501e+00 4.314574890136718750e+02
4.851587740325297382e+00 4.344359741210937500e+02
4.855022492707828263e+00 4.348443908691406250e+02
4.858457245090360033e+00 4.355685424804687500e+02
4.861891997472890914e+00 4.350285644531250000e+02
4.865326749855421795e+00 4.366168518066406250e+02
4.868761502237952676e+00 4.380212402343750000e+02
4.872196254620484446e+00 4.352848815917968750e+02
4.875631007003015327e+00 4.343843688964843750e+02
4.879065759385547096e+00 4.380947265625000000e+02
4.882500511768077978e+00 4.459308471679687500e+02
4.885935264150609747e+00 4.457659912109375000e+02
4.889370016533139740e+00 4.388616943359375000e+02
4.892804768915671509e+00 4.331791076660156250e+02
4.896239521298202391e+00 4.319673461914062500e+02
4.899674273680734160e+00 4.315793457031250000e+02
4.903109026063265041e+00 4.288377990722656250e+02
4.906543778445796811e+00 4.276352844238281250e+02
4.909978530828327692e+00 4.269576416015625000e+02
4.913413283210858573e+00 4.326240234375000000e+02
4.916848035593389454e+00 4.375300598144531250e+02
4.920282787975921224e+00 4.417283630371093750e+02
4.923717540358452105e+00 4.466150512695312500e+02
4.927152292740982986e+00 4.471678161621093750e+02
4.930587045123514756e+00 4.481546936035156250e+02
4.934021797506045637e+00 4.451936950683593750e+02
4.937456549888577406e+00 4.445979919433593750e+02
4.940891302271107399e+00 4.450323791503906250e+02
4.944326054653639169e+00 4.454048156738281250e+02
4.947760807036170050e+00 4.435562133789062500e+02
4.951195559418701819e+00 4.420193481445312500e+02
4.954630311801232700e+00 4.439085693359375000e+02
4.958065064183764470e+00 4.516270751953125000e+02
4.961499816566295351e+00 4.580193481445312500e+02
4.964934568948826232e+00 4.602470397949218750e+02
4.968369321331357114e+00 4.589843444824218750e+02
4.971804073713888883e+00 4.548646850585937500e+02
4.975238826096419764e+00 4.513871765136718750e+02
4.978673578478951534e+00 4.445571289062500000e+02
4.982108330861482415e+00 4.385563354492187500e+02
4.985543083244014184e+00 4.347417907714843750e+02
4.988977835626544177e+00 4.349069824218750000e+02
4.992412588009075947e+00 4.312825317382812500e+02
4.995847340391606828e+00 4.272682495117187500e+02
4.999282092774138597e+00 4.239916076660156250e+02
5.002716845156669478e+00 4.266574401855468750e+02
5.006151597539200360e+00 4.343857727050781250e+02
5.009586349921732129e+00 4.377356262207031250e+02
5.013021102304263010e+00 4.386033630371093750e+02
5.016455854686793892e+00 4.339239196777343750e+02
5.019890607069324773e+00 4.340235290527343750e+02
5.023325359451856542e+00 4.321631164550781250e+02
5.026760111834387423e+00 4.358594665527343750e+02
5.030194864216919193e+00 4.403158874511718750e+02
5.033629616599450074e+00 4.468105468750000000e+02
5.037064368981981843e+00 4.556128845214843750e+02
5.040499121364511836e+00 4.617152404785156250e+02
5.043933873747043606e+00 4.669158630371093750e+02
5.047368626129574487e+00 4.641679382324218750e+02
5.050803378512106256e+00 4.615548095703125000e+02
5.054238130894637138e+00 4.480822448730468750e+02
5.057672883277168907e+00 4.452644042968750000e+02
5.061107635659699788e+00 4.398557434082031250e+02
5.064542388042230669e+00 4.362208862304687500e+02
5.067977140424761551e+00 4.304697265625000000e+02
5.071411892807293320e+00 4.261630554199218750e+02
5.074846645189824201e+00 4.270035705566406250e+02
5.078281397572355083e+00 4.273617858886718750e+02
5.081716149954886852e+00 4.328716735839843750e+02
5.085150902337417733e+00 4.351436767578125000e+02
5.088585654719949503e+00 4.394065246582031250e+02
5.092020407102479496e+00 4.407324829101562500e+02
5.095455159485011265e+00 4.377398986816406250e+02
5.098889911867542146e+00 4.349430847167968750e+02
5.102324664250073916e+00 4.286556396484375000e+02
5.105759416632604797e+00 4.224135742187500000e+02
5.109194169015136566e+00 4.181074218750000000e+02
5.112628921397667447e+00 4.197739562988281250e+02
5.116063673780198329e+00 4.201748046875000000e+02
5.119498426162729210e+00 4.181659851074218750e+02
5.122933178545260979e+00 4.180397033691406250e+02
5.126367930927791861e+00 4.173793945312500000e+02
5.129802683310323630e+00 4.172121582031250000e+02
5.133237435692854511e+00 4.141957092285156250e+02
5.136672188075386281e+00 4.114425354003906250e+02
5.140106940457916274e+00 4.094490051269531250e+02
5.143541692840448043e+00 4.091615295410156250e+02
5.146976445222978924e+00 4.117956237792968750e+02
5.150411197605510694e+00 4.155179748535156250e+02
5.153845949988041575e+00 4.163576354980468750e+02
5.157280702370572456e+00 4.174305419921875000e+02
5.160715454753104225e+00 4.197778320312500000e+02
5.164150207135635107e+00 4.267207946777343750e+02
5.167584959518165988e+00 4.304419250488281250e+02
5.171019711900696869e+00 4.321453247070312500e+02
5.174454464283228639e+00 4.316695861816406250e+02
5.177889216665759520e+00 4.259252319335937500e+02
5.181323969048291289e+00 4.204261474609375000e+02
5.184758721430822170e+00 4.157846069335937500e+02
5.188193473813353940e+00 4.140504455566406250e+02
5.191628226195883933e+00 4.135042724609375000e+02
5.195062978578415702e+00 4.147662048339843750e+02
5.198497730960946583e+00 4.189416198730468750e+02
5.201932483343478353e+00 4.239547424316406250e+02
5.205367235726009234e+00 4.286369018554687500e+02
5.208801988108541003e+00 4.396440429687500000e+02
5.212236740491071885e+00 4.467853698730468750e+02
5.215671492873602766e+00 4.535561828613281250e+02
5.219106245256133647e+00 4.558183898925781250e+02
5.222540997638665417e+00 4.636906738281250000e+02
5.225975750021196298e+00 4.682156372070312500e+02
5.229410502403727179e+00 4.647872009277343750e+02
5.232845254786258948e+00 4.529654235839843750e+02
5.236280007168789830e+00 4.417705688476562500e+02
5.239714759551321599e+00 4.350786743164062500e+02
5.243149511933851592e+00 4.284370727539062500e+02
5.246584264316383361e+00 4.194603576660156250e+02
5.250019016698914243e+00 4.102596435546875000e+02
5.253453769081446012e+00 4.064924926757812500e+02
5.256888521463976893e+00 4.089403076171875000e+02
5.260323273846508663e+00 4.092376098632812500e+02
5.263758026229039544e+00 4.120585327148437500e+02
5.267192778611570425e+00 4.123330688476562500e+02
5.270627530994101306e+00 4.107652587890625000e+02
5.274062283376633076e+00 4.041867370605468750e+02
5.277497035759163957e+00 4.056047973632812500e+02
5.280931788141695726e+00 4.135214538574218750e+02
5.284366540524226608e+00 4.190166015625000000e+02
5.287801292906758377e+00 4.199354553222656250e+02
5.291236045289288370e+00 4.209853820800781250e+02
5.294670797671820139e+00 4.257186279296875000e+02
5.298105550054351021e+00 4.292962036132812500e+02
5.301540302436882790e+00 4.321991271972656250e+02
5.304975054819413671e+00 4.251140136718750000e+02
5.308409807201944552e+00 4.179231262207031250e+02
5.311844559584476322e+00 4.154138488769531250e+02
5.315279311967006315e+00 4.180124206542968750e+02
5.318714064349538084e+00 4.195785522460937500e+02
5.322148816732068966e+00 4.167418212890625000e+02
5.325583569114600735e+00 4.183984375000000000e+02
5.329018321497131616e+00 4.246163635253906250e+02
5.332453073879663386e+00 4.290379638671875000e+02
5.335887826262194267e+00 4.291130371093750000e+02
5.339322578644726036e+00 4.337650451660156250e+02
5.342757331027256029e+00 4.394695434570312500e+02
5.346192083409787799e+00 4.452266540527343750e+02
5.349626835792318680e+00 4.517462158203125000e+02
5.353061588174850449e+00 4.605858154296875000e+02
5.356496340557381330e+00 4.663458862304687500e+02
5.359931092939913100e+00 4.652474060058593750e+02
5.363365845322443981e+00 4.573187866210937500e+02
5.366800597704974862e+00 4.469683227539062500e+02
5.370235350087505743e+00 4.415637512207031250e+02
5.373670102470037513e+00 4.323036804199218750e+02
5.377104854852568394e+00 4.268332214355468750e+02
5.380539607235100164e+00 4.201981201171875000e+02
5.383974359617631045e+00 4.089621887207031250e+02
5.387409112000161926e+00 3.986907958984375000e+02
5.390843864382692807e+00 3.967402343750000000e+02
5.394278616765223688e+00 3.996986389160156250e+02
5.397713369147755458e+00 4.024694824218750000e+02
5.401148121530286339e+00 4.019450683593750000e+02
5.404582873912818108e+00 4.036583557128906250e+02
5.408017626295348990e+00 4.053052673339843750e+02
5.411452378677880759e+00 4.100839843750000000e+02
5.414887131060411640e+00 4.117348632812500000e+02
5.418321883442942521e+00 4.103754272460937500e+02
5.421756635825473403e+00 4.084918518066406250e+02
5.425191388208005172e+00 4.122200927734375000e+02
5.428626140590536053e+00 4.180757141113281250e+02
5.432060892973067823e+00 4.152849121093750000e+02
5.435495645355598704e+00 4.124272460937500000e+02
5.438930397738130473e+00 4.125455932617187500e+02
5.442365150120660466e+00 4.193956909179687500e+02
5.445799902503192236e+00 4.194033203125000000e+02
5.449234654885723117e+00 4.116249389648437500e+02
5.452669407268254886e+00 4.107020263671875000e+02
5.456104159650785768e+00 4.133117065429687500e+02
5.459538912033316649e+00 4.109530944824218750e+02
5.462973664415848418e+00 4.016734924316406250e+02
5.466408416798379299e+00 4.034837646484375000e+02
5.469843169180910181e+00 4.131928405761718750e+02
5.473277921563441062e+00 4.193248901367187500e+02
5.476712673945972831e+00 4.270973815917968750e+02
5.480147426328503713e+00 4.392145996093750000e+02
5.483582178711035482e+00 4.468096618652343750e+02
5.487016931093566363e+00 4.518410949707031250e+02
5.490451683476098133e+00 4.495045166015625000e+02
5.493886435858628126e+00 4.489314270019531250e+02
5.497321188241159895e+00 4.404164123535156250e+02
5.500755940623690776e+00 4.333725280761718750e+02
5.504190693006222546e+00 4.255114746093750000e+02
5.507625445388753427e+00 4.212734985351562500e+02
5.511060197771285196e+00 4.225845336914062500e+02
5.514494950153816077e+00 4.213119812011718750e+02
5.517929702536346959e+00 4.177329711914062500e+02
5.521364454918877840e+00 4.096665344238281250e+02
5.524799207301409609e+00 4.099157104492187500e+02
5.528233959683940490e+00 4.126294860839843750e+02
5.531668712066472260e+00 4.149734497070312500e+02
5.535103464449003141e+00 4.112781677246093750e+02
5.538538216831534022e+00 4.056793823242187500e+02
5.541972969214064904e+00 4.058194885253906250e+02
5.545407721596595785e+00 4.106379394531250000e+02
5.548842473979127554e+00 4.124899902343750000e+02
5.552277226361658435e+00 4.085892028808593750e+02
5.555711978744190205e+00 4.037828979492187500e+02
5.559146731126721086e+00 4.053150634765625000e+02
5.562581483509252855e+00 4.090835266113281250e+02
5.566016235891783737e+00 4.065625915527343750e+02
5.569450988274314618e+00 4.046433105468750000e+02
5.572885740656845499e+00 4.029408264160156250e+02
5.576320493039377268e+00 4.055903930664062500e+02
5.579755245421908150e+00 4.044636230468750000e+02
5.583189997804439919e+00 4.026017456054687500e+02
5.586624750186970800e+00 3.986248474121093750e+02
5.590059502569502570e+00 3.972082519531250000e+02
5.593494254952032563e+00 3.935643615722656250e+02
5.596929007334564332e+00 3.937954101562500000e+02
5.600363759717095213e+00 3.923292541503906250e+02
5.603798512099626983e+00 3.938324584960937500e+02
5.607233264482157864e+00 3.963840637207031250e+02
5.610668016864688745e+00 4.016413879394531250e+02
5.614102769247220515e+00 3.971965942382812500e+02
5.617537521629751396e+00 3.909810180664062500e+02
5.620972274012282277e+00 3.895875854492187500e+02
5.624407026394813158e+00 3.942003479003906250e+02
5.627841778777344928e+00 3.950348510742187500e+02
5.631276531159875809e+00 3.923146057128906250e+02
5.634711283542407578e+00 3.903147277832031250e+02
5.638146035924938460e+00 3.901261291503906250e+02
5.641580788307470229e+00 3.935123901367187500e+02
5.645015540690000222e+00 3.935824584960937500e+02
5.648450293072531991e+00 3.920030517578125000e+02
5.651885045455062873e+00 3.879330749511718750e+02
5.655319797837594642e+00 3.893882446289062500e+02
5.658754550220125523e+00 3.936942749023437500e+02
5.662189302602657293e+00 3.971407775878906250e+02
5.665624054985188174e+00 3.958646545410156250e+02
5.669058807367719055e+00 3.933939514160156250e+02
5.672493559750249936e+00 3.928438415527343750e+02
5.675928312132781706e+00 3.953929748535156250e+02
5.679363064515312587e+00 4.004078063964843750e+02
5.682797816897844356e+00 4.084962158203125000e+02
5.686232569280375237e+00 4.079353637695312500e+02
5.689667321662906119e+00 4.080151672363281250e+02
5.693102074045437000e+00 4.170496826171875000e+02
5.696536826427967881e+00 4.245564575195312500e+02
5.699971578810499651e+00 4.307810058593750000e+02
5.703406331193030532e+00 4.320128784179687500e+02
5.706841083575562301e+00 4.341374511718750000e+02
5.710275835958093182e+00 4.365417785644531250e+02
5.713710588340624952e+00 4.410226135253906250e+02
5.717145340723154945e+00 4.419786682128906250e+02
5.720580093105686714e+00 4.428028259277343750e+02
5.724014845488217595e+00 4.426469116210937500e+02
5.727449597870749365e+00 4.425281066894531250e+02
5.730884350253280246e+00 4.368698120117187500e+02
5.734319102635812015e+00 4.292158813476562500e+02
5.737753855018342897e+00 4.169729003906250000e+02
5.741188607400874666e+00 4.105777282714843750e+02
5.744623359783404659e+00 4.112933959960937500e+02
5.748058112165936429e+00 4.118700561523437500e+02
5.751492864548467310e+00 4.064175720214843750e+02
5.754927616930999079e+00 3.987671203613281250e+02
5.758362369313529960e+00 3.958295288085937500e+02
5.761797121696060842e+00 3.983156127929687500e+02
5.765231874078592611e+00 3.991516113281250000e+02
5.768666626461123492e+00 3.988671875000000000e+02
5.772101378843654373e+00 3.951336975097656250e+02
5.775536131226185255e+00 3.930742187500000000e+02
5.778970883608717024e+00 3.943359375000000000e+02
5.782405635991247905e+00 3.925469360351562500e+02
5.785840388373779675e+00 3.843889770507812500e+02
5.789275140756310556e+00 3.809449157714843750e+02
5.792709893138841437e+00 3.767300415039062500e+02
5.796144645521372318e+00 3.787308349609375000e+02
5.799579397903904088e+00 3.749656677246093750e+02
5.803014150286434969e+00 3.775734252929687500e+02
5.806448902668966738e+00 3.809620361328125000e+02
5.809883655051497620e+00 3.873117980957031250e+02
5.813318407434029389e+00 3.879880065917968750e+02
5.816753159816560270e+00 3.868839416503906250e+02
5.820187912199091151e+00 3.859659423828125000e+02
5.823622664581622033e+00 3.850219116210937500e+02
5.827057416964153802e+00 3.843793640136718750e+02
5.830492169346684683e+00 3.832879333496093750e+02
5.833926921729216453e+00 3.830807495117187500e+02
5.837361674111747334e+00 3.793997802734375000e+02
5.840796426494278215e+00 3.783154296875000000e+02
5.844231178876809096e+00 3.799791259765625000e+02
5.847665931259339978e+00 3.837069702148437500e+02
5.851100683641871747e+00 3.844722595214843750e+02
5.854535436024402628e+00 3.840273132324218750e+02
5.857970188406934398e+00 3.814955749511718750e+02
5.861404940789465279e+00 3.830962219238281250e+02
5.864839693171997048e+00 3.817916564941406250e+02
5.868274445554527041e+00 3.828692321777343750e+02
5.871709197937058811e+00 3.769651794433593750e+02
5.875143950319589692e+00 3.797418823242187500e+02
5.878578702702121461e+00 3.869069213867187500e+02
5.882013455084652342e+00 3.893107910156250000e+02
5.885448207467184112e+00 3.881602478027343750e+02
5.888882959849714993e+00 3.824981994628906250e+02
5.892317712232246762e+00 3.830754089355468750e+02
5.895752464614776756e+00 3.835932922363281250e+02
5.899187216997308525e+00 3.854355468750000000e+02
5.902621969379839406e+00 3.891185302734375000e+02
5.906056721762371176e+00 3.913222351074218750e+02
5.909491474144902057e+00 3.881680908203125000e+02
5.912926226527432938e+00 3.818657836914062500e+02
5.916360978909964707e+00 3.776544494628906250e+02
5.919795731292495589e+00 3.779057617187500000e+02
5.923230483675026470e+00 3.789167480468750000e+02
5.926665236057557351e+00 3.795238037109375000e+02
5.930099988440089120e+00 3.817824707031250000e+02
5.933534740822620002e+00 3.811835632324218750e+02
5.936969493205151771e+00 3.812377929687500000e+02
5.940404245587682652e+00 3.796006164550781250e+02
5.943838997970213534e+00 3.816426391601562500e+02
5.947273750352744415e+00 3.818316040039062500e+02
5.950708502735276184e+00 3.850003356933593750e+02
5.954143255117807065e+00 3.885513305664062500e+02
5.957578007500338835e+00 3.932961120605468750e+02
5.961012759882869716e+00 4.007724304199218750e+02
5.964447512265401485e+00 4.047866821289062500e+02
5.967882264647932367e+00 4.093572692871093750e+02
5.971317017030463248e+00 4.112595214843750000e+02
5.974751769412994129e+00 4.122449645996093750e+02
5.978186521795525898e+00 4.090018005371093750e+02
5.981621274178056780e+00 4.093356628417968750e+02
5.985056026560588549e+00 4.071679382324218750e+02
5.988490778943119430e+00 4.055994262695312500e+02
5.991925531325650311e+00 4.021969299316406250e+02
5.995360283708181193e+00 4.020642395019531250e+02
5.998795036090712074e+00 3.999327392578125000e+02
6.002229788473243843e+00 3.986607360839843750e+02
6.005664540855774725e+00 3.918457031250000000e+02
6.009099293238306494e+00 3.865751037597656250e+02
6.012534045620837375e+00 3.850479736328125000e+02
6.015968798003369145e+00 3.923638916015625000e+02
6.019403550385899138e+00 3.966871948242187500e+02
6.022838302768430907e+00 3.999612121582031250e+02
6.026273055150961788e+00 3.980155029296875000e+02
6.029707807533493558e+00 3.988749389648437500e+02
6.033142559916024439e+00 3.955830688476562500e+02
6.036577312298556208e+00 3.926268310546875000e+02
6.040012064681087089e+00 3.898387756347656250e+02
6.043446817063618859e+00 3.899005737304687500e+02
6.046881569446148852e+00 3.902470703125000000e+02
6.050316321828680621e+00 3.870824584960937500e+02
6.053751074211211503e+00 3.867365417480468750e+02
6.057185826593743272e+00 3.934528503417968750e+02
6.060620578976274153e+00 4.008220214843750000e+02
6.064055331358805923e+00 4.069275207519531250e+02
6.067490083741336804e+00 4.085187683105468750e+02
6.070924836123867685e+00 4.090477600097656250e+02
6.074359588506398566e+00 4.076616210937500000e+02
6.077794340888929447e+00 4.057266540527343750e+02
6.081229093271461217e+00 4.046154785156250000e+02
6.084663845653992098e+00 4.012454833984375000e+02
6.088098598036523867e+00 3.931116027832031250e+02
6.091533350419054749e+00 3.898415222167968750e+02
6.094968102801585630e+00 3.879345092773437500e+02
6.098402855184116511e+00 3.797920532226562500e+02
6.101837607566648281e+00 3.734660034179687500e+02
6.105272359949179162e+00 3.704954833984375000e+02
6.108707112331710931e+00 3.756778564453125000e+02
6.112141864714241812e+00 3.746609802246093750e+02
6.115576617096773582e+00 3.769037475585937500e+02
6.119011369479304463e+00 3.738905944824218750e+02
6.122446121861835344e+00 3.698513793945312500e+02
6.125880874244366225e+00 3.725257568359375000e+02
6.129315626626897995e+00 3.738752746582031250e+02
6.132750379009428876e+00 3.777395629882812500e+02
6.136185131391960645e+00 3.761061401367187500e+02
6.139619883774491527e+00 3.763908996582031250e+02
6.143054636157022408e+00 3.779045104980468750e+02
6.146489388539553289e+00 3.820640869140625000e+02
6.149924140922085058e+00 3.829902954101562500e+02
6.153358893304615940e+00 3.814643859863281250e+02
6.156793645687146821e+00 3.771550598144531250e+02
6.160228398069678590e+00 3.780857849121093750e+02
6.163663150452209472e+00 3.819377136230468750e+02
6.167097902834741241e+00 3.873049011230468750e+02
6.170532655217271234e+00 3.853927001953125000e+02
6.173967407599803003e+00 3.825532531738281250e+02
6.177402159982333885e+00 3.804822387695312500e+02
6.180836912364865654e+00 3.782426452636718750e+02
6.184271664747396535e+00 3.733370056152343750e+02
6.187706417129928305e+00 3.709312133789062500e+02
6.191141169512459186e+00 3.701802673339843750e+02
6.194575921894990067e+00 3.689441528320312500e+02
6.198010674277520948e+00 3.647723083496093750e+02
6.201445426660052718e+00 3.634315795898437500e+02
6.204880179042583599e+00 3.615292968750000000e+02
6.208314931425115368e+00 3.627465820312500000e+02
6.211749683807646250e+00 3.638919372558593750e+02
6.215184436190178019e+00 3.665729064941406250e+02
6.218619188572708900e+00 3.636836547851562500e+02
6.222053940955239781e+00 3.627217407226562500e+02
6.225488693337770663e+00 3.626856994628906250e+02
6.228923445720301544e+00 3.670576171875000000e+02
6.232358198102833313e+00 3.655928649902343750e+02
6.235792950485364194e+00 3.637059020996093750e+02
6.239227702867895964e+00 3.619640808105468750e+02
6.242662455250426845e+00 3.595729370117187500e+02
6.246097207632957726e+00 3.568182067871093750e+02
6.249531960015488607e+00 3.561264038085937500e+02
6.252966712398020377e+00 3.597534484863281250e+02
6.256401464780551258e+00 3.627756042480468750e+02
6.259836217163083028e+00 3.653055114746093750e+02
6.263270969545613909e+00 3.699502563476562500e+02
6.266705721928145678e+00 3.699870605468750000e+02
6.270140474310675671e+00 3.737984008789062500e+02
6.273575226693207441e+00 3.792662353515625000e+02
6.277009979075738322e+00 3.876785278320312500e+02
6.280444731458270091e+00 3.982802734375000000e+02
6.283879483840800972e+00 4.068374023437500000e+02
6.287314236223332742e+00 4.121449279785156250e+02
6.290748988605863623e+00 4.152835388183593750e+02
6.294183740988394504e+00 4.146516723632812500e+02
6.297618493370925385e+00 4.246120300292968750e+02
6.301053245753457155e+00 4.667221069335937500e+02
6.304487998135988036e+00 5.339122314453125000e+02
6.307922750518518917e+00 6.811990966796875000e+02
6.311357502901050687e+00 7.694025878906250000e+02
6.314792255283581568e+00 8.109621582031250000e+02
6.318227007666113337e+00 7.457857055664062500e+02
6.321661760048643330e+00 6.768683471679687500e+02
6.325096512431175100e+00 5.584017944335937500e+02
6.328531264813705981e+00 4.723795166015625000e+02
6.331966017196237750e+00 4.324539489746093750e+02
6.335400769578768632e+00 3.996216430664062500e+02
6.338835521961300401e+00 3.909601135253906250e+02
6.342270274343831282e+00 3.938181457519531250e+02
6.345705026726362163e+00 3.934655761718750000e+02
6.349139779108893045e+00 3.899224243164062500e+02
6.352574531491424814e+00 3.821579284667968750e+02
6.356009283873955695e+00 3.791006469726562500e+02
6.359444036256487465e+00 3.749112243652343750e+02
6.362878788639018346e+00 3.691634216308593750e+02
6.366313541021550115e+00 3.665279235839843750e+02
6.369748293404080997e+00 3.620557861328125000e+02
6.373183045786611878e+00 3.610730895996093750e+02
6.376617798169142759e+00 3.596094970703125000e+02
6.380052550551673640e+00 3.616228332519531250e+02
6.383487302934205410e+00 3.650758361816406250e+02
6.386922055316736291e+00 3.605377502441406250e+02
6.390356807699268060e+00 3.565682983398437500e+02
6.393791560081798941e+00 3.561358642578125000e+02
6.397226312464329823e+00 3.596392211914062500e+02
6.400661064846860704e+00 3.608448181152343750e+02
6.404095817229392473e+00 3.631702880859375000e+02
6.407530569611923355e+00 3.633137512207031250e+02
6.410965321994455124e+00 3.702073669433593750e+02
6.414400074376986005e+00 3.756726989746093750e+02
6.417834826759517775e+00 3.766910095214843750e+02
6.421269579142047768e+00 3.711820678710937500e+02
6.424704331524579537e+00 3.711065063476562500e+02
6.428139083907110418e+00 3.757616882324218750e+02
6.431573836289642188e+00 3.807359313964843750e+02
6.435008588672173069e+00 3.806141052246093750e+02
6.438443341054704838e+00 3.847664489746093750e+02
6.441878093437235719e+00 3.845463562011718750e+02
6.445312845819766601e+00 3.832595825195312500e+02
6.448747598202297482e+00 3.750308837890625000e+02
6.452182350584829251e+00 3.730702819824218750e+02
6.455617102967360132e+00 3.699441223144531250e+02
6.459051855349891014e+00 3.693211975097656250e+02
6.462486607732422783e+00 3.611245117187500000e+02
6.465921360114953664e+00 3.599237060546875000e+02
6.469356112497485434e+00 3.655506896972656250e+02
6.472790864880015427e+00 3.725858459472656250e+02
6.476225617262547196e+00 3.675119323730468750e+02
6.479660369645078077e+00 3.642926330566406250e+02
6.483095122027609847e+00 3.621958312988281250e+02
6.486529874410140728e+00 3.656158752441406250e+02
6.489964626792672497e+00 3.629884643554687500e+02
6.493399379175203379e+00 3.633190002441406250e+02
6.496834131557734260e+00 3.579716186523437500e+02
6.500268883940265141e+00 3.581934509277343750e+02
6.503703636322796910e+00 3.593140563964843750e+02
6.507138388705327792e+00 3.603206787109375000e+02
6.510573141087859561e+00 3.581783142089843750e+02
6.514007893470390442e+00 3.599802246093750000e+02
6.517442645852922212e+00 3.608807067871093750e+02
6.520877398235453093e+00 3.609016418457031250e+02
6.524312150617983974e+00 3.597201843261718750e+02
6.527746903000514855e+00 3.595631713867187500e+02
6.531181655383045737e+00 3.573656005859375000e+02
6.534616407765577506e+00 3.574901123046875000e+02
6.538051160148108387e+00 3.565676574707031250e+02
6.541485912530640157e+00 3.595129394531250000e+02
6.544920664913171038e+00 3.587397155761718750e+02
6.548355417295701919e+00 3.612611083984375000e+02
6.551790169678232800e+00 3.641473693847656250e+02
6.555224922060764570e+00 3.660360107421875000e+02
6.558659674443295451e+00 3.626989746093750000e+02
6.562094426825827220e+00 3.588109741210937500e+02
6.565529179208358102e+00 3.564490051269531250e+02
6.568963931590889871e+00 3.556979064941406250e+02
6.572398683973419864e+00 3.551576538085937500e+02
6.575833436355951633e+00 3.557011108398437500e+02
6.579268188738482515e+00 3.525094604492187500e+02
6.582702941121014284e+00 3.531781616210937500e+02
6.586137693503545165e+00 3.566344604492187500e+02
6.589572445886076935e+00 3.603007812500000000e+02
6.593007198268607816e+00 3.606122741699218750e+02
6.596441950651138697e+00 3.604885253906250000e+02
6.599876703033669578e+00 3.638321838378906250e+02
6.603311455416201348e+00 3.669412231445312500e+02
6.606746207798732229e+00 3.656540222167968750e+02
6.610180960181263110e+00 3.592038269042968750e+02
6.613615712563794879e+00 3.544170532226562500e+02
6.617050464946325761e+00 3.486266479492187500e+02
6.620485217328857530e+00 3.477019958496093750e+02
6.623919969711387523e+00 3.509190063476562500e+02
6.627354722093919293e+00 3.554527587890625000e+02
6.630789474476450174e+00 3.560052185058593750e+02
6.634224226858981943e+00 3.514607238769531250e+02
6.637658979241512824e+00 3.489241027832031250e+02
6.641093731624044594e+00 3.469395751953125000e+02
6.644528484006575475e+00 3.495809936523437500e+02
6.647963236389106356e+00 3.478621215820312500e+02
6.651397988771637237e+00 3.461769409179687500e+02
6.654832741154169007e+00 3.424224853515625000e+02
6.658267493536699888e+00 3.466477966308593750e+02
6.661702245919231657e+00 3.514435119628906250e+02
6.665136998301762539e+00 3.574412231445312500e+02
6.668571750684294308e+00 3.531715698242187500e+02
6.672006503066824301e+00 3.552943115234375000e+02
6.675441255449356071e+00 3.520744323730468750e+02
6.678876007831886952e+00 3.555078430175781250e+02
6.682310760214417833e+00 3.603659362792968750e+02
6.685745512596949602e+00 3.667601318359375000e+02
6.689180264979480484e+00 3.689342651367187500e+02
6.692615017362012253e+00 3.671262512207031250e+02
6.696049769744543134e+00 3.704228210449218750e+02
6.699484522127074015e+00 3.746865234375000000e+02
6.702919274509604897e+00 3.766939697265625000e+02
6.706354026892136666e+00 3.700913391113281250e+02
6.709788779274667547e+00 3.615714111328125000e+02
6.713223531657199317e+00 3.557831115722656250e+02
6.716658284039730198e+00 3.543007812500000000e+02
6.720093036422261967e+00 3.507776184082031250e+02
6.723527788804791960e+00 3.469209594726562500e+02
6.726962541187323730e+00 3.434059143066406250e+02
6.730397293569854611e+00 3.417500915527343750e+02
6.733832045952386380e+00 3.382655639648437500e+02
6.737266798334917262e+00 3.384337158203125000e+02
6.740701550717449031e+00 3.386418457031250000e+02
6.744136303099979912e+00 3.379349060058593750e+02
6.747571055482510793e+00 3.416367492675781250e+02
6.751005807865041675e+00 3.467609558105468750e+02
6.754440560247573444e+00 3.494779357910156250e+02
6.757875312630104325e+00 3.497246704101562500e+02
6.761310065012635206e+00 3.505079345703125000e+02
6.764744817395166976e+00 3.536120605468750000e+02
6.768179569777697857e+00 3.603777160644531250e+02
6.771614322160229626e+00 3.621162109375000000e+02
6.775049074542759620e+00 3.576318054199218750e+02
6.778483826925291389e+00 3.521191711425781250e+02
6.781918579307822270e+00 3.532044372558593750e+02
6.785353331690354040e+00 3.499894714355468750e+02
6.788788084072884921e+00 3.482555236816406250e+02
6.792222836455416690e+00 3.524624633789062500e+02
6.795657588837947571e+00 3.552767028808593750e+02
6.799092341220478453e+00 3.587378845214843750e+02
6.802527093603009334e+00 3.588123779296875000e+02
6.805961845985541103e+00 3.622091064453125000e+02
6.809396598368071984e+00 3.626914367675781250e+02
6.812831350750603754e+00 3.653921203613281250e+02
6.816266103133134635e+00 3.619958190917968750e+02
6.819700855515666404e+00 3.593090515136718750e+02
6.823135607898196398e+00 3.564520874023437500e+02
6.826570360280728167e+00 3.608410949707031250e+02
6.830005112663259048e+00 3.616230468750000000e+02
6.833439865045790818e+00 3.584999694824218750e+02
6.836874617428321699e+00 3.500388488769531250e+02
6.840309369810852580e+00 3.447105712890625000e+02
6.843744122193384349e+00 3.454424743652343750e+02
6.847178874575915231e+00 3.483324584960937500e+02
6.850613626958446112e+00 3.511375732421875000e+02
6.854048379340976993e+00 3.551574707031250000e+02
6.857483131723508762e+00 3.563325500488281250e+02
6.860917884106039644e+00 3.557689514160156250e+02
6.864352636488571413e+00 3.555239257812500000e+02
6.867787388871102294e+00 3.587965393066406250e+02
6.871222141253634064e+00 3.664289245605468750e+02
6.874656893636164057e+00 3.695798339843750000e+02
6.878091646018695826e+00 3.661207580566406250e+02
6.881526398401226707e+00 3.581895141601562500e+02
6.884961150783758477e+00 3.614771423339843750e+02
6.888395903166289358e+00 3.731090698242187500e+02
6.891830655548821127e+00 3.909263000488281250e+02
6.895265407931352009e+00 4.105932922363281250e+02
6.898700160313882890e+00 4.296759033203125000e+02
6.902134912696413771e+00 4.476683349609375000e+02
6.905569665078945540e+00 4.619424133300781250e+02
6.909004417461476422e+00 4.645705566406250000e+02
6.912439169844007303e+00 4.613837585449218750e+02
6.915873922226539072e+00 4.480305175781250000e+02
6.919308674609069953e+00 4.292030944824218750e+02
6.922743426991601723e+00 4.083115844726562500e+02
6.926178179374131716e+00 3.940381164550781250e+02
6.929612931756663485e+00 3.858684692382812500e+02
6.933047684139194367e+00 3.719839477539062500e+02
6.936482436521726136e+00 3.584818420410156250e+02
6.939917188904257017e+00 3.512695007324218750e+02
6.943351941286788787e+00 3.525315856933593750e+02
6.946786693669319668e+00 3.559538879394531250e+02
6.950221446051850549e+00 3.577242126464843750e+02
6.953656198434381430e+00 3.591919250488281250e+02
6.957090950816913200e+00 3.627030639648437500e+02
6.960525703199444081e+00 3.699082946777343750e+02
6.963960455581975850e+00 3.714629821777343750e+02
6.967395207964506731e+00 3.660359497070312500e+02
6.970829960347038501e+00 3.624351196289062500e+02
6.974264712729568494e+00 3.571079711914062500e+02
6.977699465112100263e+00 3.544920043945312500e+02
6.981134217494631145e+00 3.531054077148437500e+02
6.984568969877162914e+00 3.554601440429687500e+02
6.988003722259693795e+00 3.601755065917968750e+02
6.991438474642224676e+00 3.572366027832031250e+02
6.994873227024756446e+00 3.515213928222656250e+02
6.998307979407287327e+00 3.495562744140625000e+02
7.001742731789818208e+00 3.530002746582031250e+02
7.005177484172349089e+00 3.555292968750000000e+02
7.008612236554880859e+00 3.523313293457031250e+02
7.012046988937411740e+00 3.478074340820312500e+02
7.015481741319943509e+00 3.480807189941406250e+02
7.018916493702474391e+00 3.457696533203125000e+02
7.022351246085006160e+00 3.449519653320312500e+02
7.025785998467536153e+00 3.457397155761718750e+02
7.029220750850067922e+00 3.478829650878906250e+02
7.032655503232598804e+00 3.514096374511718750e+02
7.036090255615130573e+00 3.513310546875000000e+02
7.039525007997661454e+00 3.505226745605468750e+02
7.042959760380193224e+00 3.474836730957031250e+02
7.046394512762724105e+00 3.474334106445312500e+02
7.049829265145254986e+00 3.443641967773437500e+02
7.053264017527785867e+00 3.421525573730468750e+02
7.056698769910317637e+00 3.393535461425781250e+02
7.060133522292848518e+00 3.430231933593750000e+02
7.063568274675379399e+00 3.467089538574218750e+02
7.067003027057911169e+00 3.492426452636718750e+02
7.070437779440442050e+00 3.480335998535156250e+02
7.073872531822972931e+00 3.501677246093750000e+02
7.077307284205503812e+00 3.528497314453125000e+02
7.080742036588035582e+00 3.525224914550781250e+02
7.084176788970566463e+00 3.527024230957031250e+02
7.087611541353098232e+00 3.557896423339843750e+02
7.091046293735629114e+00 3.589063415527343750e+02
7.094481046118160883e+00 3.621957397460937500e+02
7.097915798500691764e+00 3.668983459472656250e+02
7.101350550883222645e+00 3.707238159179687500e+02
7.104785303265753527e+00 3.680201110839843750e+02
7.108220055648285296e+00 3.600450744628906250e+02
7.111654808030816177e+00 3.532658996582031250e+02
7.115089560413347947e+00 3.508642883300781250e+02
7.118524312795878828e+00 3.495483703613281250e+02
7.121959065178410597e+00 3.478470764160156250e+02
7.125393817560940590e+00 3.392253112792968750e+02
7.128828569943472360e+00 3.329688415527343750e+02
7.132263322326003241e+00 3.300751037597656250e+02
7.135698074708535010e+00 3.317016906738281250e+02
7.139132827091065892e+00 3.338651123046875000e+02
7.142567579473596773e+00 3.321365661621093750e+02
7.146002331856128542e+00 3.302892761230468750e+02
7.149437084238658535e+00 3.328826904296875000e+02
7.152871836621190305e+00 3.395899963378906250e+02
7.156306589003721186e+00 3.408802185058593750e+02
7.159741341386252955e+00 3.420357360839843750e+02
7.163176093768782948e+00 3.463399353027343750e+02
7.166610846151314718e+00 3.473981628417968750e+02
7.170045598533845599e+00 3.429931945800781250e+02
7.173480350916377368e+00 3.415852355957031250e+02
7.176915103298908249e+00 3.408281555175781250e+02
7.180349855681440019e+00 3.399361267089843750e+02
7.183784608063970900e+00 3.360761413574218750e+02
7.187219360446502670e+00 3.340238037109375000e+02
7.190654112829033551e+00 3.354906921386718750e+02
7.194088865211565320e+00 3.351360473632812500e+02
7.197523617594096201e+00 3.353346862792968750e+02
7.200958369976627971e+00 3.354985351562500000e+02
7.204393122359158852e+00 3.325976257324218750e+02
7.207827874741689733e+00 3.298841247558593750e+02
7.211262627124221503e+00 3.307646789550781250e+02
7.214697379506751496e+00 3.305932617187500000e+02
7.218132131889282377e+00 3.303342285156250000e+02
7.221566884271814146e+00 3.283421630859375000e+02
7.225001636654345027e+00 3.303677368164062500e+02
7.228436389036875909e+00 3.290480346679687500e+02
7.231871141419407678e+00 3.276936950683593750e+02
7.235305893801938559e+00 3.276473388671875000e+02
7.238740646184470329e+00 3.279808654785156250e+02
7.242175398567001210e+00 3.288689575195312500e+02
7.245610150949532979e+00 3.304910888671875000e+02
7.249044903332063861e+00 3.328449096679687500e+02
7.252479655714595630e+00 3.309232482910156250e+02
7.255914408097126511e+00 3.278615112304687500e+02
7.259349160479658281e+00 3.275481567382812500e+02
7.262783912862187385e+00 3.288687133789062500e+02
7.266218665244719155e+00 3.277693176269531250e+02
7.269653417627250036e+00 3.299124450683593750e+02
7.273088170009781805e+00 3.311030883789062500e+02
7.276522922392312687e+00 3.341113891601562500e+02
7.279957674774844456e+00 3.344885864257812500e+02
7.283392427157375337e+00 3.340074157714843750e+02
7.286827179539907107e+00 3.329000854492187500e+02
7.290261931922437988e+00 3.324867553710937500e+02
7.293696684304968869e+00 3.299874572753906250e+02
7.297131436687500639e+00 3.303719787597656250e+02
7.300566189070031520e+00 3.327599182128906250e+02
7.304000941452563289e+00 3.391235656738281250e+02
7.307435693835094170e+00 3.402267456054687500e+02
7.310870446217625940e+00 3.430135803222656250e+02
7.314305198600155045e+00 3.405260314941406250e+02
7.317739950982686814e+00 3.371186218261718750e+02
7.321174703365217695e+00 3.315646667480468750e+02
7.324609455747749465e+00 3.274240722656250000e+02
7.328044208130280346e+00 3.263204040527343750e+02
7.331478960512812115e+00 3.297457580566406250e+02
7.334913712895342996e+00 3.334111938476562500e+02
7.338348465277874766e+00 3.335505065917968750e+02
7.341783217660405647e+00 3.292403564453125000e+02
7.345217970042937417e+00 3.273031616210937500e+02
7.348652722425468298e+00 3.242533874511718750e+02
7.352087474808000067e+00 3.252504272460937500e+02
7.355522227190530948e+00 3.257759399414062500e+02
7.358956979573061830e+00 3.300060729980468750e+02
7.362391731955593599e+00 3.335938110351562500e+02
7.365826484338123592e+00 3.363684387207031250e+02
7.369261236720654473e+00 3.402066650390625000e+02
7.372695989103186243e+00 3.451111450195312500e+02
7.376130741485717124e+00 3.469162902832031250e+02
7.379565493868248005e+00 3.417438659667968750e+02
7.383000246250779774e+00 3.345308532714843750e+02
7.386434998633310656e+00 3.284950866699218750e+02
7.389869751015842425e+00 3.330488281250000000e+02
7.393304503398373306e+00 3.387554931640625000e+02
7.396739255780905076e+00 3.391843261718750000e+02
7.400174008163435957e+00 3.325528564453125000e+02
7.403608760545967726e+00 3.322160949707031250e+02
7.407043512928498608e+00 3.358227539062500000e+02
7.410478265311030377e+00 3.387182312011718750e+02
7.413913017693559482e+00 3.372834472656250000e+02
7.417347770076091251e+00 3.402558288574218750e+02
7.420782522458622132e+00 3.410197143554687500e+02
7.424217274841153902e+00 3.385220031738281250e+02
7.427652027223684783e+00 3.334239501953125000e+02
7.431086779606216552e+00 3.366047973632812500e+02
7.434521531988747434e+00 3.373311767578125000e+02
7.437956284371279203e+00 3.318892822265625000e+02
