# # sector 29: chi = 114.98 deg (range [110, 120))
# # columns: 2theta(deg)  intensity
1.052751605245807909e+00 1.280920166015625000e+03
1.056186357628339012e+00 1.279601684570312500e+03
1.059621110010870337e+00 1.266892822265625000e+03
1.063055862393401441e+00 1.256779418945312500e+03
1.066490614775932544e+00 1.246367065429687500e+03
1.069925367158463869e+00 1.245489746093750000e+03
1.073360119540994972e+00 1.267016113281250000e+03
1.076794871923526298e+00 1.285049926757812500e+03
1.080229624306057401e+00 1.300006225585937500e+03
1.083664376688588726e+00 1.301068115234375000e+03
1.087099129071119830e+00 1.296463500976562500e+03
1.090533881453650933e+00 1.297517333984375000e+03
1.093968633836182036e+00 1.294908691406250000e+03
1.097403386218713361e+00 1.303522827148437500e+03
1.100838138601244465e+00 1.312620849609375000e+03
1.104272890983775568e+00 1.312384399414062500e+03
1.107707643366306893e+00 1.309169067382812500e+03
1.111142395748837997e+00 1.297369262695312500e+03
1.114577148131369322e+00 1.290520751953125000e+03
1.118011900513900425e+00 1.291348144531250000e+03
1.121446652896431750e+00 1.291405151367187500e+03
1.124881405278962854e+00 1.303823120117187500e+03
1.128316157661493957e+00 1.293882690429687500e+03
1.131750910044025060e+00 1.296762939453125000e+03
1.135185662426556386e+00 1.291512573242187500e+03
1.138620414809087489e+00 1.293611083984375000e+03
1.142055167191618592e+00 1.305714355468750000e+03
1.145489919574149917e+00 1.320590698242187500e+03
1.148924671956681021e+00 1.332443481445312500e+03
1.152359424339212346e+00 1.330135986328125000e+03
1.155794176721743449e+00 1.336067504882812500e+03
1.159228929104274775e+00 1.339843017578125000e+03
1.162663681486805878e+00 1.338870239257812500e+03
1.166098433869336981e+00 1.342313964843750000e+03
1.169533186251868084e+00 1.339320556640625000e+03
1.172967938634399410e+00 1.332837646484375000e+03
1.176402691016930513e+00 1.326580078125000000e+03
1.179837443399461616e+00 1.321330688476562500e+03
1.183272195781992941e+00 1.333007446289062500e+03
1.186706948164524045e+00 1.336498168945312500e+03
1.190141700547055370e+00 1.338378662109375000e+03
1.193576452929586473e+00 1.334577392578125000e+03
1.197011205312117799e+00 1.336528076171875000e+03
1.200445957694648902e+00 1.335280761718750000e+03
1.203880710077180005e+00 1.336850341796875000e+03
1.207315462459711108e+00 1.348757690429687500e+03
1.210750214842242434e+00 1.367603637695312500e+03
1.214184967224773537e+00 1.373886230468750000e+03
1.217619719607304640e+00 1.370507690429687500e+03
1.221054471989835966e+00 1.354424804687500000e+03
1.224489224372367069e+00 1.357780395507812500e+03
1.227923976754898394e+00 1.354594360351562500e+03
1.231358729137429497e+00 1.357274902343750000e+03
1.234793481519960823e+00 1.352718383789062500e+03
1.238228233902491926e+00 1.359867065429687500e+03
1.241662986285023029e+00 1.364695556640625000e+03
1.245097738667554133e+00 1.369438354492187500e+03
1.248532491050085236e+00 1.371109497070312500e+03
1.251967243432616561e+00 1.377285156250000000e+03
1.255401995815147664e+00 1.374629272460937500e+03
1.258836748197678990e+00 1.372333618164062500e+03
1.262271500580210093e+00 1.371792114257812500e+03
1.265706252962741418e+00 1.370182983398437500e+03
1.269141005345272522e+00 1.376095581054687500e+03
1.272575757727803847e+00 1.386577636718750000e+03
1.276010510110334950e+00 1.408896972656250000e+03
1.279445262492866053e+00 1.413977783203125000e+03
1.282880014875397157e+00 1.407556274414062500e+03
1.286314767257928260e+00 1.406150146484375000e+03
1.289749519640459585e+00 1.413867553710937500e+03
1.293184272022990688e+00 1.429587036132812500e+03
1.296619024405522014e+00 1.430642089843750000e+03
1.300053776788053117e+00 1.430104003906250000e+03
1.303488529170584442e+00 1.441622924804687500e+03
1.306923281553115546e+00 1.441038085937500000e+03
1.310358033935646871e+00 1.434462158203125000e+03
1.313792786318177974e+00 1.421511230468750000e+03
1.317227538700709077e+00 1.428075439453125000e+03
1.320662291083240181e+00 1.422013549804687500e+03
1.324097043465771284e+00 1.428900878906250000e+03
1.327531795848302609e+00 1.437500244140625000e+03
1.330966548230833713e+00 1.444147338867187500e+03
1.334401300613365038e+00 1.449145019531250000e+03
1.337836052995896141e+00 1.466665405273437500e+03
1.341270805378427466e+00 1.496738525390625000e+03
1.344705557760958570e+00 1.534751586914062500e+03
1.348140310143489895e+00 1.567553344726562500e+03
1.351575062526020998e+00 1.599975097656250000e+03
1.355009814908552102e+00 1.606972290039062500e+03
1.358444567291083205e+00 1.601882324218750000e+03
1.361879319673614308e+00 1.569936523437500000e+03
1.365314072056145633e+00 1.535023193359375000e+03
1.368748824438676737e+00 1.510526245117187500e+03
1.372183576821208062e+00 1.488963378906250000e+03
1.375618329203739165e+00 1.482579956054687500e+03
1.379053081586270491e+00 1.464874145507812500e+03
1.382487833968801594e+00 1.466887207031250000e+03
1.385922586351332919e+00 1.469398681640625000e+03
1.389357338733864022e+00 1.483673461914062500e+03
1.392792091116395126e+00 1.496500244140625000e+03
1.396226843498926229e+00 1.501992797851562500e+03
1.399661595881457332e+00 1.487286621093750000e+03
1.403096348263988657e+00 1.467027832031250000e+03
1.406531100646519761e+00 1.461216430664062500e+03
1.409965853029051086e+00 1.461801391601562500e+03
1.413400605411582189e+00 1.459558959960937500e+03
1.416835357794113515e+00 1.448193725585937500e+03
1.420270110176644618e+00 1.452594848632812500e+03
1.423704862559175943e+00 1.459844482421875000e+03
1.427139614941707046e+00 1.474607421875000000e+03
1.430574367324238150e+00 1.482761962890625000e+03
1.434009119706769253e+00 1.481280761718750000e+03
1.437443872089300356e+00 1.475425292968750000e+03
1.440878624471831682e+00 1.465313598632812500e+03
1.444313376854362785e+00 1.469385742187500000e+03
1.447748129236894110e+00 1.463139892578125000e+03
1.451182881619425213e+00 1.459282958984375000e+03
1.454617634001956539e+00 1.458475830078125000e+03
1.458052386384487642e+00 1.479415771484375000e+03
1.461487138767018967e+00 1.490126220703125000e+03
1.464921891149550071e+00 1.499301879882812500e+03
1.468356643532081174e+00 1.501949707031250000e+03
1.471791395914612277e+00 1.508949951171875000e+03
1.475226148297143380e+00 1.510944824218750000e+03
1.478660900679674706e+00 1.511254272460937500e+03
1.482095653062205809e+00 1.495926269531250000e+03
1.485530405444737134e+00 1.480567138671875000e+03
1.488965157827268238e+00 1.467862670898437500e+03
1.492399910209799563e+00 1.465223388671875000e+03
1.495834662592330666e+00 1.465152343750000000e+03
1.499269414974861991e+00 1.467949462890625000e+03
1.502704167357393095e+00 1.466744140625000000e+03
1.506138919739924198e+00 1.475759887695312500e+03
1.509573672122455301e+00 1.490902709960937500e+03
1.513008424504986404e+00 1.502588012695312500e+03
1.516443176887517730e+00 1.494416259765625000e+03
1.519877929270048833e+00 1.484722412109375000e+03
1.523312681652580158e+00 1.480808349609375000e+03
1.526747434035111262e+00 1.488336181640625000e+03
1.530182186417642587e+00 1.496755737304687500e+03
1.533616938800173690e+00 1.500648803710937500e+03
1.537051691182705015e+00 1.495468383789062500e+03
1.540486443565236119e+00 1.499949096679687500e+03
1.543921195947767222e+00 1.512192871093750000e+03
1.547355948330298325e+00 1.516313354492187500e+03
1.550790700712829429e+00 1.520836303710937500e+03
1.554225453095360754e+00 1.516992187500000000e+03
1.557660205477891857e+00 1.515426513671875000e+03
1.561094957860423182e+00 1.509520874023437500e+03
1.564529710242954286e+00 1.511875976562500000e+03
1.567964462625485611e+00 1.517944213867187500e+03
1.571399215008016714e+00 1.528106567382812500e+03
1.574833967390548040e+00 1.532836303710937500e+03
1.578268719773079143e+00 1.529545288085937500e+03
1.581703472155610246e+00 1.518858642578125000e+03
1.585138224538141349e+00 1.512755981445312500e+03
1.588572976920672453e+00 1.509900390625000000e+03
1.592007729303203778e+00 1.516706298828125000e+03
1.595442481685734881e+00 1.528210571289062500e+03
1.598877234068266207e+00 1.544754028320312500e+03
1.602311986450797310e+00 1.552163330078125000e+03
1.605746738833328635e+00 1.561562622070312500e+03
1.609181491215859738e+00 1.569639770507812500e+03
1.612616243598391064e+00 1.565645874023437500e+03
1.616050995980922167e+00 1.560847534179687500e+03
1.619485748363453270e+00 1.576634887695312500e+03
1.622920500745984373e+00 1.617167236328125000e+03
1.626355253128515477e+00 1.671374511718750000e+03
1.629790005511046802e+00 1.734463623046875000e+03
1.633224757893577905e+00 1.793180419921875000e+03
1.636659510276109231e+00 1.825556274414062500e+03
1.640094262658640334e+00 1.816209472656250000e+03
1.643529015041171659e+00 1.778496826171875000e+03
1.646963767423702762e+00 1.720032104492187500e+03
1.650398519806234088e+00 1.668334594726562500e+03
1.653833272188765191e+00 1.612665527343750000e+03
1.657268024571296294e+00 1.575955810546875000e+03
1.660702776953827398e+00 1.550241577148437500e+03
1.664137529336358501e+00 1.546151000976562500e+03
1.667572281718889826e+00 1.555239379882812500e+03
1.671007034101420929e+00 1.559025878906250000e+03
1.674441786483952255e+00 1.555412353515625000e+03
1.677876538866483358e+00 1.554966064453125000e+03
1.681311291249014683e+00 1.560659179687500000e+03
1.684746043631545787e+00 1.554015502929687500e+03
1.688180796014076890e+00 1.543041748046875000e+03
1.691615548396608215e+00 1.543448242187500000e+03
1.695050300779139318e+00 1.552330688476562500e+03
1.698485053161670422e+00 1.549778686523437500e+03
1.701919805544201525e+00 1.550571289062500000e+03
1.705354557926732850e+00 1.551337280273437500e+03
1.708789310309263954e+00 1.545375488281250000e+03
1.712224062691795279e+00 1.540566040039062500e+03
1.715658815074326382e+00 1.535897949218750000e+03
1.719093567456857707e+00 1.536311889648437500e+03
1.722528319839388811e+00 1.530337158203125000e+03
1.725963072221919914e+00 1.533607543945312500e+03
1.729397824604451239e+00 1.538299438476562500e+03
1.732832576986982343e+00 1.548836669921875000e+03
1.736267329369513446e+00 1.542444702148437500e+03
1.739702081752044549e+00 1.535408935546875000e+03
1.743136834134575874e+00 1.530692138671875000e+03
1.746571586517106978e+00 1.524236206054687500e+03
1.750006338899638303e+00 1.509661132812500000e+03
1.753441091282169406e+00 1.499047241210937500e+03
1.756875843664700731e+00 1.496369262695312500e+03
1.760310596047231835e+00 1.496523071289062500e+03
1.763745348429762938e+00 1.495989868164062500e+03
1.767180100812294263e+00 1.497443725585937500e+03
1.770614853194825367e+00 1.499263183593750000e+03
1.774049605577356470e+00 1.503767211914062500e+03
1.777484357959887573e+00 1.518322998046875000e+03
1.780919110342418898e+00 1.541130126953125000e+03
1.784353862724950002e+00 1.557584838867187500e+03
1.787788615107481327e+00 1.553413452148437500e+03
1.791223367490012208e+00 1.535681152343750000e+03
1.794658119872543534e+00 1.523242797851562500e+03
1.798092872255074859e+00 1.499188964843750000e+03
1.801527624637606184e+00 1.478753173828125000e+03
1.804962377020137065e+00 1.463255249023437500e+03
1.808397129402668391e+00 1.454918945312500000e+03
1.811831881785199494e+00 1.446787841796875000e+03
1.815266634167730819e+00 1.441217163085937500e+03
1.818701386550261700e+00 1.437780517578125000e+03
1.822136138932793026e+00 1.428999145507812500e+03
1.825570891315324351e+00 1.420421020507812500e+03
1.829005643697855676e+00 1.400744262695312500e+03
1.832440396080386558e+00 1.392726318359375000e+03
1.835875148462917883e+00 1.392146118164062500e+03
1.839309900845449208e+00 1.394810058593750000e+03
1.842744653227980089e+00 1.394248779296875000e+03
1.846179405610511415e+00 1.384880981445312500e+03
1.849614157993042740e+00 1.385425048828125000e+03
1.853048910375573843e+00 1.378506835937500000e+03
1.856483662758104725e+00 1.381204467773437500e+03
1.859918415140636050e+00 1.372549072265625000e+03
1.863353167523167375e+00 1.370668579101562500e+03
1.866787919905698701e+00 1.356347534179687500e+03
1.870222672288229582e+00 1.343643432617187500e+03
1.873657424670760907e+00 1.334190673828125000e+03
1.877092177053292232e+00 1.335787231445312500e+03
1.880526929435823114e+00 1.339396240234375000e+03
1.883961681818354439e+00 1.347840087890625000e+03
1.887396434200885764e+00 1.348320312500000000e+03
1.890831186583416867e+00 1.342883666992187500e+03
1.894265938965947749e+00 1.337239013671875000e+03
1.897700691348479074e+00 1.333706176757812500e+03
1.901135443731010399e+00 1.319627685546875000e+03
1.904570196113541725e+00 1.305177978515625000e+03
1.908004948496072606e+00 1.286531616210937500e+03
1.911439700878603931e+00 1.276115600585937500e+03
1.914874453261135256e+00 1.268550781250000000e+03
1.918309205643666138e+00 1.271024047851562500e+03
1.921743958026197463e+00 1.275240844726562500e+03
1.925178710408728788e+00 1.270019042968750000e+03
1.928613462791259892e+00 1.254753540039062500e+03
1.932048215173790773e+00 1.246236694335937500e+03
1.935482967556322098e+00 1.236555908203125000e+03
1.938917719938853423e+00 1.235214843750000000e+03
1.942352472321384749e+00 1.230111206054687500e+03
1.945787224703915630e+00 1.226480590820312500e+03
1.949221977086446955e+00 1.223572509765625000e+03
1.952656729468978281e+00 1.222891357421875000e+03
1.956091481851509162e+00 1.226629516601562500e+03
1.959526234234040487e+00 1.221220947265625000e+03
1.962960986616571812e+00 1.226966918945312500e+03
1.966395738999102916e+00 1.235553222656250000e+03
1.969830491381633797e+00 1.238778198242187500e+03
1.973265243764165122e+00 1.232441162109375000e+03
1.976699996146696447e+00 1.223681640625000000e+03
1.980134748529227329e+00 1.211869995117187500e+03
1.983569500911758654e+00 1.205431518554687500e+03
1.987004253294289979e+00 1.208696655273437500e+03
1.990439005676821305e+00 1.229594848632812500e+03
1.993873758059352186e+00 1.267818359375000000e+03
1.997308510441883511e+00 1.332477294921875000e+03
2.000743262824414614e+00 1.417073242187500000e+03
2.004178015206945940e+00 1.492935546875000000e+03
2.007612767589476821e+00 1.543824707031250000e+03
2.011047519972008146e+00 1.550679687500000000e+03
2.014482272354539472e+00 1.504381713867187500e+03
2.017917024737070353e+00 1.429031982421875000e+03
2.021351777119601678e+00 1.341412963867187500e+03
2.024786529502133003e+00 1.261671752929687500e+03
2.028221281884664329e+00 1.193507080078125000e+03
2.031656034267195210e+00 1.159766601562500000e+03
2.035090786649726535e+00 1.138327880859375000e+03
2.038525539032257861e+00 1.127400512695312500e+03
2.041960291414789186e+00 1.120353515625000000e+03
2.045395043797320067e+00 1.117952636718750000e+03
2.048829796179851392e+00 1.105687255859375000e+03
2.052264548562382718e+00 1.093663940429687500e+03
2.055699300944913599e+00 1.088731079101562500e+03
2.059134053327444924e+00 1.092789672851562500e+03
2.062568805709975805e+00 1.097307739257812500e+03
2.066003558092507131e+00 1.093026123046875000e+03
2.069438310475038012e+00 1.086427124023437500e+03
2.072873062857569337e+00 1.082366455078125000e+03
2.076307815240100663e+00 1.084691406250000000e+03
2.079742567622631988e+00 1.086968383789062500e+03
2.083177320005162869e+00 1.087444335937500000e+03
2.086612072387694194e+00 1.082911743164062500e+03
2.090046824770225520e+00 1.073693603515625000e+03
2.093481577152756401e+00 1.065846435546875000e+03
2.096916329535287726e+00 1.067449462890625000e+03
2.100351081917819052e+00 1.063928588867187500e+03
2.103785834300350377e+00 1.064514038085937500e+03
2.107220586682881258e+00 1.058207519531250000e+03
2.110655339065412583e+00 1.057310058593750000e+03
2.114090091447943909e+00 1.049429199218750000e+03
2.117524843830475234e+00 1.044322753906250000e+03
2.120959596213006115e+00 1.033392456054687500e+03
2.124394348595537441e+00 1.024956665039062500e+03
2.127829100978068766e+00 1.021111694335937500e+03
2.131263853360599647e+00 1.028799072265625000e+03
2.134698605743130972e+00 1.036119140625000000e+03
2.138133358125661854e+00 1.037778564453125000e+03
2.141568110508193179e+00 1.025779418945312500e+03
2.145002862890724060e+00 1.013003234863281250e+03
2.148437615273255386e+00 1.006799865722656250e+03
2.151872367655786711e+00 1.006468261718750000e+03
2.155307120038318036e+00 1.011926513671875000e+03
2.158741872420848917e+00 1.012865112304687500e+03
2.162176624803380243e+00 1.009126708984375000e+03
2.165611377185911568e+00 1.003017761230468750e+03
2.169046129568442449e+00 9.864345092773437500e+02
2.172480881950973775e+00 9.739855346679687500e+02
2.175915634333505100e+00 9.672560424804687500e+02
2.179350386716036425e+00 9.708777465820312500e+02
2.182785139098567306e+00 9.800371093750000000e+02
2.186219891481098632e+00 9.801850585937500000e+02
2.189654643863629957e+00 9.760270996093750000e+02
2.193089396246161282e+00 9.679328002929687500e+02
2.196524148628692163e+00 9.701927490234375000e+02
2.199958901011223489e+00 9.710438232421875000e+02
2.203393653393754814e+00 9.693374633789062500e+02
2.206828405776285695e+00 9.705900878906250000e+02
2.210263158158817021e+00 9.680211181640625000e+02
2.213697910541347902e+00 9.676244506835937500e+02
2.217132662923879227e+00 9.543455200195312500e+02
2.220567415306410108e+00 9.433532104492187500e+02
2.224002167688941434e+00 9.382443237304687500e+02
2.227436920071472759e+00 9.393372802734375000e+02
2.230871672454004084e+00 9.386013793945312500e+02
2.234306424836534966e+00 9.271831665039062500e+02
2.237741177219066291e+00 9.192458496093750000e+02
2.241175929601597616e+00 9.209006347656250000e+02
2.244610681984128497e+00 9.305533447265625000e+02
2.248045434366659823e+00 9.376199951171875000e+02
2.251480186749191148e+00 9.378251342773437500e+02
2.254914939131722473e+00 9.246209106445312500e+02
2.258349691514253355e+00 9.206586914062500000e+02
2.261784443896784680e+00 9.216954345703125000e+02
2.265219196279316005e+00 9.284880371093750000e+02
2.268653948661847330e+00 9.260604248046875000e+02
2.272088701044378212e+00 9.242175903320312500e+02
2.275523453426909537e+00 9.195843505859375000e+02
2.278958205809440862e+00 9.184689941406250000e+02
2.282392958191971744e+00 9.122667236328125000e+02
2.285827710574503069e+00 9.112463989257812500e+02
2.289262462957033950e+00 9.068704223632812500e+02
2.292697215339565275e+00 9.040255126953125000e+02
2.296131967722096157e+00 9.012393188476562500e+02
2.299566720104627482e+00 9.028633422851562500e+02
2.303001472487158807e+00 9.117037353515625000e+02
2.306436224869690133e+00 9.243611450195312500e+02
2.309870977252221014e+00 9.505512084960937500e+02
2.313305729634752339e+00 9.956911621093750000e+02
2.316740482017283664e+00 1.069696899414062500e+03
2.320175234399814546e+00 1.144558593750000000e+03
2.323609986782345871e+00 1.202733154296875000e+03
2.327044739164877196e+00 1.225772705078125000e+03
2.330479491547408522e+00 1.207817749023437500e+03
2.333914243929939403e+00 1.151931152343750000e+03
2.337348996312470728e+00 1.081628295898437500e+03
2.340783748695002053e+00 1.020085998535156250e+03
2.344218501077533379e+00 9.720426635742187500e+02
2.347653253460064260e+00 9.245805664062500000e+02
2.351088005842595585e+00 8.896459350585937500e+02
2.354522758225126911e+00 8.726419677734375000e+02
2.357957510607657792e+00 8.756215820312500000e+02
2.361392262990189117e+00 8.733684082031250000e+02
2.364827015372720442e+00 8.729198608398437500e+02
2.368261767755251324e+00 8.673429565429687500e+02
2.371696520137782205e+00 8.660224609375000000e+02
2.375131272520313530e+00 8.571744995117187500e+02
2.378566024902844855e+00 8.513098144531250000e+02
2.382000777285376181e+00 8.388405761718750000e+02
2.385435529667907062e+00 8.345326538085937500e+02
2.388870282050438387e+00 8.303030395507812500e+02
2.392305034432969713e+00 8.381308593750000000e+02
2.395739786815500594e+00 8.411583251953125000e+02
2.399174539198031919e+00 8.403336791992187500e+02
2.402609291580563244e+00 8.310529174804687500e+02
2.406044043963094570e+00 8.330046386718750000e+02
2.409478796345625451e+00 8.356537475585937500e+02
2.412913548728156776e+00 8.344957275390625000e+02
2.416348301110688102e+00 8.265713500976562500e+02
2.419783053493219427e+00 8.305106811523437500e+02
2.423217805875750308e+00 8.331930541992187500e+02
2.426652558258281633e+00 8.271146240234375000e+02
2.430087310640812959e+00 8.273516845703125000e+02
2.433522063023343840e+00 8.291963500976562500e+02
2.436956815405875165e+00 8.329147949218750000e+02
2.440391567788406491e+00 8.256873779296875000e+02
2.443826320170937372e+00 8.190626220703125000e+02
2.447261072553468253e+00 8.148273315429687500e+02
2.450695824935999578e+00 8.117844848632812500e+02
2.454130577318530904e+00 8.084143066406250000e+02
2.457565329701061785e+00 8.023739624023437500e+02
2.461000082083593110e+00 8.065854492187500000e+02
2.464434834466124435e+00 8.226500854492187500e+02
2.467869586848655761e+00 8.240478515625000000e+02
2.471304339231186642e+00 8.201893920898437500e+02
2.474739091613717967e+00 8.067598876953125000e+02
2.478173843996249293e+00 8.097099609375000000e+02
2.481608596378780618e+00 8.127664794921875000e+02
2.485043348761311499e+00 8.176752319335937500e+02
2.488478101143842824e+00 8.108566284179687500e+02
2.491912853526374150e+00 8.034210815429687500e+02
2.495347605908905031e+00 8.014581298828125000e+02
2.498782358291436356e+00 7.980068969726562500e+02
2.502217110673967682e+00 8.052426757812500000e+02
2.505651863056499007e+00 8.404739990234375000e+02
2.509086615439029888e+00 8.761968383789062500e+02
2.512521367821561213e+00 9.073154296875000000e+02
2.515956120204092539e+00 9.251719970703125000e+02
2.519390872586623420e+00 9.392105712890625000e+02
2.522825624969154301e+00 9.283418579101562500e+02
2.526260377351685626e+00 8.914614868164062500e+02
2.529695129734216952e+00 8.590829467773437500e+02
2.533129882116747833e+00 8.313073120117187500e+02
2.536564634499279158e+00 8.113906250000000000e+02
2.539999386881810484e+00 7.881178588867187500e+02
2.543434139264341809e+00 7.786873168945312500e+02
2.546868891646872690e+00 7.731613159179687500e+02
2.550303644029404015e+00 7.730256347656250000e+02
2.553738396411935341e+00 7.686799926757812500e+02
2.557173148794466666e+00 7.589507446289062500e+02
2.560607901176997547e+00 7.508388061523437500e+02
2.564042653559528873e+00 7.504852905273437500e+02
2.567477405942060198e+00 7.572599487304687500e+02
2.570912158324591079e+00 7.583599243164062500e+02
2.574346910707122404e+00 7.525298461914062500e+02
2.577781663089653730e+00 7.502384033203125000e+02
2.581216415472185055e+00 7.484841308593750000e+02
2.584651167854715936e+00 7.507766723632812500e+02
2.588085920237247262e+00 7.568375244140625000e+02
2.591520672619778587e+00 7.676278686523437500e+02
2.594955425002309468e+00 7.662766113281250000e+02
2.598390177384840349e+00 7.586499633789062500e+02
2.601824929767371675e+00 7.446760253906250000e+02
2.605259682149903000e+00 7.335536499023437500e+02
2.608694434532433881e+00 7.272397460937500000e+02
2.612129186914965207e+00 7.245840454101562500e+02
2.615563939297496532e+00 7.230191040039062500e+02
2.618998691680027857e+00 7.216204833984375000e+02
2.622433444062558738e+00 7.233087768554687500e+02
2.625868196445090064e+00 7.256010131835937500e+02
2.629302948827621389e+00 7.253433837890625000e+02
2.632737701210152714e+00 7.243201293945312500e+02
2.636172453592683596e+00 7.260807495117187500e+02
2.639607205975214921e+00 7.343109741210937500e+02
2.643041958357746246e+00 7.313215942382812500e+02
2.646476710740277127e+00 7.254210815429687500e+02
2.649911463122808453e+00 7.197916870117187500e+02
2.653346215505339778e+00 7.262498779296875000e+02
2.656780967887871103e+00 7.273959350585937500e+02
2.660215720270401984e+00 7.312171630859375000e+02
2.663650472652933310e+00 7.258827514648437500e+02
2.667085225035464635e+00 7.147333984375000000e+02
2.670519977417995516e+00 7.080145874023437500e+02
2.673954729800526398e+00 7.063234252929687500e+02
2.677389482183057723e+00 7.119946289062500000e+02
2.680824234565589048e+00 7.085574951171875000e+02
2.684258986948119929e+00 7.140524902343750000e+02
2.687693739330651255e+00 7.207973022460937500e+02
2.691128491713182580e+00 7.216961059570312500e+02
2.694563244095713905e+00 7.195787963867187500e+02
2.697997996478244787e+00 7.103583374023437500e+02
2.701432748860776112e+00 7.073681640625000000e+02
2.704867501243307437e+00 7.038334960937500000e+02
2.708302253625838762e+00 6.990333251953125000e+02
2.711737006008369644e+00 6.985356445312500000e+02
2.715171758390900969e+00 7.032387695312500000e+02
2.718606510773432294e+00 7.050610961914062500e+02
2.722041263155963176e+00 6.987739868164062500e+02
2.725476015538494501e+00 6.819761962890625000e+02
2.728910767921025826e+00 6.808176879882812500e+02
2.732345520303557151e+00 6.872000732421875000e+02
2.735780272686088033e+00 6.956177368164062500e+02
2.739215025068619358e+00 6.928236083984375000e+02
2.742649777451150683e+00 6.972398071289062500e+02
2.746084529833681565e+00 6.991182250976562500e+02
2.749519282216212890e+00 7.082183227539062500e+02
2.752954034598743771e+00 7.245702514648437500e+02
2.756388786981275096e+00 7.486865844726562500e+02
2.759823539363805978e+00 7.994877929687500000e+02
2.763258291746337303e+00 8.829843139648437500e+02
2.766693044128868628e+00 9.871281738281250000e+02
2.770127796511399954e+00 1.069199584960937500e+03
2.773562548893930835e+00 1.122734863281250000e+03
2.776997301276462160e+00 1.121755249023437500e+03
2.780432053658993485e+00 1.073691284179687500e+03
2.783866806041524811e+00 9.935570068359375000e+02
2.787301558424055692e+00 8.995125122070312500e+02
2.790736310806587017e+00 8.165742187500000000e+02
2.794171063189118343e+00 7.544736328125000000e+02
2.797605815571649224e+00 7.272846679687500000e+02
2.801040567954180549e+00 7.116708984375000000e+02
2.804475320336711874e+00 6.977559204101562500e+02
2.807910072719243200e+00 6.862306518554687500e+02
2.811344825101774081e+00 6.802547607421875000e+02
2.814779577484305406e+00 6.843424072265625000e+02
2.818214329866836731e+00 6.869673461914062500e+02
2.821649082249367613e+00 6.939862670898437500e+02
2.825083834631898938e+00 6.917855224609375000e+02
2.828518587014429819e+00 6.984009399414062500e+02
2.831953339396961145e+00 7.202117919921875000e+02
2.835388091779492026e+00 7.507247314453125000e+02
2.838822844162023351e+00 7.796569213867187500e+02
2.842257596544554676e+00 7.973191528320312500e+02
2.845692348927086002e+00 8.064477539062500000e+02
2.849127101309616883e+00 8.003135375976562500e+02
2.852561853692148208e+00 7.828446655273437500e+02
2.855996606074679534e+00 7.575273437500000000e+02
2.859431358457210415e+00 7.331411743164062500e+02
2.862866110839741740e+00 7.104910278320312500e+02
2.866300863222273065e+00 6.955717773437500000e+02
2.869735615604804391e+00 6.821458129882812500e+02
2.873170367987335272e+00 6.736868286132812500e+02
2.876605120369866597e+00 6.728581542968750000e+02
2.880039872752397923e+00 6.810581054687500000e+02
2.883474625134929248e+00 6.808517456054687500e+02
2.886909377517460129e+00 6.761947021484375000e+02
2.890344129899991454e+00 6.759318237304687500e+02
2.893778882282522780e+00 6.760007324218750000e+02
2.897213634665053661e+00 6.727311401367187500e+02
2.900648387047584986e+00 6.673393554687500000e+02
2.904083139430115867e+00 6.698750000000000000e+02
2.907517891812647193e+00 6.697683715820312500e+02
2.910952644195178074e+00 6.706154174804687500e+02
2.914387396577709399e+00 6.721176147460937500e+02
2.917822148960240725e+00 6.729858398437500000e+02
2.921256901342772050e+00 6.729519042968750000e+02
2.924691653725302931e+00 6.720048828125000000e+02
2.928126406107834256e+00 6.864679565429687500e+02
2.931561158490365582e+00 7.004614868164062500e+02
2.934995910872896463e+00 7.157215576171875000e+02
2.938430663255427788e+00 7.336024780273437500e+02
2.941865415637959114e+00 7.550601196289062500e+02
2.945300168020490439e+00 7.738558349609375000e+02
2.948734920403021320e+00 7.796203002929687500e+02
2.952169672785552645e+00 7.736635742187500000e+02
2.955604425168083971e+00 7.737044677734375000e+02
2.959039177550615296e+00 7.847881469726562500e+02
2.962473929933146177e+00 8.271236572265625000e+02
2.965908682315677503e+00 9.240476074218750000e+02
2.969343434698208828e+00 1.148707397460937500e+03
2.972778187080739709e+00 1.585345092773437500e+03
2.976212939463271034e+00 2.261556396484375000e+03
2.979647691845801916e+00 3.112747070312500000e+03
2.983082444228333241e+00 3.919598632812500000e+03
2.986517196610864122e+00 4.456947753906250000e+03
2.989951948993395447e+00 4.525297851562500000e+03
2.993386701375926773e+00 4.160413574218750000e+03
2.996821453758458098e+00 3.503280761718750000e+03
3.000256206140988979e+00 2.753898925781250000e+03
3.003690958523520305e+00 2.050374511718750000e+03
3.007125710906051630e+00 1.491473876953125000e+03
3.010560463288582511e+00 1.117221801757812500e+03
3.013995215671113836e+00 8.974665527343750000e+02
3.017429968053645162e+00 7.841259155273437500e+02
3.020864720436176487e+00 7.217451171875000000e+02
3.024299472818707368e+00 6.905018920898437500e+02
3.027734225201238694e+00 6.770765991210937500e+02
3.031168977583770019e+00 6.697229003906250000e+02
3.034603729966301344e+00 6.603563232421875000e+02
3.038038482348832225e+00 6.572055053710937500e+02
3.041473234731363551e+00 6.663518066406250000e+02
3.044907987113894876e+00 6.779176025390625000e+02
3.048342739496425757e+00 6.844387207031250000e+02
3.051777491878957083e+00 6.899461669921875000e+02
3.055212244261487964e+00 6.938969726562500000e+02
3.058646996644019289e+00 6.932896118164062500e+02
3.062081749026550170e+00 6.892015991210937500e+02
3.065516501409081496e+00 6.884544067382812500e+02
3.068951253791612821e+00 6.912584228515625000e+02
3.072386006174144146e+00 6.954301147460937500e+02
3.075820758556675028e+00 6.999850463867187500e+02
3.079255510939206353e+00 7.098906860351562500e+02
3.082690263321737678e+00 7.276269531250000000e+02
3.086125015704268559e+00 7.389629516601562500e+02
3.089559768086799885e+00 7.307456665039062500e+02
3.092994520469331210e+00 7.080670776367187500e+02
3.096429272851862535e+00 6.868468627929687500e+02
3.099864025234393416e+00 6.647749633789062500e+02
3.103298777616924742e+00 6.456251220703125000e+02
3.106733529999456067e+00 6.357107543945312500e+02
3.110168282381987392e+00 6.304080810546875000e+02
3.113603034764518274e+00 6.205833129882812500e+02
3.117037787147049599e+00 6.075663452148437500e+02
3.120472539529580924e+00 6.038898925781250000e+02
3.123907291912111805e+00 6.102938842773437500e+02
3.127342044294643131e+00 6.193480834960937500e+02
3.130776796677174012e+00 6.128111572265625000e+02
3.134211549059705337e+00 6.037933959960937500e+02
3.137646301442236219e+00 5.965712280273437500e+02
3.141081053824767544e+00 5.969753417968750000e+02
3.144515806207298869e+00 5.950559692382812500e+02
3.147950558589830194e+00 5.940424194335937500e+02
3.151385310972361076e+00 5.888347167968750000e+02
3.154820063354892401e+00 5.918679809570312500e+02
3.158254815737423726e+00 5.935683593750000000e+02
3.161689568119954608e+00 5.920266723632812500e+02
3.165124320502485933e+00 5.843854370117187500e+02
3.168559072885017258e+00 5.914950561523437500e+02
3.171993825267548583e+00 5.926105346679687500e+02
3.175428577650079465e+00 5.920233154296875000e+02
3.178863330032610790e+00 5.805462036132812500e+02
3.182298082415142115e+00 5.824526977539062500e+02
3.185732834797673441e+00 5.899598999023437500e+02
3.189167587180204322e+00 6.010045166015625000e+02
3.192602339562735647e+00 6.043854370117187500e+02
3.196037091945266972e+00 5.960761108398437500e+02
3.199471844327797854e+00 5.868902587890625000e+02
3.202906596710329179e+00 5.832226562500000000e+02
3.206341349092860060e+00 5.848206176757812500e+02
3.209776101475391386e+00 5.856375122070312500e+02
3.213210853857922267e+00 5.880813598632812500e+02
3.216645606240453592e+00 5.858964233398437500e+02
3.220080358622984917e+00 5.826141967773437500e+02
3.223515111005516243e+00 5.775459594726562500e+02
3.226949863388047124e+00 5.738758544921875000e+02
3.230384615770578449e+00 5.761872558593750000e+02
3.233819368153109775e+00 5.782028198242187500e+02
3.237254120535640656e+00 5.817319946289062500e+02
3.240688872918171981e+00 5.816581420898437500e+02
3.244123625300703306e+00 5.877380371093750000e+02
3.247558377683234632e+00 5.875399169921875000e+02
3.250993130065765513e+00 5.919867553710937500e+02
3.254427882448296838e+00 5.991082763671875000e+02
3.257862634830828164e+00 6.127800903320312500e+02
3.261297387213359489e+00 6.235824584960937500e+02
3.264732139595890370e+00 6.341444702148437500e+02
3.268166891978421695e+00 6.474415283203125000e+02
3.271601644360953021e+00 6.565292968750000000e+02
3.275036396743483902e+00 6.622586669921875000e+02
3.278471149126015227e+00 6.488686523437500000e+02
3.281905901508546108e+00 6.320796508789062500e+02
3.285340653891077434e+00 6.166655883789062500e+02
3.288775406273608315e+00 6.117544555664062500e+02
3.292210158656139640e+00 6.043918457031250000e+02
3.295644911038670966e+00 5.911334838867187500e+02
3.299079663421202291e+00 5.824301757812500000e+02
3.302514415803733172e+00 5.779936523437500000e+02
3.305949168186264497e+00 5.761376953125000000e+02
3.309383920568795823e+00 5.759022216796875000e+02
3.312818672951326704e+00 5.799479370117187500e+02
3.316253425333858029e+00 5.797697753906250000e+02
3.319688177716389355e+00 5.773574218750000000e+02
3.323122930098920680e+00 5.760934448242187500e+02
3.326557682481451561e+00 5.806765747070312500e+02
3.329992434863982886e+00 5.771143798828125000e+02
3.333427187246514212e+00 5.700102539062500000e+02
3.336861939629045093e+00 5.656864013671875000e+02
3.340296692011576418e+00 5.679711303710937500e+02
3.343731444394107744e+00 5.669282226562500000e+02
3.347166196776639069e+00 5.729658813476562500e+02
3.350600949159169950e+00 5.765942993164062500e+02
3.354035701541701275e+00 5.887474365234375000e+02
3.357470453924232601e+00 5.947889404296875000e+02
3.360905206306763482e+00 5.978544311523437500e+02
3.364339958689294363e+00 5.987822265625000000e+02
3.367774711071825688e+00 6.041679077148437500e+02
3.371209463454357014e+00 6.057980346679687500e+02
3.374644215836887895e+00 6.047684936523437500e+02
3.378078968219419220e+00 6.020285034179687500e+02
3.381513720601950546e+00 6.039077148437500000e+02
3.384948472984481871e+00 5.999472656250000000e+02
3.388383225367012752e+00 5.879630737304687500e+02
3.391817977749544077e+00 5.789518432617187500e+02
3.395252730132075403e+00 5.774035644531250000e+02
3.398687482514606728e+00 5.785913696289062500e+02
3.402122234897137609e+00 5.717145385742187500e+02
3.405556987279668935e+00 5.662636108398437500e+02
3.408991739662200260e+00 5.643389282226562500e+02
3.412426492044731141e+00 5.665662841796875000e+02
3.415861244427262466e+00 5.722240600585937500e+02
3.419295996809793792e+00 5.787148437500000000e+02
3.422730749192325117e+00 5.894541015625000000e+02
3.426165501574855998e+00 5.995901489257812500e+02
3.429600253957387324e+00 6.120073852539062500e+02
3.433035006339918649e+00 6.247723999023437500e+02
3.436469758722449530e+00 6.391728515625000000e+02
3.439904511104980411e+00 6.623550415039062500e+02
3.443339263487511737e+00 6.916630859375000000e+02
3.446774015870043062e+00 7.159590454101562500e+02
3.450208768252573943e+00 7.254930419921875000e+02
3.453643520635105268e+00 7.203867797851562500e+02
3.457078273017636594e+00 7.063171386718750000e+02
3.460513025400167919e+00 6.839671630859375000e+02
3.463947777782698800e+00 6.506870117187500000e+02
3.467382530165230126e+00 6.268370361328125000e+02
3.470817282547761451e+00 6.071511840820312500e+02
3.474252034930292776e+00 5.949534912109375000e+02
3.477686787312823657e+00 5.880144042968750000e+02
3.481121539695354983e+00 5.812864379882812500e+02
3.484556292077886308e+00 5.726807250976562500e+02
3.487991044460417189e+00 5.598026733398437500e+02
3.491425796842948515e+00 5.507902221679687500e+02
3.494860549225479840e+00 5.474650878906250000e+02
3.498295301608011165e+00 5.445828247070312500e+02
3.501730053990542046e+00 5.420452880859375000e+02
3.505164806373073372e+00 5.423894042968750000e+02
3.508599558755604697e+00 5.457905273437500000e+02
3.512034311138135578e+00 5.444148559570312500e+02
3.515469063520666460e+00 5.448665161132812500e+02
3.518903815903197785e+00 5.430741577148437500e+02
3.522338568285729110e+00 5.431517333984375000e+02
3.525773320668259991e+00 5.404135131835937500e+02
3.529208073050791317e+00 5.433254394531250000e+02
3.532642825433322642e+00 5.442529296875000000e+02
3.536077577815853967e+00 5.452877807617187500e+02
3.539512330198384849e+00 5.479404907226562500e+02
3.542947082580916174e+00 5.500689697265625000e+02
3.546381834963447499e+00 5.496257324218750000e+02
3.549816587345978824e+00 5.448701171875000000e+02
3.553251339728509706e+00 5.398843383789062500e+02
3.556686092111041031e+00 5.389588623046875000e+02
3.560120844493572356e+00 5.390369873046875000e+02
3.563555596876103237e+00 5.407782592773437500e+02
3.566990349258634563e+00 5.425605468750000000e+02
3.570425101641165888e+00 5.448392333984375000e+02
3.573859854023697213e+00 5.457480468750000000e+02
3.577294606406228095e+00 5.432268676757812500e+02
3.580729358788759420e+00 5.364086914062500000e+02
3.584164111171290301e+00 5.343244628906250000e+02
3.587598863553821626e+00 5.403054809570312500e+02
3.591033615936352508e+00 5.431380615234375000e+02
3.594468368318883833e+00 5.448829956054687500e+02
3.597903120701415158e+00 5.416943359375000000e+02
3.601337873083946484e+00 5.383397827148437500e+02
3.604772625466477809e+00 5.351188354492187500e+02
3.608207377849008246e+00 5.317471923828125000e+02
3.611642130231539571e+00 5.313603515625000000e+02
3.615076882614070897e+00 5.281658935546875000e+02
3.618511634996602222e+00 5.301978759765625000e+02
3.621946387379133547e+00 5.399234619140625000e+02
3.625381139761664873e+00 5.423667602539062500e+02
3.628815892144196198e+00 5.340441894531250000e+02
3.632250644526726635e+00 5.203311157226562500e+02
3.635685396909257960e+00 5.193158569335937500e+02
3.639120149291789286e+00 5.205682983398437500e+02
3.642554901674320611e+00 5.288784790039062500e+02
3.645989654056851936e+00 5.266476440429687500e+02
3.649424406439383262e+00 5.248885498046875000e+02
3.652859158821914587e+00 5.191285400390625000e+02
3.656293911204445912e+00 5.184019775390625000e+02
3.659728663586976349e+00 5.185816650390625000e+02
3.663163415969507675e+00 5.189259033203125000e+02
3.666598168352038556e+00 5.207331542968750000e+02
3.670032920734569881e+00 5.220249633789062500e+02
3.673467673117101207e+00 5.221554565429687500e+02
3.676902425499632532e+00 5.240724487304687500e+02
3.680337177882163857e+00 5.230215454101562500e+02
3.683771930264694294e+00 5.242198486328125000e+02
3.687206682647225620e+00 5.233399047851562500e+02
3.690641435029756945e+00 5.284880981445312500e+02
3.694076187412288270e+00 5.338314819335937500e+02
3.697510939794819596e+00 5.317071533203125000e+02
3.700945692177350921e+00 5.356188964843750000e+02
3.704380444559882246e+00 5.320700073242187500e+02
3.707815196942412683e+00 5.358115844726562500e+02
3.711249949324944009e+00 5.347470703125000000e+02
3.714684701707475334e+00 5.334764404296875000e+02
3.718119454090006659e+00 5.248123779296875000e+02
3.721554206472537984e+00 5.187756958007812500e+02
3.724988958855069310e+00 5.152526245117187500e+02
3.728423711237600635e+00 5.085343933105468750e+02
3.731858463620131960e+00 5.067742309570312500e+02
3.735293216002662398e+00 5.102117919921875000e+02
3.738727968385193723e+00 5.136156005859375000e+02
3.742162720767725048e+00 5.123873901367187500e+02
3.745597473150255929e+00 5.090081176757812500e+02
3.749032225532787255e+00 5.053317260742187500e+02
3.752466977915318580e+00 5.029350891113281250e+02
3.755901730297849905e+00 5.043348388671875000e+02
3.759336482680380342e+00 5.076699218750000000e+02
3.762771235062911668e+00 5.140225219726562500e+02
3.766205987445442993e+00 5.256194458007812500e+02
3.769640739827974318e+00 5.429346923828125000e+02
3.773075492210505644e+00 5.628358154296875000e+02
3.776510244593036969e+00 5.738844604492187500e+02
3.779944996975568294e+00 5.771315917968750000e+02
3.783379749358098731e+00 5.717420654296875000e+02
3.786814501740630057e+00 5.687100830078125000e+02
3.790249254123161382e+00 5.628739624023437500e+02
3.793684006505692707e+00 5.505626220703125000e+02
3.797118758888224033e+00 5.332829589843750000e+02
3.800553511270755358e+00 5.162149047851562500e+02
3.803988263653286683e+00 5.072059020996093750e+02
3.807423016035818009e+00 5.061021728515625000e+02
3.810857768418348446e+00 5.034525451660156250e+02
3.814292520800879771e+00 5.023880920410156250e+02
3.817727273183411096e+00 5.028330383300781250e+02
3.821162025565941978e+00 5.088080444335937500e+02
3.824596777948473303e+00 5.098094482421875000e+02
3.828031530331004628e+00 5.107948913574218750e+02
3.831466282713535954e+00 5.135635375976562500e+02
3.834901035096066391e+00 5.106496582031250000e+02
3.838335787478597716e+00 5.163330078125000000e+02
3.841770539861129041e+00 5.289595336914062500e+02
3.845205292243660367e+00 5.484387817382812500e+02
3.848640044626191692e+00 5.557415161132812500e+02
3.852074797008723017e+00 5.661884765625000000e+02
3.855509549391254343e+00 5.741308593750000000e+02
3.858944301773784780e+00 5.733933105468750000e+02
3.862379054156316105e+00 5.678760986328125000e+02
3.865813806538847430e+00 5.637265014648437500e+02
3.869248558921378756e+00 5.616185913085937500e+02
3.872683311303910081e+00 5.558977661132812500e+02
3.876118063686441406e+00 5.523508911132812500e+02
3.879552816068972732e+00 5.495639648437500000e+02
3.882987568451504057e+00 5.428957519531250000e+02
3.886422320834034494e+00 5.309164428710937500e+02
3.889857073216565819e+00 5.199552612304687500e+02
3.893291825599097145e+00 5.072572021484375000e+02
3.896726577981628026e+00 5.004123840332031250e+02
3.900161330364159351e+00 4.966966552734375000e+02
3.903596082746690676e+00 5.006640625000000000e+02
3.907030835129222002e+00 5.019447021484375000e+02
3.910465587511752439e+00 5.020235290527343750e+02
3.913900339894283764e+00 4.977131042480468750e+02
3.917335092276815089e+00 4.940201721191406250e+02
3.920769844659346415e+00 4.939563598632812500e+02
3.924204597041877740e+00 4.937885131835937500e+02
3.927639349424409065e+00 4.947953491210937500e+02
3.931074101806940391e+00 4.904697265625000000e+02
3.934508854189470828e+00 4.871081848144531250e+02
3.937943606572002153e+00 4.841123352050781250e+02
3.941378358954533478e+00 4.942386169433593750e+02
3.944813111337064804e+00 4.944449462890625000e+02
3.948247863719596129e+00 4.948644714355468750e+02
3.951682616102127454e+00 4.917583923339843750e+02
3.955117368484658780e+00 4.933641967773437500e+02
3.958552120867189217e+00 4.853778686523437500e+02
3.961986873249720542e+00 4.859526367187500000e+02
3.965421625632251867e+00 4.908686523437500000e+02
3.968856378014783193e+00 4.957516479492187500e+02
3.972291130397314074e+00 4.913843383789062500e+02
3.975725882779845399e+00 4.863951416015625000e+02
3.979160635162376725e+00 4.850611877441406250e+02
3.982595387544908050e+00 4.867422180175781250e+02
3.986030139927438487e+00 4.881404418945312500e+02
3.989464892309969812e+00 4.927299804687500000e+02
3.992899644692501138e+00 4.916329650878906250e+02
3.996334397075032463e+00 4.946235961914062500e+02
3.999769149457563788e+00 5.049816894531250000e+02
4.003203901840095114e+00 5.384420166015625000e+02
4.006638654222625995e+00 5.782238769531250000e+02
4.010073406605156876e+00 6.151161499023437500e+02
4.013508158987687757e+00 6.445341186523437500e+02
4.016942911370219527e+00 6.640664062500000000e+02
4.020377663752750408e+00 6.808814086914062500e+02
4.023812416135282177e+00 6.804579467773437500e+02
4.027247168517813058e+00 6.644268798828125000e+02
4.030681920900344828e+00 6.310293579101562500e+02
4.034116673282874821e+00 6.016290893554687500e+02
4.037551425665406590e+00 5.732286376953125000e+02
4.040986178047937472e+00 5.436943969726562500e+02
4.044420930430469241e+00 5.207319335937500000e+02
4.047855682813000122e+00 5.091082153320312500e+02
4.051290435195531892e+00 5.045442504882812500e+02
4.054725187578062773e+00 4.996419677734375000e+02
4.058159939960594542e+00 4.981531066894531250e+02
4.061594692343124535e+00 4.927340698242187500e+02
4.065029444725656305e+00 4.829187316894531250e+02
4.068464197108187186e+00 4.802183532714843750e+02
4.071898949490718955e+00 4.788023681640625000e+02
4.075333701873249836e+00 4.838566589355468750e+02
4.078768454255781606e+00 4.880540161132812500e+02
4.082203206638312487e+00 4.911879882812500000e+02
4.085637959020843368e+00 4.874018249511718750e+02
4.089072711403374250e+00 4.809247436523437500e+02
4.092507463785905131e+00 4.815160827636718750e+02
4.095942216168436900e+00 4.825261840820312500e+02
4.099376968550967781e+00 4.846083068847656250e+02
4.102811720933499551e+00 4.823077697753906250e+02
4.106246473316030432e+00 4.844163818359375000e+02
4.109681225698561313e+00 4.846706542968750000e+02
4.113115978081092194e+00 4.815021362304687500e+02
4.116550730463623964e+00 4.714556884765625000e+02
4.119985482846154845e+00 4.656154479980468750e+02
4.123420235228686614e+00 4.639703979492187500e+02
4.126854987611217496e+00 4.625562438964843750e+02
4.130289739993749265e+00 4.701722412109375000e+02
4.133724492376280146e+00 4.822108764648437500e+02
4.137159244758811028e+00 4.859726257324218750e+02
4.140593997141341909e+00 4.865628662109375000e+02
4.144028749523873678e+00 4.868951416015625000e+02
4.147463501906404559e+00 4.847539672851562500e+02
4.150898254288936329e+00 4.830659790039062500e+02
4.154333006671467210e+00 4.853748168945312500e+02
4.157767759053998091e+00 4.847806701660156250e+02
4.161202511436528972e+00 4.775568542480468750e+02
4.164637263819060742e+00 4.728063049316406250e+02
4.168072016201591623e+00 4.734478759765625000e+02
4.171506768584122504e+00 4.809358825683593750e+02
4.174941520966654274e+00 4.897821350097656250e+02
4.178376273349185155e+00 5.092739868164062500e+02
4.181811025731716924e+00 5.206383056640625000e+02
4.185245778114246917e+00 5.405194091796875000e+02
4.188680530496778687e+00 5.548699340820312500e+02
4.192115282879309568e+00 5.626901245117187500e+02
4.195550035261841337e+00 5.517931518554687500e+02
4.198984787644372219e+00 5.379768676757812500e+02
4.202419540026903988e+00 5.240919189453125000e+02
4.205854292409434869e+00 5.164757080078125000e+02
4.209289044791966639e+00 5.172237548828125000e+02
4.212723797174496632e+00 5.313616333007812500e+02
4.216158549557028401e+00 5.450511474609375000e+02
4.219593301939559282e+00 5.586221923828125000e+02
4.223028054322091052e+00 5.685645141601562500e+02
4.226462806704621933e+00 5.751014404296875000e+02
4.229897559087153702e+00 5.656716918945312500e+02
4.233332311469684583e+00 5.427393798828125000e+02
4.236767063852215465e+00 5.246024780273437500e+02
4.240201816234746346e+00 5.109427795410156250e+02
4.243636568617277227e+00 5.012979431152343750e+02
4.247071320999808997e+00 4.882066650390625000e+02
4.250506073382339878e+00 4.761704711914062500e+02
4.253940825764871647e+00 4.688089904785156250e+02
4.257375578147402528e+00 4.668397521972656250e+02
4.260810330529933410e+00 4.623858642578125000e+02
4.264245082912464291e+00 4.601142272949218750e+02
4.267679835294996060e+00 4.681161193847656250e+02
4.271114587677526941e+00 4.746188964843750000e+02
4.274549340060058711e+00 4.779706726074218750e+02
4.277984092442589592e+00 4.789877624511718750e+02
4.281418844825121361e+00 4.838791503906250000e+02
4.284853597207652243e+00 4.854213867187500000e+02
4.288288349590183124e+00 4.931895141601562500e+02
4.291723101972714005e+00 5.116139526367187500e+02
4.295157854355245775e+00 5.330758666992187500e+02
4.298592606737776656e+00 5.507525024414062500e+02
4.302027359120308425e+00 5.684838867187500000e+02
4.305462111502839306e+00 5.786669311523437500e+02
4.308896863885370188e+00 5.796000366210937500e+02
4.312331616267901069e+00 5.612359619140625000e+02
4.315766368650432838e+00 5.400516357421875000e+02
4.319201121032963719e+00 5.160423583984375000e+02
4.322635873415494601e+00 4.962598876953125000e+02
4.326070625798026370e+00 4.742249450683593750e+02
4.329505378180557251e+00 4.637518920898437500e+02
4.332940130563089021e+00 4.602415771484375000e+02
4.336374882945619014e+00 4.594728698730468750e+02
4.339809635328150783e+00 4.551035461425781250e+02
4.343244387710681664e+00 4.552194824218750000e+02
4.346679140093213434e+00 4.572270202636718750e+02
4.350113892475744315e+00 4.616600036621093750e+02
4.353548644858276084e+00 4.636846618652343750e+02
4.356983397240806966e+00 4.658769836425781250e+02
4.360418149623338735e+00 4.661895751953125000e+02
4.363852902005868728e+00 4.684155578613281250e+02
4.367287654388400497e+00 4.677632446289062500e+02
4.370722406770931379e+00 4.649205627441406250e+02
4.374157159153463148e+00 4.557525634765625000e+02
4.377591911535994029e+00 4.534032287597656250e+02
4.381026663918525799e+00 4.549608764648437500e+02
4.384461416301056680e+00 4.555389404296875000e+02
4.387896168683587561e+00 4.549950256347656250e+02
4.391330921066118442e+00 4.556889953613281250e+02
4.394765673448649324e+00 4.562651062011718750e+02
4.398200425831181093e+00 4.569656982421875000e+02
4.401635178213711974e+00 4.633885192871093750e+02
4.405069930596243744e+00 4.739517211914062500e+02
4.408504682978774625e+00 4.858809509277343750e+02
4.411939435361305506e+00 4.972204895019531250e+02
4.415374187743836387e+00 5.061931762695312500e+02
4.418808940126368157e+00 5.093491210937500000e+02
4.422243692508899038e+00 5.081279907226562500e+02
4.425678444891430807e+00 4.984480285644531250e+02
4.429113197273961688e+00 4.835773010253906250e+02
4.432547949656493458e+00 4.682254943847656250e+02
4.435982702039023451e+00 4.609339294433593750e+02
4.439417454421555220e+00 4.572663269042968750e+02
4.442852206804086101e+00 4.506022644042968750e+02
4.446286959186617871e+00 4.456027832031250000e+02
4.449721711569148752e+00 4.445980224609375000e+02
4.453156463951680522e+00 4.451357421875000000e+02
4.456591216334211403e+00 4.466039428710937500e+02
4.460025968716742284e+00 4.421870422363281250e+02
4.463460721099273165e+00 4.448492431640625000e+02
4.466895473481804935e+00 4.450896911621093750e+02
4.470330225864335816e+00 4.455260925292968750e+02
4.473764978246866697e+00 4.418589172363281250e+02
4.477199730629398466e+00 4.388926391601562500e+02
4.480634483011929348e+00 4.380033264160156250e+02
4.484069235394461117e+00 4.389568176269531250e+02
4.487503987776991110e+00 4.420866699218750000e+02
4.490938740159522879e+00 4.502308044433593750e+02
4.494373492542053761e+00 4.503131103515625000e+02
4.497808244924585530e+00 4.474900207519531250e+02
4.501242997307116411e+00 4.419648437500000000e+02
4.504677749689648181e+00 4.407717285156250000e+02
4.508112502072179062e+00 4.400483398437500000e+02
4.511547254454709943e+00 4.379243469238281250e+02
4.514982006837240824e+00 4.369746093750000000e+02
4.518416759219772594e+00 4.393683166503906250e+02
4.521851511602303475e+00 4.412500915527343750e+02
4.525286263984835244e+00 4.419098205566406250e+02
4.528721016367366126e+00 4.418037109375000000e+02
4.532155768749897895e+00 4.416551818847656250e+02
4.535590521132428776e+00 4.409103088378906250e+02
4.539025273514959657e+00 4.381983032226562500e+02
4.542460025897490539e+00 4.377144775390625000e+02
4.545894778280021420e+00 4.396242370605468750e+02
4.549329530662553189e+00 4.378561706542968750e+02
4.552764283045084071e+00 4.341762084960937500e+02
4.556199035427615840e+00 4.332887268066406250e+02
4.559633787810146721e+00 4.357490539550781250e+02
4.563068540192677602e+00 4.388271484375000000e+02
4.566503292575208484e+00 4.346132202148437500e+02
4.569938044957740253e+00 4.340655517578125000e+02
4.573372797340271134e+00 4.351087951660156250e+02
4.576807549722802904e+00 4.374085388183593750e+02
4.580242302105333785e+00 4.332731933593750000e+02
4.583677054487865554e+00 4.283422851562500000e+02
4.587111806870395547e+00 4.243428649902343750e+02
4.590546559252927317e+00 4.319757690429687500e+02
4.593981311635458198e+00 4.365137329101562500e+02
4.597416064017989967e+00 4.350203552246093750e+02
4.600850816400520849e+00 4.348440246582031250e+02
4.604285568783052618e+00 4.393936462402343750e+02
4.607720321165583499e+00 4.450153198242187500e+02
4.611155073548115269e+00 4.434624938964843750e+02
4.614589825930645262e+00 4.430596618652343750e+02
4.618024578313177031e+00 4.408994750976562500e+02
4.621459330695707912e+00 4.370295410156250000e+02
4.624894083078238793e+00 4.388246765136718750e+02
4.628328835460770563e+00 4.403704223632812500e+02
4.631763587843301444e+00 4.485543212890625000e+02
4.635198340225833213e+00 4.523888854980468750e+02
4.638633092608363206e+00 4.648364868164062500e+02
4.642067844990894976e+00 4.837434387207031250e+02
4.645502597373425857e+00 5.075584716796875000e+02
4.648937349755957626e+00 5.317051391601562500e+02
4.652372102138488508e+00 5.473541870117187500e+02
4.655806854521020277e+00 5.588384399414062500e+02
4.659241606903551158e+00 5.659653930664062500e+02
4.662676359286082040e+00 5.744242553710937500e+02
4.666111111668612921e+00 5.807777709960937500e+02
4.669545864051144690e+00 5.837540893554687500e+02
4.672980616433675571e+00 5.811555786132812500e+02
4.676415368816207341e+00 5.702485351562500000e+02
4.679850121198738222e+00 5.565741577148437500e+02
4.683284873581269991e+00 5.391481933593750000e+02
4.686719625963800873e+00 5.219707031250000000e+02
4.690154378346331754e+00 5.102667236328125000e+02
4.693589130728862635e+00 4.927379455566406250e+02
4.697023883111393516e+00 4.741110229492187500e+02
4.700458635493925286e+00 4.538784179687500000e+02
4.703893387876456167e+00 4.403021545410156250e+02
4.707328140258987936e+00 4.328604736328125000e+02
4.710762892641518818e+00 4.326958618164062500e+02
4.714197645024049699e+00 4.354710693359375000e+02
4.717632397406580580e+00 4.385550842285156250e+02
4.721067149789112349e+00 4.356267089843750000e+02
4.724501902171643231e+00 4.316364135742187500e+02
4.727936654554175000e+00 4.299961853027343750e+02
4.731371406936705881e+00 4.306719360351562500e+02
4.734806159319237651e+00 4.352081909179687500e+02
4.738240911701767644e+00 4.342030334472656250e+02
4.741675664084299413e+00 4.332984619140625000e+02
4.745110416466830294e+00 4.274639892578125000e+02
4.748545168849362064e+00 4.254754028320312500e+02
4.751979921231892945e+00 4.266163330078125000e+02
4.755414673614424714e+00 4.315112304687500000e+02
4.758849425996955596e+00 4.343181762695312500e+02
4.762284178379487365e+00 4.318003234863281250e+02
4.765718930762017358e+00 4.300738830566406250e+02
4.769153683144549127e+00 4.334637756347656250e+02
4.772588435527080009e+00 4.334635620117187500e+02
4.776023187909610890e+00 4.348444824218750000e+02
4.779457940292142659e+00 4.315304565429687500e+02
4.782892692674673540e+00 4.295054626464843750e+02
4.786327445057205310e+00 4.284645690917968750e+02
4.789762197439735303e+00 4.304481506347656250e+02
4.793196949822267072e+00 4.339830932617187500e+02
4.796631702204797953e+00 4.432616882324218750e+02
4.800066454587329723e+00 4.520746459960937500e+02
4.803501206969860604e+00 4.524300537109375000e+02
4.806935959352392373e+00 4.522439880371093750e+02
4.810370711734923255e+00 4.569095458984375000e+02
4.813805464117454136e+00 4.612601928710937500e+02
4.817240216499985017e+00 4.589747619628906250e+02
4.820674968882516787e+00 4.525956726074218750e+02
4.824109721265047668e+00 4.481391296386718750e+02
4.827544473647579437e+00 4.457545471191406250e+02
4.830979226030110318e+00 4.443871459960937500e+02
4.834413978412642088e+00 4.447058715820312500e+02
4.837848730795172969e+00 4.422998962402343750e+02
4.841283483177703850e+00 4.372769165039062500e+02
4.844718235560234731e+00 4.335422973632812500e+02
4.848152987942766501e+00 4.370676269531250000e+02
4.851587740325297382e+00 4.518913269042968750e+02
4.855022492707828263e+00 4.680567321777343750e+02
4.858457245090360033e+00 4.976187438964843750e+02
4.861891997472890914e+00 5.478789062500000000e+02
4.865326749855421795e+00 6.392424926757812500e+02
4.868761502237952676e+00 7.650973510742187500e+02
4.872196254620484446e+00 9.210256958007812500e+02
4.875631007003015327e+00 1.086439453125000000e+03
4.879065759385547096e+00 1.242016357421875000e+03
4.882500511768077978e+00 1.332162475585937500e+03
4.885935264150609747e+00 1.345454101562500000e+03
4.889370016533139740e+00 1.270045776367187500e+03
4.892804768915671509e+00 1.135793579101562500e+03
4.896239521298202391e+00 9.731055908203125000e+02
4.899674273680734160e+00 8.131897583007812500e+02
4.903109026063265041e+00 6.733488159179687500e+02
4.906543778445796811e+00 5.627730712890625000e+02
4.909978530828327692e+00 4.912677001953125000e+02
4.913413283210858573e+00 4.582688903808593750e+02
4.916848035593389454e+00 4.507367248535156250e+02
4.920282787975921224e+00 4.506131896972656250e+02
4.923717540358452105e+00 4.544594421386718750e+02
4.927152292740982986e+00 4.546636047363281250e+02
4.930587045123514756e+00 4.540766906738281250e+02
4.934021797506045637e+00 4.524592590332031250e+02
4.937456549888577406e+00 4.522359619140625000e+02
4.940891302271107399e+00 4.477410888671875000e+02
4.944326054653639169e+00 4.423435668945312500e+02
4.947760807036170050e+00 4.395036010742187500e+02
4.951195559418701819e+00 4.409636535644531250e+02
4.954630311801232700e+00 4.465177612304687500e+02
4.958065064183764470e+00 4.494858093261718750e+02
4.961499816566295351e+00 4.528574523925781250e+02
4.964934568948826232e+00 4.552026977539062500e+02
4.968369321331357114e+00 4.590005187988281250e+02
4.971804073713888883e+00 4.595210266113281250e+02
4.975238826096419764e+00 4.523376770019531250e+02
4.978673578478951534e+00 4.389335021972656250e+02
4.982108330861482415e+00 4.345048828125000000e+02
4.985543083244014184e+00 4.330538635253906250e+02
4.988977835626544177e+00 4.316892089843750000e+02
4.992412588009075947e+00 4.261650390625000000e+02
4.995847340391606828e+00 4.225722045898437500e+02
4.999282092774138597e+00 4.209131164550781250e+02
5.002716845156669478e+00 4.190246276855468750e+02
5.006151597539200360e+00 4.160128173828125000e+02
5.009586349921732129e+00 4.132533569335937500e+02
5.013021102304263010e+00 4.125252380371093750e+02
5.016455854686793892e+00 4.108726501464843750e+02
5.019890607069324773e+00 4.081113586425781250e+02
5.023325359451856542e+00 4.142030639648437500e+02
5.026760111834387423e+00 4.235381774902343750e+02
5.030194864216919193e+00 4.306433410644531250e+02
5.033629616599450074e+00 4.328847351074218750e+02
5.037064368981981843e+00 4.434068603515625000e+02
5.040499121364511836e+00 4.508080749511718750e+02
5.043933873747043606e+00 4.506144409179687500e+02
5.047368626129574487e+00 4.493110656738281250e+02
5.050803378512106256e+00 4.481506958007812500e+02
5.054238130894637138e+00 4.454084167480468750e+02
5.057672883277168907e+00 4.310609741210937500e+02
5.061107635659699788e+00 4.225289306640625000e+02
5.064542388042230669e+00 4.141896362304687500e+02
5.067977140424761551e+00 4.119895935058593750e+02
5.071411892807293320e+00 4.152643432617187500e+02
5.074846645189824201e+00 4.201083068847656250e+02
5.078281397572355083e+00 4.197659606933593750e+02
5.081716149954886852e+00 4.203303222656250000e+02
5.085150902337417733e+00 4.197520446777343750e+02
5.088585654719949503e+00 4.230773925781250000e+02
5.092020407102479496e+00 4.203152465820312500e+02
5.095455159485011265e+00 4.162418823242187500e+02
5.098889911867542146e+00 4.140086059570312500e+02
5.102324664250073916e+00 4.064300842285156250e+02
5.105759416632604797e+00 4.065635070800781250e+02
5.109194169015136566e+00 4.108705139160156250e+02
5.112628921397667447e+00 4.167254333496093750e+02
5.116063673780198329e+00 4.100280151367187500e+02
5.119498426162729210e+00 4.068504638671875000e+02
5.122933178545260979e+00 4.034876403808593750e+02
5.126367930927791861e+00 4.095343017578125000e+02
5.129802683310323630e+00 4.077162780761718750e+02
5.133237435692854511e+00 4.066535949707031250e+02
5.136672188075386281e+00 3.995074462890625000e+02
5.140106940457916274e+00 3.996695556640625000e+02
5.143541692840448043e+00 3.994102172851562500e+02
5.146976445222978924e+00 4.012971801757812500e+02
5.150411197605510694e+00 4.034892883300781250e+02
5.153845949988041575e+00 4.078870544433593750e+02
5.157280702370572456e+00 4.114728698730468750e+02
5.160715454753104225e+00 4.124208374023437500e+02
5.164150207135635107e+00 4.142044677734375000e+02
5.167584959518165988e+00 4.185284729003906250e+02
5.171019711900696869e+00 4.221765136718750000e+02
5.174454464283228639e+00 4.215704345703125000e+02
5.177889216665759520e+00 4.194862670898437500e+02
5.181323969048291289e+00 4.171279907226562500e+02
5.184758721430822170e+00 4.137270507812500000e+02
5.188193473813353940e+00 4.105180969238281250e+02
5.191628226195883933e+00 4.099758911132812500e+02
5.195062978578415702e+00 4.105804748535156250e+02
5.198497730960946583e+00 4.102592163085937500e+02
5.201932483343478353e+00 4.112134399414062500e+02
5.205367235726009234e+00 4.167150268554687500e+02
5.208801988108541003e+00 4.305751647949218750e+02
5.212236740491071885e+00 4.421708068847656250e+02
5.215671492873602766e+00 4.497263183593750000e+02
5.219106245256133647e+00 4.530384826660156250e+02
5.222540997638665417e+00 4.577554626464843750e+02
5.225975750021196298e+00 4.566690979003906250e+02
5.229410502403727179e+00 4.482796936035156250e+02
5.232845254786258948e+00 4.378277587890625000e+02
5.236280007168789830e+00 4.308403015136718750e+02
5.239714759551321599e+00 4.246353149414062500e+02
5.243149511933851592e+00 4.162633361816406250e+02
5.246584264316383361e+00 4.108439331054687500e+02
5.250019016698914243e+00 4.065775756835937500e+02
5.253453769081446012e+00 3.998032226562500000e+02
5.256888521463976893e+00 3.883726501464843750e+02
5.260323273846508663e+00 3.897702026367187500e+02
5.263758026229039544e+00 3.962604980468750000e+02
5.267192778611570425e+00 4.000394287109375000e+02
5.270627530994101306e+00 3.999240417480468750e+02
5.274062283376633076e+00 4.057551269531250000e+02
5.277497035759163957e+00 4.098619995117187500e+02
5.280931788141695726e+00 4.149971923828125000e+02
5.284366540524226608e+00 4.138705139160156250e+02
5.287801292906758377e+00 4.132002563476562500e+02
5.291236045289288370e+00 4.141296386718750000e+02
5.294670797671820139e+00 4.160448608398437500e+02
5.298105550054351021e+00 4.153729858398437500e+02
5.301540302436882790e+00 4.098259887695312500e+02
5.304975054819413671e+00 4.051737670898437500e+02
5.308409807201944552e+00 4.020318298339843750e+02
5.311844559584476322e+00 4.049593200683593750e+02
5.315279311967006315e+00 4.046873474121093750e+02
5.318714064349538084e+00 4.038184509277343750e+02
5.322148816732068966e+00 4.004455871582031250e+02
5.325583569114600735e+00 4.068033447265625000e+02
5.329018321497131616e+00 4.065823669433593750e+02
5.332453073879663386e+00 4.094551391601562500e+02
5.335887826262194267e+00 4.132389221191406250e+02
5.339322578644726036e+00 4.254661254882812500e+02
5.342757331027256029e+00 4.374530334472656250e+02
5.346192083409787799e+00 4.449888305664062500e+02
5.349626835792318680e+00 4.492735595703125000e+02
5.353061588174850449e+00 4.514981384277343750e+02
5.356496340557381330e+00 4.543773498535156250e+02
5.359931092939913100e+00 4.567823791503906250e+02
5.363365845322443981e+00 4.493712768554687500e+02
5.366800597704974862e+00 4.391082458496093750e+02
5.370235350087505743e+00 4.233261108398437500e+02
5.373670102470037513e+00 4.122687683105468750e+02
5.377104854852568394e+00 4.019743347167968750e+02
5.380539607235100164e+00 3.949680175781250000e+02
5.383974359617631045e+00 3.952816162109375000e+02
5.387409112000161926e+00 3.951730957031250000e+02
5.390843864382692807e+00 3.982657470703125000e+02
5.394278616765223688e+00 3.976385192871093750e+02
5.397713369147755458e+00 3.992258605957031250e+02
5.401148121530286339e+00 3.951464538574218750e+02
5.404582873912818108e+00 3.924620971679687500e+02
5.408017626295348990e+00 3.928601379394531250e+02
5.411452378677880759e+00 3.925968322753906250e+02
5.414887131060411640e+00 3.952590332031250000e+02
5.418321883442942521e+00 3.913327331542968750e+02
5.421756635825473403e+00 3.937727050781250000e+02
5.425191388208005172e+00 3.980202026367187500e+02
5.428626140590536053e+00 4.042979736328125000e+02
5.432060892973067823e+00 4.050444946289062500e+02
5.435495645355598704e+00 4.037260131835937500e+02
5.438930397738130473e+00 4.050311279296875000e+02
5.442365150120660466e+00 4.015360107421875000e+02
5.445799902503192236e+00 4.016996459960937500e+02
5.449234654885723117e+00 4.009088745117187500e+02
5.452669407268254886e+00 3.995990600585937500e+02
5.456104159650785768e+00 3.969451599121093750e+02
5.459538912033316649e+00 3.950986328125000000e+02
5.462973664415848418e+00 3.939313964843750000e+02
5.466408416798379299e+00 3.946625671386718750e+02
5.469843169180910181e+00 4.009736328125000000e+02
5.473277921563441062e+00 4.112160949707031250e+02
5.476712673945972831e+00 4.169950866699218750e+02
5.480147426328503713e+00 4.247682800292968750e+02
5.483582178711035482e+00 4.307078857421875000e+02
5.487016931093566363e+00 4.371087646484375000e+02
5.490451683476098133e+00 4.360834045410156250e+02
5.493886435858628126e+00 4.378689270019531250e+02
5.497321188241159895e+00 4.321667175292968750e+02
5.500755940623690776e+00 4.283451232910156250e+02
5.504190693006222546e+00 4.208433837890625000e+02
5.507625445388753427e+00 4.136337280273437500e+02
5.511060197771285196e+00 4.088825073242187500e+02
5.514494950153816077e+00 4.061304931640625000e+02
5.517929702536346959e+00 4.061163024902343750e+02
5.521364454918877840e+00 4.069061889648437500e+02
5.524799207301409609e+00 4.079506835937500000e+02
5.528233959683940490e+00 4.042029418945312500e+02
5.531668712066472260e+00 4.019834899902343750e+02
5.535103464449003141e+00 3.989634094238281250e+02
5.538538216831534022e+00 3.953665771484375000e+02
5.541972969214064904e+00 3.927837524414062500e+02
5.545407721596595785e+00 3.909645996093750000e+02
5.548842473979127554e+00 3.923822631835937500e+02
5.552277226361658435e+00 3.887613525390625000e+02
5.555711978744190205e+00 3.881277465820312500e+02
5.559146731126721086e+00 3.923455505371093750e+02
5.562581483509252855e+00 3.978460083007812500e+02
5.566016235891783737e+00 4.008613891601562500e+02
5.569450988274314618e+00 3.977962036132812500e+02
5.572885740656845499e+00 3.979550476074218750e+02
5.576320493039377268e+00 3.967645874023437500e+02
5.579755245421908150e+00 3.944400024414062500e+02
5.583189997804439919e+00 3.928574523925781250e+02
5.586624750186970800e+00 3.909895324707031250e+02
5.590059502569502570e+00 3.896436462402343750e+02
5.593494254952032563e+00 3.875902709960937500e+02
5.596929007334564332e+00 3.889606933593750000e+02
5.600363759717095213e+00 3.910944824218750000e+02
5.603798512099626983e+00 3.907646789550781250e+02
5.607233264482157864e+00 3.879651489257812500e+02
5.610668016864688745e+00 3.853837280273437500e+02
5.614102769247220515e+00 3.872173156738281250e+02
5.617537521629751396e+00 3.874143066406250000e+02
5.620972274012282277e+00 3.888881225585937500e+02
5.624407026394813158e+00 3.858352355957031250e+02
5.627841778777344928e+00 3.868500671386718750e+02
5.631276531159875809e+00 3.868285217285156250e+02
5.634711283542407578e+00 3.897170410156250000e+02
5.638146035924938460e+00 3.894917907714843750e+02
5.641580788307470229e+00 3.883684387207031250e+02
5.645015540690000222e+00 3.865484008789062500e+02
5.648450293072531991e+00 3.841058654785156250e+02
5.651885045455062873e+00 3.848959045410156250e+02
5.655319797837594642e+00 3.819299011230468750e+02
5.658754550220125523e+00 3.850753173828125000e+02
5.662189302602657293e+00 3.840217285156250000e+02
5.665624054985188174e+00 3.866423339843750000e+02
5.669058807367719055e+00 3.868317565917968750e+02
5.672493559750249936e+00 3.868366699218750000e+02
5.675928312132781706e+00 3.844761962890625000e+02
5.679363064515312587e+00 3.842909545898437500e+02
5.682797816897844356e+00 3.931740417480468750e+02
5.686232569280375237e+00 4.021722717285156250e+02
5.689667321662906119e+00 4.083385925292968750e+02
5.693102074045437000e+00 4.112582092285156250e+02
5.696536826427967881e+00 4.165217895507812500e+02
5.699971578810499651e+00 4.231187133789062500e+02
5.703406331193030532e+00 4.272141418457031250e+02
5.706841083575562301e+00 4.296147155761718750e+02
5.710275835958093182e+00 4.313620910644531250e+02
5.713710588340624952e+00 4.415492858886718750e+02
5.717145340723154945e+00 4.475651855468750000e+02
5.720580093105686714e+00 4.497647094726562500e+02
5.724014845488217595e+00 4.405396728515625000e+02
5.727449597870749365e+00 4.395114440917968750e+02
5.730884350253280246e+00 4.385279541015625000e+02
5.734319102635812015e+00 4.375359191894531250e+02
5.737753855018342897e+00 4.256050109863281250e+02
5.741188607400874666e+00 4.150775146484375000e+02
5.744623359783404659e+00 4.044625244140625000e+02
5.748058112165936429e+00 3.991998901367187500e+02
5.751492864548467310e+00 3.927015075683593750e+02
5.754927616930999079e+00 3.888344421386718750e+02
5.758362369313529960e+00 3.811369934082031250e+02
5.761797121696060842e+00 3.804947814941406250e+02
5.765231874078592611e+00 3.837226257324218750e+02
5.768666626461123492e+00 3.886649780273437500e+02
5.772101378843654373e+00 3.853596801757812500e+02
5.775536131226185255e+00 3.808741760253906250e+02
5.778970883608717024e+00 3.795820617675781250e+02
5.782405635991247905e+00 3.841755371093750000e+02
5.785840388373779675e+00 3.843913269042968750e+02
5.789275140756310556e+00 3.840571594238281250e+02
5.792709893138841437e+00 3.827848205566406250e+02
5.796144645521372318e+00 3.773009033203125000e+02
5.799579397903904088e+00 3.724269409179687500e+02
5.803014150286434969e+00 3.690885620117187500e+02
5.806448902668966738e+00 3.696798706054687500e+02
5.809883655051497620e+00 3.738632202148437500e+02
5.813318407434029389e+00 3.736475524902343750e+02
5.816753159816560270e+00 3.762340393066406250e+02
5.820187912199091151e+00 3.762901000976562500e+02
5.823622664581622033e+00 3.768789672851562500e+02
5.827057416964153802e+00 3.740179748535156250e+02
5.830492169346684683e+00 3.803541870117187500e+02
5.833926921729216453e+00 3.825482788085937500e+02
5.837361674111747334e+00 3.802676696777343750e+02
5.840796426494278215e+00 3.766332702636718750e+02
5.844231178876809096e+00 3.799206542968750000e+02
5.847665931259339978e+00 3.812681579589843750e+02
5.851100683641871747e+00 3.799873657226562500e+02
5.854535436024402628e+00 3.755032653808593750e+02
5.857970188406934398e+00 3.760910644531250000e+02
5.861404940789465279e+00 3.794706726074218750e+02
5.864839693171997048e+00 3.810198974609375000e+02
5.868274445554527041e+00 3.830545654296875000e+02
5.871709197937058811e+00 3.816489257812500000e+02
5.875143950319589692e+00 3.813198242187500000e+02
5.878578702702121461e+00 3.744544982910156250e+02
5.882013455084652342e+00 3.710269470214843750e+02
5.885448207467184112e+00 3.678904724121093750e+02
5.888882959849714993e+00 3.637311401367187500e+02
5.892317712232246762e+00 3.624556884765625000e+02
5.895752464614776756e+00 3.668586730957031250e+02
5.899187216997308525e+00 3.753800659179687500e+02
5.902621969379839406e+00 3.791218566894531250e+02
5.906056721762371176e+00 3.786971130371093750e+02
5.909491474144902057e+00 3.797478637695312500e+02
5.912926226527432938e+00 3.829313659667968750e+02
5.916360978909964707e+00 3.784409179687500000e+02
5.919795731292495589e+00 3.745978393554687500e+02
5.923230483675026470e+00 3.717200927734375000e+02
5.926665236057557351e+00 3.779586181640625000e+02
5.930099988440089120e+00 3.775279846191406250e+02
5.933534740822620002e+00 3.792282409667968750e+02
5.936969493205151771e+00 3.790881958007812500e+02
5.940404245587682652e+00 3.825755615234375000e+02
5.943838997970213534e+00 3.867091064453125000e+02
5.947273750352744415e+00 3.937563171386718750e+02
5.950708502735276184e+00 3.975591735839843750e+02
5.954143255117807065e+00 4.037475280761718750e+02
5.957578007500338835e+00 4.229503479003906250e+02
5.961012759882869716e+00 4.613806152343750000e+02
5.964447512265401485e+00 5.096213378906250000e+02
5.967882264647932367e+00 5.760844726562500000e+02
5.971317017030463248e+00 6.462091674804687500e+02
5.974751769412994129e+00 7.064188842773437500e+02
5.978186521795525898e+00 7.418657226562500000e+02
5.981621274178056780e+00 7.483386230468750000e+02
5.985056026560588549e+00 7.256703491210937500e+02
5.988490778943119430e+00 6.784057617187500000e+02
5.991925531325650311e+00 6.233920288085937500e+02
5.995360283708181193e+00 5.684176025390625000e+02
5.998795036090712074e+00 5.167327270507812500e+02
6.002229788473243843e+00 4.713097229003906250e+02
6.005664540855774725e+00 4.406915588378906250e+02
6.009099293238306494e+00 4.162201232910156250e+02
6.012534045620837375e+00 4.029851074218750000e+02
6.015968798003369145e+00 3.906707763671875000e+02
6.019403550385899138e+00 3.914215087890625000e+02
6.022838302768430907e+00 3.914848937988281250e+02
6.026273055150961788e+00 3.930082397460937500e+02
6.029707807533493558e+00 3.903126831054687500e+02
6.033142559916024439e+00 3.910787658691406250e+02
6.036577312298556208e+00 3.920945739746093750e+02
6.040012064681087089e+00 3.993081359863281250e+02
6.043446817063618859e+00 4.012560424804687500e+02
6.046881569446148852e+00 4.009033508300781250e+02
6.050316321828680621e+00 3.968164978027343750e+02
6.053751074211211503e+00 3.951090698242187500e+02
6.057185826593743272e+00 3.923244628906250000e+02
6.060620578976274153e+00 3.945901184082031250e+02
6.064055331358805923e+00 4.026952209472656250e+02
6.067490083741336804e+00 4.098676452636718750e+02
6.070924836123867685e+00 4.118282775878906250e+02
6.074359588506398566e+00 4.097715759277343750e+02
6.077794340888929447e+00 4.075411987304687500e+02
6.081229093271461217e+00 4.022716064453125000e+02
6.084663845653992098e+00 3.997219543457031250e+02
6.088098598036523867e+00 3.952720031738281250e+02
6.091533350419054749e+00 3.880738525390625000e+02
6.094968102801585630e+00 3.812870483398437500e+02
6.098402855184116511e+00 3.777687683105468750e+02
6.101837607566648281e+00 3.751286621093750000e+02
6.105272359949179162e+00 3.743636474609375000e+02
6.108707112331710931e+00 3.764246520996093750e+02
6.112141864714241812e+00 3.764063110351562500e+02
6.115576617096773582e+00 3.751341857910156250e+02
6.119011369479304463e+00 3.756837158203125000e+02
6.122446121861835344e+00 3.814010620117187500e+02
6.125880874244366225e+00 3.881792297363281250e+02
6.129315626626897995e+00 3.936644287109375000e+02
6.132750379009428876e+00 3.887594299316406250e+02
6.136185131391960645e+00 3.865904846191406250e+02
6.139619883774491527e+00 3.772027893066406250e+02
6.143054636157022408e+00 3.725994262695312500e+02
6.146489388539553289e+00 3.695042724609375000e+02
6.149924140922085058e+00 3.785684814453125000e+02
6.153358893304615940e+00 3.813061828613281250e+02
6.156793645687146821e+00 3.863283386230468750e+02
6.160228398069678590e+00 3.885874328613281250e+02
6.163663150452209472e+00 3.942716369628906250e+02
6.167097902834741241e+00 3.855126647949218750e+02
6.170532655217271234e+00 3.778918151855468750e+02
6.173967407599803003e+00 3.720518188476562500e+02
6.177402159982333885e+00 3.726347656250000000e+02
6.180836912364865654e+00 3.729697265625000000e+02
6.184271664747396535e+00 3.742487182617187500e+02
6.187706417129928305e+00 3.755163879394531250e+02
6.191141169512459186e+00 3.771755676269531250e+02
6.194575921894990067e+00 3.781630554199218750e+02
6.198010674277520948e+00 3.756492919921875000e+02
6.201445426660052718e+00 3.650102539062500000e+02
6.204880179042583599e+00 3.624067382812500000e+02
6.208314931425115368e+00 3.616854553222656250e+02
6.211749683807646250e+00 3.634355163574218750e+02
6.215184436190178019e+00 3.641551513671875000e+02
6.218619188572708900e+00 3.620660400390625000e+02
6.222053940955239781e+00 3.646600952148437500e+02
6.225488693337770663e+00 3.644438781738281250e+02
6.228923445720301544e+00 3.680112915039062500e+02
6.232358198102833313e+00 3.635816955566406250e+02
6.235792950485364194e+00 3.672807312011718750e+02
6.239227702867895964e+00 3.681383056640625000e+02
6.242662455250426845e+00 3.686732177734375000e+02
6.246097207632957726e+00 3.631836547851562500e+02
6.249531960015488607e+00 3.614577941894531250e+02
6.252966712398020377e+00 3.627262878417968750e+02
6.256401464780551258e+00 3.653268432617187500e+02
6.259836217163083028e+00 3.659903869628906250e+02
6.263270969545613909e+00 3.647645874023437500e+02
6.266705721928145678e+00 3.601134948730468750e+02
6.270140474310675671e+00 3.630771789550781250e+02
6.273575226693207441e+00 3.700393066406250000e+02
6.277009979075738322e+00 3.777593688964843750e+02
6.280444731458270091e+00 3.826227111816406250e+02
6.283879483840800972e+00 3.859106750488281250e+02
6.287314236223332742e+00 3.938049316406250000e+02
6.290748988605863623e+00 3.972674255371093750e+02
6.294183740988394504e+00 3.954498901367187500e+02
6.297618493370925385e+00 3.876767578125000000e+02
6.301053245753457155e+00 3.812708740234375000e+02
6.304487998135988036e+00 3.746163024902343750e+02
6.307922750518518917e+00 3.711459045410156250e+02
6.311357502901050687e+00 3.686721801757812500e+02
6.314792255283581568e+00 3.685523376464843750e+02
6.318227007666113337e+00 3.619320983886718750e+02
6.321661760048643330e+00 3.585167541503906250e+02
6.325096512431175100e+00 3.588107299804687500e+02
6.328531264813705981e+00 3.605236206054687500e+02
6.331966017196237750e+00 3.633089294433593750e+02
6.335400769578768632e+00 3.715815734863281250e+02
6.338835521961300401e+00 3.844949035644531250e+02
6.342270274343831282e+00 3.943248291015625000e+02
6.345705026726362163e+00 3.952861633300781250e+02
6.349139779108893045e+00 3.902269287109375000e+02
6.352574531491424814e+00 3.839483337402343750e+02
6.356009283873955695e+00 3.790000000000000000e+02
6.359444036256487465e+00 3.715675354003906250e+02
6.362878788639018346e+00 3.665100708007812500e+02
6.366313541021550115e+00 3.662743530273437500e+02
6.369748293404080997e+00 3.707793884277343750e+02
6.373183045786611878e+00 3.714919738769531250e+02
6.376617798169142759e+00 3.659396057128906250e+02
6.380052550551673640e+00 3.609059753417968750e+02
6.383487302934205410e+00 3.584591064453125000e+02
6.386922055316736291e+00 3.602958068847656250e+02
6.390356807699268060e+00 3.560867614746093750e+02
6.393791560081798941e+00 3.564608459472656250e+02
6.397226312464329823e+00 3.600725097656250000e+02
6.400661064846860704e+00 3.642203979492187500e+02
6.404095817229392473e+00 3.663818969726562500e+02
6.407530569611923355e+00 3.608097839355468750e+02
6.410965321994455124e+00 3.599239807128906250e+02
6.414400074376986005e+00 3.627758178710937500e+02
6.417834826759517775e+00 3.685657348632812500e+02
6.421269579142047768e+00 3.717115478515625000e+02
6.424704331524579537e+00 3.743110656738281250e+02
6.428139083907110418e+00 3.789913330078125000e+02
6.431573836289642188e+00 3.808956909179687500e+02
6.435008588672173069e+00 3.827911376953125000e+02
6.438443341054704838e+00 3.852312622070312500e+02
6.441878093437235719e+00 3.863036193847656250e+02
6.445312845819766601e+00 3.814281005859375000e+02
6.448747598202297482e+00 3.761016235351562500e+02
6.452182350584829251e+00 3.719418334960937500e+02
6.455617102967360132e+00 3.719123840332031250e+02
6.459051855349891014e+00 3.693108215332031250e+02
6.462486607732422783e+00 3.687068176269531250e+02
6.465921360114953664e+00 3.677021789550781250e+02
6.469356112497485434e+00 3.641626281738281250e+02
6.472790864880015427e+00 3.580168762207031250e+02
6.476225617262547196e+00 3.495771179199218750e+02
6.479660369645078077e+00 3.508135986328125000e+02
6.483095122027609847e+00 3.528674316406250000e+02
6.486529874410140728e+00 3.572387390136718750e+02
6.489964626792672497e+00 3.587101440429687500e+02
6.493399379175203379e+00 3.617543029785156250e+02
6.496834131557734260e+00 3.578898620605468750e+02
6.500268883940265141e+00 3.538923339843750000e+02
6.503703636322796910e+00 3.535454711914062500e+02
6.507138388705327792e+00 3.573135986328125000e+02
6.510573141087859561e+00 3.612128295898437500e+02
6.514007893470390442e+00 3.671538085937500000e+02
6.517442645852922212e+00 3.652654113769531250e+02
6.520877398235453093e+00 3.615510559082031250e+02
6.524312150617983974e+00 3.560280151367187500e+02
6.527746903000514855e+00 3.572367248535156250e+02
6.531181655383045737e+00 3.595312194824218750e+02
6.534616407765577506e+00 3.592691650390625000e+02
6.538051160148108387e+00 3.557474975585937500e+02
6.541485912530640157e+00 3.551283874511718750e+02
6.544920664913171038e+00 3.576261596679687500e+02
6.548355417295701919e+00 3.576180114746093750e+02
6.551790169678232800e+00 3.540838623046875000e+02
6.555224922060764570e+00 3.515794372558593750e+02
6.558659674443295451e+00 3.556881713867187500e+02
6.562094426825827220e+00 3.607680969238281250e+02
6.565529179208358102e+00 3.634334411621093750e+02
6.568963931590889871e+00 3.641038818359375000e+02
6.572398683973419864e+00 3.612948608398437500e+02
6.575833436355951633e+00 3.609722290039062500e+02
6.579268188738482515e+00 3.586714782714843750e+02
6.582702941121014284e+00 3.589287719726562500e+02
6.586137693503545165e+00 3.561864318847656250e+02
6.589572445886076935e+00 3.588203735351562500e+02
6.593007198268607816e+00 3.609599914550781250e+02
6.596441950651138697e+00 3.621100769042968750e+02
6.599876703033669578e+00 3.624806518554687500e+02
6.603311455416201348e+00 3.645063781738281250e+02
6.606746207798732229e+00 3.669307861328125000e+02
6.610180960181263110e+00 3.686996459960937500e+02
6.613615712563794879e+00 3.657284851074218750e+02
6.617050464946325761e+00 3.585517578125000000e+02
6.620485217328857530e+00 3.547330322265625000e+02
6.623919969711387523e+00 3.516000671386718750e+02
6.627354722093919293e+00 3.463210144042968750e+02
6.630789474476450174e+00 3.456940307617187500e+02
6.634224226858981943e+00 3.484221801757812500e+02
6.637658979241512824e+00 3.488848266601562500e+02
6.641093731624044594e+00 3.477378845214843750e+02
6.644528484006575475e+00 3.494463806152343750e+02
6.647963236389106356e+00 3.488599548339843750e+02
6.651397988771637237e+00 3.486142883300781250e+02
6.654832741154169007e+00 3.510750427246093750e+02
6.658267493536699888e+00 3.579054565429687500e+02
6.661702245919231657e+00 3.572515563964843750e+02
6.665136998301762539e+00 3.546357727050781250e+02
6.668571750684294308e+00 3.527395935058593750e+02
6.672006503066824301e+00 3.584814453125000000e+02
6.675441255449356071e+00 3.617342529296875000e+02
6.678876007831886952e+00 3.629483032226562500e+02
6.682310760214417833e+00 3.608526306152343750e+02
6.685745512596949602e+00 3.623540039062500000e+02
6.689180264979480484e+00 3.648340148925781250e+02
6.692615017362012253e+00 3.680171813964843750e+02
6.696049769744543134e+00 3.691070861816406250e+02
6.699484522127074015e+00 3.686828002929687500e+02
6.702919274509604897e+00 3.646365051269531250e+02
6.706354026892136666e+00 3.608232116699218750e+02
6.709788779274667547e+00 3.582786254882812500e+02
6.713223531657199317e+00 3.536741333007812500e+02
6.716658284039730198e+00 3.551238098144531250e+02
6.720093036422261967e+00 3.529426574707031250e+02
6.723527788804791960e+00 3.504426269531250000e+02
6.726962541187323730e+00 3.471311950683593750e+02
6.730397293569854611e+00 3.495198974609375000e+02
6.733832045952386380e+00 3.489602966308593750e+02
6.737266798334917262e+00 3.482938232421875000e+02
6.740701550717449031e+00 3.443066711425781250e+02
6.744136303099979912e+00 3.418853149414062500e+02
6.747571055482510793e+00 3.416057128906250000e+02
6.751005807865041675e+00 3.416860961914062500e+02
6.754440560247573444e+00 3.386543579101562500e+02
6.757875312630104325e+00 3.380248107910156250e+02
6.761310065012635206e+00 3.384260864257812500e+02
6.764744817395166976e+00 3.453923034667968750e+02
6.768179569777697857e+00 3.484905395507812500e+02
6.771614322160229626e+00 3.525081787109375000e+02
6.775049074542759620e+00 3.546767272949218750e+02
6.778483826925291389e+00 3.573380737304687500e+02
6.781918579307822270e+00 3.549486083984375000e+02
6.785353331690354040e+00 3.496308288574218750e+02
6.788788084072884921e+00 3.466757202148437500e+02
6.792222836455416690e+00 3.481934509277343750e+02
6.795657588837947571e+00 3.520184936523437500e+02
6.799092341220478453e+00 3.572599487304687500e+02
6.802527093603009334e+00 3.637770996093750000e+02
6.805961845985541103e+00 3.657989501953125000e+02
6.809396598368071984e+00 3.652248535156250000e+02
6.812831350750603754e+00 3.613753967285156250e+02
6.816266103133134635e+00 3.588741760253906250e+02
6.819700855515666404e+00 3.577329406738281250e+02
6.823135607898196398e+00 3.540560607910156250e+02
6.826570360280728167e+00 3.535279541015625000e+02
6.830005112663259048e+00 3.465941772460937500e+02
6.833439865045790818e+00 3.456911010742187500e+02
6.836874617428321699e+00 3.408977966308593750e+02
6.840309369810852580e+00 3.440416259765625000e+02
6.843744122193384349e+00 3.479576110839843750e+02
6.847178874575915231e+00 3.537896423339843750e+02
6.850613626958446112e+00 3.529211425781250000e+02
6.854048379340976993e+00 3.517687683105468750e+02
6.857483131723508762e+00 3.519861450195312500e+02
6.860917884106039644e+00 3.532487792968750000e+02
6.864352636488571413e+00 3.518723449707031250e+02
6.867787388871102294e+00 3.494645385742187500e+02
6.871222141253634064e+00 3.487204895019531250e+02
6.874656893636164057e+00 3.519151611328125000e+02
6.878091646018695826e+00 3.502405700683593750e+02
6.881526398401226707e+00 3.535673522949218750e+02
6.884961150783758477e+00 3.545947875976562500e+02
6.888395903166289358e+00 3.554849243164062500e+02
6.891830655548821127e+00 3.528858337402343750e+02
6.895265407931352009e+00 3.508412475585937500e+02
6.898700160313882890e+00 3.559967041015625000e+02
6.902134912696413771e+00 3.616617736816406250e+02
6.905569665078945540e+00 3.636826477050781250e+02
6.909004417461476422e+00 3.574840698242187500e+02
6.912439169844007303e+00 3.513696594238281250e+02
6.915873922226539072e+00 3.462395324707031250e+02
6.919308674609069953e+00 3.469433593750000000e+02
6.922743426991601723e+00 3.520331420898437500e+02
6.926178179374131716e+00 3.510404357910156250e+02
6.929612931756663485e+00 3.516923522949218750e+02
6.933047684139194367e+00 3.518147583007812500e+02
6.936482436521726136e+00 3.548149108886718750e+02
6.939917188904257017e+00 3.528968200683593750e+02
6.943351941286788787e+00 3.552335205078125000e+02
6.946786693669319668e+00 3.565642395019531250e+02
6.950221446051850549e+00 3.601591491699218750e+02
6.953656198434381430e+00 3.623206176757812500e+02
6.957090950816913200e+00 3.609772033691406250e+02
6.960525703199444081e+00 3.579977111816406250e+02
6.963960455581975850e+00 3.541950073242187500e+02
6.967395207964506731e+00 3.542776184082031250e+02
6.970829960347038501e+00 3.523378295898437500e+02
6.974264712729568494e+00 3.526558532714843750e+02
6.977699465112100263e+00 3.517860412597656250e+02
6.981134217494631145e+00 3.549779663085937500e+02
6.984568969877162914e+00 3.563510437011718750e+02
6.988003722259693795e+00 3.636249084472656250e+02
6.991438474642224676e+00 3.637693786621093750e+02
6.994873227024756446e+00 3.593917236328125000e+02
6.998307979407287327e+00 3.518058471679687500e+02
7.001742731789818208e+00 3.510254821777343750e+02
7.005177484172349089e+00 3.485842285156250000e+02
7.008612236554880859e+00 3.455543212890625000e+02
7.012046988937411740e+00 3.373018188476562500e+02
7.015481741319943509e+00 3.364203186035156250e+02
7.018916493702474391e+00 3.396004943847656250e+02
7.022351246085006160e+00 3.455302429199218750e+02
7.025785998467536153e+00 3.470086364746093750e+02
7.029220750850067922e+00 3.493414611816406250e+02
7.032655503232598804e+00 3.477273254394531250e+02
7.036090255615130573e+00 3.510003662109375000e+02
7.039525007997661454e+00 3.492200317382812500e+02
7.042959760380193224e+00 3.516378479003906250e+02
7.046394512762724105e+00 3.466737365722656250e+02
7.049829265145254986e+00 3.413704223632812500e+02
7.053264017527785867e+00 3.383792419433593750e+02
7.056698769910317637e+00 3.409830932617187500e+02
7.060133522292848518e+00 3.400943603515625000e+02
7.063568274675379399e+00 3.378314819335937500e+02
7.067003027057911169e+00 3.384731750488281250e+02
7.070437779440442050e+00 3.428114013671875000e+02
7.073872531822972931e+00 3.448626708984375000e+02
7.077307284205503812e+00 3.468734130859375000e+02
7.080742036588035582e+00 3.511301879882812500e+02
7.084176788970566463e+00 3.555445556640625000e+02
7.087611541353098232e+00 3.596071472167968750e+02
7.091046293735629114e+00 3.602850036621093750e+02
7.094481046118160883e+00 3.654231262207031250e+02
7.097915798500691764e+00 3.675138549804687500e+02
7.101350550883222645e+00 3.670217285156250000e+02
7.104785303265753527e+00 3.664143981933593750e+02
7.108220055648285296e+00 3.665126647949218750e+02
7.111654808030816177e+00 3.715173950195312500e+02
7.115089560413347947e+00 3.697421875000000000e+02
7.118524312795878828e+00 3.613461303710937500e+02
7.121959065178410597e+00 3.494814453125000000e+02
7.125393817560940590e+00 3.408646850585937500e+02
7.128828569943472360e+00 3.362052612304687500e+02
7.132263322326003241e+00 3.343465576171875000e+02
7.135698074708535010e+00 3.316165771484375000e+02
7.139132827091065892e+00 3.333079528808593750e+02
7.142567579473596773e+00 3.361803894042968750e+02
7.146002331856128542e+00 3.381678771972656250e+02
7.149437084238658535e+00 3.399865112304687500e+02
7.152871836621190305e+00 3.425680541992187500e+02
7.156306589003721186e+00 3.442391662597656250e+02
7.159741341386252955e+00 3.436140747070312500e+02
7.163176093768782948e+00 3.408190917968750000e+02
7.166610846151314718e+00 3.421768188476562500e+02
7.170045598533845599e+00 3.446499023437500000e+02
7.173480350916377368e+00 3.439649658203125000e+02
7.176915103298908249e+00 3.434179687500000000e+02
7.180349855681440019e+00 3.419776306152343750e+02
7.183784608063970900e+00 3.406021118164062500e+02
7.187219360446502670e+00 3.366338195800781250e+02
7.190654112829033551e+00 3.350426330566406250e+02
7.194088865211565320e+00 3.374893798828125000e+02
7.197523617594096201e+00 3.361880493164062500e+02
7.200958369976627971e+00 3.351309204101562500e+02
7.204393122359158852e+00 3.354109191894531250e+02
7.207827874741689733e+00 3.362570190429687500e+02
7.211262627124221503e+00 3.339113464355468750e+02
7.214697379506751496e+00 3.294124145507812500e+02
7.218132131889282377e+00 3.264181823730468750e+02
7.221566884271814146e+00 3.259270324707031250e+02
7.225001636654345027e+00 3.255684204101562500e+02
7.228436389036875909e+00 3.288970642089843750e+02
7.231871141419407678e+00 3.312891540527343750e+02
7.235305893801938559e+00 3.340935974121093750e+02
7.238740646184470329e+00 3.309804077148437500e+02
7.242175398567001210e+00 3.258700256347656250e+02
7.245610150949532979e+00 3.203195190429687500e+02
7.249044903332063861e+00 3.158210144042968750e+02
7.252479655714595630e+00 3.154168395996093750e+02
7.255914408097126511e+00 3.154458618164062500e+02
7.259349160479658281e+00 3.216385192871093750e+02
7.262783912862187385e+00 3.233716430664062500e+02
7.266218665244719155e+00 3.274819030761718750e+02
7.269653417627250036e+00 3.276657714843750000e+02
7.273088170009781805e+00 3.285650329589843750e+02
7.276522922392312687e+00 3.278340148925781250e+02
7.279957674774844456e+00 3.345908203125000000e+02
7.283392427157375337e+00 3.390673522949218750e+02
7.286827179539907107e+00 3.392304077148437500e+02
7.290261931922437988e+00 3.354174804687500000e+02
7.293696684304968869e+00 3.363443298339843750e+02
7.297131436687500639e+00 3.386134948730468750e+02
7.300566189070031520e+00 3.340006408691406250e+02
7.304000941452563289e+00 3.284693298339843750e+02
7.307435693835094170e+00 3.250837402343750000e+02
7.310870446217625940e+00 3.297034912109375000e+02
7.314305198600155045e+00 3.345408020019531250e+02
7.317739950982686814e+00 3.386820983886718750e+02
7.321174703365217695e+00 3.386863403320312500e+02
7.324609455747749465e+00 3.360284729003906250e+02
7.328044208130280346e+00 3.301486511230468750e+02
7.331478960512812115e+00 3.269448547363281250e+02
7.334913712895342996e+00 3.234114074707031250e+02
7.338348465277874766e+00 3.248235473632812500e+02
7.341783217660405647e+00 3.252951660156250000e+02
7.345217970042937417e+00 3.259578247070312500e+02
7.348652722425468298e+00 3.279306335449218750e+02
7.352087474808000067e+00 3.276299743652343750e+02
7.355522227190530948e+00 3.272647399902343750e+02
7.358956979573061830e+00 3.289558105468750000e+02
7.362391731955593599e+00 3.312644653320312500e+02
7.365826484338123592e+00 3.344596557617187500e+02
7.369261236720654473e+00 3.352482604980468750e+02
7.372695989103186243e+00 3.363858947753906250e+02
7.376130741485717124e+00 3.354354858398437500e+02
7.379565493868248005e+00 3.344771728515625000e+02
7.383000246250779774e+00 3.342518920898437500e+02
7.386434998633310656e+00 3.350120849609375000e+02
7.389869751015842425e+00 3.376012573242187500e+02
7.393304503398373306e+00 3.405057067871093750e+02
7.396739255780905076e+00 3.402127685546875000e+02
7.400174008163435957e+00 3.401767272949218750e+02
7.403608760545967726e+00 3.329656677246093750e+02
7.407043512928498608e+00 3.328217163085937500e+02
7.410478265311030377e+00 3.353194885253906250e+02
7.413913017693559482e+00 3.371084594726562500e+02
7.417347770076091251e+00 3.362117919921875000e+02
7.420782522458622132e+00 3.339814758300781250e+02
7.424217274841153902e+00 3.346148986816406250e+02
7.427652027223684783e+00 3.342253112792968750e+02
7.431086779606216552e+00 3.343403015136718750e+02
7.434521531988747434e+00 3.372640075683593750e+02
7.437956284371279203e+00 3.417712097167968750e+02
