# # sector 18: chi = 4.99 deg (range [0, 10))
# # columns: 2theta(deg)  intensity
1.052751605245807909e+00 1.264572875976562500e+03
1.056186357628339012e+00 1.258547119140625000e+03
1.059621110010870337e+00 1.278639038085937500e+03
1.063055862393401441e+00 1.290642211914062500e+03
1.066490614775932544e+00 1.284835693359375000e+03
1.069925367158463869e+00 1.273026733398437500e+03
1.073360119540994972e+00 1.264529418945312500e+03
1.076794871923526298e+00 1.261009521484375000e+03
1.080229624306057401e+00 1.263440185546875000e+03
1.083664376688588726e+00 1.267802612304687500e+03
1.087099129071119830e+00 1.283929931640625000e+03
1.090533881453650933e+00 1.306470214843750000e+03
1.093968633836182036e+00 1.317443115234375000e+03
1.097403386218713361e+00 1.319369995117187500e+03
1.100838138601244465e+00 1.321188232421875000e+03
1.104272890983775568e+00 1.313602172851562500e+03
1.107707643366306893e+00 1.310829223632812500e+03
1.111142395748837997e+00 1.304189819335937500e+03
1.114577148131369322e+00 1.306829101562500000e+03
1.118011900513900425e+00 1.319681640625000000e+03
1.121446652896431750e+00 1.307276977539062500e+03
1.124881405278962854e+00 1.281981811523437500e+03
1.128316157661493957e+00 1.277147949218750000e+03
1.131750910044025060e+00 1.283279052734375000e+03
1.135185662426556386e+00 1.286920776367187500e+03
1.138620414809087489e+00 1.306345947265625000e+03
1.142055167191618592e+00 1.326489624023437500e+03
1.145489919574149917e+00 1.337665283203125000e+03
1.148924671956681021e+00 1.325257934570312500e+03
1.152359424339212346e+00 1.327468994140625000e+03
1.155794176721743449e+00 1.336591186523437500e+03
1.159228929104274775e+00 1.349508789062500000e+03
1.162663681486805878e+00 1.351437133789062500e+03
1.166098433869336981e+00 1.357075073242187500e+03
1.169533186251868084e+00 1.341833984375000000e+03
1.172967938634399410e+00 1.342326782226562500e+03
1.176402691016930513e+00 1.342485473632812500e+03
1.179837443399461616e+00 1.344633422851562500e+03
1.183272195781992941e+00 1.331103027343750000e+03
1.186706948164524045e+00 1.332873901367187500e+03
1.190141700547055370e+00 1.337940795898437500e+03
1.193576452929586473e+00 1.342548339843750000e+03
1.197011205312117799e+00 1.344327880859375000e+03
1.200445957694648902e+00 1.358360961914062500e+03
1.203880710077180005e+00 1.347985717773437500e+03
1.207315462459711108e+00 1.355192504882812500e+03
1.210750214842242434e+00 1.371876708984375000e+03
1.214184967224773537e+00 1.367594970703125000e+03
1.217619719607304640e+00 1.357529418945312500e+03
1.221054471989835966e+00 1.356251586914062500e+03
1.224489224372367069e+00 1.363384887695312500e+03
1.227923976754898394e+00 1.367362304687500000e+03
1.231358729137429497e+00 1.366883666992187500e+03
1.234793481519960823e+00 1.355189697265625000e+03
1.238228233902491926e+00 1.367360473632812500e+03
1.241662986285023029e+00 1.387308105468750000e+03
1.245097738667554133e+00 1.399793090820312500e+03
1.248532491050085236e+00 1.414050537109375000e+03
1.251967243432616561e+00 1.419349975585937500e+03
1.255401995815147664e+00 1.416690185546875000e+03
1.258836748197678990e+00 1.407092773437500000e+03
1.262271500580210093e+00 1.380627197265625000e+03
1.265706252962741418e+00 1.381003173828125000e+03
1.269141005345272522e+00 1.405960693359375000e+03
1.272575757727803847e+00 1.409882080078125000e+03
1.276010510110334950e+00 1.414758056640625000e+03
1.279445262492866053e+00 1.413200073242187500e+03
1.282880014875397157e+00 1.418228027343750000e+03
1.286314767257928260e+00 1.418178710937500000e+03
1.289749519640459585e+00 1.403520507812500000e+03
1.293184272022990688e+00 1.405088500976562500e+03
1.296619024405522014e+00 1.405603027343750000e+03
1.300053776788053117e+00 1.411446166992187500e+03
1.303488529170584442e+00 1.417346801757812500e+03
1.306923281553115546e+00 1.428533569335937500e+03
1.310358033935646871e+00 1.437056274414062500e+03
1.313792786318177974e+00 1.432637084960937500e+03
1.317227538700709077e+00 1.427012329101562500e+03
1.320662291083240181e+00 1.424791259765625000e+03
1.324097043465771284e+00 1.430518066406250000e+03
1.327531795848302609e+00 1.460630981445312500e+03
1.330966548230833713e+00 1.497676147460937500e+03
1.334401300613365038e+00 1.511809326171875000e+03
1.337836052995896141e+00 1.530320556640625000e+03
1.341270805378427466e+00 1.554331542968750000e+03
1.344705557760958570e+00 1.559924560546875000e+03
1.348140310143489895e+00 1.564467163085937500e+03
1.351575062526020998e+00 1.550235839843750000e+03
1.355009814908552102e+00 1.539344238281250000e+03
1.358444567291083205e+00 1.509759155273437500e+03
1.361879319673614308e+00 1.485193237304687500e+03
1.365314072056145633e+00 1.478761230468750000e+03
1.368748824438676737e+00 1.476651489257812500e+03
1.372183576821208062e+00 1.456272460937500000e+03
1.375618329203739165e+00 1.474850585937500000e+03
1.379053081586270491e+00 1.471216674804687500e+03
1.382487833968801594e+00 1.472396850585937500e+03
1.385922586351332919e+00 1.483198852539062500e+03
1.389357338733864022e+00 1.495900756835937500e+03
1.392792091116395126e+00 1.492316040039062500e+03
1.396226843498926229e+00 1.486881835937500000e+03
1.399661595881457332e+00 1.476008544921875000e+03
1.403096348263988657e+00 1.472325927734375000e+03
1.406531100646519761e+00 1.468072143554687500e+03
1.409965853029051086e+00 1.455554687500000000e+03
1.413400605411582189e+00 1.430629760742187500e+03
1.416835357794113515e+00 1.449941772460937500e+03
1.420270110176644618e+00 1.471028320312500000e+03
1.423704862559175943e+00 1.468600952148437500e+03
1.427139614941707046e+00 1.486439697265625000e+03
1.430574367324238150e+00 1.502037109375000000e+03
1.434009119706769253e+00 1.507835571289062500e+03
1.437443872089300356e+00 1.504262695312500000e+03
1.440878624471831682e+00 1.501110107421875000e+03
1.444313376854362785e+00 1.497140991210937500e+03
1.447748129236894110e+00 1.499636474609375000e+03
1.451182881619425213e+00 1.503678100585937500e+03
1.454617634001956539e+00 1.509853393554687500e+03
1.458052386384487642e+00 1.507038085937500000e+03
1.461487138767018967e+00 1.492744750976562500e+03
1.464921891149550071e+00 1.477604980468750000e+03
1.468356643532081174e+00 1.471699218750000000e+03
1.471791395914612277e+00 1.484320190429687500e+03
1.475226148297143380e+00 1.493138061523437500e+03
1.478660900679674706e+00 1.494586791992187500e+03
1.482095653062205809e+00 1.506211914062500000e+03
1.485530405444737134e+00 1.512821899414062500e+03
1.488965157827268238e+00 1.510456054687500000e+03
1.492399910209799563e+00 1.502761840820312500e+03
1.495834662592330666e+00 1.501805541992187500e+03
1.499269414974861991e+00 1.498656982421875000e+03
1.502704167357393095e+00 1.509776245117187500e+03
1.506138919739924198e+00 1.514358276367187500e+03
1.509573672122455301e+00 1.516738525390625000e+03
1.513008424504986404e+00 1.514845214843750000e+03
1.516443176887517730e+00 1.525191772460937500e+03
1.519877929270048833e+00 1.528616821289062500e+03
1.523312681652580158e+00 1.526817260742187500e+03
1.526747434035111262e+00 1.533014648437500000e+03
1.530182186417642587e+00 1.543730712890625000e+03
1.533616938800173690e+00 1.533522338867187500e+03
1.537051691182705015e+00 1.528078613281250000e+03
1.540486443565236119e+00 1.526241088867187500e+03
1.543921195947767222e+00 1.517895141601562500e+03
1.547355948330298325e+00 1.518914184570312500e+03
1.550790700712829429e+00 1.528517456054687500e+03
1.554225453095360754e+00 1.534168945312500000e+03
1.557660205477891857e+00 1.532938842773437500e+03
1.561094957860423182e+00 1.539790161132812500e+03
1.564529710242954286e+00 1.555899414062500000e+03
1.567964462625485611e+00 1.560524047851562500e+03
1.571399215008016714e+00 1.556993286132812500e+03
1.574833967390548040e+00 1.568120117187500000e+03
1.578268719773079143e+00 1.579562622070312500e+03
1.581703472155610246e+00 1.587286743164062500e+03
1.585138224538141349e+00 1.577549560546875000e+03
1.588572976920672453e+00 1.560480346679687500e+03
1.592007729303203778e+00 1.564942749023437500e+03
1.595442481685734881e+00 1.574081176757812500e+03
1.598877234068266207e+00 1.573101562500000000e+03
1.602311986450797310e+00 1.588892211914062500e+03
1.605746738833328635e+00 1.609266845703125000e+03
1.609181491215859738e+00 1.627567260742187500e+03
1.612616243598391064e+00 1.655365600585937500e+03
1.616050995980922167e+00 1.674271362304687500e+03
1.619485748363453270e+00 1.740868530273437500e+03
1.622920500745984373e+00 1.785159057617187500e+03
1.626355253128515477e+00 1.809315063476562500e+03
1.629790005511046802e+00 1.820583740234375000e+03
1.633224757893577905e+00 1.808163574218750000e+03
1.636659510276109231e+00 1.757127685546875000e+03
1.640094262658640334e+00 1.702229003906250000e+03
1.643529015041171659e+00 1.651157958984375000e+03
1.646963767423702762e+00 1.618308105468750000e+03
1.650398519806234088e+00 1.598877929687500000e+03
1.653833272188765191e+00 1.590735839843750000e+03
1.657268024571296294e+00 1.588756469726562500e+03
1.660702776953827398e+00 1.597517578125000000e+03
1.664137529336358501e+00 1.596217651367187500e+03
1.667572281718889826e+00 1.597894531250000000e+03
1.671007034101420929e+00 1.593826171875000000e+03
1.674441786483952255e+00 1.587806640625000000e+03
1.677876538866483358e+00 1.566775634765625000e+03
1.681311291249014683e+00 1.556528808593750000e+03
1.684746043631545787e+00 1.568207519531250000e+03
1.688180796014076890e+00 1.560820312500000000e+03
1.691615548396608215e+00 1.536121948242187500e+03
1.695050300779139318e+00 1.534237304687500000e+03
1.698485053161670422e+00 1.543452636718750000e+03
1.701919805544201525e+00 1.543291015625000000e+03
1.705354557926732850e+00 1.548706665039062500e+03
1.708789310309263954e+00 1.546324462890625000e+03
1.712224062691795279e+00 1.547793212890625000e+03
1.715658815074326382e+00 1.555778564453125000e+03
1.719093567456857707e+00 1.547022583007812500e+03
1.722528319839388811e+00 1.543519653320312500e+03
1.725963072221919914e+00 1.535114624023437500e+03
1.729397824604451239e+00 1.533511718750000000e+03
1.732832576986982343e+00 1.540067016601562500e+03
1.736267329369513446e+00 1.538568725585937500e+03
1.739702081752044549e+00 1.547784301757812500e+03
1.743136834134575874e+00 1.536850952148437500e+03
1.746571586517106978e+00 1.532522705078125000e+03
1.750006338899638303e+00 1.533698242187500000e+03
1.753441091282169406e+00 1.535219848632812500e+03
1.756875843664700731e+00 1.512093139648437500e+03
1.760310596047231835e+00 1.516854736328125000e+03
1.763745348429762938e+00 1.540647705078125000e+03
1.767180100812294263e+00 1.555398803710937500e+03
1.770614853194825367e+00 1.561655151367187500e+03
1.774049605577356470e+00 1.563267333984375000e+03
1.777484357959887573e+00 1.556558349609375000e+03
1.780919110342418898e+00 1.537164550781250000e+03
1.784353862724950002e+00 1.515600708007812500e+03
1.787788615107481327e+00 1.494999633789062500e+03
1.791223367490012208e+00 1.479440917968750000e+03
1.794658119872543534e+00 1.452269653320312500e+03
1.798092872255074859e+00 1.446633056640625000e+03
1.801527624637606184e+00 1.449588745117187500e+03
1.804962377020137065e+00 1.454801757812500000e+03
1.808397129402668391e+00 1.452875732421875000e+03
1.811831881785199494e+00 1.451356201171875000e+03
1.815266634167730819e+00 1.433721679687500000e+03
1.818701386550261700e+00 1.425424926757812500e+03
1.822136138932793026e+00 1.424501708984375000e+03
1.825570891315324351e+00 1.424622680664062500e+03
1.829005643697855676e+00 1.425538696289062500e+03
1.832440396080386558e+00 1.421229614257812500e+03
1.835875148462917883e+00 1.400450195312500000e+03
1.839309900845449208e+00 1.400822631835937500e+03
1.842744653227980089e+00 1.400542480468750000e+03
1.846179405610511415e+00 1.397865966796875000e+03
1.849614157993042740e+00 1.405009887695312500e+03
1.853048910375573843e+00 1.405880859375000000e+03
1.856483662758104725e+00 1.403862182617187500e+03
1.859918415140636050e+00 1.409447875976562500e+03
1.863353167523167375e+00 1.408731567382812500e+03
1.866787919905698701e+00 1.407497314453125000e+03
1.870222672288229582e+00 1.402068725585937500e+03
1.873657424670760907e+00 1.399226928710937500e+03
1.877092177053292232e+00 1.403427124023437500e+03
1.880526929435823114e+00 1.407984985351562500e+03
1.883961681818354439e+00 1.404639282226562500e+03
1.887396434200885764e+00 1.396724975585937500e+03
1.890831186583416867e+00 1.381073486328125000e+03
1.894265938965947749e+00 1.364482177734375000e+03
1.897700691348479074e+00 1.355678710937500000e+03
1.901135443731010399e+00 1.343785522460937500e+03
1.904570196113541725e+00 1.329008178710937500e+03
1.908004948496072606e+00 1.317281127929687500e+03
1.911439700878603931e+00 1.327105957031250000e+03
1.914874453261135256e+00 1.324329101562500000e+03
1.918309205643666138e+00 1.301855102539062500e+03
1.921743958026197463e+00 1.282612304687500000e+03
1.925178710408728788e+00 1.281426391601562500e+03
1.928613462791259892e+00 1.281560424804687500e+03
1.932048215173790773e+00 1.274660522460937500e+03
1.935482967556322098e+00 1.275642822265625000e+03
1.938917719938853423e+00 1.276554565429687500e+03
1.942352472321384749e+00 1.265681274414062500e+03
1.945787224703915630e+00 1.265882324218750000e+03
1.949221977086446955e+00 1.258774047851562500e+03
1.952656729468978281e+00 1.258468627929687500e+03
1.956091481851509162e+00 1.248862426757812500e+03
1.959526234234040487e+00 1.250678100585937500e+03
1.962960986616571812e+00 1.255018188476562500e+03
1.966395738999102916e+00 1.257899902343750000e+03
1.969830491381633797e+00 1.258681396484375000e+03
1.973265243764165122e+00 1.253513061523437500e+03
1.976699996146696447e+00 1.253869506835937500e+03
1.980134748529227329e+00 1.262593505859375000e+03
1.983569500911758654e+00 1.302520874023437500e+03
1.987004253294289979e+00 1.366408569335937500e+03
1.990439005676821305e+00 1.428588256835937500e+03
1.993873758059352186e+00 1.499495727539062500e+03
1.997308510441883511e+00 1.540899291992187500e+03
2.000743262824414614e+00 1.575925415039062500e+03
2.004178015206945940e+00 1.573597412109375000e+03
2.007612767589476821e+00 1.511738891601562500e+03
2.011047519972008146e+00 1.443937377929687500e+03
2.014482272354539472e+00 1.349714355468750000e+03
2.017917024737070353e+00 1.288548583984375000e+03
2.021351777119601678e+00 1.233906372070312500e+03
2.024786529502133003e+00 1.206554443359375000e+03
2.028221281884664329e+00 1.193872802734375000e+03
2.031656034267195210e+00 1.179458740234375000e+03
2.035090786649726535e+00 1.167695800781250000e+03
2.038525539032257861e+00 1.151001586914062500e+03
2.041960291414789186e+00 1.152122192382812500e+03
2.045395043797320067e+00 1.152125244140625000e+03
2.048829796179851392e+00 1.148801147460937500e+03
2.052264548562382718e+00 1.140265258789062500e+03
2.055699300944913599e+00 1.133577514648437500e+03
2.059134053327444924e+00 1.130483520507812500e+03
2.062568805709975805e+00 1.120975585937500000e+03
2.066003558092507131e+00 1.116971557617187500e+03
2.069438310475038012e+00 1.123553833007812500e+03
2.072873062857569337e+00 1.122341064453125000e+03
2.076307815240100663e+00 1.117164184570312500e+03
2.079742567622631988e+00 1.121264648437500000e+03
2.083177320005162869e+00 1.104337768554687500e+03
2.086612072387694194e+00 1.100972900390625000e+03
2.090046824770225520e+00 1.103435058593750000e+03
2.093481577152756401e+00 1.092558349609375000e+03
2.096916329535287726e+00 1.087027099609375000e+03
2.100351081917819052e+00 1.074026733398437500e+03
2.103785834300350377e+00 1.066870117187500000e+03
2.107220586682881258e+00 1.079212036132812500e+03
2.110655339065412583e+00 1.081135009765625000e+03
2.114090091447943909e+00 1.064522460937500000e+03
2.117524843830475234e+00 1.055038452148437500e+03
2.120959596213006115e+00 1.054487548828125000e+03
2.124394348595537441e+00 1.055565185546875000e+03
2.127829100978068766e+00 1.049648071289062500e+03
2.131263853360599647e+00 1.046729370117187500e+03
2.134698605743130972e+00 1.057092407226562500e+03
2.138133358125661854e+00 1.056823852539062500e+03
2.141568110508193179e+00 1.060288330078125000e+03
2.145002862890724060e+00 1.055352294921875000e+03
2.148437615273255386e+00 1.036766479492187500e+03
2.151872367655786711e+00 1.017928405761718750e+03
2.155307120038318036e+00 1.017579223632812500e+03
2.158741872420848917e+00 1.016812988281250000e+03
2.162176624803380243e+00 1.013761474609375000e+03
2.165611377185911568e+00 1.003684020996093750e+03
2.169046129568442449e+00 1.010741149902343750e+03
2.172480881950973775e+00 1.007452209472656250e+03
2.175915634333505100e+00 1.000555541992187500e+03
2.179350386716036425e+00 9.975000000000000000e+02
2.182785139098567306e+00 1.002615356445312500e+03
2.186219891481098632e+00 1.010287292480468750e+03
2.189654643863629957e+00 1.001443237304687500e+03
2.193089396246161282e+00 9.918610229492187500e+02
2.196524148628692163e+00 9.847343750000000000e+02
2.199958901011223489e+00 9.732420654296875000e+02
2.203393653393754814e+00 9.688410034179687500e+02
2.206828405776285695e+00 9.745184936523437500e+02
2.210263158158817021e+00 9.848067016601562500e+02
2.213697910541347902e+00 9.926087036132812500e+02
2.217132662923879227e+00 9.868315429687500000e+02
2.220567415306410108e+00 9.750161132812500000e+02
2.224002167688941434e+00 9.814622802734375000e+02
2.227436920071472759e+00 9.846551513671875000e+02
2.230871672454004084e+00 9.758820800781250000e+02
2.234306424836534966e+00 9.660053100585937500e+02
2.237741177219066291e+00 9.569318237304687500e+02
2.241175929601597616e+00 9.570589599609375000e+02
2.244610681984128497e+00 9.521279296875000000e+02
2.248045434366659823e+00 9.478395996093750000e+02
2.251480186749191148e+00 9.416708374023437500e+02
2.254914939131722473e+00 9.342686157226562500e+02
2.258349691514253355e+00 9.408574829101562500e+02
2.261784443896784680e+00 9.388803710937500000e+02
2.265219196279316005e+00 9.386889648437500000e+02
2.268653948661847330e+00 9.437427368164062500e+02
2.272088701044378212e+00 9.464296875000000000e+02
2.275523453426909537e+00 9.397323608398437500e+02
2.278958205809440862e+00 9.341505126953125000e+02
2.282392958191971744e+00 9.305418701171875000e+02
2.285827710574503069e+00 9.326121215820312500e+02
2.289262462957033950e+00 9.305153198242187500e+02
2.292697215339565275e+00 9.300356445312500000e+02
2.296131967722096157e+00 9.432875366210937500e+02
2.299566720104627482e+00 9.766813964843750000e+02
2.303001472487158807e+00 1.012414550781250000e+03
2.306436224869690133e+00 1.060159179687500000e+03
2.309870977252221014e+00 1.128399658203125000e+03
2.313305729634752339e+00 1.182705932617187500e+03
2.316740482017283664e+00 1.233194580078125000e+03
2.320175234399814546e+00 1.242248657226562500e+03
2.323609986782345871e+00 1.199686889648437500e+03
2.327044739164877196e+00 1.137062255859375000e+03
2.330479491547408522e+00 1.056705444335937500e+03
2.333914243929939403e+00 9.941060791015625000e+02
2.337348996312470728e+00 9.297984619140625000e+02
2.340783748695002053e+00 9.128706665039062500e+02
2.344218501077533379e+00 8.934230957031250000e+02
2.347653253460064260e+00 8.941470947265625000e+02
2.351088005842595585e+00 8.983803710937500000e+02
2.354522758225126911e+00 8.886682739257812500e+02
2.357957510607657792e+00 8.871117553710937500e+02
2.361392262990189117e+00 8.894887695312500000e+02
2.364827015372720442e+00 8.746801147460937500e+02
2.368261767755251324e+00 8.718203125000000000e+02
2.371696520137782205e+00 8.865895385742187500e+02
2.375131272520313530e+00 8.874104003906250000e+02
2.378566024902844855e+00 8.823660278320312500e+02
2.382000777285376181e+00 8.834796752929687500e+02
2.385435529667907062e+00 8.746679077148437500e+02
2.388870282050438387e+00 8.624524536132812500e+02
2.392305034432969713e+00 8.538805541992187500e+02
2.395739786815500594e+00 8.505886230468750000e+02
2.399174539198031919e+00 8.591561889648437500e+02
2.402609291580563244e+00 8.569777832031250000e+02
2.406044043963094570e+00 8.524019775390625000e+02
2.409478796345625451e+00 8.503541259765625000e+02
2.412913548728156776e+00 8.567646484375000000e+02
2.416348301110688102e+00 8.538722534179687500e+02
2.419783053493219427e+00 8.529205322265625000e+02
2.423217805875750308e+00 8.576661987304687500e+02
2.426652558258281633e+00 8.594578247070312500e+02
2.430087310640812959e+00 8.506852416992187500e+02
2.433522063023343840e+00 8.453167724609375000e+02
2.436956815405875165e+00 8.396746215820312500e+02
2.440391567788406491e+00 8.374823608398437500e+02
2.443826320170937372e+00 8.262103881835937500e+02
2.447261072553468253e+00 8.179230957031250000e+02
2.450695824935999578e+00 8.147249755859375000e+02
2.454130577318530904e+00 8.199369506835937500e+02
2.457565329701061785e+00 8.174890747070312500e+02
2.461000082083593110e+00 8.241353149414062500e+02
2.464434834466124435e+00 8.246427612304687500e+02
2.467869586848655761e+00 8.239826660156250000e+02
2.471304339231186642e+00 8.250097045898437500e+02
2.474739091613717967e+00 8.220511474609375000e+02
2.478173843996249293e+00 8.235029907226562500e+02
2.481608596378780618e+00 8.173217773437500000e+02
2.485043348761311499e+00 8.137412719726562500e+02
2.488478101143842824e+00 8.179797363281250000e+02
2.491912853526374150e+00 8.337022094726562500e+02
2.495347605908905031e+00 8.448546142578125000e+02
2.498782358291436356e+00 8.634966430664062500e+02
2.502217110673967682e+00 8.915888671875000000e+02
2.505651863056499007e+00 9.126879272460937500e+02
2.509086615439029888e+00 9.302905883789062500e+02
2.512521367821561213e+00 9.240836791992187500e+02
2.515956120204092539e+00 9.153371582031250000e+02
2.519390872586623420e+00 8.949495849609375000e+02
2.522825624969154301e+00 8.762105102539062500e+02
2.526260377351685626e+00 8.558262329101562500e+02
2.529695129734216952e+00 8.253808593750000000e+02
2.533129882116747833e+00 8.022322998046875000e+02
2.536564634499279158e+00 8.032713012695312500e+02
2.539999386881810484e+00 8.041345825195312500e+02
2.543434139264341809e+00 7.871007080078125000e+02
2.546868891646872690e+00 7.870499877929687500e+02
2.550303644029404015e+00 7.965136718750000000e+02
2.553738396411935341e+00 7.956273193359375000e+02
2.557173148794466666e+00 7.859068603515625000e+02
2.560607901176997547e+00 7.807359619140625000e+02
2.564042653559528873e+00 7.798375854492187500e+02
2.567477405942060198e+00 7.761622314453125000e+02
2.570912158324591079e+00 7.653744506835937500e+02
2.574346910707122404e+00 7.668951416015625000e+02
2.577781663089653730e+00 7.793881835937500000e+02
2.581216415472185055e+00 7.773535156250000000e+02
2.584651167854715936e+00 7.676280517578125000e+02
2.588085920237247262e+00 7.628737792968750000e+02
2.591520672619778587e+00 7.622019653320312500e+02
2.594955425002309468e+00 7.673348999023437500e+02
2.598390177384840349e+00 7.744267578125000000e+02
2.601824929767371675e+00 7.696750488281250000e+02
2.605259682149903000e+00 7.593744506835937500e+02
2.608694434532433881e+00 7.438341064453125000e+02
2.612129186914965207e+00 7.376856689453125000e+02
2.615563939297496532e+00 7.437897338867187500e+02
2.618998691680027857e+00 7.441979980468750000e+02
2.622433444062558738e+00 7.467021484375000000e+02
2.625868196445090064e+00 7.488899536132812500e+02
2.629302948827621389e+00 7.429272460937500000e+02
2.632737701210152714e+00 7.388667602539062500e+02
2.636172453592683596e+00 7.335653076171875000e+02
2.639607205975214921e+00 7.351502075195312500e+02
2.643041958357746246e+00 7.353427124023437500e+02
2.646476710740277127e+00 7.358613281250000000e+02
2.649911463122808453e+00 7.314760742187500000e+02
2.653346215505339778e+00 7.343816528320312500e+02
2.656780967887871103e+00 7.352130737304687500e+02
2.660215720270401984e+00 7.295888671875000000e+02
2.663650472652933310e+00 7.203143310546875000e+02
2.667085225035464635e+00 7.265595092773437500e+02
2.670519977417995516e+00 7.339287109375000000e+02
2.673954729800526398e+00 7.311705322265625000e+02
2.677389482183057723e+00 7.341127929687500000e+02
2.680824234565589048e+00 7.338372802734375000e+02
2.684258986948119929e+00 7.345406494140625000e+02
2.687693739330651255e+00 7.428012084960937500e+02
2.691128491713182580e+00 7.462587280273437500e+02
2.694563244095713905e+00 7.300772705078125000e+02
2.697997996478244787e+00 7.152128295898437500e+02
2.701432748860776112e+00 7.053856811523437500e+02
2.704867501243307437e+00 7.081856079101562500e+02
2.708302253625838762e+00 7.121407470703125000e+02
2.711737006008369644e+00 7.118916015625000000e+02
2.715171758390900969e+00 7.083847045898437500e+02
2.718606510773432294e+00 6.997940063476562500e+02
2.722041263155963176e+00 6.975390014648437500e+02
2.725476015538494501e+00 6.972811889648437500e+02
2.728910767921025826e+00 7.042874145507812500e+02
2.732345520303557151e+00 7.086289672851562500e+02
2.735780272686088033e+00 7.111652221679687500e+02
2.739215025068619358e+00 7.185778198242187500e+02
2.742649777451150683e+00 7.288067016601562500e+02
2.746084529833681565e+00 7.538179321289062500e+02
2.749519282216212890e+00 7.872133178710937500e+02
2.752954034598743771e+00 8.666481933593750000e+02
2.756388786981275096e+00 9.444505004882812500e+02
2.759823539363805978e+00 1.051157470703125000e+03
2.763258291746337303e+00 1.118441406250000000e+03
2.766693044128868628e+00 1.151751098632812500e+03
2.770127796511399954e+00 1.131476928710937500e+03
2.773562548893930835e+00 1.060088623046875000e+03
2.776997301276462160e+00 9.608204956054687500e+02
2.780432053658993485e+00 8.525823974609375000e+02
2.783866806041524811e+00 7.860208740234375000e+02
2.787301558424055692e+00 7.473942260742187500e+02
2.790736310806587017e+00 7.142444458007812500e+02
2.794171063189118343e+00 7.004623413085937500e+02
2.797605815571649224e+00 6.945139770507812500e+02
2.801040567954180549e+00 7.038531494140625000e+02
2.804475320336711874e+00 7.144501342773437500e+02
2.807910072719243200e+00 7.110343017578125000e+02
2.811344825101774081e+00 7.071008911132812500e+02
2.814779577484305406e+00 7.166935424804687500e+02
2.818214329866836731e+00 7.323720092773437500e+02
2.821649082249367613e+00 7.440151977539062500e+02
2.825083834631898938e+00 7.687104492187500000e+02
2.828518587014429819e+00 7.922457275390625000e+02
2.831953339396961145e+00 8.163163452148437500e+02
2.835388091779492026e+00 8.348136596679687500e+02
2.838822844162023351e+00 8.419843139648437500e+02
2.842257596544554676e+00 8.290697631835937500e+02
2.845692348927086002e+00 7.987530517578125000e+02
2.849127101309616883e+00 7.689629516601562500e+02
2.852561853692148208e+00 7.283497924804687500e+02
2.855996606074679534e+00 7.027305297851562500e+02
2.859431358457210415e+00 6.978198852539062500e+02
2.862866110839741740e+00 6.968887939453125000e+02
2.866300863222273065e+00 6.882105712890625000e+02
2.869735615604804391e+00 6.901343994140625000e+02
2.873170367987335272e+00 6.917988281250000000e+02
2.876605120369866597e+00 6.881218872070312500e+02
2.880039872752397923e+00 6.892161865234375000e+02
2.883474625134929248e+00 6.860191040039062500e+02
2.886909377517460129e+00 6.829493408203125000e+02
2.890344129899991454e+00 6.839900512695312500e+02
2.893778882282522780e+00 5.810306396484375000e+02
2.897213634665053661e+00 4.730083923339843750e+02
2.900648387047584986e+00 5.251659545898437500e+02
2.904083139430115867e+00 7.013296508789062500e+02
2.907517891812647193e+00 6.996473388671875000e+02
2.910952644195178074e+00 7.097661743164062500e+02
2.914387396577709399e+00 7.081826782226562500e+02
2.917822148960240725e+00 7.167071533203125000e+02
2.921256901342772050e+00 7.283038940429687500e+02
2.924691653725302931e+00 7.506911621093750000e+02
2.928126406107834256e+00 7.716726684570312500e+02
2.931561158490365582e+00 8.076776123046875000e+02
2.934995910872896463e+00 8.275714111328125000e+02
2.938430663255427788e+00 8.448885498046875000e+02
2.941865415637959114e+00 8.541817016601562500e+02
2.945300168020490439e+00 8.551156616210937500e+02
2.948734920403021320e+00 8.596985473632812500e+02
2.952169672785552645e+00 8.956068725585937500e+02
2.955604425168083971e+00 9.873213500976562500e+02
2.959039177550615296e+00 1.224590454101562500e+03
2.962473929933146177e+00 1.684566162109375000e+03
2.965908682315677503e+00 2.585509033203125000e+03
2.969343434698208828e+00 3.879729492187500000e+03
2.972778187080739709e+00 5.405709960937500000e+03
2.976212939463271034e+00 6.706928222656250000e+03
2.979647691845801916e+00 7.416427246093750000e+03
2.983082444228333241e+00 7.315069824218750000e+03
2.986517196610864122e+00 6.535753906250000000e+03
2.989951948993395447e+00 5.137481445312500000e+03
2.993386701375926773e+00 3.672668212890625000e+03
2.996821453758458098e+00 2.295785888671875000e+03
3.000256206140988979e+00 1.522675415039062500e+03
3.003690958523520305e+00 1.088247314453125000e+03
3.007125710906051630e+00 9.118846435546875000e+02
3.010560463288582511e+00 8.308276367187500000e+02
3.013995215671113836e+00 7.905322265625000000e+02
3.017429968053645162e+00 7.595927124023437500e+02
3.020864720436176487e+00 7.312420043945312500e+02
3.024299472818707368e+00 7.150252685546875000e+02
3.027734225201238694e+00 7.039917602539062500e+02
3.031168977583770019e+00 6.977470703125000000e+02
3.034603729966301344e+00 7.077350463867187500e+02
3.038038482348832225e+00 7.226595458984375000e+02
3.041473234731363551e+00 7.394006958007812500e+02
3.044907987113894876e+00 7.446576538085937500e+02
3.048342739496425757e+00 7.390811157226562500e+02
3.051777491878957083e+00 7.382063598632812500e+02
3.055212244261487964e+00 7.392526855468750000e+02
3.058646996644019289e+00 7.296327514648437500e+02
3.062081749026550170e+00 7.259414672851562500e+02
3.065516501409081496e+00 7.309616699218750000e+02
3.068951253791612821e+00 7.458230590820312500e+02
3.072386006174144146e+00 7.615001831054687500e+02
3.075820758556675028e+00 7.708917236328125000e+02
3.079255510939206353e+00 7.646608886718750000e+02
3.082690263321737678e+00 7.560784301757812500e+02
3.086125015704268559e+00 7.407167968750000000e+02
3.089559768086799885e+00 7.063030395507812500e+02
3.092994520469331210e+00 6.825671997070312500e+02
3.096429272851862535e+00 6.568660888671875000e+02
3.099864025234393416e+00 6.396314697265625000e+02
3.103298777616924742e+00 6.299075927734375000e+02
3.106733529999456067e+00 6.196828613281250000e+02
3.110168282381987392e+00 6.207111206054687500e+02
3.113603034764518274e+00 6.292235107421875000e+02
3.117037787147049599e+00 6.319119873046875000e+02
3.120472539529580924e+00 6.287997436523437500e+02
3.123907291912111805e+00 6.275550537109375000e+02
3.127342044294643131e+00 6.227998657226562500e+02
3.130776796677174012e+00 6.212992553710937500e+02
3.134211549059705337e+00 6.187980346679687500e+02
3.137646301442236219e+00 6.193938598632812500e+02
3.141081053824767544e+00 6.157204589843750000e+02
3.144515806207298869e+00 6.185386352539062500e+02
3.147950558589830194e+00 6.285767822265625000e+02
3.151385310972361076e+00 6.314617919921875000e+02
3.154820063354892401e+00 6.217813110351562500e+02
3.158254815737423726e+00 6.105620117187500000e+02
3.161689568119954608e+00 5.975660400390625000e+02
3.165124320502485933e+00 5.960432739257812500e+02
3.168559072885017258e+00 5.984589233398437500e+02
3.171993825267548583e+00 5.938525390625000000e+02
3.175428577650079465e+00 5.945447387695312500e+02
3.178863330032610790e+00 5.949753417968750000e+02
3.182298082415142115e+00 6.013347778320312500e+02
3.185732834797673441e+00 6.028076782226562500e+02
3.189167587180204322e+00 5.945829467773437500e+02
3.192602339562735647e+00 5.982484741210937500e+02
3.196037091945266972e+00 5.957343139648437500e+02
3.199471844327797854e+00 5.986552734375000000e+02
3.202906596710329179e+00 5.928899536132812500e+02
3.206341349092860060e+00 5.958220825195312500e+02
3.209776101475391386e+00 5.959791870117187500e+02
3.213210853857922267e+00 5.907580566406250000e+02
3.216645606240453592e+00 5.890242309570312500e+02
3.220080358622984917e+00 5.925702514648437500e+02
3.223515111005516243e+00 6.035340576171875000e+02
3.226949863388047124e+00 6.052625732421875000e+02
3.230384615770578449e+00 6.065009155273437500e+02
3.233819368153109775e+00 6.055697021484375000e+02
3.237254120535640656e+00 6.021143798828125000e+02
3.240688872918171981e+00 5.972885131835937500e+02
3.244123625300703306e+00 6.020448608398437500e+02
3.247558377683234632e+00 6.195746459960937500e+02
3.250993130065765513e+00 6.335330200195312500e+02
3.254427882448296838e+00 6.545302734375000000e+02
3.257862634830828164e+00 6.714754638671875000e+02
3.261297387213359489e+00 6.851782226562500000e+02
3.264732139595890370e+00 6.822735595703125000e+02
3.268166891978421695e+00 6.730598144531250000e+02
3.271601644360953021e+00 6.482486572265625000e+02
3.275036396743483902e+00 6.167460327148437500e+02
3.278471149126015227e+00 6.056128540039062500e+02
3.281905901508546108e+00 5.950710449218750000e+02
3.285340653891077434e+00 5.801130371093750000e+02
3.288775406273608315e+00 5.783757934570312500e+02
3.292210158656139640e+00 5.804605102539062500e+02
3.295644911038670966e+00 5.822567138671875000e+02
3.299079663421202291e+00 5.857771606445312500e+02
3.302514415803733172e+00 5.845029296875000000e+02
3.305949168186264497e+00 5.715292358398437500e+02
3.309383920568795823e+00 5.681702270507812500e+02
3.312818672951326704e+00 5.718595581054687500e+02
3.316253425333858029e+00 5.687443847656250000e+02
3.319688177716389355e+00 5.681098632812500000e+02
3.323122930098920680e+00 5.748074340820312500e+02
3.326557682481451561e+00 5.782379760742187500e+02
3.329992434863982886e+00 5.817077636718750000e+02
3.333427187246514212e+00 5.848284912109375000e+02
3.336861939629045093e+00 5.902227172851562500e+02
3.340296692011576418e+00 5.952933959960937500e+02
3.343731444394107744e+00 6.028532104492187500e+02
3.347166196776639069e+00 6.015272216796875000e+02
3.350600949159169950e+00 6.009006958007812500e+02
3.354035701541701275e+00 6.049364624023437500e+02
3.357470453924232601e+00 6.091943969726562500e+02
3.360905206306763482e+00 6.131079711914062500e+02
3.364339958689294363e+00 6.113157958984375000e+02
3.367774711071825688e+00 6.037448730468750000e+02
3.371209463454357014e+00 5.987348022460937500e+02
3.374644215836887895e+00 5.878431396484375000e+02
3.378078968219419220e+00 5.806857910156250000e+02
3.381513720601950546e+00 5.816770629882812500e+02
3.384948472984481871e+00 5.762122802734375000e+02
3.388383225367012752e+00 5.737443237304687500e+02
3.391817977749544077e+00 5.762629394531250000e+02
3.395252730132075403e+00 5.751363525390625000e+02
3.398687482514606728e+00 5.712299804687500000e+02
3.402122234897137609e+00 5.729031372070312500e+02
3.405556987279668935e+00 5.683900146484375000e+02
3.408991739662200260e+00 5.698125000000000000e+02
3.412426492044731141e+00 5.761521606445312500e+02
3.415861244427262466e+00 5.929967041015625000e+02
3.419295996809793792e+00 6.042562866210937500e+02
3.422730749192325117e+00 6.066375122070312500e+02
3.426165501574855998e+00 6.165838012695312500e+02
3.429600253957387324e+00 6.359242553710937500e+02
3.433035006339918649e+00 6.780347900390625000e+02
3.436469758722449530e+00 7.133839721679687500e+02
3.439904511104980411e+00 7.467774047851562500e+02
3.443339263487511737e+00 7.554485473632812500e+02
3.446774015870043062e+00 7.425629882812500000e+02
3.450208768252573943e+00 7.226844482421875000e+02
3.453643520635105268e+00 6.886329345703125000e+02
3.457078273017636594e+00 6.595242309570312500e+02
3.460513025400167919e+00 6.227893676757812500e+02
3.463947777782698800e+00 6.002079467773437500e+02
3.467382530165230126e+00 5.953887939453125000e+02
3.470817282547761451e+00 5.946203613281250000e+02
3.474252034930292776e+00 5.900834350585937500e+02
3.477686787312823657e+00 5.867308959960937500e+02
3.481121539695354983e+00 5.756553955078125000e+02
3.484556292077886308e+00 5.635180053710937500e+02
3.487991044460417189e+00 5.544523315429687500e+02
3.491425796842948515e+00 5.466599121093750000e+02
3.494860549225479840e+00 5.482136230468750000e+02
3.498295301608011165e+00 5.498758544921875000e+02
3.501730053990542046e+00 5.513328857421875000e+02
3.505164806373073372e+00 5.547045898437500000e+02
3.508599558755604697e+00 5.542329711914062500e+02
3.512034311138135578e+00 5.506245117187500000e+02
3.515469063520666460e+00 5.528303833007812500e+02
3.518903815903197785e+00 5.478434448242187500e+02
3.522338568285729110e+00 5.414610595703125000e+02
3.525773320668259991e+00 5.452649536132812500e+02
3.529208073050791317e+00 5.499191284179687500e+02
3.532642825433322642e+00 5.535277099609375000e+02
3.536077577815853967e+00 5.572385253906250000e+02
3.539512330198384849e+00 5.541888427734375000e+02
3.542947082580916174e+00 5.477040405273437500e+02
3.546381834963447499e+00 5.488528442382812500e+02
3.549816587345978824e+00 5.471740722656250000e+02
3.553251339728509706e+00 5.482666015625000000e+02
3.556686092111041031e+00 5.489990844726562500e+02
3.560120844493572356e+00 5.521972045898437500e+02
3.563555596876103237e+00 5.626763305664062500e+02
3.566990349258634563e+00 5.642963867187500000e+02
3.570425101641165888e+00 5.550114135742187500e+02
3.573859854023697213e+00 5.541925048828125000e+02
3.577294606406228095e+00 5.489921875000000000e+02
3.580729358788759420e+00 5.434471435546875000e+02
3.584164111171290301e+00 5.366258544921875000e+02
3.587598863553821626e+00 5.352162475585937500e+02
3.591033615936352508e+00 5.438584594726562500e+02
3.594468368318883833e+00 5.534301757812500000e+02
3.597903120701415158e+00 5.539371337890625000e+02
3.601337873083946484e+00 5.488995361328125000e+02
3.604772625466477809e+00 5.434716186523437500e+02
3.608207377849008246e+00 5.442150268554687500e+02
3.611642130231539571e+00 5.452880249023437500e+02
3.615076882614070897e+00 5.438193969726562500e+02
3.618511634996602222e+00 5.348935546875000000e+02
3.621946387379133547e+00 5.292623291015625000e+02
3.625381139761664873e+00 5.292990112304687500e+02
3.628815892144196198e+00 5.353709106445312500e+02
3.632250644526726635e+00 5.372638549804687500e+02
3.635685396909257960e+00 5.361496582031250000e+02
3.639120149291789286e+00 5.385425415039062500e+02
3.642554901674320611e+00 5.358699951171875000e+02
3.645989654056851936e+00 5.319086914062500000e+02
3.649424406439383262e+00 5.271883544921875000e+02
3.652859158821914587e+00 5.273233642578125000e+02
3.656293911204445912e+00 5.207565917968750000e+02
3.659728663586976349e+00 5.186256103515625000e+02
3.663163415969507675e+00 5.286035156250000000e+02
3.666598168352038556e+00 5.327742309570312500e+02
3.670032920734569881e+00 5.270199584960937500e+02
3.673467673117101207e+00 5.235977783203125000e+02
3.676902425499632532e+00 5.242036743164062500e+02
3.680337177882163857e+00 5.240346679687500000e+02
3.683771930264694294e+00 5.333818359375000000e+02
3.687206682647225620e+00 5.405355834960937500e+02
3.690641435029756945e+00 5.336538696289062500e+02
3.694076187412288270e+00 5.277672729492187500e+02
3.697510939794819596e+00 5.299198608398437500e+02
3.700945692177350921e+00 5.312614135742187500e+02
3.704380444559882246e+00 5.253338012695312500e+02
3.707815196942412683e+00 5.186265258789062500e+02
3.711249949324944009e+00 5.146664428710937500e+02
3.714684701707475334e+00 5.137863159179687500e+02
3.718119454090006659e+00 5.120275268554687500e+02
3.721554206472537984e+00 5.145731201171875000e+02
3.724988958855069310e+00 5.158405761718750000e+02
3.728423711237600635e+00 5.201183471679687500e+02
3.731858463620131960e+00 5.196897583007812500e+02
3.735293216002662398e+00 5.140541992187500000e+02
3.738727968385193723e+00 5.157481079101562500e+02
3.742162720767725048e+00 5.235051879882812500e+02
3.745597473150255929e+00 5.258558959960937500e+02
3.749032225532787255e+00 5.210330200195312500e+02
3.752466977915318580e+00 5.267130737304687500e+02
3.755901730297849905e+00 5.369425659179687500e+02
3.759336482680380342e+00 5.448052978515625000e+02
3.762771235062911668e+00 5.580576171875000000e+02
3.766205987445442993e+00 5.740369262695312500e+02
3.769640739827974318e+00 5.847045288085937500e+02
3.773075492210505644e+00 5.885953369140625000e+02
3.776510244593036969e+00 5.950687866210937500e+02
3.779944996975568294e+00 5.866122436523437500e+02
3.783379749358098731e+00 5.577960815429687500e+02
3.786814501740630057e+00 5.439589233398437500e+02
3.790249254123161382e+00 5.331558837890625000e+02
3.793684006505692707e+00 5.218148193359375000e+02
3.797118758888224033e+00 5.056820068359375000e+02
3.800553511270755358e+00 5.011153259277343750e+02
3.803988263653286683e+00 5.107350158691406250e+02
3.807423016035818009e+00 5.136001586914062500e+02
3.810857768418348446e+00 5.069943237304687500e+02
3.814292520800879771e+00 5.021200256347656250e+02
3.817727273183411096e+00 5.067127380371093750e+02
3.821162025565941978e+00 5.134594116210937500e+02
3.824596777948473303e+00 5.224984130859375000e+02
3.828031530331004628e+00 5.343156127929687500e+02
3.831466282713535954e+00 5.354273071289062500e+02
3.834901035096066391e+00 5.395478515625000000e+02
3.838335787478597716e+00 5.582522583007812500e+02
3.841770539861129041e+00 5.810083618164062500e+02
3.845205292243660367e+00 5.960827026367187500e+02
3.848640044626191692e+00 6.089744262695312500e+02
3.852074797008723017e+00 6.031683959960937500e+02
3.855509549391254343e+00 5.922553710937500000e+02
3.858944301773784780e+00 5.745822753906250000e+02
3.862379054156316105e+00 5.649382934570312500e+02
3.865813806538847430e+00 5.615191650390625000e+02
3.869248558921378756e+00 5.503105468750000000e+02
3.872683311303910081e+00 5.486271362304687500e+02
3.876118063686441406e+00 5.503151245117187500e+02
3.879552816068972732e+00 5.340836791992187500e+02
3.882987568451504057e+00 5.190554809570312500e+02
3.886422320834034494e+00 5.146948852539062500e+02
3.889857073216565819e+00 5.108605346679687500e+02
3.893291825599097145e+00 5.108122863769531250e+02
3.896726577981628026e+00 5.085048828125000000e+02
3.900161330364159351e+00 5.081130676269531250e+02
3.903596082746690676e+00 5.085833435058593750e+02
3.907030835129222002e+00 5.051550598144531250e+02
3.910465587511752439e+00 5.020488891601562500e+02
3.913900339894283764e+00 5.039250793457031250e+02
3.917335092276815089e+00 4.988136596679687500e+02
3.920769844659346415e+00 4.928664550781250000e+02
3.924204597041877740e+00 4.926270446777343750e+02
3.927639349424409065e+00 4.994622192382812500e+02
3.931074101806940391e+00 5.012037353515625000e+02
3.934508854189470828e+00 4.961083068847656250e+02
3.937943606572002153e+00 5.002281188964843750e+02
3.941378358954533478e+00 5.010345153808593750e+02
3.944813111337064804e+00 4.923784790039062500e+02
3.948247863719596129e+00 4.859809875488281250e+02
3.951682616102127454e+00 4.898296203613281250e+02
3.955117368484658780e+00 4.943655395507812500e+02
3.958552120867189217e+00 5.004202880859375000e+02
3.961986873249720542e+00 5.000149841308593750e+02
3.965421625632251867e+00 5.010722045898437500e+02
3.968856378014783193e+00 4.979393310546875000e+02
3.972291130397314074e+00 4.924337158203125000e+02
3.975725882779845399e+00 4.902764587402343750e+02
3.979160635162376725e+00 4.948199768066406250e+02
3.982595387544908050e+00 5.005920104980468750e+02
3.986030139927438487e+00 5.034473266601562500e+02
3.989464892309969812e+00 5.098566589355468750e+02
3.992899644692501138e+00 5.262952270507812500e+02
3.996334397075032463e+00 5.635706787109375000e+02
3.999769149457563788e+00 6.052899780273437500e+02
4.003203901840095114e+00 6.511838989257812500e+02
4.006638654222625995e+00 6.863129882812500000e+02
4.010073406605156876e+00 7.061583251953125000e+02
4.013508158987687757e+00 7.184213256835937500e+02
4.016942911370219527e+00 7.005352172851562500e+02
4.020377663752750408e+00 6.583779296875000000e+02
4.023812416135282177e+00 6.184500732421875000e+02
4.027247168517813058e+00 5.807396850585937500e+02
4.030681920900344828e+00 5.513966674804687500e+02
4.034116673282874821e+00 5.245803833007812500e+02
4.037551425665406590e+00 5.055873718261718750e+02
4.040986178047937472e+00 4.920357360839843750e+02
4.044420930430469241e+00 4.878998718261718750e+02
4.047855682813000122e+00 4.840298156738281250e+02
4.051290435195531892e+00 4.893116455078125000e+02
4.054725187578062773e+00 5.033635864257812500e+02
4.058159939960594542e+00 5.031448059082031250e+02
4.061594692343124535e+00 4.949828796386718750e+02
4.065029444725656305e+00 4.885208129882812500e+02
4.068464197108187186e+00 4.845187072753906250e+02
4.071898949490718955e+00 4.825088500976562500e+02
4.075333701873249836e+00 4.807943725585937500e+02
4.078768454255781606e+00 4.843456420898437500e+02
4.082203206638312487e+00 4.809200744628906250e+02
4.085637959020843368e+00 4.736297912597656250e+02
4.089072711403374250e+00 4.752995300292968750e+02
4.092507463785905131e+00 4.817885742187500000e+02
4.095942216168436900e+00 4.856036682128906250e+02
4.099376968550967781e+00 4.930394592285156250e+02
4.102811720933499551e+00 4.915630798339843750e+02
4.106246473316030432e+00 4.858581848144531250e+02
4.109681225698561313e+00 4.882713928222656250e+02
4.113115978081092194e+00 4.944168701171875000e+02
4.116550730463623964e+00 4.914706420898437500e+02
4.119985482846154845e+00 4.844461364746093750e+02
4.123420235228686614e+00 4.768247070312500000e+02
4.126854987611217496e+00 4.749735107421875000e+02
4.130289739993749265e+00 4.745438842773437500e+02
4.133724492376280146e+00 4.767454223632812500e+02
4.137159244758811028e+00 4.755544433593750000e+02
4.140593997141341909e+00 4.793598632812500000e+02
4.144028749523873678e+00 4.738556518554687500e+02
4.147463501906404559e+00 4.677691650390625000e+02
4.150898254288936329e+00 4.710906982421875000e+02
4.154333006671467210e+00 4.786496887207031250e+02
4.157767759053998091e+00 4.827834167480468750e+02
4.161202511436528972e+00 4.841217346191406250e+02
4.164637263819060742e+00 4.838911132812500000e+02
4.168072016201591623e+00 4.866347961425781250e+02
4.171506768584122504e+00 5.077258300781250000e+02
4.174941520966654274e+00 5.337083740234375000e+02
4.178376273349185155e+00 5.620503540039062500e+02
4.181811025731716924e+00 5.830681762695312500e+02
4.185245778114246917e+00 5.819898071289062500e+02
4.188680530496778687e+00 5.690468139648437500e+02
4.192115282879309568e+00 5.605537109375000000e+02
4.195550035261841337e+00 5.487282104492187500e+02
4.198984787644372219e+00 5.372351074218750000e+02
4.202419540026903988e+00 5.296277465820312500e+02
4.205854292409434869e+00 5.359616699218750000e+02
4.209289044791966639e+00 5.552312622070312500e+02
4.212723797174496632e+00 5.846525878906250000e+02
4.216158549557028401e+00 5.989591064453125000e+02
4.219593301939559282e+00 5.963527221679687500e+02
4.223028054322091052e+00 5.857384643554687500e+02
4.226462806704621933e+00 5.608018188476562500e+02
4.229897559087153702e+00 5.269181518554687500e+02
4.233332311469684583e+00 4.987622375488281250e+02
4.236767063852215465e+00 4.843215637207031250e+02
4.240201816234746346e+00 4.836815490722656250e+02
4.243636568617277227e+00 4.874535522460937500e+02
4.247071320999808997e+00 4.819913330078125000e+02
4.250506073382339878e+00 4.769415893554687500e+02
4.253940825764871647e+00 4.794140319824218750e+02
4.257375578147402528e+00 4.792548828125000000e+02
4.260810330529933410e+00 4.744528198242187500e+02
4.264245082912464291e+00 4.703046569824218750e+02
4.267679835294996060e+00 4.693260498046875000e+02
4.271114587677526941e+00 4.709701232910156250e+02
4.274549340060058711e+00 4.799113159179687500e+02
4.277984092442589592e+00 4.847381591796875000e+02
4.281418844825121361e+00 4.862675781250000000e+02
4.284853597207652243e+00 5.052855529785156250e+02
4.288288349590183124e+00 5.364447631835937500e+02
4.291723101972714005e+00 5.742189331054687500e+02
4.295157854355245775e+00 5.981001586914062500e+02
4.298592606737776656e+00 6.171808471679687500e+02
4.302027359120308425e+00 6.129353637695312500e+02
4.305462111502839306e+00 5.836249389648437500e+02
4.308896863885370188e+00 5.564711303710937500e+02
4.312331616267901069e+00 5.229130859375000000e+02
4.315766368650432838e+00 4.990494384765625000e+02
4.319201121032963719e+00 4.834678039550781250e+02
4.322635873415494601e+00 4.793639221191406250e+02
4.326070625798026370e+00 4.672745971679687500e+02
4.329505378180557251e+00 4.684951782226562500e+02
4.332940130563089021e+00 4.754590759277343750e+02
4.336374882945619014e+00 4.788196105957031250e+02
4.339809635328150783e+00 4.775201110839843750e+02
4.343244387710681664e+00 4.765121459960937500e+02
4.346679140093213434e+00 4.742065124511718750e+02
4.350113892475744315e+00 4.748400268554687500e+02
4.353548644858276084e+00 4.775677490234375000e+02
4.356983397240806966e+00 4.729190979003906250e+02
4.360418149623338735e+00 4.782608337402343750e+02
4.363852902005868728e+00 4.816476135253906250e+02
4.367287654388400497e+00 4.782681579589843750e+02
4.370722406770931379e+00 4.741229858398437500e+02
4.374157159153463148e+00 4.696163330078125000e+02
4.377591911535994029e+00 4.615363464355468750e+02
4.381026663918525799e+00 4.568642883300781250e+02
4.384461416301056680e+00 4.511782836914062500e+02
4.387896168683587561e+00 4.575048828125000000e+02
4.391330921066118442e+00 4.669180603027343750e+02
4.394765673448649324e+00 4.744456787109375000e+02
4.398200425831181093e+00 4.824502868652343750e+02
4.401635178213711974e+00 4.907357788085937500e+02
4.405069930596243744e+00 5.103302307128906250e+02
4.408504682978774625e+00 5.239116821289062500e+02
4.411939435361305506e+00 5.327199707031250000e+02
4.415374187743836387e+00 5.242368164062500000e+02
4.418808940126368157e+00 4.969963684082031250e+02
4.422243692508899038e+00 4.806274719238281250e+02
4.425678444891430807e+00 4.680419921875000000e+02
4.429113197273961688e+00 4.649216613769531250e+02
4.432547949656493458e+00 4.613276672363281250e+02
4.435982702039023451e+00 4.587785339355468750e+02
4.439417454421555220e+00 4.570829467773437500e+02
4.442852206804086101e+00 4.519627380371093750e+02
4.446286959186617871e+00 4.457792663574218750e+02
4.449721711569148752e+00 4.510334777832031250e+02
4.453156463951680522e+00 4.517735900878906250e+02
4.456591216334211403e+00 4.560739440917968750e+02
4.460025968716742284e+00 4.537194519042968750e+02
4.463460721099273165e+00 4.507235412597656250e+02
4.466895473481804935e+00 4.533491210937500000e+02
4.470330225864335816e+00 4.588374633789062500e+02
4.473764978246866697e+00 4.571184692382812500e+02
4.477199730629398466e+00 4.566925964355468750e+02
4.480634483011929348e+00 4.569413452148437500e+02
4.484069235394461117e+00 4.516512451171875000e+02
4.487503987776991110e+00 4.475115356445312500e+02
4.490938740159522879e+00 4.458942565917968750e+02
4.494373492542053761e+00 4.460844116210937500e+02
4.497808244924585530e+00 4.449177246093750000e+02
4.501242997307116411e+00 4.469395751953125000e+02
4.504677749689648181e+00 4.434972839355468750e+02
4.508112502072179062e+00 4.428797912597656250e+02
4.511547254454709943e+00 4.452490539550781250e+02
4.514982006837240824e+00 4.501006774902343750e+02
4.518416759219772594e+00 4.482995605468750000e+02
4.521851511602303475e+00 4.436005859375000000e+02
4.525286263984835244e+00 4.450923461914062500e+02
4.528721016367366126e+00 4.453075256347656250e+02
4.532155768749897895e+00 4.381652832031250000e+02
4.535590521132428776e+00 4.357151794433593750e+02
4.539025273514959657e+00 4.379976501464843750e+02
4.542460025897490539e+00 4.323728332519531250e+02
4.545894778280021420e+00 4.241984252929687500e+02
4.549329530662553189e+00 4.273273010253906250e+02
4.552764283045084071e+00 4.360452270507812500e+02
4.556199035427615840e+00 4.450748901367187500e+02
4.559633787810146721e+00 4.434465637207031250e+02
4.563068540192677602e+00 4.412811889648437500e+02
4.566503292575208484e+00 4.411726684570312500e+02
4.569938044957740253e+00 4.407322998046875000e+02
4.573372797340271134e+00 4.272388000488281250e+02
4.576807549722802904e+00 3.613775024414062500e+02
4.580242302105333785e+00 3.327113647460937500e+02
4.583677054487865554e+00 3.736750488281250000e+02
4.587111806870395547e+00 3.942475585937500000e+02
4.590546559252927317e+00 4.006756286621093750e+02
4.593981311635458198e+00 3.989780883789062500e+02
4.597416064017989967e+00 4.006025390625000000e+02
4.600850816400520849e+00 4.053507385253906250e+02
4.604285568783052618e+00 4.095231323242187500e+02
4.607720321165583499e+00 4.087770080566406250e+02
4.611155073548115269e+00 4.094699707031250000e+02
4.614589825930645262e+00 4.132808532714843750e+02
4.618024578313177031e+00 4.153638305664062500e+02
4.621459330695707912e+00 4.154297790527343750e+02
4.624894083078238793e+00 4.181992187500000000e+02
4.628328835460770563e+00 4.269669494628906250e+02
4.631763587843301444e+00 4.350161437988281250e+02
4.635198340225833213e+00 4.557885131835937500e+02
4.638633092608363206e+00 4.838524475097656250e+02
4.642067844990894976e+00 5.147916870117187500e+02
4.645502597373425857e+00 5.509794921875000000e+02
4.648937349755957626e+00 5.758903808593750000e+02
4.652372102138488508e+00 5.892657470703125000e+02
4.655806854521020277e+00 5.991740722656250000e+02
4.659241606903551158e+00 5.933930664062500000e+02
4.662676359286082040e+00 5.778841552734375000e+02
4.666111111668612921e+00 5.666146240234375000e+02
4.669545864051144690e+00 5.598615722656250000e+02
4.672980616433675571e+00 5.521691894531250000e+02
4.676415368816207341e+00 5.360056152343750000e+02
4.679850121198738222e+00 5.229379882812500000e+02
4.683284873581269991e+00 5.007713928222656250e+02
4.686719625963800873e+00 4.742364196777343750e+02
4.690154378346331754e+00 4.537028198242187500e+02
4.693589130728862635e+00 4.491628112792968750e+02
4.697023883111393516e+00 4.491546325683593750e+02
4.700458635493925286e+00 4.480181274414062500e+02
4.703893387876456167e+00 4.469565429687500000e+02
4.707328140258987936e+00 4.442387695312500000e+02
4.710762892641518818e+00 4.388143310546875000e+02
4.714197645024049699e+00 4.331750183105468750e+02
4.717632397406580580e+00 4.311223754882812500e+02
4.721067149789112349e+00 4.319624633789062500e+02
4.724501902171643231e+00 4.386466979980468750e+02
4.727936654554175000e+00 4.441231384277343750e+02
4.731371406936705881e+00 4.428971557617187500e+02
4.734806159319237651e+00 4.353739318847656250e+02
4.738240911701767644e+00 4.313402099609375000e+02
4.741675664084299413e+00 4.265744323730468750e+02
4.745110416466830294e+00 4.249768676757812500e+02
4.748545168849362064e+00 4.295169982910156250e+02
4.751979921231892945e+00 4.278517761230468750e+02
4.755414673614424714e+00 4.277981872558593750e+02
4.758849425996955596e+00 4.313545837402343750e+02
4.762284178379487365e+00 4.342691650390625000e+02
4.765718930762017358e+00 4.318275146484375000e+02
4.769153683144549127e+00 4.262565917968750000e+02
4.772588435527080009e+00 4.269139404296875000e+02
4.776023187909610890e+00 4.260350341796875000e+02
4.779457940292142659e+00 4.208393554687500000e+02
4.782892692674673540e+00 4.219294433593750000e+02
4.786327445057205310e+00 4.257017211914062500e+02
4.789762197439735303e+00 4.285695800781250000e+02
4.793196949822267072e+00 4.332744140625000000e+02
4.796631702204797953e+00 4.448076782226562500e+02
4.800066454587329723e+00 4.466491394042968750e+02
4.803501206969860604e+00 4.462485961914062500e+02
4.806935959352392373e+00 4.425057373046875000e+02
4.810370711734923255e+00 4.386353454589843750e+02
4.813805464117454136e+00 4.384647827148437500e+02
4.817240216499985017e+00 4.315880432128906250e+02
4.820674968882516787e+00 4.267626953125000000e+02
4.824109721265047668e+00 4.313889160156250000e+02
4.827544473647579437e+00 4.299989929199218750e+02
4.830979226030110318e+00 4.255994262695312500e+02
4.834413978412642088e+00 4.221044006347656250e+02
4.837848730795172969e+00 4.314271240234375000e+02
4.841283483177703850e+00 4.410877380371093750e+02
4.844718235560234731e+00 4.432793884277343750e+02
4.848152987942766501e+00 4.409703063964843750e+02
4.851587740325297382e+00 4.391841125488281250e+02
4.855022492707828263e+00 4.382252807617187500e+02
4.858457245090360033e+00 4.391463012695312500e+02
4.861891997472890914e+00 4.342802124023437500e+02
4.865326749855421795e+00 4.321236572265625000e+02
4.868761502237952676e+00 4.358319091796875000e+02
4.872196254620484446e+00 4.355480957031250000e+02
4.875631007003015327e+00 4.300022277832031250e+02
4.879065759385547096e+00 4.296950988769531250e+02
4.882500511768077978e+00 4.309096069335937500e+02
4.885935264150609747e+00 4.260927734375000000e+02
4.889370016533139740e+00 4.290186462402343750e+02
4.892804768915671509e+00 4.295436401367187500e+02
4.896239521298202391e+00 4.312041320800781250e+02
4.899674273680734160e+00 4.342690124511718750e+02
4.903109026063265041e+00 4.307553100585937500e+02
4.906543778445796811e+00 4.271469116210937500e+02
4.909978530828327692e+00 4.256433105468750000e+02
4.913413283210858573e+00 4.273637390136718750e+02
4.916848035593389454e+00 4.288468627929687500e+02
4.920282787975921224e+00 4.275990905761718750e+02
4.923717540358452105e+00 4.315158691406250000e+02
4.927152292740982986e+00 4.414024047851562500e+02
4.930587045123514756e+00 4.433577880859375000e+02
4.934021797506045637e+00 4.388156127929687500e+02
4.937456549888577406e+00 4.306770019531250000e+02
4.940891302271107399e+00 4.234566040039062500e+02
4.944326054653639169e+00 4.250058593750000000e+02
4.947760807036170050e+00 4.333973083496093750e+02
4.951195559418701819e+00 4.408987426757812500e+02
4.954630311801232700e+00 4.441698913574218750e+02
4.958065064183764470e+00 4.510531005859375000e+02
4.961499816566295351e+00 4.608272399902343750e+02
4.964934568948826232e+00 4.621455993652343750e+02
4.968369321331357114e+00 4.524126281738281250e+02
4.971804073713888883e+00 4.419980773925781250e+02
4.975238826096419764e+00 4.352685241699218750e+02
4.978673578478951534e+00 4.296430969238281250e+02
4.982108330861482415e+00 4.314696044921875000e+02
4.985543083244014184e+00 4.283333435058593750e+02
4.988977835626544177e+00 4.168454895019531250e+02
4.992412588009075947e+00 4.088991699218750000e+02
4.995847340391606828e+00 4.114475402832031250e+02
4.999282092774138597e+00 4.056486206054687500e+02
5.002716845156669478e+00 4.040688476562500000e+02
5.006151597539200360e+00 4.094974060058593750e+02
5.009586349921732129e+00 4.159168395996093750e+02
5.013021102304263010e+00 4.201375122070312500e+02
5.016455854686793892e+00 4.227852172851562500e+02
5.019890607069324773e+00 4.221464538574218750e+02
5.023325359451856542e+00 4.232142333984375000e+02
5.026760111834387423e+00 4.296178283691406250e+02
5.030194864216919193e+00 4.427982177734375000e+02
5.033629616599450074e+00 4.597453918457031250e+02
5.037064368981981843e+00 4.618372497558593750e+02
5.040499121364511836e+00 4.502687683105468750e+02
5.043933873747043606e+00 4.421730041503906250e+02
5.047368626129574487e+00 4.378998413085937500e+02
5.050803378512106256e+00 4.327437133789062500e+02
5.054238130894637138e+00 4.305241699218750000e+02
5.057672883277168907e+00 4.254791564941406250e+02
5.061107635659699788e+00 4.176770935058593750e+02
5.064542388042230669e+00 4.151940917968750000e+02
5.067977140424761551e+00 4.264235534667968750e+02
5.071411892807293320e+00 4.313741149902343750e+02
5.074846645189824201e+00 4.315124816894531250e+02
5.078281397572355083e+00 4.328840332031250000e+02
5.081716149954886852e+00 4.274488525390625000e+02
5.085150902337417733e+00 4.228169555664062500e+02
5.088585654719949503e+00 4.192248229980468750e+02
5.092020407102479496e+00 4.216216735839843750e+02
5.095455159485011265e+00 4.290236816406250000e+02
5.098889911867542146e+00 4.283568420410156250e+02
5.102324664250073916e+00 4.222896118164062500e+02
5.105759416632604797e+00 4.193705749511718750e+02
5.109194169015136566e+00 4.177076110839843750e+02
5.112628921397667447e+00 4.120610656738281250e+02
5.116063673780198329e+00 4.096701660156250000e+02
5.119498426162729210e+00 4.125121459960937500e+02
5.122933178545260979e+00 4.103145141601562500e+02
5.126367930927791861e+00 4.108507690429687500e+02
5.129802683310323630e+00 4.047227478027343750e+02
5.133237435692854511e+00 4.066631469726562500e+02
5.136672188075386281e+00 4.079703063964843750e+02
5.140106940457916274e+00 4.024420776367187500e+02
5.143541692840448043e+00 4.036022033691406250e+02
5.146976445222978924e+00 4.085913085937500000e+02
5.150411197605510694e+00 4.159502563476562500e+02
5.153845949988041575e+00 4.211977233886718750e+02
5.157280702370572456e+00 4.290356140136718750e+02
5.160715454753104225e+00 4.421217346191406250e+02
5.164150207135635107e+00 4.407132873535156250e+02
5.167584959518165988e+00 4.328266906738281250e+02
5.171019711900696869e+00 4.293150024414062500e+02
5.174454464283228639e+00 4.281886596679687500e+02
5.177889216665759520e+00 4.221518249511718750e+02
5.181323969048291289e+00 4.161588134765625000e+02
5.184758721430822170e+00 4.172525329589843750e+02
5.188193473813353940e+00 4.141748046875000000e+02
5.191628226195883933e+00 4.059580993652343750e+02
5.195062978578415702e+00 4.075189514160156250e+02
5.198497730960946583e+00 4.252958374023437500e+02
5.201932483343478353e+00 4.411624450683593750e+02
5.205367235726009234e+00 4.497843933105468750e+02
5.208801988108541003e+00 4.618692321777343750e+02
5.212236740491071885e+00 4.764574890136718750e+02
5.215671492873602766e+00 4.803906250000000000e+02
5.219106245256133647e+00 4.709268188476562500e+02
5.222540997638665417e+00 4.596247863769531250e+02
5.225975750021196298e+00 4.391195373535156250e+02
5.229410502403727179e+00 4.256433105468750000e+02
5.232845254786258948e+00 4.126215515136718750e+02
5.236280007168789830e+00 4.082919311523437500e+02
5.239714759551321599e+00 4.053724060058593750e+02
5.243149511933851592e+00 4.101019287109375000e+02
5.246584264316383361e+00 4.160229492187500000e+02
5.250019016698914243e+00 4.156345520019531250e+02
5.253453769081446012e+00 4.148506469726562500e+02
5.256888521463976893e+00 4.180115661621093750e+02
5.260323273846508663e+00 4.162187194824218750e+02
5.263758026229039544e+00 4.160281677246093750e+02
5.267192778611570425e+00 4.140999450683593750e+02
5.270627530994101306e+00 4.172370910644531250e+02
5.274062283376633076e+00 4.183144531250000000e+02
5.277497035759163957e+00 4.166981506347656250e+02
5.280931788141695726e+00 4.206180419921875000e+02
5.284366540524226608e+00 4.226084594726562500e+02
5.287801292906758377e+00 4.239834289550781250e+02
5.291236045289288370e+00 4.248416442871093750e+02
5.294670797671820139e+00 4.217844543457031250e+02
5.298105550054351021e+00 4.162650146484375000e+02
5.301540302436882790e+00 4.083132324218750000e+02
5.304975054819413671e+00 4.067392272949218750e+02
5.308409807201944552e+00 4.061014099121093750e+02
5.311844559584476322e+00 4.038618774414062500e+02
5.315279311967006315e+00 4.081174316406250000e+02
5.318714064349538084e+00 4.193713989257812500e+02
5.322148816732068966e+00 4.286606140136718750e+02
5.325583569114600735e+00 4.316082763671875000e+02
5.329018321497131616e+00 4.209635314941406250e+02
5.332453073879663386e+00 4.193739929199218750e+02
5.335887826262194267e+00 4.344932861328125000e+02
5.339322578644726036e+00 4.516685180664062500e+02
5.342757331027256029e+00 4.689340820312500000e+02
5.346192083409787799e+00 4.847834777832031250e+02
5.349626835792318680e+00 4.906078186035156250e+02
5.353061588174850449e+00 4.882700500488281250e+02
5.356496340557381330e+00 4.738878173828125000e+02
5.359931092939913100e+00 4.538231811523437500e+02
5.363365845322443981e+00 4.354435424804687500e+02
5.366800597704974862e+00 4.171258544921875000e+02
5.370235350087505743e+00 4.085902709960937500e+02
5.373670102470037513e+00 4.036136169433593750e+02
5.377104854852568394e+00 4.049773254394531250e+02
5.380539607235100164e+00 4.061921997070312500e+02
5.383974359617631045e+00 4.001012268066406250e+02
5.387409112000161926e+00 3.949075622558593750e+02
5.390843864382692807e+00 3.993977966308593750e+02
5.394278616765223688e+00 3.974915466308593750e+02
5.397713369147755458e+00 3.981224975585937500e+02
5.401148121530286339e+00 3.996153564453125000e+02
5.404582873912818108e+00 4.035325622558593750e+02
5.408017626295348990e+00 4.064504089355468750e+02
5.411452378677880759e+00 4.091535339355468750e+02
5.414887131060411640e+00 4.088739013671875000e+02
5.418321883442942521e+00 4.119696960449218750e+02
5.421756635825473403e+00 4.142982482910156250e+02
5.425191388208005172e+00 4.213593444824218750e+02
5.428626140590536053e+00 4.230647583007812500e+02
5.432060892973067823e+00 4.197439880371093750e+02
5.435495645355598704e+00 4.113610534667968750e+02
5.438930397738130473e+00 4.029544372558593750e+02
5.442365150120660466e+00 3.982863769531250000e+02
5.445799902503192236e+00 3.971945800781250000e+02
5.449234654885723117e+00 3.956023254394531250e+02
5.452669407268254886e+00 3.953391723632812500e+02
5.456104159650785768e+00 3.963850402832031250e+02
5.459538912033316649e+00 3.976580505371093750e+02
5.462973664415848418e+00 3.983364868164062500e+02
5.466408416798379299e+00 4.096703186035156250e+02
5.469843169180910181e+00 4.251255798339843750e+02
5.473277921563441062e+00 4.434398803710937500e+02
5.476712673945972831e+00 4.585714721679687500e+02
5.480147426328503713e+00 4.635364379882812500e+02
5.483582178711035482e+00 4.603394165039062500e+02
5.487016931093566363e+00 4.494288635253906250e+02
5.490451683476098133e+00 4.418902893066406250e+02
5.493886435858628126e+00 4.305158081054687500e+02
5.497321188241159895e+00 4.243193664550781250e+02
5.500755940623690776e+00 4.218746948242187500e+02
5.504190693006222546e+00 4.127357482910156250e+02
5.507625445388753427e+00 4.057717590332031250e+02
5.511060197771285196e+00 4.127863464355468750e+02
5.514494950153816077e+00 4.150723876953125000e+02
5.517929702536346959e+00 4.183008728027343750e+02
5.521364454918877840e+00 4.186109619140625000e+02
5.524799207301409609e+00 4.104890136718750000e+02
5.528233959683940490e+00 4.039440002441406250e+02
5.531668712066472260e+00 3.960263977050781250e+02
5.535103464449003141e+00 3.926500854492187500e+02
5.538538216831534022e+00 3.905998840332031250e+02
5.541972969214064904e+00 3.867035827636718750e+02
5.545407721596595785e+00 3.816244506835937500e+02
5.548842473979127554e+00 3.873658142089843750e+02
5.552277226361658435e+00 4.023070068359375000e+02
5.555711978744190205e+00 4.037825012207031250e+02
5.559146731126721086e+00 4.043298645019531250e+02
5.562581483509252855e+00 4.055073547363281250e+02
5.566016235891783737e+00 4.046582031250000000e+02
5.569450988274314618e+00 4.055596008300781250e+02
5.572885740656845499e+00 4.060631103515625000e+02
5.576320493039377268e+00 4.071665344238281250e+02
5.579755245421908150e+00 4.074335327148437500e+02
5.583189997804439919e+00 4.059820251464843750e+02
5.586624750186970800e+00 4.051421508789062500e+02
5.590059502569502570e+00 4.084685058593750000e+02
5.593494254952032563e+00 4.095357971191406250e+02
5.596929007334564332e+00 4.146422424316406250e+02
5.600363759717095213e+00 4.129683227539062500e+02
5.603798512099626983e+00 4.083439941406250000e+02
5.607233264482157864e+00 4.084570617675781250e+02
5.610668016864688745e+00 4.039471130371093750e+02
5.614102769247220515e+00 3.953190612792968750e+02
5.617537521629751396e+00 3.843180236816406250e+02
5.620972274012282277e+00 3.805041503906250000e+02
5.624407026394813158e+00 3.848532409667968750e+02
5.627841778777344928e+00 3.851021423339843750e+02
5.631276531159875809e+00 3.879526367187500000e+02
5.634711283542407578e+00 3.896479492187500000e+02
5.638146035924938460e+00 3.886751403808593750e+02
5.641580788307470229e+00 3.932927856445312500e+02
5.645015540690000222e+00 3.948957214355468750e+02
5.648450293072531991e+00 3.895341491699218750e+02
5.651885045455062873e+00 3.836067810058593750e+02
5.655319797837594642e+00 3.913575439453125000e+02
5.658754550220125523e+00 3.962041320800781250e+02
5.662189302602657293e+00 3.964061279296875000e+02
5.665624054985188174e+00 3.965120239257812500e+02
5.669058807367719055e+00 3.949383544921875000e+02
5.672493559750249936e+00 3.946052551269531250e+02
5.675928312132781706e+00 4.023188476562500000e+02
5.679363064515312587e+00 4.160909118652343750e+02
5.682797816897844356e+00 4.192501831054687500e+02
5.686232569280375237e+00 4.215295104980468750e+02
5.689667321662906119e+00 4.289392395019531250e+02
5.693102074045437000e+00 4.336922302246093750e+02
5.696536826427967881e+00 4.362567138671875000e+02
5.699971578810499651e+00 4.516209106445312500e+02
5.703406331193030532e+00 4.858625793457031250e+02
5.706841083575562301e+00 5.273171997070312500e+02
5.710275835958093182e+00 5.812009887695312500e+02
5.713710588340624952e+00 6.351132202148437500e+02
5.717145340723154945e+00 6.665021362304687500e+02
5.720580093105686714e+00 6.650380859375000000e+02
5.724014845488217595e+00 6.279796142578125000e+02
5.727449597870749365e+00 5.719704589843750000e+02
5.730884350253280246e+00 5.117088623046875000e+02
5.734319102635812015e+00 4.595222778320312500e+02
5.737753855018342897e+00 4.237272338867187500e+02
5.741188607400874666e+00 4.071535949707031250e+02
5.744623359783404659e+00 3.966975402832031250e+02
5.748058112165936429e+00 3.938183288574218750e+02
5.751492864548467310e+00 3.923429260253906250e+02
5.754927616930999079e+00 3.903428955078125000e+02
5.758362369313529960e+00 3.876666259765625000e+02
5.761797121696060842e+00 3.877384338378906250e+02
5.765231874078592611e+00 3.858299865722656250e+02
5.768666626461123492e+00 3.898242187500000000e+02
5.772101378843654373e+00 3.872343750000000000e+02
5.775536131226185255e+00 3.799732360839843750e+02
5.778970883608717024e+00 3.829266357421875000e+02
5.782405635991247905e+00 3.853577880859375000e+02
5.785840388373779675e+00 3.817467041015625000e+02
5.789275140756310556e+00 3.798444213867187500e+02
5.792709893138841437e+00 3.830751342773437500e+02
5.796144645521372318e+00 3.811889648437500000e+02
5.799579397903904088e+00 3.829808654785156250e+02
5.803014150286434969e+00 3.901132812500000000e+02
5.806448902668966738e+00 3.929702758789062500e+02
5.809883655051497620e+00 3.873056945800781250e+02
5.813318407434029389e+00 3.868939819335937500e+02
5.816753159816560270e+00 3.911374816894531250e+02
5.820187912199091151e+00 3.844028015136718750e+02
5.823622664581622033e+00 3.780818481445312500e+02
5.827057416964153802e+00 3.837298889160156250e+02
5.830492169346684683e+00 3.908647155761718750e+02
5.833926921729216453e+00 3.931580505371093750e+02
5.837361674111747334e+00 3.844756469726562500e+02
5.840796426494278215e+00 3.784171447753906250e+02
5.844231178876809096e+00 3.831273498535156250e+02
5.847665931259339978e+00 3.837273254394531250e+02
5.851100683641871747e+00 3.791487121582031250e+02
5.854535436024402628e+00 3.770008850097656250e+02
5.857970188406934398e+00 3.779063720703125000e+02
5.861404940789465279e+00 3.773586730957031250e+02
5.864839693171997048e+00 3.773917236328125000e+02
5.868274445554527041e+00 3.774647521972656250e+02
5.871709197937058811e+00 3.774689331054687500e+02
5.875143950319589692e+00 3.776489562988281250e+02
5.878578702702121461e+00 3.811160583496093750e+02
5.882013455084652342e+00 3.780620727539062500e+02
5.885448207467184112e+00 3.772722778320312500e+02
5.888882959849714993e+00 3.852914733886718750e+02
5.892317712232246762e+00 3.854669494628906250e+02
5.895752464614776756e+00 3.817614440917968750e+02
5.899187216997308525e+00 3.794515991210937500e+02
5.902621969379839406e+00 3.780972595214843750e+02
5.906056721762371176e+00 3.756870117187500000e+02
5.909491474144902057e+00 3.774170532226562500e+02
5.912926226527432938e+00 3.776652221679687500e+02
5.916360978909964707e+00 3.748206481933593750e+02
5.919795731292495589e+00 3.768248901367187500e+02
5.923230483675026470e+00 3.838784179687500000e+02
5.926665236057557351e+00 3.869429321289062500e+02
5.930099988440089120e+00 3.911608581542968750e+02
5.933534740822620002e+00 3.915140991210937500e+02
5.936969493205151771e+00 3.889697875976562500e+02
5.940404245587682652e+00 3.916965332031250000e+02
5.943838997970213534e+00 4.021639099121093750e+02
5.947273750352744415e+00 4.129352111816406250e+02
5.950708502735276184e+00 4.282449951171875000e+02
5.954143255117807065e+00 4.561499633789062500e+02
5.957578007500338835e+00 5.159270629882812500e+02
5.961012759882869716e+00 5.999770507812500000e+02
5.964447512265401485e+00 7.179712524414062500e+02
5.967882264647932367e+00 8.342115478515625000e+02
5.971317017030463248e+00 9.209888916015625000e+02
5.974751769412994129e+00 9.497385253906250000e+02
5.978186521795525898e+00 9.125194091796875000e+02
5.981621274178056780e+00 8.190538940429687500e+02
5.985056026560588549e+00 6.904323120117187500e+02
5.988490778943119430e+00 5.690124511718750000e+02
5.991925531325650311e+00 4.801605834960937500e+02
5.995360283708181193e+00 4.287670288085937500e+02
5.998795036090712074e+00 4.079568481445312500e+02
6.002229788473243843e+00 3.995722656250000000e+02
6.005664540855774725e+00 3.958876647949218750e+02
6.009099293238306494e+00 3.976532897949218750e+02
6.012534045620837375e+00 3.944360961914062500e+02
6.015968798003369145e+00 3.899586486816406250e+02
6.019403550385899138e+00 3.889513244628906250e+02
6.022838302768430907e+00 3.941211547851562500e+02
6.026273055150961788e+00 3.942027282714843750e+02
6.029707807533493558e+00 3.931530456542968750e+02
6.033142559916024439e+00 3.998325195312500000e+02
6.036577312298556208e+00 4.055131835937500000e+02
6.040012064681087089e+00 3.990668334960937500e+02
6.043446817063618859e+00 3.894814147949218750e+02
6.046881569446148852e+00 3.896431884765625000e+02
6.050316321828680621e+00 3.929868774414062500e+02
6.053751074211211503e+00 3.963775634765625000e+02
6.057185826593743272e+00 4.032653198242187500e+02
6.060620578976274153e+00 4.063716735839843750e+02
6.064055331358805923e+00 4.116734008789062500e+02
6.067490083741336804e+00 4.075683898925781250e+02
6.070924836123867685e+00 4.033373413085937500e+02
6.074359588506398566e+00 4.000817565917968750e+02
6.077794340888929447e+00 3.931097717285156250e+02
6.081229093271461217e+00 3.865155944824218750e+02
6.084663845653992098e+00 3.887720642089843750e+02
6.088098598036523867e+00 3.884806823730468750e+02
6.091533350419054749e+00 3.826405944824218750e+02
6.094968102801585630e+00 3.756605529785156250e+02
6.098402855184116511e+00 3.814743347167968750e+02
6.101837607566648281e+00 3.893140869140625000e+02
6.105272359949179162e+00 3.864155578613281250e+02
6.108707112331710931e+00 3.849321899414062500e+02
6.112141864714241812e+00 3.887323608398437500e+02
6.115576617096773582e+00 3.908492126464843750e+02
6.119011369479304463e+00 3.929045104980468750e+02
6.122446121861835344e+00 3.919396667480468750e+02
6.125880874244366225e+00 3.906963806152343750e+02
6.129315626626897995e+00 3.876282958984375000e+02
6.132750379009428876e+00 3.801049194335937500e+02
6.136185131391960645e+00 3.740135192871093750e+02
6.139619883774491527e+00 3.763020629882812500e+02
6.143054636157022408e+00 3.829609069824218750e+02
6.146489388539553289e+00 3.858251342773437500e+02
6.149924140922085058e+00 3.861942749023437500e+02
6.153358893304615940e+00 3.861625061035156250e+02
6.156793645687146821e+00 3.822794799804687500e+02
6.160228398069678590e+00 3.721374816894531250e+02
6.163663150452209472e+00 3.676789550781250000e+02
6.167097902834741241e+00 3.668764953613281250e+02
6.170532655217271234e+00 3.670891723632812500e+02
6.173967407599803003e+00 3.689284362792968750e+02
6.177402159982333885e+00 3.703402404785156250e+02
6.180836912364865654e+00 3.723110961914062500e+02
6.184271664747396535e+00 3.726344604492187500e+02
6.187706417129928305e+00 3.713342895507812500e+02
6.191141169512459186e+00 3.699553222656250000e+02
6.194575921894990067e+00 3.695859069824218750e+02
6.198010674277520948e+00 3.665020141601562500e+02
6.201445426660052718e+00 3.620712585449218750e+02
6.204880179042583599e+00 3.560165710449218750e+02
6.208314931425115368e+00 3.549677429199218750e+02
6.211749683807646250e+00 3.598060302734375000e+02
6.215184436190178019e+00 3.619903869628906250e+02
6.218619188572708900e+00 3.603438720703125000e+02
6.222053940955239781e+00 3.559391174316406250e+02
6.225488693337770663e+00 3.552159423828125000e+02
6.228923445720301544e+00 3.567074279785156250e+02
6.232358198102833313e+00 3.548985900878906250e+02
6.235792950485364194e+00 3.546995849609375000e+02
6.239227702867895964e+00 3.585375671386718750e+02
6.242662455250426845e+00 3.597718505859375000e+02
6.246097207632957726e+00 3.571530761718750000e+02
6.249531960015488607e+00 3.537249450683593750e+02
6.252966712398020377e+00 3.625941772460937500e+02
6.256401464780551258e+00 3.673937377929687500e+02
6.259836217163083028e+00 3.679800415039062500e+02
6.263270969545613909e+00 3.752277832031250000e+02
6.266705721928145678e+00 3.811146545410156250e+02
6.270140474310675671e+00 3.836011657714843750e+02
6.273575226693207441e+00 3.871694030761718750e+02
6.277009979075738322e+00 3.956246337890625000e+02
6.280444731458270091e+00 4.069181213378906250e+02
6.283879483840800972e+00 4.159447937011718750e+02
6.287314236223332742e+00 4.175581665039062500e+02
6.290748988605863623e+00 4.159196166992187500e+02
6.294183740988394504e+00 4.368928527832031250e+02
6.297618493370925385e+00 4.603617858886718750e+02
6.301053245753457155e+00 4.779684143066406250e+02
6.304487998135988036e+00 4.629913940429687500e+02
6.307922750518518917e+00 4.448145141601562500e+02
6.311357502901050687e+00 4.068190002441406250e+02
6.314792255283581568e+00 3.816949768066406250e+02
6.318227007666113337e+00 3.634849548339843750e+02
6.321661760048643330e+00 3.553329162597656250e+02
6.325096512431175100e+00 3.668052978515625000e+02
6.328531264813705981e+00 3.740584411621093750e+02
6.331966017196237750e+00 3.831373596191406250e+02
6.335400769578768632e+00 3.868525695800781250e+02
6.338835521961300401e+00 3.868165893554687500e+02
6.342270274343831282e+00 3.840036010742187500e+02
6.345705026726362163e+00 3.745750122070312500e+02
6.349139779108893045e+00 3.638106384277343750e+02
6.352574531491424814e+00 3.579422607421875000e+02
6.356009283873955695e+00 3.542101135253906250e+02
6.359444036256487465e+00 3.526459960937500000e+02
6.362878788639018346e+00 3.525511474609375000e+02
6.366313541021550115e+00 3.559346923828125000e+02
6.369748293404080997e+00 3.598509521484375000e+02
6.373183045786611878e+00 3.549805297851562500e+02
6.376617798169142759e+00 3.442566833496093750e+02
6.380052550551673640e+00 3.460863952636718750e+02
6.383487302934205410e+00 3.533521118164062500e+02
6.386922055316736291e+00 3.532396850585937500e+02
6.390356807699268060e+00 3.539285888671875000e+02
6.393791560081798941e+00 3.561704711914062500e+02
6.397226312464329823e+00 3.580354919433593750e+02
6.400661064846860704e+00 3.585157775878906250e+02
6.404095817229392473e+00 3.623363952636718750e+02
6.407530569611923355e+00 3.631095886230468750e+02
6.410965321994455124e+00 3.641445922851562500e+02
6.414400074376986005e+00 3.666617431640625000e+02
6.417834826759517775e+00 3.664717712402343750e+02
6.421269579142047768e+00 3.649253540039062500e+02
6.424704331524579537e+00 3.736187438964843750e+02
6.428139083907110418e+00 3.824567260742187500e+02
6.431573836289642188e+00 3.862257690429687500e+02
6.435008588672173069e+00 3.814829711914062500e+02
6.438443341054704838e+00 3.788626098632812500e+02
6.441878093437235719e+00 3.703235168457031250e+02
6.445312845819766601e+00 3.692250671386718750e+02
6.448747598202297482e+00 3.671808471679687500e+02
6.452182350584829251e+00 3.627680053710937500e+02
6.455617102967360132e+00 3.606992797851562500e+02
6.459051855349891014e+00 3.614389953613281250e+02
6.462486607732422783e+00 3.608083801269531250e+02
6.465921360114953664e+00 3.606523437500000000e+02
6.469356112497485434e+00 3.583657226562500000e+02
6.472790864880015427e+00 3.498837585449218750e+02
6.476225617262547196e+00 3.446344299316406250e+02
6.479660369645078077e+00 3.475039978027343750e+02
6.483095122027609847e+00 3.552207031250000000e+02
6.486529874410140728e+00 3.580610351562500000e+02
6.489964626792672497e+00 3.531229858398437500e+02
6.493399379175203379e+00 3.456308288574218750e+02
6.496834131557734260e+00 3.432830810546875000e+02
6.500268883940265141e+00 3.528559265136718750e+02
6.503703636322796910e+00 3.555828857421875000e+02
6.507138388705327792e+00 3.544841308593750000e+02
6.510573141087859561e+00 3.557403259277343750e+02
6.514007893470390442e+00 3.598350524902343750e+02
6.517442645852922212e+00 3.599541931152343750e+02
6.520877398235453093e+00 3.556785278320312500e+02
6.524312150617983974e+00 3.568255615234375000e+02
6.527746903000514855e+00 3.569213562011718750e+02
6.531181655383045737e+00 3.578590698242187500e+02
6.534616407765577506e+00 3.572507629394531250e+02
6.538051160148108387e+00 3.567256164550781250e+02
6.541485912530640157e+00 3.543972167968750000e+02
6.544920664913171038e+00 3.557050476074218750e+02
6.548355417295701919e+00 3.591058654785156250e+02
6.551790169678232800e+00 3.558049316406250000e+02
6.555224922060764570e+00 3.544646606445312500e+02
6.558659674443295451e+00 3.553257446289062500e+02
6.562094426825827220e+00 3.549614257812500000e+02
6.565529179208358102e+00 3.429477539062500000e+02
6.568963931590889871e+00 3.361459655761718750e+02
6.572398683973419864e+00 3.441039123535156250e+02
6.575833436355951633e+00 3.532479858398437500e+02
6.579268188738482515e+00 3.566995849609375000e+02
6.582702941121014284e+00 3.557598266601562500e+02
6.586137693503545165e+00 3.543055725097656250e+02
6.589572445886076935e+00 3.543068237304687500e+02
6.593007198268607816e+00 3.571650390625000000e+02
6.596441950651138697e+00 3.655701599121093750e+02
6.599876703033669578e+00 3.642624816894531250e+02
6.603311455416201348e+00 3.591516113281250000e+02
6.606746207798732229e+00 3.537442932128906250e+02
6.610180960181263110e+00 3.460588378906250000e+02
6.613615712563794879e+00 3.445474243164062500e+02
6.617050464946325761e+00 3.495221557617187500e+02
6.620485217328857530e+00 3.395080566406250000e+02
6.623919969711387523e+00 3.386550598144531250e+02
6.627354722093919293e+00 3.352140502929687500e+02
6.630789474476450174e+00 3.356784057617187500e+02
6.634224226858981943e+00 3.349512329101562500e+02
6.637658979241512824e+00 3.397133789062500000e+02
6.641093731624044594e+00 3.440453491210937500e+02
6.644528484006575475e+00 3.410917663574218750e+02
6.647963236389106356e+00 3.403433227539062500e+02
6.651397988771637237e+00 3.464234924316406250e+02
6.654832741154169007e+00 3.482797851562500000e+02
6.658267493536699888e+00 3.421563720703125000e+02
6.661702245919231657e+00 3.384773254394531250e+02
6.665136998301762539e+00 3.398992919921875000e+02
6.668571750684294308e+00 3.460586242675781250e+02
6.672006503066824301e+00 3.540855102539062500e+02
6.675441255449356071e+00 3.606867980957031250e+02
6.678876007831886952e+00 3.649342041015625000e+02
6.682310760214417833e+00 3.723604736328125000e+02
6.685745512596949602e+00 3.731216735839843750e+02
6.689180264979480484e+00 3.713033142089843750e+02
6.692615017362012253e+00 3.698564147949218750e+02
6.696049769744543134e+00 3.624607238769531250e+02
6.699484522127074015e+00 3.523059387207031250e+02
6.702919274509604897e+00 3.450618286132812500e+02
6.706354026892136666e+00 3.522666625976562500e+02
6.709788779274667547e+00 3.504078979492187500e+02
6.713223531657199317e+00 3.461187744140625000e+02
6.716658284039730198e+00 3.410782165527343750e+02
6.720093036422261967e+00 3.374058532714843750e+02
6.723527788804791960e+00 3.385928649902343750e+02
6.726962541187323730e+00 3.403479003906250000e+02
6.730397293569854611e+00 3.437109985351562500e+02
6.733832045952386380e+00 3.429647216796875000e+02
6.737266798334917262e+00 3.419919128417968750e+02
6.740701550717449031e+00 3.401629943847656250e+02
6.744136303099979912e+00 3.374958496093750000e+02
6.747571055482510793e+00 3.349376831054687500e+02
6.751005807865041675e+00 3.328763122558593750e+02
6.754440560247573444e+00 3.344447937011718750e+02
6.757875312630104325e+00 3.390982666015625000e+02
6.761310065012635206e+00 3.383130493164062500e+02
6.764744817395166976e+00 3.376262512207031250e+02
6.768179569777697857e+00 3.402507019042968750e+02
6.771614322160229626e+00 3.402440185546875000e+02
6.775049074542759620e+00 3.360360107421875000e+02
6.778483826925291389e+00 3.345777282714843750e+02
6.781918579307822270e+00 3.360556335449218750e+02
6.785353331690354040e+00 3.417831420898437500e+02
6.788788084072884921e+00 3.412913818359375000e+02
6.792222836455416690e+00 3.409976501464843750e+02
6.795657588837947571e+00 3.474418029785156250e+02
6.799092341220478453e+00 3.547141723632812500e+02
6.802527093603009334e+00 3.634044494628906250e+02
6.805961845985541103e+00 3.660083007812500000e+02
6.809396598368071984e+00 3.668546142578125000e+02
6.812831350750603754e+00 3.648486633300781250e+02
6.816266103133134635e+00 3.563757629394531250e+02
6.819700855515666404e+00 3.523444213867187500e+02
6.823135607898196398e+00 3.501522521972656250e+02
6.826570360280728167e+00 3.429378662109375000e+02
6.830005112663259048e+00 3.332349243164062500e+02
6.833439865045790818e+00 3.361798400878906250e+02
6.836874617428321699e+00 3.425313110351562500e+02
6.840309369810852580e+00 3.471669006347656250e+02
6.843744122193384349e+00 3.477823486328125000e+02
6.847178874575915231e+00 3.496541748046875000e+02
6.850613626958446112e+00 3.516666870117187500e+02
6.854048379340976993e+00 3.544494628906250000e+02
6.857483131723508762e+00 3.608370971679687500e+02
6.860917884106039644e+00 3.636794433593750000e+02
6.864352636488571413e+00 3.607051086425781250e+02
6.867787388871102294e+00 3.547828979492187500e+02
6.871222141253634064e+00 3.466006469726562500e+02
6.874656893636164057e+00 3.427004394531250000e+02
6.878091646018695826e+00 3.376627197265625000e+02
6.881526398401226707e+00 3.350835571289062500e+02
6.884961150783758477e+00 3.413791198730468750e+02
6.888395903166289358e+00 3.471381835937500000e+02
6.891830655548821127e+00 3.484394226074218750e+02
6.895265407931352009e+00 3.486987609863281250e+02
6.898700160313882890e+00 3.513683776855468750e+02
6.902134912696413771e+00 3.490462341308593750e+02
6.905569665078945540e+00 3.490857543945312500e+02
6.909004417461476422e+00 3.481355895996093750e+02
6.912439169844007303e+00 3.435041809082031250e+02
6.915873922226539072e+00 3.436948852539062500e+02
6.919308674609069953e+00 3.452531738281250000e+02
6.922743426991601723e+00 3.412605590820312500e+02
6.926178179374131716e+00 3.374316711425781250e+02
6.929612931756663485e+00 3.347229309082031250e+02
6.933047684139194367e+00 3.344184875488281250e+02
6.936482436521726136e+00 3.448905029296875000e+02
6.939917188904257017e+00 3.488467407226562500e+02
6.943351941286788787e+00 3.516750183105468750e+02
6.946786693669319668e+00 3.551226501464843750e+02
6.950221446051850549e+00 3.566272888183593750e+02
6.953656198434381430e+00 3.536655883789062500e+02
6.957090950816913200e+00 3.555188598632812500e+02
6.960525703199444081e+00 3.508307495117187500e+02
6.963960455581975850e+00 3.404676208496093750e+02
6.967395207964506731e+00 3.347370910644531250e+02
6.970829960347038501e+00 3.327518310546875000e+02
6.974264712729568494e+00 3.314007568359375000e+02
6.977699465112100263e+00 3.375213012695312500e+02
6.981134217494631145e+00 3.425407104492187500e+02
6.984568969877162914e+00 3.429052124023437500e+02
6.988003722259693795e+00 3.444276428222656250e+02
6.991438474642224676e+00 3.429455871582031250e+02
6.994873227024756446e+00 3.339360351562500000e+02
6.998307979407287327e+00 3.307167053222656250e+02
7.001742731789818208e+00 3.334027404785156250e+02
7.005177484172349089e+00 3.357232055664062500e+02
7.008612236554880859e+00 3.363930969238281250e+02
7.012046988937411740e+00 3.388633117675781250e+02
7.015481741319943509e+00 3.382354431152343750e+02
7.018916493702474391e+00 3.399475097656250000e+02
7.022351246085006160e+00 3.398034973144531250e+02
7.025785998467536153e+00 3.370159301757812500e+02
7.029220750850067922e+00 3.350183105468750000e+02
7.032655503232598804e+00 3.375265808105468750e+02
7.036090255615130573e+00 3.333127441406250000e+02
7.039525007997661454e+00 3.275238647460937500e+02
7.042959760380193224e+00 3.301444091796875000e+02
7.046394512762724105e+00 3.298742065429687500e+02
7.049829265145254986e+00 3.280440063476562500e+02
7.053264017527785867e+00 3.281232604980468750e+02
7.056698769910317637e+00 3.278350219726562500e+02
7.060133522292848518e+00 3.237810974121093750e+02
7.063568274675379399e+00 3.228935852050781250e+02
7.067003027057911169e+00 3.329900817871093750e+02
7.070437779440442050e+00 3.445738220214843750e+02
7.073872531822972931e+00 3.499176635742187500e+02
7.077307284205503812e+00 3.499775085449218750e+02
7.080742036588035582e+00 3.485532226562500000e+02
7.084176788970566463e+00 3.443159484863281250e+02
7.087611541353098232e+00 3.397395629882812500e+02
7.091046293735629114e+00 3.483574218750000000e+02
7.094481046118160883e+00 3.558268432617187500e+02
7.097915798500691764e+00 3.557127075195312500e+02
7.101350550883222645e+00 3.497919006347656250e+02
7.104785303265753527e+00 3.485253601074218750e+02
7.108220055648285296e+00 3.442009887695312500e+02
7.111654808030816177e+00 3.340473632812500000e+02
7.115089560413347947e+00 3.216760253906250000e+02
7.118524312795878828e+00 3.181672058105468750e+02
7.121959065178410597e+00 3.220528564453125000e+02
7.125393817560940590e+00 3.266078796386718750e+02
7.128828569943472360e+00 3.248316955566406250e+02
7.132263322326003241e+00 3.200655517578125000e+02
7.135698074708535010e+00 3.143118286132812500e+02
7.139132827091065892e+00 3.189895935058593750e+02
7.142567579473596773e+00 3.241196594238281250e+02
7.146002331856128542e+00 3.239930114746093750e+02
7.149437084238658535e+00 3.208715820312500000e+02
7.152871836621190305e+00 3.189930419921875000e+02
7.156306589003721186e+00 3.187450561523437500e+02
7.159741341386252955e+00 3.265787658691406250e+02
7.163176093768782948e+00 3.305995178222656250e+02
7.166610846151314718e+00 3.332338867187500000e+02
7.170045598533845599e+00 3.351224975585937500e+02
7.173480350916377368e+00 3.328849182128906250e+02
7.176915103298908249e+00 3.327134094238281250e+02
7.180349855681440019e+00 3.312864379882812500e+02
7.183784608063970900e+00 3.244583129882812500e+02
7.187219360446502670e+00 3.217987976074218750e+02
7.190654112829033551e+00 3.223092651367187500e+02
7.194088865211565320e+00 3.256674804687500000e+02
7.197523617594096201e+00 3.246949462890625000e+02
7.200958369976627971e+00 3.245263977050781250e+02
7.204393122359158852e+00 3.257251281738281250e+02
7.207827874741689733e+00 3.241943664550781250e+02
7.211262627124221503e+00 3.201000366210937500e+02
7.214697379506751496e+00 3.156110839843750000e+02
7.218132131889282377e+00 3.150904541015625000e+02
7.221566884271814146e+00 3.106660461425781250e+02
7.225001636654345027e+00 3.071202697753906250e+02
7.228436389036875909e+00 3.048883056640625000e+02
7.231871141419407678e+00 3.076018676757812500e+02
7.235305893801938559e+00 3.098568725585937500e+02
7.238740646184470329e+00 3.158090820312500000e+02
7.242175398567001210e+00 3.174244384765625000e+02
7.245610150949532979e+00 3.156292114257812500e+02
7.249044903332063861e+00 3.147145080566406250e+02
7.252479655714595630e+00 3.190693664550781250e+02
7.255914408097126511e+00 3.176423034667968750e+02
7.259349160479658281e+00 3.126661987304687500e+02
7.262783912862187385e+00 3.065400085449218750e+02
7.266218665244719155e+00 3.033644714355468750e+02
7.269653417627250036e+00 2.993749694824218750e+02
7.273088170009781805e+00 2.964396667480468750e+02
7.276522922392312687e+00 2.922776794433593750e+02
7.279957674774844456e+00 2.872703247070312500e+02
7.283392427157375337e+00 2.827584228515625000e+02
7.286827179539907107e+00 2.833630676269531250e+02
7.290261931922437988e+00 2.805021057128906250e+02
7.293696684304968869e+00 2.750581970214843750e+02
7.297131436687500639e+00 2.651365966796875000e+02
7.300566189070031520e+00 2.622857971191406250e+02
7.304000941452563289e+00 2.524384002685546875e+02
7.307435693835094170e+00 2.490383453369140625e+02
7.310870446217625940e+00 2.412218322753906250e+02
7.314305198600155045e+00 2.380607604980468750e+02
7.317739950982686814e+00 2.322831420898437500e+02
7.321174703365217695e+00 2.219409332275390625e+02
7.324609455747749465e+00 2.264223175048828125e+02
7.328044208130280346e+00 2.328330535888671875e+02
7.331478960512812115e+00 2.358989105224609375e+02
7.334913712895342996e+00 2.318667144775390625e+02
7.338348465277874766e+00 2.297207489013671875e+02
7.341783217660405647e+00 2.267781982421875000e+02
7.345217970042937417e+00 2.197512207031250000e+02
7.348652722425468298e+00 2.125301818847656250e+02
7.352087474808000067e+00 2.119330749511718750e+02
7.355522227190530948e+00 2.143155212402343750e+02
7.358956979573061830e+00 2.271296997070312500e+02
7.362391731955593599e+00 2.261524658203125000e+02
7.365826484338123592e+00 2.173951416015625000e+02
7.369261236720654473e+00 2.150471649169921875e+02
7.372695989103186243e+00 2.087560729980468750e+02
7.376130741485717124e+00 2.152843475341796875e+02
7.379565493868248005e+00 2.242632446289062500e+02
7.383000246250779774e+00 2.138932037353515625e+02
7.386434998633310656e+00 2.104988861083984375e+02
7.389869751015842425e+00 1.990127410888671875e+02
7.393304503398373306e+00 1.918642578125000000e+02
7.396739255780905076e+00 1.850631561279296875e+02
7.400174008163435957e+00 1.832545623779296875e+02
7.403608760545967726e+00 1.875775604248046875e+02
7.407043512928498608e+00 1.956608886718750000e+02
7.410478265311030377e+00 1.793979339599609375e+02
7.413913017693559482e+00 1.659302520751953125e+02
7.417347770076091251e+00 1.532583923339843750e+02
7.420782522458622132e+00 1.478192291259765625e+02
7.424217274841153902e+00 1.453948516845703125e+02
7.427652027223684783e+00 1.638105468750000000e+02
7.431086779606216552e+00 1.724134216308593750e+02
7.434521531988747434e+00 1.596821594238281250e+02
7.437956284371279203e+00 0.000000000000000000e+00
