# # sector 22: chi = 44.98 deg (range [40, 50))
# # columns: 2theta(deg)  intensity
1.052751605245807909e+00 1.250458618164062500e+03
1.056186357628339012e+00 1.261326293945312500e+03
1.059621110010870337e+00 1.266449829101562500e+03
1.063055862393401441e+00 1.268838500976562500e+03
1.066490614775932544e+00 1.260934692382812500e+03
1.069925367158463869e+00 1.254446899414062500e+03
1.073360119540994972e+00 1.251912841796875000e+03
1.076794871923526298e+00 1.253799804687500000e+03
1.080229624306057401e+00 1.264391357421875000e+03
1.083664376688588726e+00 1.270768310546875000e+03
1.087099129071119830e+00 1.275271728515625000e+03
1.090533881453650933e+00 1.277709716796875000e+03
1.093968633836182036e+00 1.282600341796875000e+03
1.097403386218713361e+00 1.286468017578125000e+03
1.100838138601244465e+00 1.288650512695312500e+03
1.104272890983775568e+00 1.297857421875000000e+03
1.107707643366306893e+00 1.306907836914062500e+03
1.111142395748837997e+00 1.307998535156250000e+03
1.114577148131369322e+00 1.303263916015625000e+03
1.118011900513900425e+00 1.314479736328125000e+03
1.121446652896431750e+00 1.329788085937500000e+03
1.124881405278962854e+00 1.344365966796875000e+03
1.128316157661493957e+00 1.333593383789062500e+03
1.131750910044025060e+00 1.324366088867187500e+03
1.135185662426556386e+00 1.308788574218750000e+03
1.138620414809087489e+00 1.311958251953125000e+03
1.142055167191618592e+00 1.314057128906250000e+03
1.145489919574149917e+00 1.327749267578125000e+03
1.148924671956681021e+00 1.323772583007812500e+03
1.152359424339212346e+00 1.317173461914062500e+03
1.155794176721743449e+00 1.303176635742187500e+03
1.159228929104274775e+00 1.305097534179687500e+03
1.162663681486805878e+00 1.309132080078125000e+03
1.166098433869336981e+00 1.318451049804687500e+03
1.169533186251868084e+00 1.319536499023437500e+03
1.172967938634399410e+00 1.324642333984375000e+03
1.176402691016930513e+00 1.322103027343750000e+03
1.179837443399461616e+00 1.331317626953125000e+03
1.183272195781992941e+00 1.324745361328125000e+03
1.186706948164524045e+00 1.317327026367187500e+03
1.190141700547055370e+00 1.305526245117187500e+03
1.193576452929586473e+00 1.307138427734375000e+03
1.197011205312117799e+00 1.320270751953125000e+03
1.200445957694648902e+00 1.341062500000000000e+03
1.203880710077180005e+00 1.354993286132812500e+03
1.207315462459711108e+00 1.357101806640625000e+03
1.210750214842242434e+00 1.345061523437500000e+03
1.214184967224773537e+00 1.340905029296875000e+03
1.217619719607304640e+00 1.341642944335937500e+03
1.221054471989835966e+00 1.350025268554687500e+03
1.224489224372367069e+00 1.358388061523437500e+03
1.227923976754898394e+00 1.365485717773437500e+03
1.231358729137429497e+00 1.366164672851562500e+03
1.234793481519960823e+00 1.365179687500000000e+03
1.238228233902491926e+00 1.374073730468750000e+03
1.241662986285023029e+00 1.387125976562500000e+03
1.245097738667554133e+00 1.393126831054687500e+03
1.248532491050085236e+00 1.379247314453125000e+03
1.251967243432616561e+00 1.361634399414062500e+03
1.255401995815147664e+00 1.354400512695312500e+03
1.258836748197678990e+00 1.361092285156250000e+03
1.262271500580210093e+00 1.374271606445312500e+03
1.265706252962741418e+00 1.385072387695312500e+03
1.269141005345272522e+00 1.383110229492187500e+03
1.272575757727803847e+00 1.382895141601562500e+03
1.276010510110334950e+00 1.389946655273437500e+03
1.279445262492866053e+00 1.397698120117187500e+03
1.282880014875397157e+00 1.407449829101562500e+03
1.286314767257928260e+00 1.406383789062500000e+03
1.289749519640459585e+00 1.414377197265625000e+03
1.293184272022990688e+00 1.412430541992187500e+03
1.296619024405522014e+00 1.416918945312500000e+03
1.300053776788053117e+00 1.416721679687500000e+03
1.303488529170584442e+00 1.423546997070312500e+03
1.306923281553115546e+00 1.429051269531250000e+03
1.310358033935646871e+00 1.441332763671875000e+03
1.313792786318177974e+00 1.439087524414062500e+03
1.317227538700709077e+00 1.445156616210937500e+03
1.320662291083240181e+00 1.444059326171875000e+03
1.324097043465771284e+00 1.447688232421875000e+03
1.327531795848302609e+00 1.456821899414062500e+03
1.330966548230833713e+00 1.481715087890625000e+03
1.334401300613365038e+00 1.512094238281250000e+03
1.337836052995896141e+00 1.533928222656250000e+03
1.341270805378427466e+00 1.562377319335937500e+03
1.344705557760958570e+00 1.582978149414062500e+03
1.348140310143489895e+00 1.588328979492187500e+03
1.351575062526020998e+00 1.569784912109375000e+03
1.355009814908552102e+00 1.539234252929687500e+03
1.358444567291083205e+00 1.514967529296875000e+03
1.361879319673614308e+00 1.497861694335937500e+03
1.365314072056145633e+00 1.488659912109375000e+03
1.368748824438676737e+00 1.478364746093750000e+03
1.372183576821208062e+00 1.465802246093750000e+03
1.375618329203739165e+00 1.462444946289062500e+03
1.379053081586270491e+00 1.463112670898437500e+03
1.382487833968801594e+00 1.457973876953125000e+03
1.385922586351332919e+00 1.462555908203125000e+03
1.389357338733864022e+00 1.461682861328125000e+03
1.392792091116395126e+00 1.468290039062500000e+03
1.396226843498926229e+00 1.464858154296875000e+03
1.399661595881457332e+00 1.470708618164062500e+03
1.403096348263988657e+00 1.480555664062500000e+03
1.406531100646519761e+00 1.489247924804687500e+03
1.409965853029051086e+00 1.494673950195312500e+03
1.413400605411582189e+00 1.491029663085937500e+03
1.416835357794113515e+00 1.488968261718750000e+03
1.420270110176644618e+00 1.496328491210937500e+03
1.423704862559175943e+00 1.497542114257812500e+03
1.427139614941707046e+00 1.486076171875000000e+03
1.430574367324238150e+00 1.474301269531250000e+03
1.434009119706769253e+00 1.470847534179687500e+03
1.437443872089300356e+00 1.486061157226562500e+03
1.440878624471831682e+00 1.489338623046875000e+03
1.444313376854362785e+00 1.491666625976562500e+03
1.447748129236894110e+00 1.489235229492187500e+03
1.451182881619425213e+00 1.490263061523437500e+03
1.454617634001956539e+00 1.497776367187500000e+03
1.458052386384487642e+00 1.501435913085937500e+03
1.461487138767018967e+00 1.515302734375000000e+03
1.464921891149550071e+00 1.521212402343750000e+03
1.468356643532081174e+00 1.521078491210937500e+03
1.471791395914612277e+00 1.512620239257812500e+03
1.475226148297143380e+00 1.505499267578125000e+03
1.478660900679674706e+00 1.500483642578125000e+03
1.482095653062205809e+00 1.505171264648437500e+03
1.485530405444737134e+00 1.505405395507812500e+03
1.488965157827268238e+00 1.512525878906250000e+03
1.492399910209799563e+00 1.507699707031250000e+03
1.495834662592330666e+00 1.504269653320312500e+03
1.499269414974861991e+00 1.504283447265625000e+03
1.502704167357393095e+00 1.506905883789062500e+03
1.506138919739924198e+00 1.507859008789062500e+03
1.509573672122455301e+00 1.500019042968750000e+03
1.513008424504986404e+00 1.496003906250000000e+03
1.516443176887517730e+00 1.494335449218750000e+03
1.519877929270048833e+00 1.506852783203125000e+03
1.523312681652580158e+00 1.513199340820312500e+03
1.526747434035111262e+00 1.526062622070312500e+03
1.530182186417642587e+00 1.525338256835937500e+03
1.533616938800173690e+00 1.518632934570312500e+03
1.537051691182705015e+00 1.512462646484375000e+03
1.540486443565236119e+00 1.521391357421875000e+03
1.543921195947767222e+00 1.542644775390625000e+03
1.547355948330298325e+00 1.549972290039062500e+03
1.550790700712829429e+00 1.553509277343750000e+03
1.554225453095360754e+00 1.556625976562500000e+03
1.557660205477891857e+00 1.553761108398437500e+03
1.561094957860423182e+00 1.543581787109375000e+03
1.564529710242954286e+00 1.532043701171875000e+03
1.567964462625485611e+00 1.523892089843750000e+03
1.571399215008016714e+00 1.521567626953125000e+03
1.574833967390548040e+00 1.525904296875000000e+03
1.578268719773079143e+00 1.537396972656250000e+03
1.581703472155610246e+00 1.546513183593750000e+03
1.585138224538141349e+00 1.555434814453125000e+03
1.588572976920672453e+00 1.555851440429687500e+03
1.592007729303203778e+00 1.548046142578125000e+03
1.595442481685734881e+00 1.545699707031250000e+03
1.598877234068266207e+00 1.556907714843750000e+03
1.602311986450797310e+00 1.568750122070312500e+03
1.605746738833328635e+00 1.575232055664062500e+03
1.609181491215859738e+00 1.586564086914062500e+03
1.612616243598391064e+00 1.611170043945312500e+03
1.616050995980922167e+00 1.649237060546875000e+03
1.619485748363453270e+00 1.701672241210937500e+03
1.622920500745984373e+00 1.753980834960937500e+03
1.626355253128515477e+00 1.820700317382812500e+03
1.629790005511046802e+00 1.855575317382812500e+03
1.633224757893577905e+00 1.844994018554687500e+03
1.636659510276109231e+00 1.791989257812500000e+03
1.640094262658640334e+00 1.708610107421875000e+03
1.643529015041171659e+00 1.658036621093750000e+03
1.646963767423702762e+00 1.611183715820312500e+03
1.650398519806234088e+00 1.587764038085937500e+03
1.653833272188765191e+00 1.570665161132812500e+03
1.657268024571296294e+00 1.560347167968750000e+03
1.660702776953827398e+00 1.548652587890625000e+03
1.664137529336358501e+00 1.539310668945312500e+03
1.667572281718889826e+00 1.536461791992187500e+03
1.671007034101420929e+00 1.547747558593750000e+03
1.674441786483952255e+00 1.558448730468750000e+03
1.677876538866483358e+00 1.568617919921875000e+03
1.681311291249014683e+00 1.572946777343750000e+03
1.684746043631545787e+00 1.566728393554687500e+03
1.688180796014076890e+00 1.555608276367187500e+03
1.691615548396608215e+00 1.537483764648437500e+03
1.695050300779139318e+00 1.535932739257812500e+03
1.698485053161670422e+00 1.533618041992187500e+03
1.701919805544201525e+00 1.535393066406250000e+03
1.705354557926732850e+00 1.531643310546875000e+03
1.708789310309263954e+00 1.530580932617187500e+03
1.712224062691795279e+00 1.534229614257812500e+03
1.715658815074326382e+00 1.534307373046875000e+03
1.719093567456857707e+00 1.530872436523437500e+03
1.722528319839388811e+00 1.527999023437500000e+03
1.725963072221919914e+00 1.529209960937500000e+03
1.729397824604451239e+00 1.529819580078125000e+03
1.732832576986982343e+00 1.516557006835937500e+03
1.736267329369513446e+00 1.511875610351562500e+03
1.739702081752044549e+00 1.507761718750000000e+03
1.743136834134575874e+00 1.512232177734375000e+03
1.746571586517106978e+00 1.507793457031250000e+03
1.750006338899638303e+00 1.512465698242187500e+03
1.753441091282169406e+00 1.506450073242187500e+03
1.756875843664700731e+00 1.499002563476562500e+03
1.760310596047231835e+00 1.487381103515625000e+03
1.763745348429762938e+00 1.484694335937500000e+03
1.767180100812294263e+00 1.501019775390625000e+03
1.770614853194825367e+00 1.512393066406250000e+03
1.774049605577356470e+00 1.536838745117187500e+03
1.777484357959887573e+00 1.545668579101562500e+03
1.780919110342418898e+00 1.549822998046875000e+03
1.784353862724950002e+00 1.534606445312500000e+03
1.787788615107481327e+00 1.510048217773437500e+03
1.791223367490012208e+00 1.487555786132812500e+03
1.794658119872543534e+00 1.460017578125000000e+03
1.798092872255074859e+00 1.442528076171875000e+03
1.801527624637606184e+00 1.439643432617187500e+03
1.804962377020137065e+00 1.442934082031250000e+03
1.808397129402668391e+00 1.451675781250000000e+03
1.811831881785199494e+00 1.446233276367187500e+03
1.815266634167730819e+00 1.439660644531250000e+03
1.818701386550261700e+00 1.426130493164062500e+03
1.822136138932793026e+00 1.415547851562500000e+03
1.825570891315324351e+00 1.409418090820312500e+03
1.829005643697855676e+00 1.405689819335937500e+03
1.832440396080386558e+00 1.401302978515625000e+03
1.835875148462917883e+00 1.391388916015625000e+03
1.839309900845449208e+00 1.374178955078125000e+03
1.842744653227980089e+00 1.362353027343750000e+03
1.846179405610511415e+00 1.359650634765625000e+03
1.849614157993042740e+00 1.353024658203125000e+03
1.853048910375573843e+00 1.351803588867187500e+03
1.856483662758104725e+00 1.347262207031250000e+03
1.859918415140636050e+00 1.345483276367187500e+03
1.863353167523167375e+00 1.339511718750000000e+03
1.866787919905698701e+00 1.336516723632812500e+03
1.870222672288229582e+00 1.330619506835937500e+03
1.873657424670760907e+00 1.332648559570312500e+03
1.877092177053292232e+00 1.335935668945312500e+03
1.880526929435823114e+00 1.333768432617187500e+03
1.883961681818354439e+00 1.328729370117187500e+03
1.887396434200885764e+00 1.327011352539062500e+03
1.890831186583416867e+00 1.326817749023437500e+03
1.894265938965947749e+00 1.313879638671875000e+03
1.897700691348479074e+00 1.296718872070312500e+03
1.901135443731010399e+00 1.285126708984375000e+03
1.904570196113541725e+00 1.279762695312500000e+03
1.908004948496072606e+00 1.275647460937500000e+03
1.911439700878603931e+00 1.266171875000000000e+03
1.914874453261135256e+00 1.255371459960937500e+03
1.918309205643666138e+00 1.243915039062500000e+03
1.921743958026197463e+00 1.234485961914062500e+03
1.925178710408728788e+00 1.229242553710937500e+03
1.928613462791259892e+00 1.226523559570312500e+03
1.932048215173790773e+00 1.228386596679687500e+03
1.935482967556322098e+00 1.216720947265625000e+03
1.938917719938853423e+00 1.203020019531250000e+03
1.942352472321384749e+00 1.186082519531250000e+03
1.945787224703915630e+00 1.176205566406250000e+03
1.949221977086446955e+00 1.179408325195312500e+03
1.952656729468978281e+00 1.190928100585937500e+03
1.956091481851509162e+00 1.201550659179687500e+03
1.959526234234040487e+00 1.203824951171875000e+03
1.962960986616571812e+00 1.195640380859375000e+03
1.966395738999102916e+00 1.193385620117187500e+03
1.969830491381633797e+00 1.184193847656250000e+03
1.973265243764165122e+00 1.185646606445312500e+03
1.976699996146696447e+00 1.182255737304687500e+03
1.980134748529227329e+00 1.198715332031250000e+03
1.983569500911758654e+00 1.221918457031250000e+03
1.987004253294289979e+00 1.268333862304687500e+03
1.990439005676821305e+00 1.341879150390625000e+03
1.993873758059352186e+00 1.412276367187500000e+03
1.997308510441883511e+00 1.492644653320312500e+03
2.000743262824414614e+00 1.547769042968750000e+03
2.004178015206945940e+00 1.550165771484375000e+03
2.007612767589476821e+00 1.500843994140625000e+03
2.011047519972008146e+00 1.401458007812500000e+03
2.014482272354539472e+00 1.318692260742187500e+03
2.017917024737070353e+00 1.243318237304687500e+03
2.021351777119601678e+00 1.190331420898437500e+03
2.024786529502133003e+00 1.157761718750000000e+03
2.028221281884664329e+00 1.135329956054687500e+03
2.031656034267195210e+00 1.118265014648437500e+03
2.035090786649726535e+00 1.115234130859375000e+03
2.038525539032257861e+00 1.114214721679687500e+03
2.041960291414789186e+00 1.115679931640625000e+03
2.045395043797320067e+00 1.106019287109375000e+03
2.048829796179851392e+00 1.093257202148437500e+03
2.052264548562382718e+00 1.079012939453125000e+03
2.055699300944913599e+00 1.074304443359375000e+03
2.059134053327444924e+00 1.077149291992187500e+03
2.062568805709975805e+00 1.079081054687500000e+03
2.066003558092507131e+00 1.085314208984375000e+03
2.069438310475038012e+00 1.085770751953125000e+03
2.072873062857569337e+00 1.091983398437500000e+03
2.076307815240100663e+00 1.091596679687500000e+03
2.079742567622631988e+00 1.088448974609375000e+03
2.083177320005162869e+00 1.081311279296875000e+03
2.086612072387694194e+00 1.070385131835937500e+03
2.090046824770225520e+00 1.064040283203125000e+03
2.093481577152756401e+00 1.064001464843750000e+03
2.096916329535287726e+00 1.060892333984375000e+03
2.100351081917819052e+00 1.055549926757812500e+03
2.103785834300350377e+00 1.040786132812500000e+03
2.107220586682881258e+00 1.031386352539062500e+03
2.110655339065412583e+00 1.034416259765625000e+03
2.114090091447943909e+00 1.034797119140625000e+03
2.117524843830475234e+00 1.043674804687500000e+03
2.120959596213006115e+00 1.036949951171875000e+03
2.124394348595537441e+00 1.028123535156250000e+03
2.127829100978068766e+00 1.016073486328125000e+03
2.131263853360599647e+00 1.008096191406250000e+03
2.134698605743130972e+00 1.003833923339843750e+03
2.138133358125661854e+00 9.954950561523437500e+02
2.141568110508193179e+00 9.911662597656250000e+02
2.145002862890724060e+00 9.849100341796875000e+02
2.148437615273255386e+00 9.843879394531250000e+02
2.151872367655786711e+00 9.878399047851562500e+02
2.155307120038318036e+00 9.941171264648437500e+02
2.158741872420848917e+00 9.964846191406250000e+02
2.162176624803380243e+00 9.921423339843750000e+02
2.165611377185911568e+00 9.896394042968750000e+02
2.169046129568442449e+00 9.825827026367187500e+02
2.172480881950973775e+00 9.779458007812500000e+02
2.175915634333505100e+00 9.731738281250000000e+02
2.179350386716036425e+00 9.762305908203125000e+02
2.182785139098567306e+00 9.800270996093750000e+02
2.186219891481098632e+00 9.804114379882812500e+02
2.189654643863629957e+00 9.759180908203125000e+02
2.193089396246161282e+00 9.712443237304687500e+02
2.196524148628692163e+00 9.702980346679687500e+02
2.199958901011223489e+00 9.655194091796875000e+02
2.203393653393754814e+00 9.665671386718750000e+02
2.206828405776285695e+00 9.597553710937500000e+02
2.210263158158817021e+00 9.568563842773437500e+02
2.213697910541347902e+00 9.380443725585937500e+02
2.217132662923879227e+00 9.348771972656250000e+02
2.220567415306410108e+00 9.342078857421875000e+02
2.224002167688941434e+00 9.420668945312500000e+02
2.227436920071472759e+00 9.396358032226562500e+02
2.230871672454004084e+00 9.359840698242187500e+02
2.234306424836534966e+00 9.285338134765625000e+02
2.237741177219066291e+00 9.256237182617187500e+02
2.241175929601597616e+00 9.217468261718750000e+02
2.244610681984128497e+00 9.276286621093750000e+02
2.248045434366659823e+00 9.274039916992187500e+02
2.251480186749191148e+00 9.280975341796875000e+02
2.254914939131722473e+00 9.177377319335937500e+02
2.258349691514253355e+00 9.135524902343750000e+02
2.261784443896784680e+00 9.078084106445312500e+02
2.265219196279316005e+00 9.021507568359375000e+02
2.268653948661847330e+00 8.952465820312500000e+02
2.272088701044378212e+00 8.884367065429687500e+02
2.275523453426909537e+00 8.926699829101562500e+02
2.278958205809440862e+00 8.996290283203125000e+02
2.282392958191971744e+00 9.016771240234375000e+02
2.285827710574503069e+00 9.004257202148437500e+02
2.289262462957033950e+00 8.975012207031250000e+02
2.292697215339565275e+00 8.994311523437500000e+02
2.296131967722096157e+00 9.009644165039062500e+02
2.299566720104627482e+00 9.152225952148437500e+02
2.303001472487158807e+00 9.391857910156250000e+02
2.306436224869690133e+00 9.817330932617187500e+02
2.309870977252221014e+00 1.062954833984375000e+03
2.313305729634752339e+00 1.143536132812500000e+03
2.316740482017283664e+00 1.230157714843750000e+03
2.320175234399814546e+00 1.260709838867187500e+03
2.323609986782345871e+00 1.237508544921875000e+03
2.327044739164877196e+00 1.164786499023437500e+03
2.330479491547408522e+00 1.063799072265625000e+03
2.333914243929939403e+00 9.955814208984375000e+02
2.337348996312470728e+00 9.418226318359375000e+02
2.340783748695002053e+00 9.056814575195312500e+02
2.344218501077533379e+00 8.879471435546875000e+02
2.347653253460064260e+00 8.713855590820312500e+02
2.351088005842595585e+00 8.572694091796875000e+02
2.354522758225126911e+00 8.498162231445312500e+02
2.357957510607657792e+00 8.506693725585937500e+02
2.361392262990189117e+00 8.533519287109375000e+02
2.364827015372720442e+00 8.545693969726562500e+02
2.368261767755251324e+00 8.569996337890625000e+02
2.371696520137782205e+00 8.581117553710937500e+02
2.375131272520313530e+00 8.563593139648437500e+02
2.378566024902844855e+00 8.488998413085937500e+02
2.382000777285376181e+00 8.393538208007812500e+02
2.385435529667907062e+00 8.370451660156250000e+02
2.388870282050438387e+00 8.391889648437500000e+02
2.392305034432969713e+00 8.500236816406250000e+02
2.395739786815500594e+00 8.456096191406250000e+02
2.399174539198031919e+00 8.418408203125000000e+02
2.402609291580563244e+00 8.317084960937500000e+02
2.406044043963094570e+00 8.278811035156250000e+02
2.409478796345625451e+00 8.232518920898437500e+02
2.412913548728156776e+00 8.209528198242187500e+02
2.416348301110688102e+00 8.246271972656250000e+02
2.419783053493219427e+00 8.297113647460937500e+02
2.423217805875750308e+00 8.347127075195312500e+02
2.426652558258281633e+00 8.335963745117187500e+02
2.430087310640812959e+00 8.192654418945312500e+02
2.433522063023343840e+00 8.153402099609375000e+02
2.436956815405875165e+00 8.121566772460937500e+02
2.440391567788406491e+00 8.221178588867187500e+02
2.443826320170937372e+00 8.167956542968750000e+02
2.447261072553468253e+00 8.133704833984375000e+02
2.450695824935999578e+00 8.100219116210937500e+02
2.454130577318530904e+00 8.050928955078125000e+02
2.457565329701061785e+00 8.070865478515625000e+02
2.461000082083593110e+00 8.087697143554687500e+02
2.464434834466124435e+00 8.076956787109375000e+02
2.467869586848655761e+00 8.014963378906250000e+02
2.471304339231186642e+00 7.944943847656250000e+02
2.474739091613717967e+00 7.978421630859375000e+02
2.478173843996249293e+00 8.007252197265625000e+02
2.481608596378780618e+00 7.994946289062500000e+02
2.485043348761311499e+00 7.987724609375000000e+02
2.488478101143842824e+00 7.970955810546875000e+02
2.491912853526374150e+00 8.083087768554687500e+02
2.495347605908905031e+00 8.204169921875000000e+02
2.498782358291436356e+00 8.469057006835937500e+02
2.502217110673967682e+00 8.760209960937500000e+02
2.505651863056499007e+00 9.156560668945312500e+02
2.509086615439029888e+00 9.400984497070312500e+02
2.512521367821561213e+00 9.381688232421875000e+02
2.515956120204092539e+00 9.148705444335937500e+02
2.519390872586623420e+00 8.849923706054687500e+02
2.522825624969154301e+00 8.512167358398437500e+02
2.526260377351685626e+00 8.239435424804687500e+02
2.529695129734216952e+00 8.021242675781250000e+02
2.533129882116747833e+00 7.886719970703125000e+02
2.536564634499279158e+00 7.844259643554687500e+02
2.539999386881810484e+00 7.809137573242187500e+02
2.543434139264341809e+00 7.835468139648437500e+02
2.546868891646872690e+00 7.779038085937500000e+02
2.550303644029404015e+00 7.755546875000000000e+02
2.553738396411935341e+00 7.658692016601562500e+02
2.557173148794466666e+00 7.595698852539062500e+02
2.560607901176997547e+00 7.569181518554687500e+02
2.564042653559528873e+00 7.525510864257812500e+02
2.567477405942060198e+00 7.480823974609375000e+02
2.570912158324591079e+00 7.419003906250000000e+02
2.574346910707122404e+00 7.463212890625000000e+02
2.577781663089653730e+00 7.493003540039062500e+02
2.581216415472185055e+00 7.591808471679687500e+02
2.584651167854715936e+00 7.585848999023437500e+02
2.588085920237247262e+00 7.603495483398437500e+02
2.591520672619778587e+00 7.539092407226562500e+02
2.594955425002309468e+00 7.457164916992187500e+02
2.598390177384840349e+00 7.426827392578125000e+02
2.601824929767371675e+00 7.386401367187500000e+02
2.605259682149903000e+00 7.425344238281250000e+02
2.608694434532433881e+00 7.425659179687500000e+02
2.612129186914965207e+00 7.471197509765625000e+02
2.615563939297496532e+00 7.503897094726562500e+02
2.618998691680027857e+00 7.540299682617187500e+02
2.622433444062558738e+00 7.492081909179687500e+02
2.625868196445090064e+00 7.387251586914062500e+02
2.629302948827621389e+00 7.340010986328125000e+02
2.632737701210152714e+00 7.364467163085937500e+02
2.636172453592683596e+00 7.393892211914062500e+02
2.639607205975214921e+00 7.400529174804687500e+02
2.643041958357746246e+00 7.343775634765625000e+02
2.646476710740277127e+00 7.365383911132812500e+02
2.649911463122808453e+00 7.309523925781250000e+02
2.653346215505339778e+00 7.321032104492187500e+02
2.656780967887871103e+00 7.308134765625000000e+02
2.660215720270401984e+00 7.309487915039062500e+02
2.663650472652933310e+00 7.288295288085937500e+02
2.667085225035464635e+00 7.220036010742187500e+02
2.670519977417995516e+00 7.085549316406250000e+02
2.673954729800526398e+00 6.998151245117187500e+02
2.677389482183057723e+00 6.966425170898437500e+02
2.680824234565589048e+00 6.957788085937500000e+02
2.684258986948119929e+00 7.019417724609375000e+02
2.687693739330651255e+00 7.044281005859375000e+02
2.691128491713182580e+00 7.171743164062500000e+02
2.694563244095713905e+00 7.210261840820312500e+02
2.697997996478244787e+00 7.224891967773437500e+02
2.701432748860776112e+00 7.147244262695312500e+02
2.704867501243307437e+00 7.092494506835937500e+02
2.708302253625838762e+00 7.061154785156250000e+02
2.711737006008369644e+00 7.084829101562500000e+02
2.715171758390900969e+00 7.100906982421875000e+02
2.718606510773432294e+00 7.070991210937500000e+02
2.722041263155963176e+00 7.004420166015625000e+02
2.725476015538494501e+00 6.997379760742187500e+02
2.728910767921025826e+00 6.989747924804687500e+02
2.732345520303557151e+00 7.022057495117187500e+02
2.735780272686088033e+00 6.991834716796875000e+02
2.739215025068619358e+00 7.011679687500000000e+02
2.742649777451150683e+00 7.046184082031250000e+02
2.746084529833681565e+00 7.193720092773437500e+02
2.749519282216212890e+00 7.509322509765625000e+02
2.752954034598743771e+00 8.070585937500000000e+02
2.756388786981275096e+00 9.001616210937500000e+02
2.759823539363805978e+00 1.010345275878906250e+03
2.763258291746337303e+00 1.115355590820312500e+03
2.766693044128868628e+00 1.188880981445312500e+03
2.770127796511399954e+00 1.174305664062500000e+03
2.773562548893930835e+00 1.103755615234375000e+03
2.776997301276462160e+00 9.818675537109375000e+02
2.780432053658993485e+00 8.759818725585937500e+02
2.783866806041524811e+00 7.956430053710937500e+02
2.787301558424055692e+00 7.436556396484375000e+02
2.790736310806587017e+00 7.189880981445312500e+02
2.794171063189118343e+00 7.053932495117187500e+02
2.797605815571649224e+00 7.002230834960937500e+02
2.801040567954180549e+00 6.951236572265625000e+02
2.804475320336711874e+00 6.976211547851562500e+02
2.807910072719243200e+00 6.958853759765625000e+02
2.811344825101774081e+00 7.086608276367187500e+02
2.814779577484305406e+00 7.034456176757812500e+02
2.818214329866836731e+00 7.018790893554687500e+02
2.821649082249367613e+00 6.965217895507812500e+02
2.825083834631898938e+00 7.132919921875000000e+02
2.828518587014429819e+00 7.498336791992187500e+02
2.831953339396961145e+00 7.928456420898437500e+02
2.835388091779492026e+00 8.244349365234375000e+02
2.838822844162023351e+00 8.352963256835937500e+02
2.842257596544554676e+00 8.234175415039062500e+02
2.845692348927086002e+00 7.972855224609375000e+02
2.849127101309616883e+00 7.561170043945312500e+02
2.852561853692148208e+00 7.158070068359375000e+02
2.855996606074679534e+00 6.992713623046875000e+02
2.859431358457210415e+00 6.904181518554687500e+02
2.862866110839741740e+00 6.843189697265625000e+02
2.866300863222273065e+00 6.739850463867187500e+02
2.869735615604804391e+00 6.731519165039062500e+02
2.873170367987335272e+00 6.723480224609375000e+02
2.876605120369866597e+00 6.744968872070312500e+02
2.880039872752397923e+00 6.770325317382812500e+02
2.883474625134929248e+00 6.832443237304687500e+02
2.886909377517460129e+00 6.768661499023437500e+02
2.890344129899991454e+00 6.786719970703125000e+02
2.893778882282522780e+00 6.886207275390625000e+02
2.897213634665053661e+00 7.015073242187500000e+02
2.900648387047584986e+00 7.060612792968750000e+02
2.904083139430115867e+00 7.039801025390625000e+02
2.907517891812647193e+00 7.054508056640625000e+02
2.910952644195178074e+00 7.055111083984375000e+02
2.914387396577709399e+00 7.042883300781250000e+02
2.917822148960240725e+00 7.067130737304687500e+02
2.921256901342772050e+00 7.145245971679687500e+02
2.924691653725302931e+00 7.336405639648437500e+02
2.928126406107834256e+00 7.673303833007812500e+02
2.931561158490365582e+00 8.005009765625000000e+02
2.934995910872896463e+00 8.358243408203125000e+02
2.938430663255427788e+00 8.685174560546875000e+02
2.941865415637959114e+00 8.879234008789062500e+02
2.945300168020490439e+00 8.966328735351562500e+02
2.948734920403021320e+00 9.089624023437500000e+02
2.952169672785552645e+00 9.385072631835937500e+02
2.955604425168083971e+00 1.017122436523437500e+03
2.959039177550615296e+00 1.235127075195312500e+03
2.962473929933146177e+00 1.713136108398437500e+03
2.965908682315677503e+00 2.562463867187500000e+03
2.969343434698208828e+00 4.328294921875000000e+03
2.972778187080739709e+00 6.487294921875000000e+03
2.976212939463271034e+00 8.851592773437500000e+03
2.979647691845801916e+00 1.120902148437500000e+04
2.983082444228333241e+00 1.177430664062500000e+04
2.986517196610864122e+00 1.102889355468750000e+04
2.989951948993395447e+00 8.606070312500000000e+03
2.993386701375926773e+00 5.986543457031250000e+03
2.996821453758458098e+00 3.890412597656250000e+03
3.000256206140988979e+00 2.264109375000000000e+03
3.003690958523520305e+00 1.518028930664062500e+03
3.007125710906051630e+00 1.147261596679687500e+03
3.010560463288582511e+00 9.423266601562500000e+02
3.013995215671113836e+00 8.559709472656250000e+02
3.017429968053645162e+00 8.096235351562500000e+02
3.020864720436176487e+00 7.822528076171875000e+02
3.024299472818707368e+00 7.607062988281250000e+02
3.027734225201238694e+00 7.485659179687500000e+02
3.031168977583770019e+00 7.363012084960937500e+02
3.034603729966301344e+00 7.336368408203125000e+02
3.038038482348832225e+00 7.378394165039062500e+02
3.041473234731363551e+00 7.418428344726562500e+02
3.044907987113894876e+00 7.520446777343750000e+02
3.048342739496425757e+00 7.508073120117187500e+02
3.051777491878957083e+00 7.446443481445312500e+02
3.055212244261487964e+00 7.337108154296875000e+02
3.058646996644019289e+00 7.295969848632812500e+02
3.062081749026550170e+00 7.345897216796875000e+02
3.065516501409081496e+00 7.435689697265625000e+02
3.068951253791612821e+00 7.537497558593750000e+02
3.072386006174144146e+00 7.670546264648437500e+02
3.075820758556675028e+00 7.764445800781250000e+02
3.079255510939206353e+00 7.758966674804687500e+02
3.082690263321737678e+00 7.641180419921875000e+02
3.086125015704268559e+00 7.418314208984375000e+02
3.089559768086799885e+00 7.179373168945312500e+02
3.092994520469331210e+00 6.942501831054687500e+02
3.096429272851862535e+00 6.639005737304687500e+02
3.099864025234393416e+00 6.512294921875000000e+02
3.103298777616924742e+00 6.398602905273437500e+02
3.106733529999456067e+00 6.372377929687500000e+02
3.110168282381987392e+00 6.206594238281250000e+02
3.113603034764518274e+00 6.156539306640625000e+02
3.117037787147049599e+00 6.080292358398437500e+02
3.120472539529580924e+00 6.091234741210937500e+02
3.123907291912111805e+00 6.070167236328125000e+02
3.127342044294643131e+00 6.041779174804687500e+02
3.130776796677174012e+00 6.034526367187500000e+02
3.134211549059705337e+00 6.017979125976562500e+02
3.137646301442236219e+00 5.984147949218750000e+02
3.141081053824767544e+00 5.987723388671875000e+02
3.144515806207298869e+00 6.021835937500000000e+02
3.147950558589830194e+00 6.069905395507812500e+02
3.151385310972361076e+00 6.054802856445312500e+02
3.154820063354892401e+00 5.990635375976562500e+02
3.158254815737423726e+00 5.969255371093750000e+02
3.161689568119954608e+00 5.995782470703125000e+02
3.165124320502485933e+00 6.027644042968750000e+02
3.168559072885017258e+00 6.006104125976562500e+02
3.171993825267548583e+00 5.998109130859375000e+02
3.175428577650079465e+00 5.954002075195312500e+02
3.178863330032610790e+00 5.936577148437500000e+02
3.182298082415142115e+00 5.917449340820312500e+02
3.185732834797673441e+00 5.950020141601562500e+02
3.189167587180204322e+00 6.001965942382812500e+02
3.192602339562735647e+00 5.990294799804687500e+02
3.196037091945266972e+00 5.932566528320312500e+02
3.199471844327797854e+00 5.887782592773437500e+02
3.202906596710329179e+00 5.858149414062500000e+02
3.206341349092860060e+00 5.790928955078125000e+02
3.209776101475391386e+00 5.764320068359375000e+02
3.213210853857922267e+00 5.832513427734375000e+02
3.216645606240453592e+00 5.946684570312500000e+02
3.220080358622984917e+00 5.978402099609375000e+02
3.223515111005516243e+00 5.951417846679687500e+02
3.226949863388047124e+00 5.983899536132812500e+02
3.230384615770578449e+00 5.969617919921875000e+02
3.233819368153109775e+00 5.943244018554687500e+02
3.237254120535640656e+00 5.852371215820312500e+02
3.240688872918171981e+00 5.878043823242187500e+02
3.244123625300703306e+00 5.928862304687500000e+02
3.247558377683234632e+00 6.013109741210937500e+02
3.250993130065765513e+00 6.098374633789062500e+02
3.254427882448296838e+00 6.258027343750000000e+02
3.257862634830828164e+00 6.496440429687500000e+02
3.261297387213359489e+00 6.695064697265625000e+02
3.264732139595890370e+00 6.811671752929687500e+02
3.268166891978421695e+00 6.796185913085937500e+02
3.271601644360953021e+00 6.645100708007812500e+02
3.275036396743483902e+00 6.440776977539062500e+02
3.278471149126015227e+00 6.193378295898437500e+02
3.281905901508546108e+00 5.962093505859375000e+02
3.285340653891077434e+00 5.785170898437500000e+02
3.288775406273608315e+00 5.741137084960937500e+02
3.292210158656139640e+00 5.733983154296875000e+02
3.295644911038670966e+00 5.750633544921875000e+02
3.299079663421202291e+00 5.731105346679687500e+02
3.302514415803733172e+00 5.734172363281250000e+02
3.305949168186264497e+00 5.695930175781250000e+02
3.309383920568795823e+00 5.596253051757812500e+02
3.312818672951326704e+00 5.531983032226562500e+02
3.316253425333858029e+00 5.570028076171875000e+02
3.319688177716389355e+00 5.639788208007812500e+02
3.323122930098920680e+00 5.718528442382812500e+02
3.326557682481451561e+00 5.733384399414062500e+02
3.329992434863982886e+00 5.774861450195312500e+02
3.333427187246514212e+00 5.770576171875000000e+02
3.336861939629045093e+00 5.713643188476562500e+02
3.340296692011576418e+00 5.663236083984375000e+02
3.343731444394107744e+00 5.651425781250000000e+02
3.347166196776639069e+00 5.687406005859375000e+02
3.350600949159169950e+00 5.733737182617187500e+02
3.354035701541701275e+00 5.846737060546875000e+02
3.357470453924232601e+00 5.913079833984375000e+02
3.360905206306763482e+00 5.947097167968750000e+02
3.364339958689294363e+00 6.016824951171875000e+02
3.367774711071825688e+00 6.026247558593750000e+02
3.371209463454357014e+00 6.026229858398437500e+02
3.374644215836887895e+00 5.865598754882812500e+02
3.378078968219419220e+00 5.767342529296875000e+02
3.381513720601950546e+00 5.626584472656250000e+02
3.384948472984481871e+00 5.543745117187500000e+02
3.388383225367012752e+00 5.523969116210937500e+02
3.391817977749544077e+00 5.568511352539062500e+02
3.395252730132075403e+00 5.591892089843750000e+02
3.398687482514606728e+00 5.559904174804687500e+02
3.402122234897137609e+00 5.566500854492187500e+02
3.405556987279668935e+00 5.623986206054687500e+02
3.408991739662200260e+00 5.701729736328125000e+02
3.412426492044731141e+00 5.773258056640625000e+02
3.415861244427262466e+00 5.824862670898437500e+02
3.419295996809793792e+00 5.914424438476562500e+02
3.422730749192325117e+00 6.007555541992187500e+02
3.426165501574855998e+00 6.092036132812500000e+02
3.429600253957387324e+00 6.220582885742187500e+02
3.433035006339918649e+00 6.336491699218750000e+02
3.436469758722449530e+00 6.552091674804687500e+02
3.439904511104980411e+00 6.791948242187500000e+02
3.443339263487511737e+00 6.963577270507812500e+02
3.446774015870043062e+00 7.063201904296875000e+02
3.450208768252573943e+00 6.854918212890625000e+02
3.453643520635105268e+00 6.574824829101562500e+02
3.457078273017636594e+00 6.225690917968750000e+02
3.460513025400167919e+00 6.048599853515625000e+02
3.463947777782698800e+00 5.924442749023437500e+02
3.467382530165230126e+00 5.856837768554687500e+02
3.470817282547761451e+00 5.728683471679687500e+02
3.474252034930292776e+00 5.647924804687500000e+02
3.477686787312823657e+00 5.556275634765625000e+02
3.481121539695354983e+00 5.540479736328125000e+02
3.484556292077886308e+00 5.487252197265625000e+02
3.487991044460417189e+00 5.439616088867187500e+02
3.491425796842948515e+00 5.448948364257812500e+02
3.494860549225479840e+00 5.470965576171875000e+02
3.498295301608011165e+00 5.502869873046875000e+02
3.501730053990542046e+00 5.447890625000000000e+02
3.505164806373073372e+00 5.415945434570312500e+02
3.508599558755604697e+00 5.382481689453125000e+02
3.512034311138135578e+00 5.376920166015625000e+02
3.515469063520666460e+00 5.350588378906250000e+02
3.518903815903197785e+00 5.338577880859375000e+02
3.522338568285729110e+00 5.346455078125000000e+02
3.525773320668259991e+00 5.358735961914062500e+02
3.529208073050791317e+00 5.377893066406250000e+02
3.532642825433322642e+00 5.394617919921875000e+02
3.536077577815853967e+00 5.423233032226562500e+02
3.539512330198384849e+00 5.429561157226562500e+02
3.542947082580916174e+00 5.436345825195312500e+02
3.546381834963447499e+00 5.445128784179687500e+02
3.549816587345978824e+00 5.472935180664062500e+02
3.553251339728509706e+00 5.483696899414062500e+02
3.556686092111041031e+00 5.563062744140625000e+02
3.560120844493572356e+00 5.545347900390625000e+02
3.563555596876103237e+00 5.525449829101562500e+02
3.566990349258634563e+00 5.393021850585937500e+02
3.570425101641165888e+00 5.376038208007812500e+02
3.573859854023697213e+00 5.355432739257812500e+02
3.577294606406228095e+00 5.333931274414062500e+02
3.580729358788759420e+00 5.300247192382812500e+02
3.584164111171290301e+00 5.303032226562500000e+02
3.587598863553821626e+00 5.398004150390625000e+02
3.591033615936352508e+00 5.403856201171875000e+02
3.594468368318883833e+00 5.342933349609375000e+02
3.597903120701415158e+00 5.228859252929687500e+02
3.601337873083946484e+00 5.200000000000000000e+02
3.604772625466477809e+00 5.203793334960937500e+02
3.608207377849008246e+00 5.208980102539062500e+02
3.611642130231539571e+00 5.206610107421875000e+02
3.615076882614070897e+00 5.202859497070312500e+02
3.618511634996602222e+00 5.231134033203125000e+02
3.621946387379133547e+00 5.223404541015625000e+02
3.625381139761664873e+00 5.211034545898437500e+02
3.628815892144196198e+00 5.172218627929687500e+02
3.632250644526726635e+00 5.202947387695312500e+02
3.635685396909257960e+00 5.211284179687500000e+02
3.639120149291789286e+00 5.218501586914062500e+02
3.642554901674320611e+00 5.168180541992187500e+02
3.645989654056851936e+00 5.147280883789062500e+02
3.649424406439383262e+00 5.096519470214843750e+02
3.652859158821914587e+00 5.092281799316406250e+02
3.656293911204445912e+00 5.113754577636718750e+02
3.659728663586976349e+00 5.096159057617187500e+02
3.663163415969507675e+00 5.141490478515625000e+02
3.666598168352038556e+00 5.095636901855468750e+02
3.670032920734569881e+00 5.085731811523437500e+02
3.673467673117101207e+00 5.028875122070312500e+02
3.676902425499632532e+00 5.050844421386718750e+02
3.680337177882163857e+00 5.098753356933593750e+02
3.683771930264694294e+00 5.147990722656250000e+02
3.687206682647225620e+00 5.153166503906250000e+02
3.690641435029756945e+00 5.171992797851562500e+02
3.694076187412288270e+00 5.150493164062500000e+02
3.697510939794819596e+00 5.151995849609375000e+02
3.700945692177350921e+00 5.137564086914062500e+02
3.704380444559882246e+00 5.120076293945312500e+02
3.707815196942412683e+00 5.091679382324218750e+02
3.711249949324944009e+00 5.055664672851562500e+02
3.714684701707475334e+00 5.071789550781250000e+02
3.718119454090006659e+00 5.096912841796875000e+02
3.721554206472537984e+00 5.083182373046875000e+02
3.724988958855069310e+00 5.051128845214843750e+02
3.728423711237600635e+00 5.015243225097656250e+02
3.731858463620131960e+00 5.040938110351562500e+02
3.735293216002662398e+00 5.047716064453125000e+02
3.738727968385193723e+00 5.066683654785156250e+02
3.742162720767725048e+00 5.082884216308593750e+02
3.745597473150255929e+00 5.108379516601562500e+02
3.749032225532787255e+00 5.108619079589843750e+02
3.752466977915318580e+00 5.060431823730468750e+02
3.755901730297849905e+00 4.948080749511718750e+02
3.759336482680380342e+00 4.978738708496093750e+02
3.762771235062911668e+00 5.132281494140625000e+02
3.766205987445442993e+00 5.366061401367187500e+02
3.769640739827974318e+00 5.621081542968750000e+02
3.773075492210505644e+00 5.779890136718750000e+02
3.776510244593036969e+00 5.871501464843750000e+02
3.779944996975568294e+00 5.762246093750000000e+02
3.783379749358098731e+00 5.560734252929687500e+02
3.786814501740630057e+00 5.360682983398437500e+02
3.790249254123161382e+00 5.235908203125000000e+02
3.793684006505692707e+00 5.223098144531250000e+02
3.797118758888224033e+00 5.192117309570312500e+02
3.800553511270755358e+00 5.116661376953125000e+02
3.803988263653286683e+00 5.001750793457031250e+02
3.807423016035818009e+00 4.951982116699218750e+02
3.810857768418348446e+00 4.943792419433593750e+02
3.814292520800879771e+00 4.931923828125000000e+02
3.817727273183411096e+00 4.922849731445312500e+02
3.821162025565941978e+00 4.950967712402343750e+02
3.824596777948473303e+00 5.013602294921875000e+02
3.828031530331004628e+00 5.100291137695312500e+02
3.831466282713535954e+00 5.161770629882812500e+02
3.834901035096066391e+00 5.270810546875000000e+02
3.838335787478597716e+00 5.388433837890625000e+02
3.841770539861129041e+00 5.593662109375000000e+02
3.845205292243660367e+00 5.731328125000000000e+02
3.848640044626191692e+00 5.780755004882812500e+02
3.852074797008723017e+00 5.705690307617187500e+02
3.855509549391254343e+00 5.647451782226562500e+02
3.858944301773784780e+00 5.551535034179687500e+02
3.862379054156316105e+00 5.566834716796875000e+02
3.865813806538847430e+00 5.550706787109375000e+02
3.869248558921378756e+00 5.540305175781250000e+02
3.872683311303910081e+00 5.440230712890625000e+02
3.876118063686441406e+00 5.379849853515625000e+02
3.879552816068972732e+00 5.257180786132812500e+02
3.882987568451504057e+00 5.138799438476562500e+02
3.886422320834034494e+00 5.040842895507812500e+02
3.889857073216565819e+00 4.968811035156250000e+02
3.893291825599097145e+00 4.939203186035156250e+02
3.896726577981628026e+00 4.883934326171875000e+02
3.900161330364159351e+00 4.856682128906250000e+02
3.903596082746690676e+00 4.844251708984375000e+02
3.907030835129222002e+00 4.821610107421875000e+02
3.910465587511752439e+00 4.781589355468750000e+02
3.913900339894283764e+00 4.733724060058593750e+02
3.917335092276815089e+00 4.783250122070312500e+02
3.920769844659346415e+00 4.833220520019531250e+02
3.924204597041877740e+00 4.887995910644531250e+02
3.927639349424409065e+00 4.889149169921875000e+02
3.931074101806940391e+00 4.908688659667968750e+02
3.934508854189470828e+00 4.936274108886718750e+02
3.937943606572002153e+00 4.919261779785156250e+02
3.941378358954533478e+00 4.873237304687500000e+02
3.944813111337064804e+00 4.847796020507812500e+02
3.948247863719596129e+00 4.801038513183593750e+02
3.951682616102127454e+00 4.811889343261718750e+02
3.955117368484658780e+00 4.778700561523437500e+02
3.958552120867189217e+00 4.824226684570312500e+02
3.961986873249720542e+00 4.809862060546875000e+02
3.965421625632251867e+00 4.843992309570312500e+02
3.968856378014783193e+00 4.788232116699218750e+02
3.972291130397314074e+00 4.778630676269531250e+02
3.975725882779845399e+00 4.704843139648437500e+02
3.979160635162376725e+00 4.726706848144531250e+02
3.982595387544908050e+00 4.712326965332031250e+02
3.986030139927438487e+00 4.793399963378906250e+02
3.989464892309969812e+00 4.909739074707031250e+02
3.992899644692501138e+00 5.066427612304687500e+02
3.996334397075032463e+00 5.291129760742187500e+02
3.999769149457563788e+00 5.647986450195312500e+02
4.003203901840095114e+00 6.116727905273437500e+02
4.006638654222625995e+00 6.663446655273437500e+02
4.010073406605156876e+00 6.941950683593750000e+02
4.013508158987687757e+00 6.976780395507812500e+02
4.016942911370219527e+00 6.791634521484375000e+02
4.020377663752750408e+00 6.463704833984375000e+02
4.023812416135282177e+00 6.146633300781250000e+02
4.027247168517813058e+00 5.754545898437500000e+02
4.030681920900344828e+00 5.416789550781250000e+02
4.034116673282874821e+00 5.173017578125000000e+02
4.037551425665406590e+00 4.989407348632812500e+02
4.040986178047937472e+00 4.884018554687500000e+02
4.044420930430469241e+00 4.849856872558593750e+02
4.047855682813000122e+00 4.823573303222656250e+02
4.051290435195531892e+00 4.795430297851562500e+02
4.054725187578062773e+00 4.781790771484375000e+02
4.058159939960594542e+00 4.800515136718750000e+02
4.061594692343124535e+00 4.855085754394531250e+02
4.065029444725656305e+00 4.800974426269531250e+02
4.068464197108187186e+00 4.752918090820312500e+02
4.071898949490718955e+00 4.666934814453125000e+02
4.075333701873249836e+00 4.683440551757812500e+02
4.078768454255781606e+00 4.681242370605468750e+02
4.082203206638312487e+00 4.751336669921875000e+02
4.085637959020843368e+00 4.737001647949218750e+02
4.089072711403374250e+00 4.739529418945312500e+02
4.092507463785905131e+00 4.694453735351562500e+02
4.095942216168436900e+00 4.691032409667968750e+02
4.099376968550967781e+00 4.672112426757812500e+02
4.102811720933499551e+00 4.621573181152343750e+02
4.106246473316030432e+00 4.616696166992187500e+02
4.109681225698561313e+00 4.597161865234375000e+02
4.113115978081092194e+00 4.614493408203125000e+02
4.116550730463623964e+00 4.572506103515625000e+02
4.119985482846154845e+00 4.612471313476562500e+02
4.123420235228686614e+00 4.645588684082031250e+02
4.126854987611217496e+00 4.660910034179687500e+02
4.130289739993749265e+00 4.586043701171875000e+02
4.133724492376280146e+00 4.529967651367187500e+02
4.137159244758811028e+00 4.546116027832031250e+02
4.140593997141341909e+00 4.609443969726562500e+02
4.144028749523873678e+00 4.604264221191406250e+02
4.147463501906404559e+00 4.665054931640625000e+02
4.150898254288936329e+00 4.664364624023437500e+02
4.154333006671467210e+00 4.693375244140625000e+02
4.157767759053998091e+00 4.656146545410156250e+02
4.161202511436528972e+00 4.677019042968750000e+02
4.164637263819060742e+00 4.712527770996093750e+02
4.168072016201591623e+00 4.767130737304687500e+02
4.171506768584122504e+00 4.908587341308593750e+02
4.174941520966654274e+00 5.124567260742187500e+02
4.178376273349185155e+00 5.457732543945312500e+02
4.181811025731716924e+00 5.646835327148437500e+02
4.185245778114246917e+00 5.738143920898437500e+02
4.188680530496778687e+00 5.654058837890625000e+02
4.192115282879309568e+00 5.488406982421875000e+02
4.195550035261841337e+00 5.280048217773437500e+02
4.198984787644372219e+00 5.095323486328125000e+02
4.202419540026903988e+00 5.044759216308593750e+02
4.205854292409434869e+00 5.086325988769531250e+02
4.209289044791966639e+00 5.239660644531250000e+02
4.212723797174496632e+00 5.441366577148437500e+02
4.216158549557028401e+00 5.633654785156250000e+02
4.219593301939559282e+00 5.717676391601562500e+02
4.223028054322091052e+00 5.585409545898437500e+02
4.226462806704621933e+00 5.338635864257812500e+02
4.229897559087153702e+00 5.070171203613281250e+02
4.233332311469684583e+00 4.870836791992187500e+02
4.236767063852215465e+00 4.743974609375000000e+02
4.240201816234746346e+00 4.638313598632812500e+02
4.243636568617277227e+00 4.615023498535156250e+02
4.247071320999808997e+00 4.583546447753906250e+02
4.250506073382339878e+00 4.571948852539062500e+02
4.253940825764871647e+00 4.543335266113281250e+02
4.257375578147402528e+00 4.556804809570312500e+02
4.260810330529933410e+00 4.576574707031250000e+02
4.264245082912464291e+00 4.540442504882812500e+02
4.267679835294996060e+00 4.575296325683593750e+02
4.271114587677526941e+00 4.547703857421875000e+02
4.274549340060058711e+00 4.631360168457031250e+02
4.277984092442589592e+00 4.665233764648437500e+02
4.281418844825121361e+00 4.762149353027343750e+02
4.284853597207652243e+00 4.873363342285156250e+02
4.288288349590183124e+00 5.131577148437500000e+02
4.291723101972714005e+00 5.456171875000000000e+02
4.295157854355245775e+00 5.833299560546875000e+02
4.298592606737776656e+00 6.026995849609375000e+02
4.302027359120308425e+00 6.025302734375000000e+02
4.305462111502839306e+00 5.829230957031250000e+02
4.308896863885370188e+00 5.444808959960937500e+02
4.312331616267901069e+00 5.159637451171875000e+02
4.315766368650432838e+00 4.917534484863281250e+02
4.319201121032963719e+00 4.774091491699218750e+02
4.322635873415494601e+00 4.629812927246093750e+02
4.326070625798026370e+00 4.534430236816406250e+02
4.329505378180557251e+00 4.485388183593750000e+02
4.332940130563089021e+00 4.483678283691406250e+02
4.336374882945619014e+00 4.516722106933593750e+02
4.339809635328150783e+00 4.586484680175781250e+02
4.343244387710681664e+00 4.646118164062500000e+02
4.346679140093213434e+00 4.693528442382812500e+02
4.350113892475744315e+00 4.689669494628906250e+02
4.353548644858276084e+00 4.713033752441406250e+02
4.356983397240806966e+00 4.679815063476562500e+02
4.360418149623338735e+00 4.668439331054687500e+02
4.363852902005868728e+00 4.623655700683593750e+02
4.367287654388400497e+00 4.588292236328125000e+02
4.370722406770931379e+00 4.576037597656250000e+02
4.374157159153463148e+00 4.535067749023437500e+02
4.377591911535994029e+00 4.543057861328125000e+02
4.381026663918525799e+00 4.501314392089843750e+02
4.384461416301056680e+00 4.518401794433593750e+02
4.387896168683587561e+00 4.523100280761718750e+02
4.391330921066118442e+00 4.572746582031250000e+02
4.394765673448649324e+00 4.634511413574218750e+02
4.398200425831181093e+00 4.720711975097656250e+02
4.401635178213711974e+00 4.865064086914062500e+02
4.405069930596243744e+00 4.934978027343750000e+02
4.408504682978774625e+00 5.010468750000000000e+02
4.411939435361305506e+00 5.055415039062500000e+02
4.415374187743836387e+00 5.107615356445312500e+02
4.418808940126368157e+00 4.976223144531250000e+02
4.422243692508899038e+00 4.767956848144531250e+02
4.425678444891430807e+00 4.581467590332031250e+02
4.429113197273961688e+00 4.542258605957031250e+02
4.432547949656493458e+00 4.541154785156250000e+02
4.435982702039023451e+00 4.489028320312500000e+02
4.439417454421555220e+00 4.422810974121093750e+02
4.442852206804086101e+00 4.362977294921875000e+02
4.446286959186617871e+00 4.309340820312500000e+02
4.449721711569148752e+00 4.325139160156250000e+02
4.453156463951680522e+00 4.356072998046875000e+02
4.456591216334211403e+00 4.395532531738281250e+02
4.460025968716742284e+00 4.361014404296875000e+02
4.463460721099273165e+00 4.321447143554687500e+02
4.466895473481804935e+00 4.310449218750000000e+02
4.470330225864335816e+00 4.284560241699218750e+02
4.473764978246866697e+00 4.280953063964843750e+02
4.477199730629398466e+00 4.327601928710937500e+02
4.480634483011929348e+00 4.384383239746093750e+02
4.484069235394461117e+00 4.426296997070312500e+02
4.487503987776991110e+00 4.387320556640625000e+02
4.490938740159522879e+00 4.372206115722656250e+02
4.494373492542053761e+00 4.358210449218750000e+02
4.497808244924585530e+00 4.351581115722656250e+02
4.501242997307116411e+00 4.337462768554687500e+02
4.504677749689648181e+00 4.320236206054687500e+02
4.508112502072179062e+00 4.293250427246093750e+02
4.511547254454709943e+00 4.254911499023437500e+02
4.514982006837240824e+00 4.235310058593750000e+02
4.518416759219772594e+00 4.263389282226562500e+02
4.521851511602303475e+00 4.302683410644531250e+02
4.525286263984835244e+00 4.327236633300781250e+02
4.528721016367366126e+00 4.311626281738281250e+02
4.532155768749897895e+00 4.312417602539062500e+02
4.535590521132428776e+00 4.281388244628906250e+02
4.539025273514959657e+00 4.250687255859375000e+02
4.542460025897490539e+00 4.178936462402343750e+02
4.545894778280021420e+00 4.204821166992187500e+02
4.549329530662553189e+00 4.277270507812500000e+02
4.552764283045084071e+00 4.333771057128906250e+02
4.556199035427615840e+00 4.339813842773437500e+02
4.559633787810146721e+00 4.311832275390625000e+02
4.563068540192677602e+00 4.324103393554687500e+02
4.566503292575208484e+00 4.299227905273437500e+02
4.569938044957740253e+00 4.290071105957031250e+02
4.573372797340271134e+00 4.313289489746093750e+02
4.576807549722802904e+00 4.347351684570312500e+02
4.580242302105333785e+00 4.355749511718750000e+02
4.583677054487865554e+00 4.313112792968750000e+02
4.587111806870395547e+00 4.309019470214843750e+02
4.590546559252927317e+00 4.299796447753906250e+02
4.593981311635458198e+00 4.280787048339843750e+02
4.597416064017989967e+00 4.241197509765625000e+02
4.600850816400520849e+00 4.243197326660156250e+02
4.604285568783052618e+00 4.253283996582031250e+02
4.607720321165583499e+00 4.266102294921875000e+02
4.611155073548115269e+00 4.304071044921875000e+02
4.614589825930645262e+00 4.362407226562500000e+02
4.618024578313177031e+00 4.419271545410156250e+02
4.621459330695707912e+00 4.421444091796875000e+02
4.624894083078238793e+00 4.402135620117187500e+02
4.628328835460770563e+00 4.387876892089843750e+02
4.631763587843301444e+00 4.464635925292968750e+02
4.635198340225833213e+00 4.616214599609375000e+02
4.638633092608363206e+00 4.839868469238281250e+02
4.642067844990894976e+00 5.144105224609375000e+02
4.645502597373425857e+00 5.405249633789062500e+02
4.648937349755957626e+00 5.690263061523437500e+02
4.652372102138488508e+00 5.814492187500000000e+02
4.655806854521020277e+00 5.844032592773437500e+02
4.659241606903551158e+00 5.774683837890625000e+02
4.662676359286082040e+00 5.750136108398437500e+02
4.666111111668612921e+00 5.717945556640625000e+02
4.669545864051144690e+00 5.657583618164062500e+02
4.672980616433675571e+00 5.519185180664062500e+02
4.676415368816207341e+00 5.384997558593750000e+02
4.679850121198738222e+00 5.168256835937500000e+02
4.683284873581269991e+00 4.922433776855468750e+02
4.686719625963800873e+00 4.712244262695312500e+02
4.690154378346331754e+00 4.570157775878906250e+02
4.693589130728862635e+00 4.436717224121093750e+02
4.697023883111393516e+00 4.342892761230468750e+02
4.700458635493925286e+00 4.245891723632812500e+02
4.703893387876456167e+00 4.234403686523437500e+02
4.707328140258987936e+00 4.229219665527343750e+02
4.710762892641518818e+00 4.276703796386718750e+02
4.714197645024049699e+00 4.321002197265625000e+02
4.717632397406580580e+00 4.348396301269531250e+02
4.721067149789112349e+00 4.355041503906250000e+02
4.724501902171643231e+00 4.286900024414062500e+02
4.727936654554175000e+00 4.297634277343750000e+02
4.731371406936705881e+00 4.303085021972656250e+02
4.734806159319237651e+00 4.317790222167968750e+02
4.738240911701767644e+00 4.319981384277343750e+02
4.741675664084299413e+00 4.318727111816406250e+02
4.745110416466830294e+00 4.284161376953125000e+02
4.748545168849362064e+00 4.206198120117187500e+02
4.751979921231892945e+00 4.172198486328125000e+02
4.755414673614424714e+00 4.195234985351562500e+02
4.758849425996955596e+00 4.211298828125000000e+02
4.762284178379487365e+00 4.233425292968750000e+02
4.765718930762017358e+00 4.233131713867187500e+02
4.769153683144549127e+00 4.256090087890625000e+02
4.772588435527080009e+00 4.261697692871093750e+02
4.776023187909610890e+00 4.245628051757812500e+02
4.779457940292142659e+00 4.226739196777343750e+02
4.782892692674673540e+00 4.239296264648437500e+02
4.786327445057205310e+00 4.281149902343750000e+02
4.789762197439735303e+00 4.328188781738281250e+02
4.793196949822267072e+00 4.342451477050781250e+02
4.796631702204797953e+00 4.377931213378906250e+02
4.800066454587329723e+00 4.390837097167968750e+02
4.803501206969860604e+00 4.437793579101562500e+02
4.806935959352392373e+00 4.500867004394531250e+02
4.810370711734923255e+00 4.558852539062500000e+02
4.813805464117454136e+00 4.533249511718750000e+02
4.817240216499985017e+00 4.441584777832031250e+02
4.820674968882516787e+00 4.350239562988281250e+02
4.824109721265047668e+00 4.350170593261718750e+02
4.827544473647579437e+00 4.332155151367187500e+02
4.830979226030110318e+00 4.362910461425781250e+02
4.834413978412642088e+00 4.364649963378906250e+02
4.837848730795172969e+00 4.374106140136718750e+02
4.841283483177703850e+00 4.355755615234375000e+02
4.844718235560234731e+00 4.350618286132812500e+02
4.848152987942766501e+00 4.375573730468750000e+02
4.851587740325297382e+00 4.383647460937500000e+02
4.855022492707828263e+00 4.352182006835937500e+02
4.858457245090360033e+00 4.299454650878906250e+02
4.861891997472890914e+00 4.268054504394531250e+02
4.865326749855421795e+00 4.242507629394531250e+02
4.868761502237952676e+00 4.238091735839843750e+02
4.872196254620484446e+00 4.223102416992187500e+02
4.875631007003015327e+00 4.242262573242187500e+02
4.879065759385547096e+00 4.253265075683593750e+02
4.882500511768077978e+00 4.239954528808593750e+02
4.885935264150609747e+00 4.187028503417968750e+02
4.889370016533139740e+00 4.135204467773437500e+02
4.892804768915671509e+00 4.132493591308593750e+02
4.896239521298202391e+00 4.151876525878906250e+02
4.899674273680734160e+00 4.199289855957031250e+02
4.903109026063265041e+00 4.257530822753906250e+02
4.906543778445796811e+00 4.260970764160156250e+02
4.909978530828327692e+00 4.244116516113281250e+02
4.913413283210858573e+00 4.302692871093750000e+02
4.916848035593389454e+00 4.400861816406250000e+02
4.920282787975921224e+00 4.479164428710937500e+02
4.923717540358452105e+00 4.413911132812500000e+02
4.927152292740982986e+00 4.371567382812500000e+02
4.930587045123514756e+00 4.344850463867187500e+02
4.934021797506045637e+00 4.305568237304687500e+02
4.937456549888577406e+00 4.248946838378906250e+02
4.940891302271107399e+00 4.206037292480468750e+02
4.944326054653639169e+00 4.214125671386718750e+02
4.947760807036170050e+00 4.228695983886718750e+02
4.951195559418701819e+00 4.312653198242187500e+02
4.954630311801232700e+00 4.461001892089843750e+02
4.958065064183764470e+00 4.594527282714843750e+02
4.961499816566295351e+00 4.659991149902343750e+02
4.964934568948826232e+00 4.577128906250000000e+02
4.968369321331357114e+00 4.463403015136718750e+02
4.971804073713888883e+00 4.317711181640625000e+02
4.975238826096419764e+00 4.189746704101562500e+02
4.978673578478951534e+00 4.126645812988281250e+02
4.982108330861482415e+00 4.090633239746093750e+02
4.985543083244014184e+00 4.123260803222656250e+02
4.988977835626544177e+00 4.117383728027343750e+02
4.992412588009075947e+00 4.165488281250000000e+02
4.995847340391606828e+00 4.204302673339843750e+02
4.999282092774138597e+00 4.236796875000000000e+02
5.002716845156669478e+00 4.220439758300781250e+02
5.006151597539200360e+00 4.170426330566406250e+02
5.009586349921732129e+00 4.168140563964843750e+02
5.013021102304263010e+00 4.172245788574218750e+02
5.016455854686793892e+00 4.200440673828125000e+02
5.019890607069324773e+00 4.249892272949218750e+02
5.023325359451856542e+00 4.297406921386718750e+02
5.026760111834387423e+00 4.380775146484375000e+02
5.030194864216919193e+00 4.383416137695312500e+02
5.033629616599450074e+00 4.411728210449218750e+02
5.037064368981981843e+00 4.463757934570312500e+02
5.040499121364511836e+00 4.505265808105468750e+02
5.043933873747043606e+00 4.476951599121093750e+02
5.047368626129574487e+00 4.420590820312500000e+02
5.050803378512106256e+00 4.321728210449218750e+02
5.054238130894637138e+00 4.207156982421875000e+02
5.057672883277168907e+00 4.093084716796875000e+02
5.061107635659699788e+00 4.114937133789062500e+02
5.064542388042230669e+00 4.171293945312500000e+02
5.067977140424761551e+00 4.204458312988281250e+02
5.071411892807293320e+00 4.152402038574218750e+02
5.074846645189824201e+00 4.124062805175781250e+02
5.078281397572355083e+00 4.123593750000000000e+02
5.081716149954886852e+00 4.182595825195312500e+02
5.085150902337417733e+00 4.193054199218750000e+02
5.088585654719949503e+00 4.194886474609375000e+02
5.092020407102479496e+00 4.153931274414062500e+02
5.095455159485011265e+00 4.142290344238281250e+02
5.098889911867542146e+00 4.152574157714843750e+02
5.102324664250073916e+00 4.119937133789062500e+02
5.105759416632604797e+00 4.142850646972656250e+02
5.109194169015136566e+00 4.103694458007812500e+02
5.112628921397667447e+00 4.086732482910156250e+02
5.116063673780198329e+00 3.988158264160156250e+02
5.119498426162729210e+00 3.949265441894531250e+02
5.122933178545260979e+00 3.927838439941406250e+02
5.126367930927791861e+00 3.976697082519531250e+02
5.129802683310323630e+00 4.013200073242187500e+02
5.133237435692854511e+00 4.033454589843750000e+02
5.136672188075386281e+00 3.994536132812500000e+02
5.140106940457916274e+00 3.974693298339843750e+02
5.143541692840448043e+00 3.993506164550781250e+02
5.146976445222978924e+00 4.081591186523437500e+02
5.150411197605510694e+00 4.155262451171875000e+02
5.153845949988041575e+00 4.190317382812500000e+02
5.157280702370572456e+00 4.246955566406250000e+02
5.160715454753104225e+00 4.308077697753906250e+02
5.164150207135635107e+00 4.357861022949218750e+02
5.167584959518165988e+00 4.286104431152343750e+02
5.171019711900696869e+00 4.194143981933593750e+02
5.174454464283228639e+00 4.117262573242187500e+02
5.177889216665759520e+00 4.074257507324218750e+02
5.181323969048291289e+00 4.065800476074218750e+02
5.184758721430822170e+00 4.049128723144531250e+02
5.188193473813353940e+00 4.033076782226562500e+02
5.191628226195883933e+00 3.992749938964843750e+02
5.195062978578415702e+00 4.007080688476562500e+02
5.198497730960946583e+00 4.104500122070312500e+02
5.201932483343478353e+00 4.280318298339843750e+02
5.205367235726009234e+00 4.444371948242187500e+02
5.208801988108541003e+00 4.551217041015625000e+02
5.212236740491071885e+00 4.637403259277343750e+02
5.215671492873602766e+00 4.629641723632812500e+02
5.219106245256133647e+00 4.572507934570312500e+02
5.222540997638665417e+00 4.404082336425781250e+02
5.225975750021196298e+00 4.275057067871093750e+02
5.229410502403727179e+00 4.172967529296875000e+02
5.232845254786258948e+00 4.070281372070312500e+02
5.236280007168789830e+00 3.978076171875000000e+02
5.239714759551321599e+00 3.887488098144531250e+02
5.243149511933851592e+00 3.865005187988281250e+02
5.246584264316383361e+00 3.876039123535156250e+02
5.250019016698914243e+00 3.893219604492187500e+02
5.253453769081446012e+00 3.894991760253906250e+02
5.256888521463976893e+00 3.902464294433593750e+02
5.260323273846508663e+00 3.933851318359375000e+02
5.263758026229039544e+00 3.914656372070312500e+02
5.267192778611570425e+00 3.912281188964843750e+02
5.270627530994101306e+00 3.872806091308593750e+02
5.274062283376633076e+00 3.919183349609375000e+02
5.277497035759163957e+00 3.962856750488281250e+02
5.280931788141695726e+00 4.015512695312500000e+02
5.284366540524226608e+00 4.087605590820312500e+02
5.287801292906758377e+00 4.156715698242187500e+02
5.291236045289288370e+00 4.201675415039062500e+02
5.294670797671820139e+00 4.175696716308593750e+02
5.298105550054351021e+00 4.160415954589843750e+02
5.301540302436882790e+00 4.126628112792968750e+02
5.304975054819413671e+00 4.093728332519531250e+02
5.308409807201944552e+00 4.008565063476562500e+02
5.311844559584476322e+00 4.010339660644531250e+02
5.315279311967006315e+00 4.043981323242187500e+02
5.318714064349538084e+00 4.143846435546875000e+02
5.322148816732068966e+00 4.160710754394531250e+02
5.325583569114600735e+00 4.190032043457031250e+02
5.329018321497131616e+00 4.181080322265625000e+02
5.332453073879663386e+00 4.187485961914062500e+02
5.335887826262194267e+00 4.218575439453125000e+02
5.339322578644726036e+00 4.303298034667968750e+02
5.342757331027256029e+00 4.476775817871093750e+02
5.346192083409787799e+00 4.570711059570312500e+02
5.349626835792318680e+00 4.679782104492187500e+02
5.353061588174850449e+00 4.692545166015625000e+02
5.356496340557381330e+00 4.674303894042968750e+02
5.359931092939913100e+00 4.507800598144531250e+02
5.363365845322443981e+00 4.256300354003906250e+02
5.366800597704974862e+00 4.069160461425781250e+02
5.370235350087505743e+00 3.992487182617187500e+02
5.373670102470037513e+00 3.968530578613281250e+02
5.377104854852568394e+00 3.960529785156250000e+02
5.380539607235100164e+00 3.955252075195312500e+02
5.383974359617631045e+00 3.917977905273437500e+02
5.387409112000161926e+00 3.917120056152343750e+02
5.390843864382692807e+00 3.899652404785156250e+02
5.394278616765223688e+00 3.905559997558593750e+02
5.397713369147755458e+00 3.903387145996093750e+02
5.401148121530286339e+00 3.921659240722656250e+02
5.404582873912818108e+00 3.957408447265625000e+02
5.408017626295348990e+00 3.925185852050781250e+02
5.411452378677880759e+00 3.903001708984375000e+02
5.414887131060411640e+00 3.926271362304687500e+02
5.418321883442942521e+00 4.032307128906250000e+02
5.421756635825473403e+00 4.138002319335937500e+02
5.425191388208005172e+00 4.151514282226562500e+02
5.428626140590536053e+00 4.168863830566406250e+02
5.432060892973067823e+00 4.154605407714843750e+02
5.435495645355598704e+00 4.147512512207031250e+02
5.438930397738130473e+00 4.109640808105468750e+02
5.442365150120660466e+00 4.045213317871093750e+02
5.445799902503192236e+00 3.974641418457031250e+02
5.449234654885723117e+00 3.877150268554687500e+02
5.452669407268254886e+00 3.881663208007812500e+02
5.456104159650785768e+00 3.917096557617187500e+02
5.459538912033316649e+00 3.926505737304687500e+02
5.462973664415848418e+00 3.953118591308593750e+02
5.466408416798379299e+00 4.025785217285156250e+02
5.469843169180910181e+00 4.170719299316406250e+02
5.473277921563441062e+00 4.259562377929687500e+02
5.476712673945972831e+00 4.357462768554687500e+02
5.480147426328503713e+00 4.442476196289062500e+02
5.483582178711035482e+00 4.476875305175781250e+02
5.487016931093566363e+00 4.440534973144531250e+02
5.490451683476098133e+00 4.327914123535156250e+02
5.493886435858628126e+00 4.230152587890625000e+02
5.497321188241159895e+00 4.167029418945312500e+02
5.500755940623690776e+00 4.148593750000000000e+02
5.504190693006222546e+00 4.087406616210937500e+02
5.507625445388753427e+00 4.017852783203125000e+02
5.511060197771285196e+00 3.989254760742187500e+02
5.514494950153816077e+00 4.024282226562500000e+02
5.517929702536346959e+00 4.112852172851562500e+02
5.521364454918877840e+00 4.189656677246093750e+02
5.524799207301409609e+00 4.175713806152343750e+02
5.528233959683940490e+00 4.099638977050781250e+02
5.531668712066472260e+00 4.023699645996093750e+02
5.535103464449003141e+00 4.010775146484375000e+02
5.538538216831534022e+00 4.019602050781250000e+02
5.541972969214064904e+00 3.994500427246093750e+02
5.545407721596595785e+00 4.009977416992187500e+02
5.548842473979127554e+00 4.012607421875000000e+02
5.552277226361658435e+00 4.046271972656250000e+02
5.555711978744190205e+00 4.065269470214843750e+02
5.559146731126721086e+00 4.114050903320312500e+02
5.562581483509252855e+00 4.139038696289062500e+02
5.566016235891783737e+00 4.129619445800781250e+02
5.569450988274314618e+00 4.105985412597656250e+02
5.572885740656845499e+00 4.127366638183593750e+02
5.576320493039377268e+00 4.136962280273437500e+02
5.579755245421908150e+00 4.075605163574218750e+02
5.583189997804439919e+00 3.973181152343750000e+02
5.586624750186970800e+00 3.938813476562500000e+02
5.590059502569502570e+00 3.962381591796875000e+02
5.593494254952032563e+00 3.992966003417968750e+02
5.596929007334564332e+00 4.018119201660156250e+02
5.600363759717095213e+00 4.006790161132812500e+02
5.603798512099626983e+00 3.971523742675781250e+02
5.607233264482157864e+00 3.889454040527343750e+02
5.610668016864688745e+00 3.912591857910156250e+02
5.614102769247220515e+00 3.919831848144531250e+02
5.617537521629751396e+00 3.926622619628906250e+02
5.620972274012282277e+00 3.893148193359375000e+02
5.624407026394813158e+00 3.898231201171875000e+02
5.627841778777344928e+00 3.932836303710937500e+02
5.631276531159875809e+00 3.971276245117187500e+02
5.634711283542407578e+00 3.943479309082031250e+02
5.638146035924938460e+00 3.927923278808593750e+02
5.641580788307470229e+00 3.895925292968750000e+02
5.645015540690000222e+00 3.937627563476562500e+02
5.648450293072531991e+00 3.907236938476562500e+02
5.651885045455062873e+00 3.874929809570312500e+02
5.655319797837594642e+00 3.861873779296875000e+02
5.658754550220125523e+00 3.941541137695312500e+02
5.662189302602657293e+00 4.022078857421875000e+02
5.665624054985188174e+00 4.047731933593750000e+02
5.669058807367719055e+00 4.062987976074218750e+02
5.672493559750249936e+00 4.084471435546875000e+02
5.675928312132781706e+00 4.138914184570312500e+02
5.679363064515312587e+00 4.144560852050781250e+02
5.682797816897844356e+00 4.191110229492187500e+02
5.686232569280375237e+00 4.290151062011718750e+02
5.689667321662906119e+00 4.449744567871093750e+02
5.693102074045437000e+00 4.632688903808593750e+02
5.696536826427967881e+00 4.960793457031250000e+02
5.699971578810499651e+00 5.506632080078125000e+02
5.703406331193030532e+00 6.406499633789062500e+02
5.706841083575562301e+00 7.873976440429687500e+02
5.710275835958093182e+00 9.972380371093750000e+02
5.713710588340624952e+00 1.190428710937500000e+03
5.717145340723154945e+00 1.335803222656250000e+03
5.720580093105686714e+00 1.355249145507812500e+03
5.724014845488217595e+00 1.247762695312500000e+03
5.727449597870749365e+00 1.056735839843750000e+03
5.730884350253280246e+00 8.268912353515625000e+02
5.734319102635812015e+00 6.563312377929687500e+02
5.737753855018342897e+00 5.371559448242187500e+02
5.741188607400874666e+00 4.642586364746093750e+02
5.744623359783404659e+00 4.361427001953125000e+02
5.748058112165936429e+00 4.189808044433593750e+02
5.751492864548467310e+00 4.129798278808593750e+02
5.754927616930999079e+00 4.071655273437500000e+02
5.758362369313529960e+00 4.046947631835937500e+02
5.761797121696060842e+00 4.000894165039062500e+02
5.765231874078592611e+00 3.972925720214843750e+02
5.768666626461123492e+00 3.983847351074218750e+02
5.772101378843654373e+00 3.984271240234375000e+02
5.775536131226185255e+00 3.993632812500000000e+02
5.778970883608717024e+00 3.962834777832031250e+02
5.782405635991247905e+00 3.921923522949218750e+02
5.785840388373779675e+00 3.883057861328125000e+02
5.789275140756310556e+00 3.843860168457031250e+02
5.792709893138841437e+00 3.808671264648437500e+02
5.796144645521372318e+00 3.778166503906250000e+02
5.799579397903904088e+00 3.812042846679687500e+02
5.803014150286434969e+00 3.876813659667968750e+02
5.806448902668966738e+00 3.963413696289062500e+02
5.809883655051497620e+00 3.976586914062500000e+02
5.813318407434029389e+00 3.991647338867187500e+02
5.816753159816560270e+00 3.969053039550781250e+02
5.820187912199091151e+00 3.967300720214843750e+02
5.823622664581622033e+00 3.958904418945312500e+02
5.827057416964153802e+00 3.947023315429687500e+02
5.830492169346684683e+00 3.941483764648437500e+02
5.833926921729216453e+00 3.905861206054687500e+02
5.837361674111747334e+00 3.884366455078125000e+02
5.840796426494278215e+00 3.837144165039062500e+02
5.844231178876809096e+00 3.819484863281250000e+02
5.847665931259339978e+00 3.816140136718750000e+02
5.851100683641871747e+00 3.831372985839843750e+02
5.854535436024402628e+00 3.836856079101562500e+02
5.857970188406934398e+00 3.831139221191406250e+02
5.861404940789465279e+00 3.815135498046875000e+02
5.864839693171997048e+00 3.822499084472656250e+02
5.868274445554527041e+00 3.841102294921875000e+02
5.871709197937058811e+00 3.835085754394531250e+02
5.875143950319589692e+00 3.807737121582031250e+02
5.878578702702121461e+00 3.769053649902343750e+02
5.882013455084652342e+00 3.739883422851562500e+02
5.885448207467184112e+00 3.769380798339843750e+02
5.888882959849714993e+00 3.792153930664062500e+02
5.892317712232246762e+00 3.813882446289062500e+02
5.895752464614776756e+00 3.813572082519531250e+02
5.899187216997308525e+00 3.810614318847656250e+02
5.902621969379839406e+00 3.805647277832031250e+02
5.906056721762371176e+00 3.819174804687500000e+02
5.909491474144902057e+00 3.800919494628906250e+02
5.912926226527432938e+00 3.807435607910156250e+02
5.916360978909964707e+00 3.799124450683593750e+02
5.919795731292495589e+00 3.802655334472656250e+02
5.923230483675026470e+00 3.792821655273437500e+02
5.926665236057557351e+00 3.759068908691406250e+02
5.930099988440089120e+00 3.783587036132812500e+02
5.933534740822620002e+00 3.847123107910156250e+02
5.936969493205151771e+00 3.926517028808593750e+02
5.940404245587682652e+00 4.004852905273437500e+02
5.943838997970213534e+00 4.095910644531250000e+02
5.947273750352744415e+00 4.218630371093750000e+02
5.950708502735276184e+00 4.394060058593750000e+02
5.954143255117807065e+00 4.680455322265625000e+02
5.957578007500338835e+00 5.263474121093750000e+02
5.961012759882869716e+00 6.204142456054687500e+02
5.964447512265401485e+00 7.477817993164062500e+02
5.967882264647932367e+00 9.194019165039062500e+02
5.971317017030463248e+00 1.068308593750000000e+03
5.974751769412994129e+00 1.145146606445312500e+03
5.978186521795525898e+00 1.119058105468750000e+03
5.981621274178056780e+00 9.864357299804687500e+02
5.985056026560588549e+00 8.232958374023437500e+02
5.988490778943119430e+00 6.619597778320312500e+02
5.991925531325650311e+00 5.376109619140625000e+02
5.995360283708181193e+00 4.723372802734375000e+02
5.998795036090712074e+00 4.346421508789062500e+02
6.002229788473243843e+00 4.137091369628906250e+02
6.005664540855774725e+00 4.026571655273437500e+02
6.009099293238306494e+00 3.946165466308593750e+02
6.012534045620837375e+00 3.917874450683593750e+02
6.015968798003369145e+00 3.909857788085937500e+02
6.019403550385899138e+00 3.942605590820312500e+02
6.022838302768430907e+00 3.975319519042968750e+02
6.026273055150961788e+00 3.945890502929687500e+02
6.029707807533493558e+00 3.934616088867187500e+02
6.033142559916024439e+00 3.893782653808593750e+02
6.036577312298556208e+00 3.899451904296875000e+02
6.040012064681087089e+00 3.871206054687500000e+02
6.043446817063618859e+00 3.875304565429687500e+02
6.046881569446148852e+00 3.867676696777343750e+02
6.050316321828680621e+00 3.896093750000000000e+02
6.053751074211211503e+00 3.960334777832031250e+02
6.057185826593743272e+00 3.998324584960937500e+02
6.060620578976274153e+00 4.021443481445312500e+02
6.064055331358805923e+00 3.993173522949218750e+02
6.067490083741336804e+00 4.062243347167968750e+02
6.070924836123867685e+00 4.030050354003906250e+02
6.074359588506398566e+00 3.958383178710937500e+02
6.077794340888929447e+00 3.879034423828125000e+02
6.081229093271461217e+00 3.857682189941406250e+02
6.084663845653992098e+00 3.848091735839843750e+02
6.088098598036523867e+00 3.791783752441406250e+02
6.091533350419054749e+00 3.743743591308593750e+02
6.094968102801585630e+00 3.719629211425781250e+02
6.098402855184116511e+00 3.691567382812500000e+02
6.101837607566648281e+00 3.671797485351562500e+02
6.105272359949179162e+00 3.679830932617187500e+02
6.108707112331710931e+00 3.664568176269531250e+02
6.112141864714241812e+00 3.685741271972656250e+02
6.115576617096773582e+00 3.690694274902343750e+02
6.119011369479304463e+00 3.741065673828125000e+02
6.122446121861835344e+00 3.748602600097656250e+02
6.125880874244366225e+00 3.753567504882812500e+02
6.129315626626897995e+00 3.759445800781250000e+02
6.132750379009428876e+00 3.787792358398437500e+02
6.136185131391960645e+00 3.777234191894531250e+02
6.139619883774491527e+00 3.760280761718750000e+02
6.143054636157022408e+00 3.807477111816406250e+02
6.146489388539553289e+00 3.834621887207031250e+02
6.149924140922085058e+00 3.820246887207031250e+02
6.153358893304615940e+00 3.742262268066406250e+02
6.156793645687146821e+00 3.707699584960937500e+02
6.160228398069678590e+00 3.697637939453125000e+02
6.163663150452209472e+00 3.712015380859375000e+02
6.167097902834741241e+00 3.684190979003906250e+02
6.170532655217271234e+00 3.673701782226562500e+02
6.173967407599803003e+00 3.632017822265625000e+02
6.177402159982333885e+00 3.682643432617187500e+02
6.180836912364865654e+00 3.690552368164062500e+02
6.184271664747396535e+00 3.711647338867187500e+02
6.187706417129928305e+00 3.662364501953125000e+02
6.191141169512459186e+00 3.597893066406250000e+02
6.194575921894990067e+00 3.565912475585937500e+02
6.198010674277520948e+00 3.252429199218750000e+02
6.201445426660052718e+00 3.188788146972656250e+02
6.204880179042583599e+00 3.179799804687500000e+02
6.208314931425115368e+00 3.504899291992187500e+02
6.211749683807646250e+00 3.565599060058593750e+02
6.215184436190178019e+00 3.593235473632812500e+02
6.218619188572708900e+00 3.635063781738281250e+02
6.222053940955239781e+00 3.660924987792968750e+02
6.225488693337770663e+00 3.658975830078125000e+02
6.228923445720301544e+00 3.656246032714843750e+02
6.232358198102833313e+00 3.630769042968750000e+02
6.235792950485364194e+00 3.624535522460937500e+02
6.239227702867895964e+00 3.579138793945312500e+02
6.242662455250426845e+00 3.524683532714843750e+02
6.246097207632957726e+00 3.434313964843750000e+02
6.249531960015488607e+00 3.434315490722656250e+02
6.252966712398020377e+00 3.515186767578125000e+02
6.256401464780551258e+00 3.598821105957031250e+02
6.259836217163083028e+00 3.659985656738281250e+02
6.263270969545613909e+00 3.679410705566406250e+02
6.266705721928145678e+00 3.729460754394531250e+02
6.270140474310675671e+00 3.763960571289062500e+02
6.273575226693207441e+00 3.813692932128906250e+02
6.277009979075738322e+00 3.859923095703125000e+02
6.280444731458270091e+00 3.883399963378906250e+02
6.283879483840800972e+00 3.959461059570312500e+02
6.287314236223332742e+00 3.981704406738281250e+02
6.290748988605863623e+00 3.962984313964843750e+02
6.294183740988394504e+00 3.850329895019531250e+02
6.297618493370925385e+00 3.728345336914062500e+02
6.301053245753457155e+00 3.639062805175781250e+02
6.304487998135988036e+00 3.581629028320312500e+02
6.307922750518518917e+00 3.556543273925781250e+02
6.311357502901050687e+00 3.554372253417968750e+02
6.314792255283581568e+00 3.583828735351562500e+02
6.318227007666113337e+00 3.605196838378906250e+02
6.321661760048643330e+00 3.646176452636718750e+02
6.325096512431175100e+00 3.679910278320312500e+02
6.328531264813705981e+00 3.693205261230468750e+02
6.331966017196237750e+00 3.740714416503906250e+02
6.335400769578768632e+00 3.799263000488281250e+02
6.338835521961300401e+00 3.861108398437500000e+02
6.342270274343831282e+00 3.804281311035156250e+02
6.345705026726362163e+00 3.743364868164062500e+02
6.349139779108893045e+00 3.627627258300781250e+02
6.352574531491424814e+00 3.594482727050781250e+02
6.356009283873955695e+00 3.529642639160156250e+02
6.359444036256487465e+00 3.508332824707031250e+02
6.362878788639018346e+00 3.471578063964843750e+02
6.366313541021550115e+00 3.469010009765625000e+02
6.369748293404080997e+00 3.457121582031250000e+02
6.373183045786611878e+00 3.448773803710937500e+02
6.376617798169142759e+00 3.452094726562500000e+02
6.380052550551673640e+00 3.439280395507812500e+02
6.383487302934205410e+00 3.438382263183593750e+02
6.386922055316736291e+00 3.448729858398437500e+02
6.390356807699268060e+00 3.452833862304687500e+02
6.393791560081798941e+00 3.471639099121093750e+02
6.397226312464329823e+00 3.463292541503906250e+02
6.400661064846860704e+00 3.490132751464843750e+02
6.404095817229392473e+00 3.500364990234375000e+02
6.407530569611923355e+00 3.540990905761718750e+02
6.410965321994455124e+00 3.568232727050781250e+02
6.414400074376986005e+00 3.599144287109375000e+02
6.417834826759517775e+00 3.592901611328125000e+02
6.421269579142047768e+00 3.647767639160156250e+02
6.424704331524579537e+00 3.715722045898437500e+02
6.428139083907110418e+00 3.777378540039062500e+02
6.431573836289642188e+00 3.781867065429687500e+02
6.435008588672173069e+00 3.736175537109375000e+02
6.438443341054704838e+00 3.680909729003906250e+02
6.441878093437235719e+00 3.647866821289062500e+02
6.445312845819766601e+00 3.592666320800781250e+02
6.448747598202297482e+00 3.593445129394531250e+02
6.452182350584829251e+00 3.581605224609375000e+02
6.455617102967360132e+00 3.585463256835937500e+02
6.459051855349891014e+00 3.502315368652343750e+02
6.462486607732422783e+00 3.442569274902343750e+02
6.465921360114953664e+00 3.417071533203125000e+02
6.469356112497485434e+00 3.411671142578125000e+02
6.472790864880015427e+00 3.443882446289062500e+02
6.476225617262547196e+00 3.488816223144531250e+02
6.479660369645078077e+00 3.491075744628906250e+02
6.483095122027609847e+00 3.464375610351562500e+02
6.486529874410140728e+00 3.443927612304687500e+02
6.489964626792672497e+00 3.458527832031250000e+02
6.493399379175203379e+00 3.482797851562500000e+02
6.496834131557734260e+00 3.515046997070312500e+02
6.500268883940265141e+00 3.506981506347656250e+02
6.503703636322796910e+00 3.509231872558593750e+02
6.507138388705327792e+00 3.491966857910156250e+02
6.510573141087859561e+00 3.533159179687500000e+02
6.514007893470390442e+00 3.542077941894531250e+02
6.517442645852922212e+00 3.528837280273437500e+02
6.520877398235453093e+00 3.481822814941406250e+02
6.524312150617983974e+00 3.460882263183593750e+02
6.527746903000514855e+00 3.479149475097656250e+02
6.531181655383045737e+00 3.513934020996093750e+02
6.534616407765577506e+00 3.542408752441406250e+02
6.538051160148108387e+00 3.530471801757812500e+02
6.541485912530640157e+00 3.546162414550781250e+02
6.544920664913171038e+00 3.507877502441406250e+02
6.548355417295701919e+00 3.466535034179687500e+02
6.551790169678232800e+00 3.411398925781250000e+02
6.555224922060764570e+00 3.352189941406250000e+02
6.558659674443295451e+00 3.335599060058593750e+02
6.562094426825827220e+00 3.326096801757812500e+02
6.565529179208358102e+00 3.333061523437500000e+02
6.568963931590889871e+00 3.371026916503906250e+02
6.572398683973419864e+00 3.444769592285156250e+02
6.575833436355951633e+00 3.479989013671875000e+02
6.579268188738482515e+00 3.483192138671875000e+02
6.582702941121014284e+00 3.445735168457031250e+02
6.586137693503545165e+00 3.468167419433593750e+02
6.589572445886076935e+00 3.477476806640625000e+02
6.593007198268607816e+00 3.530538635253906250e+02
6.596441950651138697e+00 3.551801757812500000e+02
6.599876703033669578e+00 3.581964721679687500e+02
6.603311455416201348e+00 3.537012329101562500e+02
6.606746207798732229e+00 3.476541442871093750e+02
6.610180960181263110e+00 3.452698364257812500e+02
6.613615712563794879e+00 3.431920166015625000e+02
6.617050464946325761e+00 3.433568115234375000e+02
6.620485217328857530e+00 3.421234741210937500e+02
6.623919969711387523e+00 3.406695861816406250e+02
6.627354722093919293e+00 3.391817626953125000e+02
6.630789474476450174e+00 3.394143981933593750e+02
6.634224226858981943e+00 3.413509216308593750e+02
6.637658979241512824e+00 3.401428527832031250e+02
6.641093731624044594e+00 3.370327453613281250e+02
6.644528484006575475e+00 3.333861694335937500e+02
6.647963236389106356e+00 3.308870849609375000e+02
6.651397988771637237e+00 3.320267333984375000e+02
6.654832741154169007e+00 3.322294921875000000e+02
6.658267493536699888e+00 3.342349853515625000e+02
6.661702245919231657e+00 3.362385864257812500e+02
6.665136998301762539e+00 3.408030700683593750e+02
6.668571750684294308e+00 3.445199890136718750e+02
6.672006503066824301e+00 3.446119995117187500e+02
6.675441255449356071e+00 3.475583801269531250e+02
6.678876007831886952e+00 3.557644653320312500e+02
6.682310760214417833e+00 3.658020324707031250e+02
6.685745512596949602e+00 3.704427185058593750e+02
6.689180264979480484e+00 3.703645629882812500e+02
6.692615017362012253e+00 3.698830871582031250e+02
6.696049769744543134e+00 3.640712280273437500e+02
6.699484522127074015e+00 3.559599609375000000e+02
6.702919274509604897e+00 3.508567199707031250e+02
6.706354026892136666e+00 3.474166259765625000e+02
6.709788779274667547e+00 3.409083251953125000e+02
6.713223531657199317e+00 3.374214477539062500e+02
6.716658284039730198e+00 3.380370178222656250e+02
6.720093036422261967e+00 3.426694946289062500e+02
6.723527788804791960e+00 3.427023010253906250e+02
6.726962541187323730e+00 3.418901062011718750e+02
6.730397293569854611e+00 3.346283569335937500e+02
6.733832045952386380e+00 3.313852844238281250e+02
6.737266798334917262e+00 3.285106201171875000e+02
6.740701550717449031e+00 3.282684631347656250e+02
6.744136303099979912e+00 3.287072753906250000e+02
6.747571055482510793e+00 3.285661010742187500e+02
6.751005807865041675e+00 3.312649536132812500e+02
6.754440560247573444e+00 3.346685180664062500e+02
6.757875312630104325e+00 3.372622375488281250e+02
6.761310065012635206e+00 3.389116516113281250e+02
6.764744817395166976e+00 3.383142089843750000e+02
6.768179569777697857e+00 3.402473144531250000e+02
6.771614322160229626e+00 3.417788696289062500e+02
6.775049074542759620e+00 3.438422241210937500e+02
6.778483826925291389e+00 3.413360900878906250e+02
6.781918579307822270e+00 3.347305603027343750e+02
6.785353331690354040e+00 3.332322082519531250e+02
6.788788084072884921e+00 3.361703796386718750e+02
6.792222836455416690e+00 3.424465637207031250e+02
6.795657588837947571e+00 3.474691162109375000e+02
6.799092341220478453e+00 3.566122741699218750e+02
6.802527093603009334e+00 3.603253479003906250e+02
6.805961845985541103e+00 3.652643737792968750e+02
6.809396598368071984e+00 3.655825805664062500e+02
6.812831350750603754e+00 3.663810729980468750e+02
6.816266103133134635e+00 3.611907348632812500e+02
6.819700855515666404e+00 3.501617736816406250e+02
6.823135607898196398e+00 3.464982910156250000e+02
6.826570360280728167e+00 3.429844665527343750e+02
6.830005112663259048e+00 3.464589843750000000e+02
6.833439865045790818e+00 3.402287902832031250e+02
6.836874617428321699e+00 3.411330871582031250e+02
6.840309369810852580e+00 3.372237854003906250e+02
6.843744122193384349e+00 3.363525695800781250e+02
6.847178874575915231e+00 3.357840881347656250e+02
6.850613626958446112e+00 3.380509643554687500e+02
6.854048379340976993e+00 3.470917358398437500e+02
6.857483131723508762e+00 3.504313354492187500e+02
6.860917884106039644e+00 3.520185852050781250e+02
6.864352636488571413e+00 3.506593322753906250e+02
6.867787388871102294e+00 3.490065002441406250e+02
6.871222141253634064e+00 3.447622375488281250e+02
6.874656893636164057e+00 3.426180419921875000e+02
6.878091646018695826e+00 3.421983947753906250e+02
6.881526398401226707e+00 3.421434631347656250e+02
6.884961150783758477e+00 3.406086425781250000e+02
6.888395903166289358e+00 3.378970336914062500e+02
6.891830655548821127e+00 3.380229492187500000e+02
6.895265407931352009e+00 3.424658508300781250e+02
6.898700160313882890e+00 3.471358032226562500e+02
6.902134912696413771e+00 3.496490783691406250e+02
6.905569665078945540e+00 3.440071411132812500e+02
6.909004417461476422e+00 3.462145996093750000e+02
6.912439169844007303e+00 3.460624694824218750e+02
6.915873922226539072e+00 3.452151489257812500e+02
6.919308674609069953e+00 3.390718078613281250e+02
6.922743426991601723e+00 3.350100097656250000e+02
6.926178179374131716e+00 3.336113891601562500e+02
6.929612931756663485e+00 3.328095397949218750e+02
6.933047684139194367e+00 3.345596923828125000e+02
6.936482436521726136e+00 3.394499206542968750e+02
6.939917188904257017e+00 3.458108215332031250e+02
6.943351941286788787e+00 3.545332946777343750e+02
6.946786693669319668e+00 3.581700744628906250e+02
6.950221446051850549e+00 3.540886535644531250e+02
6.953656198434381430e+00 3.509927978515625000e+02
6.957090950816913200e+00 3.480979614257812500e+02
6.960525703199444081e+00 3.460457763671875000e+02
6.963960455581975850e+00 3.420368957519531250e+02
6.967395207964506731e+00 3.351992797851562500e+02
6.970829960347038501e+00 3.361741638183593750e+02
6.974264712729568494e+00 3.399196777343750000e+02
6.977699465112100263e+00 3.488005065917968750e+02
6.981134217494631145e+00 3.525723876953125000e+02
6.984568969877162914e+00 3.478039855957031250e+02
6.988003722259693795e+00 3.368523254394531250e+02
6.991438474642224676e+00 3.316685791015625000e+02
6.994873227024756446e+00 3.275003967285156250e+02
6.998307979407287327e+00 3.315110778808593750e+02
7.001742731789818208e+00 3.306652526855468750e+02
7.005177484172349089e+00 3.300785827636718750e+02
7.008612236554880859e+00 3.317174987792968750e+02
7.012046988937411740e+00 3.368441467285156250e+02
7.015481741319943509e+00 3.436669921875000000e+02
7.018916493702474391e+00 3.435639953613281250e+02
7.022351246085006160e+00 3.407104797363281250e+02
7.025785998467536153e+00 3.387701110839843750e+02
7.029220750850067922e+00 3.387121887207031250e+02
7.032655503232598804e+00 3.376488952636718750e+02
7.036090255615130573e+00 3.387017822265625000e+02
7.039525007997661454e+00 3.365773315429687500e+02
7.042959760380193224e+00 3.346510620117187500e+02
7.046394512762724105e+00 3.319654541015625000e+02
7.049829265145254986e+00 3.305008544921875000e+02
7.053264017527785867e+00 3.299613952636718750e+02
7.056698769910317637e+00 3.332142639160156250e+02
7.060133522292848518e+00 3.350276794433593750e+02
7.063568274675379399e+00 3.395275268554687500e+02
7.067003027057911169e+00 3.420510864257812500e+02
7.070437779440442050e+00 3.471098632812500000e+02
7.073872531822972931e+00 3.495979003906250000e+02
7.077307284205503812e+00 3.506767883300781250e+02
7.080742036588035582e+00 3.479035644531250000e+02
7.084176788970566463e+00 3.465576171875000000e+02
7.087611541353098232e+00 3.525854797363281250e+02
7.091046293735629114e+00 3.562943115234375000e+02
7.094481046118160883e+00 3.628960571289062500e+02
7.097915798500691764e+00 3.646794433593750000e+02
7.101350550883222645e+00 3.639844665527343750e+02
7.104785303265753527e+00 3.582166137695312500e+02
7.108220055648285296e+00 3.499086303710937500e+02
7.111654808030816177e+00 3.467963867187500000e+02
7.115089560413347947e+00 3.427103576660156250e+02
7.118524312795878828e+00 3.393977355957031250e+02
7.121959065178410597e+00 3.366356811523437500e+02
7.125393817560940590e+00 3.344310302734375000e+02
7.128828569943472360e+00 3.329041442871093750e+02
7.132263322326003241e+00 3.276101379394531250e+02
7.135698074708535010e+00 3.247438964843750000e+02
7.139132827091065892e+00 3.252317504882812500e+02
7.142567579473596773e+00 3.280050048828125000e+02
7.146002331856128542e+00 3.353110046386718750e+02
7.149437084238658535e+00 3.422217712402343750e+02
7.152871836621190305e+00 3.479624633789062500e+02
7.156306589003721186e+00 3.450308227539062500e+02
7.159741341386252955e+00 3.404230957031250000e+02
7.163176093768782948e+00 3.390707702636718750e+02
7.166610846151314718e+00 3.387528991699218750e+02
7.170045598533845599e+00 3.396630554199218750e+02
7.173480350916377368e+00 3.361268615722656250e+02
7.176915103298908249e+00 3.350952758789062500e+02
7.180349855681440019e+00 3.326458740234375000e+02
7.183784608063970900e+00 3.322749328613281250e+02
7.187219360446502670e+00 3.286510314941406250e+02
7.190654112829033551e+00 3.292271728515625000e+02
7.194088865211565320e+00 3.304014892578125000e+02
7.197523617594096201e+00 3.309596557617187500e+02
7.200958369976627971e+00 3.267308044433593750e+02
7.204393122359158852e+00 3.232292480468750000e+02
7.207827874741689733e+00 3.224163513183593750e+02
7.211262627124221503e+00 3.237855834960937500e+02
7.214697379506751496e+00 3.210211486816406250e+02
7.218132131889282377e+00 3.205187683105468750e+02
7.221566884271814146e+00 3.192782592773437500e+02
7.225001636654345027e+00 3.219513549804687500e+02
7.228436389036875909e+00 3.234562072753906250e+02
7.231871141419407678e+00 3.253346557617187500e+02
7.235305893801938559e+00 3.258047180175781250e+02
7.238740646184470329e+00 3.244260559082031250e+02
7.242175398567001210e+00 3.246516113281250000e+02
7.245610150949532979e+00 3.254546203613281250e+02
7.249044903332063861e+00 3.272850036621093750e+02
7.252479655714595630e+00 3.299718322753906250e+02
7.255914408097126511e+00 3.292236633300781250e+02
7.259349160479658281e+00 3.264416809082031250e+02
7.262783912862187385e+00 3.184258728027343750e+02
7.266218665244719155e+00 3.174445800781250000e+02
7.269653417627250036e+00 3.177691345214843750e+02
7.273088170009781805e+00 3.209667053222656250e+02
7.276522922392312687e+00 3.252337646484375000e+02
7.279957674774844456e+00 3.283785400390625000e+02
7.283392427157375337e+00 3.300950927734375000e+02
7.286827179539907107e+00 3.301300354003906250e+02
7.290261931922437988e+00 3.312788085937500000e+02
7.293696684304968869e+00 3.319501037597656250e+02
7.297131436687500639e+00 3.327918701171875000e+02
7.300566189070031520e+00 3.304820251464843750e+02
7.304000941452563289e+00 3.295125427246093750e+02
7.307435693835094170e+00 3.243240661621093750e+02
7.310870446217625940e+00 3.253994140625000000e+02
7.314305198600155045e+00 3.260441589355468750e+02
7.317739950982686814e+00 3.263591613769531250e+02
7.321174703365217695e+00 3.221948547363281250e+02
7.324609455747749465e+00 3.182268066406250000e+02
7.328044208130280346e+00 3.195764465332031250e+02
7.331478960512812115e+00 3.185035400390625000e+02
7.334913712895342996e+00 3.151002197265625000e+02
7.338348465277874766e+00 3.148044738769531250e+02
7.341783217660405647e+00 3.178748779296875000e+02
7.345217970042937417e+00 3.173301391601562500e+02
7.348652722425468298e+00 3.147889099121093750e+02
7.352087474808000067e+00 3.177943115234375000e+02
7.355522227190530948e+00 3.236009216308593750e+02
7.358956979573061830e+00 3.299497070312500000e+02
7.362391731955593599e+00 3.328364257812500000e+02
7.365826484338123592e+00 3.378397521972656250e+02
7.369261236720654473e+00 3.381909484863281250e+02
7.372695989103186243e+00 3.350782470703125000e+02
7.376130741485717124e+00 3.278127441406250000e+02
7.379565493868248005e+00 3.197746582031250000e+02
7.383000246250779774e+00 3.154402770996093750e+02
7.386434998633310656e+00 3.217841186523437500e+02
7.389869751015842425e+00 3.248998718261718750e+02
7.393304503398373306e+00 3.314196777343750000e+02
7.396739255780905076e+00 3.312373962402343750e+02
7.400174008163435957e+00 3.331736755371093750e+02
7.403608760545967726e+00 3.334833068847656250e+02
7.407043512928498608e+00 3.303635559082031250e+02
7.410478265311030377e+00 3.272310791015625000e+02
7.413913017693559482e+00 3.223670959472656250e+02
7.417347770076091251e+00 3.199546508789062500e+02
7.420782522458622132e+00 3.228615417480468750e+02
7.424217274841153902e+00 3.270912170410156250e+02
7.427652027223684783e+00 3.288075561523437500e+02
7.431086779606216552e+00 3.271138610839843750e+02
7.434521531988747434e+00 3.243952636718750000e+02
7.437956284371279203e+00 3.353936462402343750e+02
