# # sector 26: chi = 84.98 deg (range [80, 90))
# # columns: 2theta(deg)  intensity
9.943608147427778210e-01 3.150118164062500000e+03
9.977955671253089243e-01 3.143131835937500000e+03
1.001230319507840250e+00 3.141771972656250000e+03
1.004665071890371353e+00 3.145803466796875000e+03
1.008099824272902678e+00 3.142561279296875000e+03
1.011534576655433781e+00 3.134638916015625000e+03
1.014969329037964885e+00 3.131958984375000000e+03
1.018404081420495988e+00 3.124293457031250000e+03
1.021838833803027313e+00 3.087481933593750000e+03
1.025273586185558417e+00 3.093302246093750000e+03
1.028708338568089520e+00 3.118773681640625000e+03
1.032143090950620845e+00 3.118074951171875000e+03
1.035577843333151948e+00 3.118802978515625000e+03
1.039012595715683274e+00 3.135668701171875000e+03
1.042447348098214377e+00 3.130709228515625000e+03
1.045882100480745702e+00 3.142623535156250000e+03
1.049316852863276806e+00 3.154173828125000000e+03
1.052751605245807909e+00 3.162255371093750000e+03
1.056186357628339012e+00 3.160790771484375000e+03
1.059621110010870337e+00 3.129201904296875000e+03
1.063055862393401441e+00 3.082894287109375000e+03
1.066490614775932544e+00 3.096614746093750000e+03
1.069925367158463869e+00 3.132576416015625000e+03
1.073360119540994972e+00 3.140986816406250000e+03
1.076794871923526298e+00 3.144817871093750000e+03
1.080229624306057401e+00 3.119681396484375000e+03
1.083664376688588726e+00 3.116524169921875000e+03
1.087099129071119830e+00 3.148278076171875000e+03
1.090533881453650933e+00 3.165952392578125000e+03
1.093968633836182036e+00 3.146001708984375000e+03
1.097403386218713361e+00 3.107472412109375000e+03
1.100838138601244465e+00 3.116241943359375000e+03
1.104272890983775568e+00 3.104026611328125000e+03
1.107707643366306893e+00 3.085307128906250000e+03
1.111142395748837997e+00 3.069581298828125000e+03
1.114577148131369322e+00 3.090478271484375000e+03
1.118011900513900425e+00 3.121743652343750000e+03
1.121446652896431750e+00 3.113349365234375000e+03
1.124881405278962854e+00 3.099344238281250000e+03
1.128316157661493957e+00 3.086971923828125000e+03
1.131750910044025060e+00 3.084237304687500000e+03
1.135185662426556386e+00 3.097145507812500000e+03
1.138620414809087489e+00 3.081800537109375000e+03
1.142055167191618592e+00 3.072420898437500000e+03
1.145489919574149917e+00 3.090109130859375000e+03
1.148924671956681021e+00 3.104300048828125000e+03
1.152359424339212346e+00 3.108440673828125000e+03
1.155794176721743449e+00 3.107800537109375000e+03
1.159228929104274775e+00 3.112630126953125000e+03
1.162663681486805878e+00 3.112734863281250000e+03
1.166098433869336981e+00 3.090174072265625000e+03
1.169533186251868084e+00 3.067922119140625000e+03
1.172967938634399410e+00 3.068187011718750000e+03
1.176402691016930513e+00 3.079076904296875000e+03
1.179837443399461616e+00 3.103654785156250000e+03
1.183272195781992941e+00 3.116090820312500000e+03
1.186706948164524045e+00 3.137722167968750000e+03
1.190141700547055370e+00 3.140256591796875000e+03
1.193576452929586473e+00 3.123279785156250000e+03
1.197011205312117799e+00 3.079793945312500000e+03
1.200445957694648902e+00 3.084395751953125000e+03
1.203880710077180005e+00 3.097733886718750000e+03
1.207315462459711108e+00 3.093824462890625000e+03
1.210750214842242434e+00 3.107733154296875000e+03
1.214184967224773537e+00 3.117711669921875000e+03
1.217619719607304640e+00 3.116074218750000000e+03
1.221054471989835966e+00 3.102601074218750000e+03
1.224489224372367069e+00 3.091695556640625000e+03
1.227923976754898394e+00 3.087207031250000000e+03
1.231358729137429497e+00 3.090178466796875000e+03
1.234793481519960823e+00 3.111384033203125000e+03
1.238228233902491926e+00 3.116983154296875000e+03
1.241662986285023029e+00 3.120667480468750000e+03
1.245097738667554133e+00 3.110774902343750000e+03
1.248532491050085236e+00 3.066992675781250000e+03
1.251967243432616561e+00 3.061637695312500000e+03
1.255401995815147664e+00 3.089993164062500000e+03
1.258836748197678990e+00 3.091250976562500000e+03
1.262271500580210093e+00 3.070785400390625000e+03
1.265706252962741418e+00 3.060397216796875000e+03
1.269141005345272522e+00 3.080865966796875000e+03
1.272575757727803847e+00 3.087829589843750000e+03
1.276010510110334950e+00 3.074516113281250000e+03
1.279445262492866053e+00 3.061541748046875000e+03
1.282880014875397157e+00 3.061501464843750000e+03
1.286314767257928260e+00 3.049779541015625000e+03
1.289749519640459585e+00 3.087774169921875000e+03
1.293184272022990688e+00 3.121745849609375000e+03
1.296619024405522014e+00 3.121652343750000000e+03
1.300053776788053117e+00 3.104945800781250000e+03
1.303488529170584442e+00 3.098789306640625000e+03
1.306923281553115546e+00 3.099722656250000000e+03
1.310358033935646871e+00 3.089547119140625000e+03
1.313792786318177974e+00 3.081957275390625000e+03
1.317227538700709077e+00 3.074640869140625000e+03
1.320662291083240181e+00 3.074690917968750000e+03
1.324097043465771284e+00 3.082311035156250000e+03
1.327531795848302609e+00 3.070359619140625000e+03
1.330966548230833713e+00 3.065792724609375000e+03
1.334401300613365038e+00 3.066140380859375000e+03
1.337836052995896141e+00 3.063138916015625000e+03
1.341270805378427466e+00 3.047463623046875000e+03
1.344705557760958570e+00 3.044009521484375000e+03
1.348140310143489895e+00 3.047089599609375000e+03
1.351575062526020998e+00 3.028775146484375000e+03
1.355009814908552102e+00 3.005405517578125000e+03
1.358444567291083205e+00 2.998128662109375000e+03
1.361879319673614308e+00 2.982957519531250000e+03
1.365314072056145633e+00 2.963384765625000000e+03
1.368748824438676737e+00 2.960540527343750000e+03
1.372183576821208062e+00 2.955277587890625000e+03
1.375618329203739165e+00 2.975728271484375000e+03
1.379053081586270491e+00 2.994334228515625000e+03
1.382487833968801594e+00 3.004196044921875000e+03
1.385922586351332919e+00 2.995781005859375000e+03
1.389357338733864022e+00 2.989902343750000000e+03
1.392792091116395126e+00 2.968547119140625000e+03
1.396226843498926229e+00 2.967284912109375000e+03
1.399661595881457332e+00 2.971313720703125000e+03
1.403096348263988657e+00 2.982997314453125000e+03
1.406531100646519761e+00 2.986421142578125000e+03
1.409965853029051086e+00 2.972779052734375000e+03
1.413400605411582189e+00 2.967083251953125000e+03
1.416835357794113515e+00 2.965258300781250000e+03
1.420270110176644618e+00 2.956741455078125000e+03
1.423704862559175943e+00 2.936231689453125000e+03
1.427139614941707046e+00 2.923831787109375000e+03
1.430574367324238150e+00 2.934703369140625000e+03
1.434009119706769253e+00 2.923321289062500000e+03
1.437443872089300356e+00 2.891541015625000000e+03
1.440878624471831682e+00 2.892201660156250000e+03
1.444313376854362785e+00 2.879078613281250000e+03
1.447748129236894110e+00 2.874196777343750000e+03
1.451182881619425213e+00 2.878441406250000000e+03
1.454617634001956539e+00 2.885492675781250000e+03
1.458052386384487642e+00 2.900301757812500000e+03
1.461487138767018967e+00 2.915550292968750000e+03
1.464921891149550071e+00 2.898607177734375000e+03
1.468356643532081174e+00 2.894093017578125000e+03
1.471791395914612277e+00 2.902835693359375000e+03
1.475226148297143380e+00 2.901998046875000000e+03
1.478660900679674706e+00 2.886032226562500000e+03
1.482095653062205809e+00 2.864665283203125000e+03
1.485530405444737134e+00 2.857772460937500000e+03
1.488965157827268238e+00 2.852739501953125000e+03
1.492399910209799563e+00 2.846677734375000000e+03
1.495834662592330666e+00 2.837420410156250000e+03
1.499269414974861991e+00 2.833070556640625000e+03
1.502704167357393095e+00 2.852322753906250000e+03
1.506138919739924198e+00 2.886186279296875000e+03
1.509573672122455301e+00 2.877253662109375000e+03
1.513008424504986404e+00 2.870064208984375000e+03
1.516443176887517730e+00 2.862287597656250000e+03
1.519877929270048833e+00 2.829017822265625000e+03
1.523312681652580158e+00 2.806694824218750000e+03
1.526747434035111262e+00 2.799529052734375000e+03
1.530182186417642587e+00 2.797479248046875000e+03
1.533616938800173690e+00 2.800987060546875000e+03
1.537051691182705015e+00 2.802244140625000000e+03
1.540486443565236119e+00 2.801272216796875000e+03
1.543921195947767222e+00 2.805259765625000000e+03
1.547355948330298325e+00 2.819554199218750000e+03
1.550790700712829429e+00 2.823870605468750000e+03
1.554225453095360754e+00 2.803303222656250000e+03
1.557660205477891857e+00 2.800145263671875000e+03
1.561094957860423182e+00 2.810490478515625000e+03
1.564529710242954286e+00 2.808472656250000000e+03
1.567964462625485611e+00 2.798763427734375000e+03
1.571399215008016714e+00 2.797924316406250000e+03
1.574833967390548040e+00 2.796124267578125000e+03
1.578268719773079143e+00 2.795248291015625000e+03
1.581703472155610246e+00 2.810047607421875000e+03
1.585138224538141349e+00 2.822586914062500000e+03
1.588572976920672453e+00 2.834171142578125000e+03
1.592007729303203778e+00 2.856288818359375000e+03
1.595442481685734881e+00 2.868248046875000000e+03
1.598877234068266207e+00 2.863838867187500000e+03
1.602311986450797310e+00 2.852209472656250000e+03
1.605746738833328635e+00 2.853930175781250000e+03
1.609181491215859738e+00 2.866980957031250000e+03
1.612616243598391064e+00 2.889838378906250000e+03
1.616050995980922167e+00 2.905662597656250000e+03
1.619485748363453270e+00 2.928603759765625000e+03
1.622920500745984373e+00 2.938913818359375000e+03
1.626355253128515477e+00 2.939728027343750000e+03
1.629790005511046802e+00 2.964191650390625000e+03
1.633224757893577905e+00 2.973069580078125000e+03
1.636659510276109231e+00 2.986046386718750000e+03
1.640094262658640334e+00 3.011204101562500000e+03
1.643529015041171659e+00 3.086654052734375000e+03
1.646963767423702762e+00 3.138554931640625000e+03
1.650398519806234088e+00 3.263533447265625000e+03
1.653833272188765191e+00 3.370449218750000000e+03
1.657268024571296294e+00 3.795677490234375000e+03
1.660702776953827398e+00 4.247035156250000000e+03
1.664137529336358501e+00 6.445815429687500000e+03
1.667572281718889826e+00 8.977088867187500000e+03
1.671007034101420929e+00 2.162008593750000000e+04
1.674441786483952255e+00 3.252126367187500000e+04
1.677876538866483358e+00 4.238693359375000000e+04
1.681311291249014683e+00 4.437796484375000000e+04
1.684746043631545787e+00 4.279711328125000000e+04
1.688180796014076890e+00 3.622591015625000000e+04
1.691615548396608215e+00 2.787305664062500000e+04
1.695050300779139318e+00 1.617814941406250000e+04
1.698485053161670422e+00 9.776718750000000000e+03
1.701919805544201525e+00 5.931439453125000000e+03
1.705354557926732850e+00 4.411979492187500000e+03
1.708789310309263954e+00 3.660770019531250000e+03
1.712224062691795279e+00 3.347880859375000000e+03
1.715658815074326382e+00 3.144595458984375000e+03
1.719093567456857707e+00 3.046174316406250000e+03
1.722528319839388811e+00 2.946379638671875000e+03
1.725963072221919914e+00 2.885367431640625000e+03
1.729397824604451239e+00 2.823766113281250000e+03
1.732832576986982343e+00 2.802397216796875000e+03
1.736267329369513446e+00 2.793677001953125000e+03
1.739702081752044549e+00 2.783969970703125000e+03
1.743136834134575874e+00 2.753398193359375000e+03
1.746571586517106978e+00 2.725031738281250000e+03
1.750006338899638303e+00 2.717865478515625000e+03
1.753441091282169406e+00 2.694735107421875000e+03
1.756875843664700731e+00 2.676377197265625000e+03
1.760310596047231835e+00 2.668190673828125000e+03
1.763745348429762938e+00 2.662692138671875000e+03
1.767180100812294263e+00 2.640891601562500000e+03
1.770614853194825367e+00 2.619499267578125000e+03
1.774049605577356470e+00 2.617871093750000000e+03
1.777484357959887573e+00 2.620028076171875000e+03
1.780919110342418898e+00 2.599132812500000000e+03
1.784353862724950002e+00 2.591229736328125000e+03
1.787788615107481327e+00 2.574008300781250000e+03
1.791223367490012208e+00 2.560766113281250000e+03
1.794658119872543534e+00 2.549445556640625000e+03
1.798092872255074859e+00 2.542131591796875000e+03
1.801527624637606184e+00 2.535821044921875000e+03
1.804962377020137065e+00 2.532728759765625000e+03
1.808397129402668391e+00 2.520350830078125000e+03
1.811831881785199494e+00 2.519518554687500000e+03
1.815266634167730819e+00 2.501781494140625000e+03
1.818701386550261700e+00 2.478658447265625000e+03
1.822136138932793026e+00 2.468255371093750000e+03
1.825570891315324351e+00 2.468865966796875000e+03
1.829005643697855676e+00 2.490053710937500000e+03
1.832440396080386558e+00 2.488095214843750000e+03
1.835875148462917883e+00 2.479146240234375000e+03
1.839309900845449208e+00 2.470679931640625000e+03
1.842744653227980089e+00 2.432089599609375000e+03
1.846179405610511415e+00 2.412124267578125000e+03
1.849614157993042740e+00 2.391061279296875000e+03
1.853048910375573843e+00 2.381796630859375000e+03
1.856483662758104725e+00 2.372747070312500000e+03
1.859918415140636050e+00 2.364042724609375000e+03
1.863353167523167375e+00 2.360841552734375000e+03
1.866787919905698701e+00 2.367537841796875000e+03
1.870222672288229582e+00 2.367507324218750000e+03
1.873657424670760907e+00 2.383434326171875000e+03
1.877092177053292232e+00 2.377287841796875000e+03
1.880526929435823114e+00 2.364121337890625000e+03
1.883961681818354439e+00 2.361847412109375000e+03
1.887396434200885764e+00 2.365076660156250000e+03
1.890831186583416867e+00 2.375265136718750000e+03
1.894265938965947749e+00 2.383561767578125000e+03
1.897700691348479074e+00 2.370636474609375000e+03
1.901135443731010399e+00 2.357129882812500000e+03
1.904570196113541725e+00 2.345877685546875000e+03
1.908004948496072606e+00 2.346759765625000000e+03
1.911439700878603931e+00 2.327837158203125000e+03
1.914874453261135256e+00 2.321994628906250000e+03
1.918309205643666138e+00 2.319464843750000000e+03
1.921743958026197463e+00 2.323354003906250000e+03
1.925178710408728788e+00 2.317522705078125000e+03
1.928613462791259892e+00 2.290939697265625000e+03
1.932048215173790773e+00 2.272440185546875000e+03
1.935482967556322098e+00 2.268448486328125000e+03
1.938917719938853423e+00 2.284987060546875000e+03
1.942352472321384749e+00 2.302657470703125000e+03
1.945787224703915630e+00 2.306545166015625000e+03
1.949221977086446955e+00 2.292415527343750000e+03
1.952656729468978281e+00 2.283848632812500000e+03
1.956091481851509162e+00 2.277774658203125000e+03
1.959526234234040487e+00 2.269721191406250000e+03
1.962960986616571812e+00 2.256552978515625000e+03
1.966395738999102916e+00 2.248976806640625000e+03
1.969830491381633797e+00 2.242562744140625000e+03
1.973265243764165122e+00 2.238960449218750000e+03
1.976699996146696447e+00 2.237060302734375000e+03
1.980134748529227329e+00 2.239510986328125000e+03
1.983569500911758654e+00 2.244490966796875000e+03
1.987004253294289979e+00 2.254417480468750000e+03
1.990439005676821305e+00 2.269050537109375000e+03
1.993873758059352186e+00 2.271298095703125000e+03
1.997308510441883511e+00 2.252182861328125000e+03
2.000743262824414614e+00 2.250672607421875000e+03
2.004178015206945940e+00 2.255840576171875000e+03
2.007612767589476821e+00 2.257057617187500000e+03
2.011047519972008146e+00 2.254326660156250000e+03
2.014482272354539472e+00 2.253256103515625000e+03
2.017917024737070353e+00 2.222583251953125000e+03
2.021351777119601678e+00 2.225196044921875000e+03
2.024786529502133003e+00 2.218453857421875000e+03
2.028221281884664329e+00 2.215050781250000000e+03
2.031656034267195210e+00 2.206602539062500000e+03
2.035090786649726535e+00 2.200183837890625000e+03
2.038525539032257861e+00 2.185004394531250000e+03
2.041960291414789186e+00 2.179539794921875000e+03
2.045395043797320067e+00 2.157790771484375000e+03
2.048829796179851392e+00 2.159852539062500000e+03
2.052264548562382718e+00 2.169135742187500000e+03
2.055699300944913599e+00 2.171311767578125000e+03
2.059134053327444924e+00 2.169646728515625000e+03
2.062568805709975805e+00 2.163235839843750000e+03
2.066003558092507131e+00 2.162306884765625000e+03
2.069438310475038012e+00 2.168774169921875000e+03
2.072873062857569337e+00 2.166514892578125000e+03
2.076307815240100663e+00 2.146064208984375000e+03
2.079742567622631988e+00 2.121888916015625000e+03
2.083177320005162869e+00 2.115263916015625000e+03
2.086612072387694194e+00 2.117924316406250000e+03
2.090046824770225520e+00 2.112492187500000000e+03
2.093481577152756401e+00 2.118609619140625000e+03
2.096916329535287726e+00 2.123623046875000000e+03
2.100351081917819052e+00 2.107552978515625000e+03
2.103785834300350377e+00 2.105849365234375000e+03
2.107220586682881258e+00 2.105722167968750000e+03
2.110655339065412583e+00 2.111222900390625000e+03
2.114090091447943909e+00 2.116392333984375000e+03
2.117524843830475234e+00 2.123755615234375000e+03
2.120959596213006115e+00 2.112902832031250000e+03
2.124394348595537441e+00 2.090917236328125000e+03
2.127829100978068766e+00 2.084475830078125000e+03
2.131263853360599647e+00 2.084544921875000000e+03
2.134698605743130972e+00 2.100630615234375000e+03
2.138133358125661854e+00 2.107505859375000000e+03
2.141568110508193179e+00 2.087543212890625000e+03
2.145002862890724060e+00 2.077042480468750000e+03
2.148437615273255386e+00 2.069901367187500000e+03
2.151872367655786711e+00 2.072011474609375000e+03
2.155307120038318036e+00 2.065116455078125000e+03
2.158741872420848917e+00 2.054349853515625000e+03
2.162176624803380243e+00 2.044795410156250000e+03
2.165611377185911568e+00 2.039057617187500000e+03
2.169046129568442449e+00 2.030357666015625000e+03
2.172480881950973775e+00 2.031574829101562500e+03
2.175915634333505100e+00 2.051406005859375000e+03
2.179350386716036425e+00 2.053287353515625000e+03
2.182785139098567306e+00 2.055202148437500000e+03
2.186219891481098632e+00 2.058733398437500000e+03
2.189654643863629957e+00 2.079162109375000000e+03
2.193089396246161282e+00 2.100520263671875000e+03
2.196524148628692163e+00 2.087143554687500000e+03
2.199958901011223489e+00 2.067698242187500000e+03
2.203393653393754814e+00 2.056908691406250000e+03
2.206828405776285695e+00 2.060312988281250000e+03
2.210263158158817021e+00 2.074383056640625000e+03
2.213697910541347902e+00 2.077868164062500000e+03
2.217132662923879227e+00 2.076073242187500000e+03
2.220567415306410108e+00 2.068019042968750000e+03
2.224002167688941434e+00 2.053870605468750000e+03
2.227436920071472759e+00 2.038445190429687500e+03
2.230871672454004084e+00 2.042800781250000000e+03
2.234306424836534966e+00 2.061524414062500000e+03
2.237741177219066291e+00 2.067133300781250000e+03
2.241175929601597616e+00 2.068207031250000000e+03
2.244610681984128497e+00 2.074958740234375000e+03
2.248045434366659823e+00 2.058234619140625000e+03
2.251480186749191148e+00 2.043470092773437500e+03
2.254914939131722473e+00 2.041288208007812500e+03
2.258349691514253355e+00 2.053799560546875000e+03
2.261784443896784680e+00 2.078642089843750000e+03
2.265219196279316005e+00 2.081608398437500000e+03
2.268653948661847330e+00 2.089408203125000000e+03
2.272088701044378212e+00 2.100343017578125000e+03
2.275523453426909537e+00 2.091081054687500000e+03
2.278958205809440862e+00 2.091522216796875000e+03
2.282392958191971744e+00 2.086296875000000000e+03
2.285827710574503069e+00 2.089065185546875000e+03
2.289262462957033950e+00 2.110767578125000000e+03
2.292697215339565275e+00 2.147831298828125000e+03
2.296131967722096157e+00 2.166571777343750000e+03
2.299566720104627482e+00 2.176222656250000000e+03
2.303001472487158807e+00 2.221639648437500000e+03
2.306436224869690133e+00 2.241205566406250000e+03
2.309870977252221014e+00 2.255830810546875000e+03
2.313305729634752339e+00 2.278932373046875000e+03
2.316740482017283664e+00 2.309373046875000000e+03
2.320175234399814546e+00 2.326629150390625000e+03
2.323609986782345871e+00 2.356961669921875000e+03
2.327044739164877196e+00 2.392392578125000000e+03
2.330479491547408522e+00 2.447317626953125000e+03
2.333914243929939403e+00 2.512116210937500000e+03
2.337348996312470728e+00 2.568688232421875000e+03
2.340783748695002053e+00 2.631057617187500000e+03
2.344218501077533379e+00 2.748228515625000000e+03
2.347653253460064260e+00 2.914799560546875000e+03
2.351088005842595585e+00 3.177808837890625000e+03
2.354522758225126911e+00 3.620752929687500000e+03
2.357957510607657792e+00 4.547250976562500000e+03
2.361392262990189117e+00 6.539737792968750000e+03
2.364827015372720442e+00 1.130358789062500000e+04
2.368261767755251324e+00 2.250633398437500000e+04
2.371696520137782205e+00 3.908839843750000000e+04
2.375131272520313530e+00 6.411728125000000000e+04
2.378566024902844855e+00 7.435760156250000000e+04
2.382000777285376181e+00 7.404565625000000000e+04
2.385435529667907062e+00 6.644810937500000000e+04
2.388870282050438387e+00 5.160049609375000000e+04
2.392305034432969713e+00 3.581465234375000000e+04
2.395739786815500594e+00 1.868982226562500000e+04
2.399174539198031919e+00 9.865485351562500000e+03
2.402609291580563244e+00 6.239366210937500000e+03
2.406044043963094570e+00 4.348615234375000000e+03
2.409478796345625451e+00 3.544896728515625000e+03
2.412913548728156776e+00 3.105759033203125000e+03
2.416348301110688102e+00 2.857232177734375000e+03
2.419783053493219427e+00 2.671112548828125000e+03
2.423217805875750308e+00 2.567319335937500000e+03
2.426652558258281633e+00 2.470299560546875000e+03
2.430087310640812959e+00 2.411429443359375000e+03
2.433522063023343840e+00 2.368586669921875000e+03
2.436956815405875165e+00 2.319925537109375000e+03
2.440391567788406491e+00 2.268199462890625000e+03
2.443826320170937372e+00 2.233602294921875000e+03
2.447261072553468253e+00 2.186375732421875000e+03
2.450695824935999578e+00 2.157275390625000000e+03
2.454130577318530904e+00 2.118685058593750000e+03
2.457565329701061785e+00 2.078536865234375000e+03
2.461000082083593110e+00 2.049302001953125000e+03
2.464434834466124435e+00 2.041848266601562500e+03
2.467869586848655761e+00 2.049658203125000000e+03
2.471304339231186642e+00 2.043005615234375000e+03
2.474739091613717967e+00 1.995948364257812500e+03
2.478173843996249293e+00 1.965249633789062500e+03
2.481608596378780618e+00 1.939822143554687500e+03
2.485043348761311499e+00 1.919721801757812500e+03
2.488478101143842824e+00 1.896872070312500000e+03
2.491912853526374150e+00 1.873444335937500000e+03
2.495347605908905031e+00 1.847443603515625000e+03
2.498782358291436356e+00 1.832203735351562500e+03
2.502217110673967682e+00 1.822335083007812500e+03
2.505651863056499007e+00 1.825419311523437500e+03
2.509086615439029888e+00 1.830346191406250000e+03
2.512521367821561213e+00 1.822554687500000000e+03
2.515956120204092539e+00 1.806249389648437500e+03
2.519390872586623420e+00 1.792851196289062500e+03
2.522825624969154301e+00 1.781097412109375000e+03
2.526260377351685626e+00 1.755808593750000000e+03
2.529695129734216952e+00 1.750158569335937500e+03
2.533129882116747833e+00 1.753813720703125000e+03
2.536564634499279158e+00 1.748066040039062500e+03
2.539999386881810484e+00 1.738648193359375000e+03
2.543434139264341809e+00 1.740171630859375000e+03
2.546868891646872690e+00 1.722678710937500000e+03
2.550303644029404015e+00 1.714922973632812500e+03
2.553738396411935341e+00 1.704586059570312500e+03
2.557173148794466666e+00 1.693735107421875000e+03
2.560607901176997547e+00 1.692945190429687500e+03
2.564042653559528873e+00 1.688488891601562500e+03
2.567477405942060198e+00 1.681614257812500000e+03
2.570912158324591079e+00 1.686755004882812500e+03
2.574346910707122404e+00 1.689495239257812500e+03
2.577781663089653730e+00 1.677958129882812500e+03
2.581216415472185055e+00 1.663760864257812500e+03
2.584651167854715936e+00 1.655907348632812500e+03
2.588085920237247262e+00 1.661624145507812500e+03
2.591520672619778587e+00 1.653235717773437500e+03
2.594955425002309468e+00 1.648348388671875000e+03
2.598390177384840349e+00 1.648424072265625000e+03
2.601824929767371675e+00 1.656372192382812500e+03
2.605259682149903000e+00 1.654650878906250000e+03
2.608694434532433881e+00 1.644252075195312500e+03
2.612129186914965207e+00 1.625572998046875000e+03
2.615563939297496532e+00 1.622689086914062500e+03
2.618998691680027857e+00 1.612701782226562500e+03
2.622433444062558738e+00 1.599521240234375000e+03
2.625868196445090064e+00 1.589624389648437500e+03
2.629302948827621389e+00 1.584886474609375000e+03
2.632737701210152714e+00 1.594348632812500000e+03
2.636172453592683596e+00 1.595148193359375000e+03
2.639607205975214921e+00 1.594503540039062500e+03
2.643041958357746246e+00 1.587605224609375000e+03
2.646476710740277127e+00 1.586483032226562500e+03
2.649911463122808453e+00 1.580740112304687500e+03
2.653346215505339778e+00 1.578374511718750000e+03
2.656780967887871103e+00 1.592609985351562500e+03
2.660215720270401984e+00 1.612285156250000000e+03
2.663650472652933310e+00 1.618148193359375000e+03
2.667085225035464635e+00 1.596697387695312500e+03
2.670519977417995516e+00 1.559234375000000000e+03
2.673954729800526398e+00 1.553221801757812500e+03
2.677389482183057723e+00 1.554129272460937500e+03
2.680824234565589048e+00 1.532350708007812500e+03
2.684258986948119929e+00 1.512182617187500000e+03
2.687693739330651255e+00 1.522671020507812500e+03
2.691128491713182580e+00 1.536428100585937500e+03
2.694563244095713905e+00 1.530468994140625000e+03
2.697997996478244787e+00 1.521507080078125000e+03
2.701432748860776112e+00 1.518167724609375000e+03
2.704867501243307437e+00 1.524312255859375000e+03
2.708302253625838762e+00 1.536129272460937500e+03
2.711737006008369644e+00 1.527444702148437500e+03
2.715171758390900969e+00 1.518213378906250000e+03
2.718606510773432294e+00 1.519465576171875000e+03
2.722041263155963176e+00 1.524627563476562500e+03
2.725476015538494501e+00 1.518526367187500000e+03
2.728910767921025826e+00 1.516737548828125000e+03
2.732345520303557151e+00 1.518309814453125000e+03
2.735780272686088033e+00 1.514146728515625000e+03
2.739215025068619358e+00 1.505290893554687500e+03
2.742649777451150683e+00 1.503378662109375000e+03
2.746084529833681565e+00 1.514943969726562500e+03
2.749519282216212890e+00 1.517113769531250000e+03
2.752954034598743771e+00 1.523979370117187500e+03
2.756388786981275096e+00 1.523704711914062500e+03
2.759823539363805978e+00 1.517787353515625000e+03
2.763258291746337303e+00 1.510894165039062500e+03
2.766693044128868628e+00 1.513850463867187500e+03
2.770127796511399954e+00 1.521700195312500000e+03
2.773562548893930835e+00 1.523066650390625000e+03
2.776997301276462160e+00 1.517874511718750000e+03
2.780432053658993485e+00 1.517758300781250000e+03
2.783866806041524811e+00 1.523796142578125000e+03
2.787301558424055692e+00 1.534543823242187500e+03
2.790736310806587017e+00 1.520652954101562500e+03
2.794171063189118343e+00 1.514736694335937500e+03
2.797605815571649224e+00 1.520400634765625000e+03
2.801040567954180549e+00 1.519016845703125000e+03
2.804475320336711874e+00 1.524846557617187500e+03
2.807910072719243200e+00 1.514425781250000000e+03
2.811344825101774081e+00 1.529700805664062500e+03
2.814779577484305406e+00 1.541136108398437500e+03
2.818214329866836731e+00 1.550358886718750000e+03
2.821649082249367613e+00 1.547025512695312500e+03
2.825083834631898938e+00 1.568333862304687500e+03
2.828518587014429819e+00 1.582865478515625000e+03
2.831953339396961145e+00 1.576255249023437500e+03
2.835388091779492026e+00 1.572479370117187500e+03
2.838822844162023351e+00 1.582034667968750000e+03
2.842257596544554676e+00 1.599366455078125000e+03
2.845692348927086002e+00 1.600285522460937500e+03
2.849127101309616883e+00 1.612493286132812500e+03
2.852561853692148208e+00 1.623143188476562500e+03
2.855996606074679534e+00 1.631489257812500000e+03
2.859431358457210415e+00 1.639239868164062500e+03
2.862866110839741740e+00 1.653205078125000000e+03
2.866300863222273065e+00 1.676711791992187500e+03
2.869735615604804391e+00 1.721191162109375000e+03
2.873170367987335272e+00 1.757455322265625000e+03
2.876605120369866597e+00 1.810671142578125000e+03
2.880039872752397923e+00 1.862471923828125000e+03
2.883474625134929248e+00 1.967440673828125000e+03
2.886909377517460129e+00 2.082007324218750000e+03
2.890344129899991454e+00 2.371343505859375000e+03
2.893778882282522780e+00 2.771554931640625000e+03
2.897213634665053661e+00 4.067213623046875000e+03
2.900648387047584986e+00 6.246822753906250000e+03
2.904083139430115867e+00 1.265829199218750000e+04
2.907517891812647193e+00 2.273508789062500000e+04
2.910952644195178074e+00 3.465482812500000000e+04
2.914387396577709399e+00 4.105276562500000000e+04
2.917822148960240725e+00 4.176071093750000000e+04
2.921256901342772050e+00 3.376103515625000000e+04
2.924691653725302931e+00 2.552935546875000000e+04
2.928126406107834256e+00 1.599392382812500000e+04
2.931561158490365582e+00 9.804561523437500000e+03
2.934995910872896463e+00 5.162597167968750000e+03
2.938430663255427788e+00 3.691395507812500000e+03
2.941865415637959114e+00 2.610399902343750000e+03
2.945300168020490439e+00 2.305079833984375000e+03
2.948734920403021320e+00 2.023772949218750000e+03
2.952169672785552645e+00 1.934124389648437500e+03
2.955604425168083971e+00 1.817465942382812500e+03
2.959039177550615296e+00 1.759564941406250000e+03
2.962473929933146177e+00 1.706295410156250000e+03
2.965908682315677503e+00 1.669822021484375000e+03
2.969343434698208828e+00 1.638206298828125000e+03
2.972778187080739709e+00 1.612471801757812500e+03
2.976212939463271034e+00 1.590914184570312500e+03
2.979647691845801916e+00 1.583006958007812500e+03
2.983082444228333241e+00 1.565820068359375000e+03
2.986517196610864122e+00 1.548026000976562500e+03
2.989951948993395447e+00 1.523897949218750000e+03
2.993386701375926773e+00 1.503400390625000000e+03
2.996821453758458098e+00 1.483182983398437500e+03
3.000256206140988979e+00 1.459953002929687500e+03
3.003690958523520305e+00 1.446098632812500000e+03
3.007125710906051630e+00 1.424430664062500000e+03
3.010560463288582511e+00 1.410218383789062500e+03
3.013995215671113836e+00 1.423804443359375000e+03
3.017429968053645162e+00 1.425450561523437500e+03
3.020864720436176487e+00 1.416718139648437500e+03
3.024299472818707368e+00 1.413934448242187500e+03
3.027734225201238694e+00 1.413486450195312500e+03
3.031168977583770019e+00 1.387199218750000000e+03
3.034603729966301344e+00 1.362596679687500000e+03
3.038038482348832225e+00 1.355657226562500000e+03
3.041473234731363551e+00 1.350783935546875000e+03
3.044907987113894876e+00 1.343157104492187500e+03
3.048342739496425757e+00 1.340043823242187500e+03
3.051777491878957083e+00 1.337929931640625000e+03
3.055212244261487964e+00 1.322140014648437500e+03
3.058646996644019289e+00 1.316916015625000000e+03
3.062081749026550170e+00 1.311757812500000000e+03
3.065516501409081496e+00 1.315226928710937500e+03
3.068951253791612821e+00 1.315903076171875000e+03
3.072386006174144146e+00 1.319747680664062500e+03
3.075820758556675028e+00 1.312363769531250000e+03
3.079255510939206353e+00 1.307802734375000000e+03
3.082690263321737678e+00 1.302655883789062500e+03
3.086125015704268559e+00 1.287946655273437500e+03
3.089559768086799885e+00 1.286300659179687500e+03
3.092994520469331210e+00 1.290779296875000000e+03
3.096429272851862535e+00 1.289646728515625000e+03
3.099864025234393416e+00 1.290738891601562500e+03
3.103298777616924742e+00 1.283877075195312500e+03
3.106733529999456067e+00 1.286304565429687500e+03
3.110168282381987392e+00 1.292785278320312500e+03
3.113603034764518274e+00 1.293859985351562500e+03
3.117037787147049599e+00 1.297277465820312500e+03
3.120472539529580924e+00 1.281905151367187500e+03
3.123907291912111805e+00 1.281092163085937500e+03
3.127342044294643131e+00 1.290196044921875000e+03
3.130776796677174012e+00 1.292997070312500000e+03
3.134211549059705337e+00 1.290175659179687500e+03
3.137646301442236219e+00 1.285651855468750000e+03
3.141081053824767544e+00 1.289763671875000000e+03
3.144515806207298869e+00 1.285360839843750000e+03
3.147950558589830194e+00 1.263975830078125000e+03
3.151385310972361076e+00 1.248731567382812500e+03
3.154820063354892401e+00 1.257579223632812500e+03
3.158254815737423726e+00 1.255480102539062500e+03
3.161689568119954608e+00 1.241893920898437500e+03
3.165124320502485933e+00 1.231574707031250000e+03
3.168559072885017258e+00 1.235083862304687500e+03
3.171993825267548583e+00 1.239618041992187500e+03
3.175428577650079465e+00 1.237390502929687500e+03
3.178863330032610790e+00 1.236495971679687500e+03
3.182298082415142115e+00 1.245531860351562500e+03
3.185732834797673441e+00 1.239668457031250000e+03
3.189167587180204322e+00 1.237190429687500000e+03
3.192602339562735647e+00 1.243278076171875000e+03
3.196037091945266972e+00 1.231766723632812500e+03
3.199471844327797854e+00 1.227923950195312500e+03
3.202906596710329179e+00 1.229572265625000000e+03
3.206341349092860060e+00 1.235854003906250000e+03
3.209776101475391386e+00 1.235243041992187500e+03
3.213210853857922267e+00 1.237963745117187500e+03
3.216645606240453592e+00 1.234500732421875000e+03
3.220080358622984917e+00 1.235014770507812500e+03
3.223515111005516243e+00 1.242579833984375000e+03
3.226949863388047124e+00 1.243568847656250000e+03
3.230384615770578449e+00 1.237707275390625000e+03
3.233819368153109775e+00 1.236253417968750000e+03
3.237254120535640656e+00 1.240015502929687500e+03
3.240688872918171981e+00 1.244943359375000000e+03
3.244123625300703306e+00 1.246627441406250000e+03
3.247558377683234632e+00 1.240741210937500000e+03
3.250993130065765513e+00 1.241312133789062500e+03
3.254427882448296838e+00 1.245568603515625000e+03
3.257862634830828164e+00 1.246534057617187500e+03
3.261297387213359489e+00 1.246422241210937500e+03
3.264732139595890370e+00 1.234179809570312500e+03
3.268166891978421695e+00 1.224457397460937500e+03
3.271601644360953021e+00 1.222838989257812500e+03
3.275036396743483902e+00 1.228917968750000000e+03
3.278471149126015227e+00 1.237951660156250000e+03
3.281905901508546108e+00 1.236286132812500000e+03
3.285340653891077434e+00 1.234397705078125000e+03
3.288775406273608315e+00 1.236121459960937500e+03
3.292210158656139640e+00 1.248038330078125000e+03
3.295644911038670966e+00 1.256334228515625000e+03
3.299079663421202291e+00 1.268724243164062500e+03
3.302514415803733172e+00 1.272305053710937500e+03
3.305949168186264497e+00 1.272245361328125000e+03
3.309383920568795823e+00 1.279358886718750000e+03
3.312818672951326704e+00 1.274215332031250000e+03
3.316253425333858029e+00 1.281075561523437500e+03
3.319688177716389355e+00 1.305413940429687500e+03
3.323122930098920680e+00 1.324367675781250000e+03
3.326557682481451561e+00 1.349558471679687500e+03
3.329992434863982886e+00 1.382851562500000000e+03
3.333427187246514212e+00 1.413422851562500000e+03
3.336861939629045093e+00 1.467798583984375000e+03
3.340296692011576418e+00 1.562093139648437500e+03
3.343731444394107744e+00 1.771847534179687500e+03
3.347166196776639069e+00 2.128526611328125000e+03
3.350600949159169950e+00 3.274725585937500000e+03
3.354035701541701275e+00 5.069603515625000000e+03
3.357470453924232601e+00 1.090024218750000000e+04
3.360905206306763482e+00 1.526505664062500000e+04
3.364339958689294363e+00 1.952208203125000000e+04
3.367774711071825688e+00 1.956200000000000000e+04
3.371209463454357014e+00 1.638030664062500000e+04
3.374644215836887895e+00 1.297941406250000000e+04
3.378078968219419220e+00 8.819878906250000000e+03
3.381513720601950546e+00 5.494064941406250000e+03
3.384948472984481871e+00 3.473508544921875000e+03
3.388383225367012752e+00 2.287191406250000000e+03
3.391817977749544077e+00 1.852482910156250000e+03
3.395252730132075403e+00 1.599684570312500000e+03
3.398687482514606728e+00 1.484180297851562500e+03
3.402122234897137609e+00 1.410809936523437500e+03
3.405556987279668935e+00 1.374895141601562500e+03
3.408991739662200260e+00 1.342596557617187500e+03
3.412426492044731141e+00 1.314229248046875000e+03
3.415861244427262466e+00 1.288721313476562500e+03
3.419295996809793792e+00 1.264342407226562500e+03
3.422730749192325117e+00 1.249885253906250000e+03
3.426165501574855998e+00 1.240820068359375000e+03
3.429600253957387324e+00 1.236311035156250000e+03
3.433035006339918649e+00 1.245396728515625000e+03
3.436469758722449530e+00 1.252431152343750000e+03
3.439904511104980411e+00 1.239367309570312500e+03
3.443339263487511737e+00 1.227849731445312500e+03
3.446774015870043062e+00 1.228082275390625000e+03
3.450208768252573943e+00 1.222362060546875000e+03
3.453643520635105268e+00 1.206546630859375000e+03
3.457078273017636594e+00 1.211153198242187500e+03
3.460513025400167919e+00 1.214735961914062500e+03
3.463947777782698800e+00 1.201239868164062500e+03
3.467382530165230126e+00 1.187899902343750000e+03
3.470817282547761451e+00 1.180898193359375000e+03
3.474252034930292776e+00 1.175539916992187500e+03
3.477686787312823657e+00 1.159212280273437500e+03
3.481121539695354983e+00 1.144629882812500000e+03
3.484556292077886308e+00 1.145595092773437500e+03
3.487991044460417189e+00 1.143571899414062500e+03
3.491425796842948515e+00 1.148275390625000000e+03
3.494860549225479840e+00 1.145426025390625000e+03
3.498295301608011165e+00 1.142284790039062500e+03
3.501730053990542046e+00 1.145076416015625000e+03
3.505164806373073372e+00 1.146705444335937500e+03
3.508599558755604697e+00 1.143956054687500000e+03
3.512034311138135578e+00 1.142481689453125000e+03
3.515469063520666460e+00 1.138736816406250000e+03
3.518903815903197785e+00 1.132179931640625000e+03
3.522338568285729110e+00 1.134968750000000000e+03
3.525773320668259991e+00 1.141422241210937500e+03
3.529208073050791317e+00 1.138928466796875000e+03
3.532642825433322642e+00 1.133797973632812500e+03
3.536077577815853967e+00 1.130669677734375000e+03
3.539512330198384849e+00 1.124873413085937500e+03
3.542947082580916174e+00 1.119994506835937500e+03
3.546381834963447499e+00 1.124543823242187500e+03
3.549816587345978824e+00 1.132539062500000000e+03
3.553251339728509706e+00 1.128637451171875000e+03
3.556686092111041031e+00 1.134166137695312500e+03
3.560120844493572356e+00 1.127006713867187500e+03
3.563555596876103237e+00 1.114570678710937500e+03
3.566990349258634563e+00 1.116405517578125000e+03
3.570425101641165888e+00 1.123910278320312500e+03
3.573859854023697213e+00 1.116564697265625000e+03
3.577294606406228095e+00 1.111475708007812500e+03
3.580729358788759420e+00 1.116590820312500000e+03
3.584164111171290301e+00 1.111983276367187500e+03
3.587598863553821626e+00 1.108559082031250000e+03
3.591033615936352508e+00 1.103637451171875000e+03
3.594468368318883833e+00 1.107307617187500000e+03
3.597903120701415158e+00 1.118785644531250000e+03
3.601337873083946484e+00 1.122537841796875000e+03
3.604772625466477809e+00 1.119308593750000000e+03
3.608207377849008246e+00 1.115649536132812500e+03
3.611642130231539571e+00 1.124119873046875000e+03
3.615076882614070897e+00 1.126760009765625000e+03
3.618511634996602222e+00 1.123885253906250000e+03
3.621946387379133547e+00 1.130775756835937500e+03
3.625381139761664873e+00 1.135323120117187500e+03
3.628815892144196198e+00 1.126449218750000000e+03
3.632250644526726635e+00 1.121253906250000000e+03
3.635685396909257960e+00 1.130988159179687500e+03
3.639120149291789286e+00 1.133992675781250000e+03
3.642554901674320611e+00 1.132937011718750000e+03
3.645989654056851936e+00 1.144296752929687500e+03
3.649424406439383262e+00 1.165749511718750000e+03
3.652859158821914587e+00 1.168478027343750000e+03
3.656293911204445912e+00 1.166637207031250000e+03
3.659728663586976349e+00 1.170668701171875000e+03
3.663163415969507675e+00 1.166865478515625000e+03
3.666598168352038556e+00 1.172614990234375000e+03
3.670032920734569881e+00 1.177539672851562500e+03
3.673467673117101207e+00 1.186105102539062500e+03
3.676902425499632532e+00 1.194518310546875000e+03
3.680337177882163857e+00 1.192951171875000000e+03
3.683771930264694294e+00 1.206451171875000000e+03
3.687206682647225620e+00 1.224582153320312500e+03
3.690641435029756945e+00 1.232131347656250000e+03
3.694076187412288270e+00 1.230118286132812500e+03
3.697510939794819596e+00 1.248961059570312500e+03
3.700945692177350921e+00 1.277302246093750000e+03
3.704380444559882246e+00 1.297593017578125000e+03
3.707815196942412683e+00 1.318472656250000000e+03
3.711249949324944009e+00 1.343907958984375000e+03
3.714684701707475334e+00 1.366293823242187500e+03
3.718119454090006659e+00 1.400883056640625000e+03
3.721554206472537984e+00 1.445837646484375000e+03
3.724988958855069310e+00 1.480865722656250000e+03
3.728423711237600635e+00 1.527346313476562500e+03
3.731858463620131960e+00 1.606028564453125000e+03
3.735293216002662398e+00 1.749182250976562500e+03
3.738727968385193723e+00 1.941112060546875000e+03
3.742162720767725048e+00 2.339231445312500000e+03
3.745597473150255929e+00 3.061610351562500000e+03
3.749032225532787255e+00 5.116047851562500000e+03
3.752466977915318580e+00 8.898846679687500000e+03
3.755901730297849905e+00 1.860364843750000000e+04
3.759336482680380342e+00 2.840945312500000000e+04
3.762771235062911668e+00 4.221179687500000000e+04
3.766205987445442993e+00 4.775327734375000000e+04
3.769640739827974318e+00 4.291048828125000000e+04
3.773075492210505644e+00 3.612463281250000000e+04
3.776510244593036969e+00 2.382973242187500000e+04
3.779944996975568294e+00 1.372461523437500000e+04
3.783379749358098731e+00 7.715350097656250000e+03
3.786814501740630057e+00 4.202854003906250000e+03
3.790249254123161382e+00 2.957968750000000000e+03
3.793684006505692707e+00 2.221969482421875000e+03
3.797118758888224033e+00 1.930445190429687500e+03
3.800553511270755358e+00 1.711186035156250000e+03
3.803988263653286683e+00 1.604744506835937500e+03
3.807423016035818009e+00 1.509398803710937500e+03
3.810857768418348446e+00 1.464819213867187500e+03
3.814292520800879771e+00 1.429256103515625000e+03
3.817727273183411096e+00 1.403501586914062500e+03
3.821162025565941978e+00 1.360782958984375000e+03
3.824596777948473303e+00 1.329270263671875000e+03
3.828031530331004628e+00 1.296125244140625000e+03
3.831466282713535954e+00 1.273807617187500000e+03
3.834901035096066391e+00 1.249838012695312500e+03
3.838335787478597716e+00 1.228854370117187500e+03
3.841770539861129041e+00 1.214518432617187500e+03
3.845205292243660367e+00 1.200356079101562500e+03
3.848640044626191692e+00 1.189649291992187500e+03
3.852074797008723017e+00 1.172597656250000000e+03
3.855509549391254343e+00 1.155008666992187500e+03
3.858944301773784780e+00 1.140966186523437500e+03
3.862379054156316105e+00 1.140274169921875000e+03
3.865813806538847430e+00 1.146562255859375000e+03
3.869248558921378756e+00 1.140295532226562500e+03
3.872683311303910081e+00 1.119823730468750000e+03
3.876118063686441406e+00 1.099853637695312500e+03
3.879552816068972732e+00 1.082291381835937500e+03
3.882987568451504057e+00 1.078406127929687500e+03
3.886422320834034494e+00 1.078915039062500000e+03
3.889857073216565819e+00 1.074296386718750000e+03
3.893291825599097145e+00 1.061496948242187500e+03
3.896726577981628026e+00 1.053752563476562500e+03
3.900161330364159351e+00 1.055559082031250000e+03
3.903596082746690676e+00 1.062645751953125000e+03
3.907030835129222002e+00 1.054574218750000000e+03
3.910465587511752439e+00 1.041875122070312500e+03
3.913900339894283764e+00 1.040092773437500000e+03
3.917335092276815089e+00 1.041309936523437500e+03
3.920769844659346415e+00 1.038001708984375000e+03
3.924204597041877740e+00 1.024920166015625000e+03
3.927639349424409065e+00 1.008801818847656250e+03
3.931074101806940391e+00 1.008303710937500000e+03
3.934508854189470828e+00 1.014944396972656250e+03
3.937943606572002153e+00 1.027506713867187500e+03
3.941378358954533478e+00 1.029289672851562500e+03
3.944813111337064804e+00 1.025469482421875000e+03
3.948247863719596129e+00 1.021298583984375000e+03
3.951682616102127454e+00 1.008525085449218750e+03
3.955117368484658780e+00 1.005844604492187500e+03
3.958552120867189217e+00 1.010714294433593750e+03
3.961986873249720542e+00 1.006949768066406250e+03
3.965421625632251867e+00 9.981394653320312500e+02
3.968856378014783193e+00 9.946779785156250000e+02
3.972291130397314074e+00 1.003503051757812500e+03
3.975725882779845399e+00 1.007349731445312500e+03
3.979160635162376725e+00 1.002053405761718750e+03
3.982595387544908050e+00 1.000324157714843750e+03
3.986030139927438487e+00 9.947005615234375000e+02
3.989464892309969812e+00 9.914390258789062500e+02
3.992899644692501138e+00 9.945028686523437500e+02
3.996334397075032463e+00 9.980380249023437500e+02
3.999769149457563788e+00 9.955714721679687500e+02
4.003203901840095114e+00 9.947945556640625000e+02
4.006638654222625995e+00 1.000911682128906250e+03
4.010073406605156876e+00 1.005465026855468750e+03
4.013508158987687757e+00 1.007230651855468750e+03
4.016942911370219527e+00 1.010179870605468750e+03
4.020377663752750408e+00 1.011018798828125000e+03
4.023812416135282177e+00 1.007047973632812500e+03
4.027247168517813058e+00 1.001277832031250000e+03
4.030681920900344828e+00 1.009625244140625000e+03
4.034116673282874821e+00 1.017220031738281250e+03
4.037551425665406590e+00 1.028843872070312500e+03
4.040986178047937472e+00 1.033848999023437500e+03
4.044420930430469241e+00 1.049119018554687500e+03
4.047855682813000122e+00 1.049231323242187500e+03
4.051290435195531892e+00 1.046588134765625000e+03
4.054725187578062773e+00 1.053630615234375000e+03
4.058159939960594542e+00 1.059550048828125000e+03
4.061594692343124535e+00 1.059228393554687500e+03
4.065029444725656305e+00 1.070280273437500000e+03
4.068464197108187186e+00 1.077627563476562500e+03
4.071898949490718955e+00 1.089738891601562500e+03
4.075333701873249836e+00 1.101506713867187500e+03
4.078768454255781606e+00 1.123102783203125000e+03
4.082203206638312487e+00 1.137077148437500000e+03
4.085637959020843368e+00 1.160476928710937500e+03
4.089072711403374250e+00 1.189057495117187500e+03
4.092507463785905131e+00 1.238763671875000000e+03
4.095942216168436900e+00 1.298291503906250000e+03
4.099376968550967781e+00 1.413275024414062500e+03
4.102811720933499551e+00 1.606715942382812500e+03
4.106246473316030432e+00 2.085754150390625000e+03
4.109681225698561313e+00 2.995969482421875000e+03
4.113115978081092194e+00 5.253825683593750000e+03
4.116550730463623964e+00 9.269498046875000000e+03
4.119985482846154845e+00 1.452736621093750000e+04
4.123420235228686614e+00 1.981757812500000000e+04
4.126854987611217496e+00 2.209572265625000000e+04
4.130289739993749265e+00 2.048073046875000000e+04
4.133724492376280146e+00 1.745125195312500000e+04
4.137159244758811028e+00 1.155594824218750000e+04
4.140593997141341909e+00 7.562743652343750000e+03
4.144028749523873678e+00 3.800463623046875000e+03
4.147463501906404559e+00 2.632259277343750000e+03
4.150898254288936329e+00 1.796130981445312500e+03
4.154333006671467210e+00 1.562005737304687500e+03
4.157767759053998091e+00 1.368961547851562500e+03
4.161202511436528972e+00 1.282521362304687500e+03
4.164637263819060742e+00 1.228801391601562500e+03
4.168072016201591623e+00 1.200958129882812500e+03
4.171506768584122504e+00 1.158760742187500000e+03
4.174941520966654274e+00 1.127181396484375000e+03
4.178376273349185155e+00 1.115366210937500000e+03
4.181811025731716924e+00 1.106929687500000000e+03
4.185245778114246917e+00 1.094379516601562500e+03
4.188680530496778687e+00 1.082516723632812500e+03
4.192115282879309568e+00 1.055154785156250000e+03
4.195550035261841337e+00 1.046230468750000000e+03
4.198984787644372219e+00 1.040387939453125000e+03
4.202419540026903988e+00 1.028356079101562500e+03
4.205854292409434869e+00 1.017331909179687500e+03
4.209289044791966639e+00 1.004572387695312500e+03
4.212723797174496632e+00 1.006048828125000000e+03
4.216158549557028401e+00 1.014573608398437500e+03
4.219593301939559282e+00 1.001727783203125000e+03
4.223028054322091052e+00 9.880929565429687500e+02
4.226462806704621933e+00 9.872932128906250000e+02
4.229897559087153702e+00 9.780455932617187500e+02
4.233332311469684583e+00 9.601409912109375000e+02
4.236767063852215465e+00 9.470399169921875000e+02
4.240201816234746346e+00 9.464578247070312500e+02
4.243636568617277227e+00 9.510254516601562500e+02
4.247071320999808997e+00 9.537838745117187500e+02
4.250506073382339878e+00 9.611522216796875000e+02
4.253940825764871647e+00 9.526102905273437500e+02
4.257375578147402528e+00 9.410390625000000000e+02
4.260810330529933410e+00 9.462277221679687500e+02
4.264245082912464291e+00 9.433734130859375000e+02
4.267679835294996060e+00 9.340265502929687500e+02
4.271114587677526941e+00 9.317146606445312500e+02
4.274549340060058711e+00 9.333343505859375000e+02
4.277984092442589592e+00 9.440037841796875000e+02
4.281418844825121361e+00 9.490496826171875000e+02
4.284853597207652243e+00 9.442861938476562500e+02
4.288288349590183124e+00 9.407414550781250000e+02
4.291723101972714005e+00 9.316172485351562500e+02
4.295157854355245775e+00 9.315787353515625000e+02
4.298592606737776656e+00 9.331851196289062500e+02
4.302027359120308425e+00 9.249869384765625000e+02
4.305462111502839306e+00 9.179921264648437500e+02
4.308896863885370188e+00 9.194333496093750000e+02
4.312331616267901069e+00 9.181145629882812500e+02
4.315766368650432838e+00 9.139980468750000000e+02
4.319201121032963719e+00 9.074793090820312500e+02
4.322635873415494601e+00 9.051071777343750000e+02
4.326070625798026370e+00 9.020477905273437500e+02
4.329505378180557251e+00 9.010598144531250000e+02
4.332940130563089021e+00 8.997291259765625000e+02
4.336374882945619014e+00 9.004747314453125000e+02
4.339809635328150783e+00 9.008579711914062500e+02
4.343244387710681664e+00 9.037105102539062500e+02
4.346679140093213434e+00 8.977660522460937500e+02
4.350113892475744315e+00 9.018829956054687500e+02
4.353548644858276084e+00 9.043638916015625000e+02
4.356983397240806966e+00 8.957179565429687500e+02
4.360418149623338735e+00 9.016921997070312500e+02
4.363852902005868728e+00 8.992241821289062500e+02
4.367287654388400497e+00 8.905151977539062500e+02
4.370722406770931379e+00 8.875427856445312500e+02
4.374157159153463148e+00 8.977597656250000000e+02
4.377591911535994029e+00 8.988638305664062500e+02
4.381026663918525799e+00 8.938209228515625000e+02
4.384461416301056680e+00 8.859525756835937500e+02
4.387896168683587561e+00 8.836019287109375000e+02
4.391330921066118442e+00 8.862217407226562500e+02
4.394765673448649324e+00 8.883638305664062500e+02
4.398200425831181093e+00 8.816944580078125000e+02
4.401635178213711974e+00 8.813911132812500000e+02
4.405069930596243744e+00 8.872462768554687500e+02
4.408504682978774625e+00 9.041220092773437500e+02
4.411939435361305506e+00 9.077039794921875000e+02
4.415374187743836387e+00 9.030150146484375000e+02
4.418808940126368157e+00 8.971477661132812500e+02
4.422243692508899038e+00 8.930875244140625000e+02
4.425678444891430807e+00 8.833551635742187500e+02
4.429113197273961688e+00 8.825643310546875000e+02
4.432547949656493458e+00 8.807352294921875000e+02
4.435982702039023451e+00 8.814889526367187500e+02
4.439417454421555220e+00 8.825806884765625000e+02
4.442852206804086101e+00 8.894368286132812500e+02
4.446286959186617871e+00 8.874562988281250000e+02
4.449721711569148752e+00 8.826273803710937500e+02
4.453156463951680522e+00 8.774826049804687500e+02
4.456591216334211403e+00 8.787140502929687500e+02
4.460025968716742284e+00 8.799718627929687500e+02
4.463460721099273165e+00 8.859863281250000000e+02
4.466895473481804935e+00 8.868707885742187500e+02
4.470330225864335816e+00 8.836199340820312500e+02
4.473764978246866697e+00 8.833908081054687500e+02
4.477199730629398466e+00 8.854719238281250000e+02
4.480634483011929348e+00 8.875288696289062500e+02
4.484069235394461117e+00 8.829330444335937500e+02
4.487503987776991110e+00 8.836170654296875000e+02
4.490938740159522879e+00 8.805387573242187500e+02
4.494373492542053761e+00 8.744746093750000000e+02
4.497808244924585530e+00 8.710667114257812500e+02
4.501242997307116411e+00 8.724188232421875000e+02
4.504677749689648181e+00 8.753303222656250000e+02
4.508112502072179062e+00 8.742852172851562500e+02
4.511547254454709943e+00 8.701995849609375000e+02
4.514982006837240824e+00 8.686617431640625000e+02
4.518416759219772594e+00 8.728889770507812500e+02
4.521851511602303475e+00 8.692701416015625000e+02
4.525286263984835244e+00 8.689188232421875000e+02
4.528721016367366126e+00 8.678791503906250000e+02
4.532155768749897895e+00 8.666018066406250000e+02
4.535590521132428776e+00 8.707011108398437500e+02
4.539025273514959657e+00 8.683342895507812500e+02
4.542460025897490539e+00 8.741367797851562500e+02
4.545894778280021420e+00 8.932520141601562500e+02
4.549329530662553189e+00 8.900181274414062500e+02
4.552764283045084071e+00 8.750206298828125000e+02
4.556199035427615840e+00 8.664884643554687500e+02
4.559633787810146721e+00 8.723583374023437500e+02
4.563068540192677602e+00 8.865628662109375000e+02
4.566503292575208484e+00 8.840941772460937500e+02
4.569938044957740253e+00 8.754320678710937500e+02
4.573372797340271134e+00 8.746156616210937500e+02
4.576807549722802904e+00 8.755316162109375000e+02
4.580242302105333785e+00 8.719838867187500000e+02
4.583677054487865554e+00 8.727208862304687500e+02
4.587111806870395547e+00 8.713956909179687500e+02
4.590546559252927317e+00 8.730623168945312500e+02
4.593981311635458198e+00 8.776706542968750000e+02
4.597416064017989967e+00 8.866427001953125000e+02
4.600850816400520849e+00 8.848977050781250000e+02
4.604285568783052618e+00 8.840292968750000000e+02
4.607720321165583499e+00 8.747612915039062500e+02
4.611155073548115269e+00 8.721356201171875000e+02
4.614589825930645262e+00 8.693252563476562500e+02
4.618024578313177031e+00 8.669027099609375000e+02
4.621459330695707912e+00 8.693217163085937500e+02
4.624894083078238793e+00 8.675477294921875000e+02
4.628328835460770563e+00 8.763146362304687500e+02
4.631763587843301444e+00 8.816325073242187500e+02
4.635198340225833213e+00 8.837054443359375000e+02
4.638633092608363206e+00 8.878865356445312500e+02
4.642067844990894976e+00 8.928677368164062500e+02
4.645502597373425857e+00 8.925861816406250000e+02
4.648937349755957626e+00 8.809496459960937500e+02
4.652372102138488508e+00 8.769583129882812500e+02
4.655806854521020277e+00 8.871463012695312500e+02
4.659241606903551158e+00 8.915231933593750000e+02
4.662676359286082040e+00 8.904528198242187500e+02
4.666111111668612921e+00 8.966793823242187500e+02
4.669545864051144690e+00 9.029458618164062500e+02
4.672980616433675571e+00 9.106634521484375000e+02
4.676415368816207341e+00 9.084017944335937500e+02
4.679850121198738222e+00 9.056267089843750000e+02
4.683284873581269991e+00 9.018096313476562500e+02
4.686719625963800873e+00 9.008399047851562500e+02
4.690154378346331754e+00 9.003707275390625000e+02
4.693589130728862635e+00 9.016353759765625000e+02
4.697023883111393516e+00 9.079793090820312500e+02
4.700458635493925286e+00 9.229454956054687500e+02
4.703893387876456167e+00 9.267722167968750000e+02
4.707328140258987936e+00 9.326545410156250000e+02
4.710762892641518818e+00 9.396633911132812500e+02
4.714197645024049699e+00 9.447816772460937500e+02
4.717632397406580580e+00 9.412973632812500000e+02
4.721067149789112349e+00 9.399571533203125000e+02
4.724501902171643231e+00 9.563034667968750000e+02
4.727936654554175000e+00 9.822250366210937500e+02
4.731371406936705881e+00 9.982016601562500000e+02
4.734806159319237651e+00 1.030596069335937500e+03
4.738240911701767644e+00 1.086934570312500000e+03
4.741675664084299413e+00 1.202628173828125000e+03
4.745110416466830294e+00 1.410234008789062500e+03
4.748545168849362064e+00 1.969847045898437500e+03
4.751979921231892945e+00 3.018910888671875000e+03
4.755414673614424714e+00 5.660792968750000000e+03
4.758849425996955596e+00 7.923492187500000000e+03
4.762284178379487365e+00 9.734135742187500000e+03
4.765718930762017358e+00 1.040716210937500000e+04
4.769153683144549127e+00 8.565887695312500000e+03
4.772588435527080009e+00 6.752208496093750000e+03
4.776023187909610890e+00 4.917717285156250000e+03
4.779457940292142659e+00 2.997409667968750000e+03
4.782892692674673540e+00 2.111599853515625000e+03
4.786327445057205310e+00 1.478869262695312500e+03
4.789762197439735303e+00 1.262010620117187500e+03
4.793196949822267072e+00 1.112612304687500000e+03
4.796631702204797953e+00 1.048787231445312500e+03
4.800066454587329723e+00 1.008661376953125000e+03
4.803501206969860604e+00 9.972874755859375000e+02
4.806935959352392373e+00 9.862495117187500000e+02
4.810370711734923255e+00 9.791239624023437500e+02
4.813805464117454136e+00 9.761735229492187500e+02
4.817240216499985017e+00 9.660203247070312500e+02
4.820674968882516787e+00 9.541324462890625000e+02
4.824109721265047668e+00 9.521527709960937500e+02
4.827544473647579437e+00 9.518143920898437500e+02
4.830979226030110318e+00 9.507559204101562500e+02
4.834413978412642088e+00 9.449516601562500000e+02
4.837848730795172969e+00 9.370294189453125000e+02
4.841283483177703850e+00 9.310090942382812500e+02
4.844718235560234731e+00 9.324565429687500000e+02
4.848152987942766501e+00 9.323933105468750000e+02
4.851587740325297382e+00 9.267145385742187500e+02
4.855022492707828263e+00 9.173784179687500000e+02
4.858457245090360033e+00 9.059649047851562500e+02
4.861891997472890914e+00 9.040523071289062500e+02
4.865326749855421795e+00 9.057478027343750000e+02
4.868761502237952676e+00 9.004106445312500000e+02
4.872196254620484446e+00 8.908366699218750000e+02
4.875631007003015327e+00 8.930415649414062500e+02
4.879065759385547096e+00 8.923000488281250000e+02
4.882500511768077978e+00 8.897344970703125000e+02
4.885935264150609747e+00 8.962634887695312500e+02
4.889370016533139740e+00 9.011339721679687500e+02
4.892804768915671509e+00 8.968253173828125000e+02
4.896239521298202391e+00 8.986695556640625000e+02
4.899674273680734160e+00 9.099490356445312500e+02
4.903109026063265041e+00 9.094903564453125000e+02
4.906543778445796811e+00 8.914288330078125000e+02
4.909978530828327692e+00 8.878969726562500000e+02
4.913413283210858573e+00 9.010755004882812500e+02
4.916848035593389454e+00 9.125122680664062500e+02
4.920282787975921224e+00 9.062258300781250000e+02
4.923717540358452105e+00 9.033176879882812500e+02
4.927152292740982986e+00 9.146652221679687500e+02
4.930587045123514756e+00 9.185411376953125000e+02
4.934021797506045637e+00 9.288051147460937500e+02
4.937456549888577406e+00 9.333326416015625000e+02
4.940891302271107399e+00 9.278546142578125000e+02
4.944326054653639169e+00 9.354281005859375000e+02
4.947760807036170050e+00 9.443621826171875000e+02
4.951195559418701819e+00 9.467905273437500000e+02
4.954630311801232700e+00 9.504199829101562500e+02
4.958065064183764470e+00 9.500123901367187500e+02
4.961499816566295351e+00 9.462852172851562500e+02
4.964934568948826232e+00 9.365994873046875000e+02
4.968369321331357114e+00 9.391842041015625000e+02
4.971804073713888883e+00 9.515565795898437500e+02
4.975238826096419764e+00 9.645727539062500000e+02
4.978673578478951534e+00 9.756691284179687500e+02
4.982108330861482415e+00 9.871370239257812500e+02
4.985543083244014184e+00 9.995702514648437500e+02
4.988977835626544177e+00 1.010271301269531250e+03
4.992412588009075947e+00 1.022036682128906250e+03
4.995847340391606828e+00 1.035381469726562500e+03
4.999282092774138597e+00 1.055452270507812500e+03
5.002716845156669478e+00 1.079313476562500000e+03
5.006151597539200360e+00 1.109812622070312500e+03
5.009586349921732129e+00 1.135142822265625000e+03
5.013021102304263010e+00 1.162709960937500000e+03
5.016455854686793892e+00 1.190655883789062500e+03
5.019890607069324773e+00 1.249241943359375000e+03
5.023325359451856542e+00 1.325457763671875000e+03
5.026760111834387423e+00 1.461390991210937500e+03
5.030194864216919193e+00 1.699127807617187500e+03
5.033629616599450074e+00 2.194619628906250000e+03
5.037064368981981843e+00 3.249552734375000000e+03
5.040499121364511836e+00 5.667376464843750000e+03
5.043933873747043606e+00 1.046091796875000000e+04
5.047368626129574487e+00 1.762505859375000000e+04
5.050803378512106256e+00 2.512723632812500000e+04
5.054238130894637138e+00 3.022510351562500000e+04
5.057672883277168907e+00 3.030648046875000000e+04
5.061107635659699788e+00 2.588543750000000000e+04
5.064542388042230669e+00 1.782469921875000000e+04
5.067977140424761551e+00 1.195064550781250000e+04
5.071411892807293320e+00 6.200899902343750000e+03
5.074846645189824201e+00 3.955621582031250000e+03
5.078281397572355083e+00 2.418288085937500000e+03
5.081716149954886852e+00 1.897697021484375000e+03
5.085150902337417733e+00 1.546533691406250000e+03
5.088585654719949503e+00 1.412996337890625000e+03
5.092020407102479496e+00 1.303704345703125000e+03
5.095455159485011265e+00 1.242876098632812500e+03
5.098889911867542146e+00 1.193734130859375000e+03
5.102324664250073916e+00 1.164838867187500000e+03
5.105759416632604797e+00 1.133152221679687500e+03
5.109194169015136566e+00 1.106025390625000000e+03
5.112628921397667447e+00 1.089946044921875000e+03
5.116063673780198329e+00 1.084173828125000000e+03
5.119498426162729210e+00 1.069543212890625000e+03
5.122933178545260979e+00 1.052553955078125000e+03
5.126367930927791861e+00 1.028060913085937500e+03
5.129802683310323630e+00 1.022658874511718750e+03
5.133237435692854511e+00 1.018619934082031250e+03
5.136672188075386281e+00 1.006622802734375000e+03
5.140106940457916274e+00 9.957912597656250000e+02
5.143541692840448043e+00 9.927330932617187500e+02
5.146976445222978924e+00 9.897516479492187500e+02
5.150411197605510694e+00 9.724287719726562500e+02
5.153845949988041575e+00 9.601704101562500000e+02
5.157280702370572456e+00 9.517624511718750000e+02
5.160715454753104225e+00 9.407220458984375000e+02
5.164150207135635107e+00 9.320017700195312500e+02
5.167584959518165988e+00 9.333773803710937500e+02
5.171019711900696869e+00 9.304061279296875000e+02
5.174454464283228639e+00 9.216657104492187500e+02
5.177889216665759520e+00 9.236582031250000000e+02
5.181323969048291289e+00 9.258222045898437500e+02
5.184758721430822170e+00 9.249027099609375000e+02
5.188193473813353940e+00 9.230427856445312500e+02
5.191628226195883933e+00 9.228272094726562500e+02
5.195062978578415702e+00 9.255488281250000000e+02
5.198497730960946583e+00 9.268510131835937500e+02
5.201932483343478353e+00 9.214659423828125000e+02
5.205367235726009234e+00 9.146126708984375000e+02
5.208801988108541003e+00 9.091484375000000000e+02
5.212236740491071885e+00 9.108934936523437500e+02
5.215671492873602766e+00 9.243736572265625000e+02
5.219106245256133647e+00 9.228630371093750000e+02
5.222540997638665417e+00 9.192239990234375000e+02
5.225975750021196298e+00 9.226194458007812500e+02
5.229410502403727179e+00 9.332139282226562500e+02
5.232845254786258948e+00 9.367796020507812500e+02
5.236280007168789830e+00 9.365221557617187500e+02
5.239714759551321599e+00 9.330936279296875000e+02
5.243149511933851592e+00 9.345994262695312500e+02
5.246584264316383361e+00 9.344661865234375000e+02
5.250019016698914243e+00 9.325610351562500000e+02
5.253453769081446012e+00 9.334973754882812500e+02
5.256888521463976893e+00 9.401342163085937500e+02
5.260323273846508663e+00 9.422825927734375000e+02
5.263758026229039544e+00 9.416047363281250000e+02
5.267192778611570425e+00 9.449931030273437500e+02
5.270627530994101306e+00 9.547852783203125000e+02
5.274062283376633076e+00 9.675989379882812500e+02
5.277497035759163957e+00 9.864866943359375000e+02
5.280931788141695726e+00 9.931126098632812500e+02
5.284366540524226608e+00 1.001480590820312500e+03
5.287801292906758377e+00 1.024601562500000000e+03
5.291236045289288370e+00 1.060947998046875000e+03
5.294670797671820139e+00 1.086177734375000000e+03
5.298105550054351021e+00 1.139614257812500000e+03
5.301540302436882790e+00 1.215018188476562500e+03
5.304975054819413671e+00 1.370521606445312500e+03
5.308409807201944552e+00 1.656623291015625000e+03
5.311844559584476322e+00 2.398130615234375000e+03
5.315279311967006315e+00 3.925830566406250000e+03
5.318714064349538084e+00 6.706256835937500000e+03
5.322148816732068966e+00 1.044686328125000000e+04
5.325583569114600735e+00 1.327549316406250000e+04
5.329018321497131616e+00 1.495831933593750000e+04
5.332453073879663386e+00 1.481329101562500000e+04
5.335887826262194267e+00 1.291525488281250000e+04
5.339322578644726036e+00 9.935017578125000000e+03
5.342757331027256029e+00 6.377363281250000000e+03
5.346192083409787799e+00 3.978466064453125000e+03
5.349626835792318680e+00 2.349203613281250000e+03
5.353061588174850449e+00 1.759997436523437500e+03
5.356496340557381330e+00 1.385592773437500000e+03
5.359931092939913100e+00 1.259241455078125000e+03
5.363365845322443981e+00 1.150622314453125000e+03
5.366800597704974862e+00 1.107283081054687500e+03
5.370235350087505743e+00 1.075752929687500000e+03
5.373670102470037513e+00 1.047073608398437500e+03
5.377104854852568394e+00 1.016327026367187500e+03
5.380539607235100164e+00 9.990413208007812500e+02
5.383974359617631045e+00 9.880368652343750000e+02
5.387409112000161926e+00 9.872076416015625000e+02
5.390843864382692807e+00 9.795301513671875000e+02
5.394278616765223688e+00 9.672769165039062500e+02
5.397713369147755458e+00 9.539751586914062500e+02
5.401148121530286339e+00 9.512058105468750000e+02
5.404582873912818108e+00 9.437540283203125000e+02
5.408017626295348990e+00 9.336676635742187500e+02
5.411452378677880759e+00 9.268152465820312500e+02
5.414887131060411640e+00 9.297678833007812500e+02
5.418321883442942521e+00 9.278184814453125000e+02
5.421756635825473403e+00 9.267236938476562500e+02
5.425191388208005172e+00 9.299669189453125000e+02
5.428626140590536053e+00 9.266138916015625000e+02
5.432060892973067823e+00 9.156015014648437500e+02
5.435495645355598704e+00 9.007211914062500000e+02
5.438930397738130473e+00 8.965388793945312500e+02
5.442365150120660466e+00 9.006946411132812500e+02
5.445799902503192236e+00 8.950850830078125000e+02
5.449234654885723117e+00 8.892022094726562500e+02
5.452669407268254886e+00 8.847719726562500000e+02
5.456104159650785768e+00 8.878147583007812500e+02
5.459538912033316649e+00 8.859589843750000000e+02
5.462973664415848418e+00 8.810082397460937500e+02
5.466408416798379299e+00 8.770516967773437500e+02
5.469843169180910181e+00 8.754318237304687500e+02
5.473277921563441062e+00 8.702050781250000000e+02
5.476712673945972831e+00 8.715778808593750000e+02
5.480147426328503713e+00 8.799049682617187500e+02
5.483582178711035482e+00 8.827070312500000000e+02
5.487016931093566363e+00 8.815007934570312500e+02
5.490451683476098133e+00 8.708588867187500000e+02
5.493886435858628126e+00 8.682368774414062500e+02
5.497321188241159895e+00 8.792274169921875000e+02
5.500755940623690776e+00 8.876540527343750000e+02
5.504190693006222546e+00 8.796217041015625000e+02
5.507625445388753427e+00 8.832136230468750000e+02
5.511060197771285196e+00 8.877597045898437500e+02
5.514494950153816077e+00 8.929725952148437500e+02
5.517929702536346959e+00 8.947934570312500000e+02
5.521364454918877840e+00 8.967198486328125000e+02
5.524799207301409609e+00 8.986278076171875000e+02
5.528233959683940490e+00 9.098449707031250000e+02
5.531668712066472260e+00 9.078947753906250000e+02
5.535103464449003141e+00 9.037200927734375000e+02
5.538538216831534022e+00 9.140607299804687500e+02
5.541972969214064904e+00 9.289334106445312500e+02
5.545407721596595785e+00 9.392062988281250000e+02
5.548842473979127554e+00 9.572495727539062500e+02
5.552277226361658435e+00 9.746499633789062500e+02
5.555711978744190205e+00 1.002995178222656250e+03
5.559146731126721086e+00 1.028911621093750000e+03
5.562581483509252855e+00 1.088133789062500000e+03
5.566016235891783737e+00 1.194573120117187500e+03
5.569450988274314618e+00 1.456597656250000000e+03
5.572885740656845499e+00 1.965746704101562500e+03
5.576320493039377268e+00 3.245037353515625000e+03
5.579755245421908150e+00 5.224809082031250000e+03
5.583189997804439919e+00 8.142265136718750000e+03
5.586624750186970800e+00 1.026686914062500000e+04
5.590059502569502570e+00 1.106585058593750000e+04
5.593494254952032563e+00 1.038385742187500000e+04
5.596929007334564332e+00 8.598859375000000000e+03
5.600363759717095213e+00 6.453446777343750000e+03
5.603798512099626983e+00 4.232965820312500000e+03
5.607233264482157864e+00 2.727687500000000000e+03
5.610668016864688745e+00 1.889503662109375000e+03
5.614102769247220515e+00 1.398278442382812500e+03
5.617537521629751396e+00 1.197336181640625000e+03
5.620972274012282277e+00 1.077808105468750000e+03
5.624407026394813158e+00 1.030775756835937500e+03
5.627841778777344928e+00 9.958037719726562500e+02
5.631276531159875809e+00 9.776995239257812500e+02
5.634711283542407578e+00 9.584354248046875000e+02
5.638146035924938460e+00 9.364620971679687500e+02
5.641580788307470229e+00 9.267677001953125000e+02
5.645015540690000222e+00 9.159997558593750000e+02
5.648450293072531991e+00 9.035620727539062500e+02
5.651885045455062873e+00 8.980999145507812500e+02
5.655319797837594642e+00 9.033807373046875000e+02
5.658754550220125523e+00 9.014633178710937500e+02
5.662189302602657293e+00 8.998683471679687500e+02
5.665624054985188174e+00 8.936242065429687500e+02
5.669058807367719055e+00 8.834070434570312500e+02
5.672493559750249936e+00 8.792867431640625000e+02
5.675928312132781706e+00 8.755430908203125000e+02
5.679363064515312587e+00 8.747543334960937500e+02
5.682797816897844356e+00 8.700558471679687500e+02
5.686232569280375237e+00 8.663936157226562500e+02
5.689667321662906119e+00 8.607799072265625000e+02
5.693102074045437000e+00 8.550229492187500000e+02
5.696536826427967881e+00 8.569092407226562500e+02
5.699971578810499651e+00 8.587448730468750000e+02
5.703406331193030532e+00 8.495960083007812500e+02
5.706841083575562301e+00 8.488499755859375000e+02
5.710275835958093182e+00 8.537189941406250000e+02
5.713710588340624952e+00 8.520485839843750000e+02
5.717145340723154945e+00 8.471023559570312500e+02
5.720580093105686714e+00 8.431374511718750000e+02
5.724014845488217595e+00 8.406646118164062500e+02
5.727449597870749365e+00 8.372878417968750000e+02
5.730884350253280246e+00 8.430498046875000000e+02
5.734319102635812015e+00 8.424872436523437500e+02
5.737753855018342897e+00 8.371997070312500000e+02
5.741188607400874666e+00 8.364188842773437500e+02
5.744623359783404659e+00 8.345953369140625000e+02
5.748058112165936429e+00 8.333437500000000000e+02
5.751492864548467310e+00 8.354138183593750000e+02
5.754927616930999079e+00 8.390516967773437500e+02
5.758362369313529960e+00 8.408222656250000000e+02
5.761797121696060842e+00 8.370533447265625000e+02
5.765231874078592611e+00 8.372808837890625000e+02
5.768666626461123492e+00 8.428274536132812500e+02
5.772101378843654373e+00 8.420516967773437500e+02
5.775536131226185255e+00 8.444362792968750000e+02
5.778970883608717024e+00 8.485344848632812500e+02
5.782405635991247905e+00 8.522884521484375000e+02
5.785840388373779675e+00 8.575744628906250000e+02
5.789275140756310556e+00 8.527989501953125000e+02
5.792709893138841437e+00 8.472720336914062500e+02
5.796144645521372318e+00 8.442877197265625000e+02
5.799579397903904088e+00 8.383734741210937500e+02
5.803014150286434969e+00 8.339859619140625000e+02
5.806448902668966738e+00 8.430891113281250000e+02
5.809883655051497620e+00 8.604332885742187500e+02
5.813318407434029389e+00 8.773835449218750000e+02
5.816753159816560270e+00 9.074193115234375000e+02
5.820187912199091151e+00 9.547234497070312500e+02
5.823622664581622033e+00 1.066133056640625000e+03
5.827057416964153802e+00 1.266701782226562500e+03
5.830492169346684683e+00 1.627426147460937500e+03
5.833926921729216453e+00 2.077114013671875000e+03
5.837361674111747334e+00 2.431738037109375000e+03
5.840796426494278215e+00 2.542915771484375000e+03
5.844231178876809096e+00 2.373932861328125000e+03
5.847665931259339978e+00 1.918366455078125000e+03
5.851100683641871747e+00 1.612985473632812500e+03
5.854535436024402628e+00 1.271103027343750000e+03
5.857970188406934398e+00 1.103235839843750000e+03
5.861404940789465279e+00 9.650515747070312500e+02
5.864839693171997048e+00 9.155095214843750000e+02
5.868274445554527041e+00 8.779000854492187500e+02
5.871709197937058811e+00 8.562125244140625000e+02
5.875143950319589692e+00 8.449531250000000000e+02
5.878578702702121461e+00 8.400350341796875000e+02
5.882013455084652342e+00 8.311576538085937500e+02
5.885448207467184112e+00 8.242083740234375000e+02
5.888882959849714993e+00 8.230963134765625000e+02
5.892317712232246762e+00 8.198237304687500000e+02
5.895752464614776756e+00 8.176885375976562500e+02
5.899187216997308525e+00 8.219793701171875000e+02
5.902621969379839406e+00 8.233998413085937500e+02
5.906056721762371176e+00 8.266445922851562500e+02
5.909491474144902057e+00 8.308168945312500000e+02
5.912926226527432938e+00 8.338835449218750000e+02
5.916360978909964707e+00 8.313507690429687500e+02
5.919795731292495589e+00 8.260760498046875000e+02
5.923230483675026470e+00 8.287635498046875000e+02
5.926665236057557351e+00 8.264203491210937500e+02
5.930099988440089120e+00 8.197551879882812500e+02
5.933534740822620002e+00 8.163719482421875000e+02
5.936969493205151771e+00 8.198673706054687500e+02
5.940404245587682652e+00 8.234768676757812500e+02
5.943838997970213534e+00 8.263561401367187500e+02
5.947273750352744415e+00 8.307302246093750000e+02
5.950708502735276184e+00 8.309223022460937500e+02
5.954143255117807065e+00 8.256681518554687500e+02
5.957578007500338835e+00 8.266259155273437500e+02
5.961012759882869716e+00 8.274328613281250000e+02
5.964447512265401485e+00 8.336166381835937500e+02
5.967882264647932367e+00 8.347720336914062500e+02
5.971317017030463248e+00 8.345917358398437500e+02
5.974751769412994129e+00 8.352792968750000000e+02
5.978186521795525898e+00 8.322456665039062500e+02
5.981621274178056780e+00 8.316937255859375000e+02
5.985056026560588549e+00 8.322921752929687500e+02
5.988490778943119430e+00 8.360838623046875000e+02
5.991925531325650311e+00 8.364674682617187500e+02
5.995360283708181193e+00 8.379822998046875000e+02
5.998795036090712074e+00 8.381539916992187500e+02
6.002229788473243843e+00 8.390139770507812500e+02
6.005664540855774725e+00 8.420568237304687500e+02
6.009099293238306494e+00 8.488488769531250000e+02
6.012534045620837375e+00 8.502292480468750000e+02
6.015968798003369145e+00 8.512518310546875000e+02
6.019403550385899138e+00 8.609795532226562500e+02
6.022838302768430907e+00 8.669035034179687500e+02
6.026273055150961788e+00 8.721119384765625000e+02
6.029707807533493558e+00 8.722523193359375000e+02
6.033142559916024439e+00 8.772072753906250000e+02
6.036577312298556208e+00 8.912798461914062500e+02
6.040012064681087089e+00 9.009575805664062500e+02
6.043446817063618859e+00 9.171408081054687500e+02
6.046881569446148852e+00 9.473297119140625000e+02
6.050316321828680621e+00 9.844978027343750000e+02
6.053751074211211503e+00 1.048138916015625000e+03
6.057185826593743272e+00 1.168375610351562500e+03
6.060620578976274153e+00 1.456792358398437500e+03
6.064055331358805923e+00 2.022560058593750000e+03
6.067490083741336804e+00 3.148189697265625000e+03
6.070924836123867685e+00 4.775954101562500000e+03
6.074359588506398566e+00 6.411212890625000000e+03
6.077794340888929447e+00 8.150974121093750000e+03
6.081229093271461217e+00 8.521692382812500000e+03
6.084663845653992098e+00 7.776645019531250000e+03
6.088098598036523867e+00 6.032569824218750000e+03
6.091533350419054749e+00 4.217313476562500000e+03
6.094968102801585630e+00 2.562481201171875000e+03
6.098402855184116511e+00 1.825008911132812500e+03
6.101837607566648281e+00 1.300646240234375000e+03
6.105272359949179162e+00 1.130219360351562500e+03
6.108707112331710931e+00 1.021971435546875000e+03
6.112141864714241812e+00 9.661965942382812500e+02
6.115576617096773582e+00 9.331496582031250000e+02
6.119011369479304463e+00 9.155697021484375000e+02
6.122446121861835344e+00 9.011561889648437500e+02
6.125880874244366225e+00 8.909694213867187500e+02
6.129315626626897995e+00 8.831515502929687500e+02
6.132750379009428876e+00 8.796599731445312500e+02
6.136185131391960645e+00 8.728820800781250000e+02
6.139619883774491527e+00 8.702592773437500000e+02
6.143054636157022408e+00 8.642488403320312500e+02
6.146489388539553289e+00 8.561859130859375000e+02
6.149924140922085058e+00 8.531032104492187500e+02
6.153358893304615940e+00 8.506745605468750000e+02
6.156793645687146821e+00 8.490195922851562500e+02
6.160228398069678590e+00 8.563916015625000000e+02
6.163663150452209472e+00 8.549843750000000000e+02
6.167097902834741241e+00 8.503080444335937500e+02
6.170532655217271234e+00 8.506691894531250000e+02
6.173967407599803003e+00 8.526406860351562500e+02
6.177402159982333885e+00 8.505040893554687500e+02
6.180836912364865654e+00 8.367642211914062500e+02
6.184271664747396535e+00 8.323032226562500000e+02
6.187706417129928305e+00 8.332156372070312500e+02
6.191141169512459186e+00 8.436083984375000000e+02
6.194575921894990067e+00 8.430056762695312500e+02
6.198010674277520948e+00 8.413542480468750000e+02
6.201445426660052718e+00 8.419317016601562500e+02
6.204880179042583599e+00 8.399360351562500000e+02
6.208314931425115368e+00 8.327937011718750000e+02
6.211749683807646250e+00 8.344730834960937500e+02
6.215184436190178019e+00 8.495687255859375000e+02
6.218619188572708900e+00 8.522385253906250000e+02
6.222053940955239781e+00 8.530195312500000000e+02
6.225488693337770663e+00 8.513845214843750000e+02
6.228923445720301544e+00 8.518291625976562500e+02
6.232358198102833313e+00 8.571419067382812500e+02
6.235792950485364194e+00 8.785373535156250000e+02
6.239227702867895964e+00 8.979621582031250000e+02
6.242662455250426845e+00 8.959613037109375000e+02
6.246097207632957726e+00 8.897733154296875000e+02
6.249531960015488607e+00 9.009757690429687500e+02
6.252966712398020377e+00 9.141671752929687500e+02
6.256401464780551258e+00 9.216759033203125000e+02
6.259836217163083028e+00 9.322583618164062500e+02
6.263270969545613909e+00 9.529142456054687500e+02
6.266705721928145678e+00 9.680700073242187500e+02
6.270140474310675671e+00 9.817424316406250000e+02
6.273575226693207441e+00 1.010335083007812500e+03
6.277009979075738322e+00 1.057518310546875000e+03
6.280444731458270091e+00 1.144810302734375000e+03
6.283879483840800972e+00 1.289341308593750000e+03
6.287314236223332742e+00 1.597546264648437500e+03
6.290748988605863623e+00 2.224842041015625000e+03
6.294183740988394504e+00 3.646032470703125000e+03
6.297618493370925385e+00 5.822596679687500000e+03
6.301053245753457155e+00 9.062590820312500000e+03
6.304487998135988036e+00 1.138555371093750000e+04
6.307922750518518917e+00 1.280661035156250000e+04
6.311357502901050687e+00 1.283590527343750000e+04
6.314792255283581568e+00 1.098271386718750000e+04
6.318227007666113337e+00 8.345465820312500000e+03
6.321661760048643330e+00 5.597826660156250000e+03
6.325096512431175100e+00 3.376421875000000000e+03
6.328531264813705981e+00 2.296334228515625000e+03
6.331966017196237750e+00 1.603336181640625000e+03
6.335400769578768632e+00 1.326851562500000000e+03
6.338835521961300401e+00 1.154659912109375000e+03
6.342270274343831282e+00 1.076266113281250000e+03
6.345705026726362163e+00 1.029338623046875000e+03
6.349139779108893045e+00 9.974679565429687500e+02
6.352574531491424814e+00 9.699254760742187500e+02
6.356009283873955695e+00 9.568145141601562500e+02
6.359444036256487465e+00 9.486362304687500000e+02
6.362878788639018346e+00 9.350595703125000000e+02
6.366313541021550115e+00 9.105211791992187500e+02
6.369748293404080997e+00 9.011770629882812500e+02
6.373183045786611878e+00 8.918605346679687500e+02
6.376617798169142759e+00 8.842075805664062500e+02
6.380052550551673640e+00 8.810675048828125000e+02
6.383487302934205410e+00 8.756400146484375000e+02
6.386922055316736291e+00 8.661633911132812500e+02
6.390356807699268060e+00 8.593704833984375000e+02
6.393791560081798941e+00 8.504779663085937500e+02
6.397226312464329823e+00 8.465664062500000000e+02
6.400661064846860704e+00 8.387131347656250000e+02
6.404095817229392473e+00 8.389581909179687500e+02
6.407530569611923355e+00 8.394681396484375000e+02
6.410965321994455124e+00 8.402298583984375000e+02
6.414400074376986005e+00 8.528504028320312500e+02
6.417834826759517775e+00 8.531671142578125000e+02
6.421269579142047768e+00 8.436972656250000000e+02
6.424704331524579537e+00 8.373783569335937500e+02
6.428139083907110418e+00 8.284829711914062500e+02
6.431573836289642188e+00 8.268007812500000000e+02
6.435008588672173069e+00 8.255204467773437500e+02
6.438443341054704838e+00 8.251293334960937500e+02
6.441878093437235719e+00 8.260766601562500000e+02
6.445312845819766601e+00 8.195325927734375000e+02
6.448747598202297482e+00 8.169845581054687500e+02
6.452182350584829251e+00 8.067745971679687500e+02
6.455617102967360132e+00 7.992125244140625000e+02
6.459051855349891014e+00 8.010498657226562500e+02
6.462486607732422783e+00 8.013511352539062500e+02
6.465921360114953664e+00 8.062749633789062500e+02
6.469356112497485434e+00 8.078273315429687500e+02
6.472790864880015427e+00 8.077870483398437500e+02
6.476225617262547196e+00 8.048057861328125000e+02
6.479660369645078077e+00 8.017454223632812500e+02
6.483095122027609847e+00 8.028306884765625000e+02
6.486529874410140728e+00 8.088989257812500000e+02
6.489964626792672497e+00 8.079016723632812500e+02
6.493399379175203379e+00 8.049219970703125000e+02
6.496834131557734260e+00 8.030504760742187500e+02
6.500268883940265141e+00 8.073725585937500000e+02
6.503703636322796910e+00 7.992904663085937500e+02
6.507138388705327792e+00 7.996259765625000000e+02
6.510573141087859561e+00 8.064883422851562500e+02
6.514007893470390442e+00 8.106342773437500000e+02
6.517442645852922212e+00 8.042653808593750000e+02
6.520877398235453093e+00 7.952801513671875000e+02
6.524312150617983974e+00 7.965220336914062500e+02
6.527746903000514855e+00 7.918318481445312500e+02
6.531181655383045737e+00 7.964633789062500000e+02
6.534616407765577506e+00 8.014683837890625000e+02
6.538051160148108387e+00 8.018406372070312500e+02
6.541485912530640157e+00 8.043352050781250000e+02
6.544920664913171038e+00 8.043133544921875000e+02
6.548355417295701919e+00 7.994692993164062500e+02
6.551790169678232800e+00 8.000354614257812500e+02
6.555224922060764570e+00 8.088414916992187500e+02
6.558659674443295451e+00 8.113737792968750000e+02
6.562094426825827220e+00 8.073419189453125000e+02
6.565529179208358102e+00 8.100335693359375000e+02
6.568963931590889871e+00 8.104769897460937500e+02
6.572398683973419864e+00 8.129329223632812500e+02
6.575833436355951633e+00 8.113529663085937500e+02
6.579268188738482515e+00 8.074154052734375000e+02
6.582702941121014284e+00 8.039761352539062500e+02
6.586137693503545165e+00 8.043630981445312500e+02
6.589572445886076935e+00 8.059210815429687500e+02
6.593007198268607816e+00 8.046013183593750000e+02
6.596441950651138697e+00 8.029347534179687500e+02
6.599876703033669578e+00 8.032678222656250000e+02
6.603311455416201348e+00 8.069942016601562500e+02
6.606746207798732229e+00 8.146360473632812500e+02
6.610180960181263110e+00 8.111608276367187500e+02
6.613615712563794879e+00 7.926428833007812500e+02
6.617050464946325761e+00 7.942955322265625000e+02
6.620485217328857530e+00 7.974685058593750000e+02
6.623919969711387523e+00 7.951168212890625000e+02
6.627354722093919293e+00 7.931563110351562500e+02
6.630789474476450174e+00 7.959282836914062500e+02
6.634224226858981943e+00 8.035973510742187500e+02
6.637658979241512824e+00 7.936698608398437500e+02
6.641093731624044594e+00 7.864411621093750000e+02
6.644528484006575475e+00 7.885462646484375000e+02
6.647963236389106356e+00 7.952305908203125000e+02
6.651397988771637237e+00 7.996520385742187500e+02
6.654832741154169007e+00 8.028926391601562500e+02
6.658267493536699888e+00 8.046697998046875000e+02
6.661702245919231657e+00 8.036554565429687500e+02
6.665136998301762539e+00 8.059451293945312500e+02
6.668571750684294308e+00 8.036229248046875000e+02
6.672006503066824301e+00 7.962235717773437500e+02
6.675441255449356071e+00 8.005417480468750000e+02
6.678876007831886952e+00 7.992139282226562500e+02
6.682310760214417833e+00 8.001660766601562500e+02
6.685745512596949602e+00 8.058963623046875000e+02
6.689180264979480484e+00 8.052337036132812500e+02
6.692615017362012253e+00 8.056899414062500000e+02
6.696049769744543134e+00 8.073076171875000000e+02
6.699484522127074015e+00 8.184941406250000000e+02
6.702919274509604897e+00 8.268626098632812500e+02
6.706354026892136666e+00 8.308280639648437500e+02
6.709788779274667547e+00 8.374275512695312500e+02
6.713223531657199317e+00 8.410988159179687500e+02
6.716658284039730198e+00 8.504121093750000000e+02
6.720093036422261967e+00 8.683278808593750000e+02
6.723527788804791960e+00 8.965863647460937500e+02
6.726962541187323730e+00 1.001725952148437500e+03
6.730397293569854611e+00 1.198925292968750000e+03
6.733832045952386380e+00 1.576401611328125000e+03
6.737266798334917262e+00 2.124657958984375000e+03
6.740701550717449031e+00 2.544587158203125000e+03
6.744136303099979912e+00 3.026729736328125000e+03
6.747571055482510793e+00 3.084719970703125000e+03
6.751005807865041675e+00 2.774968994140625000e+03
6.754440560247573444e+00 2.252690673828125000e+03
6.757875312630104325e+00 1.655339477539062500e+03
6.761310065012635206e+00 1.240430297851562500e+03
6.764744817395166976e+00 1.034444702148437500e+03
6.768179569777697857e+00 9.384525756835937500e+02
6.771614322160229626e+00 8.903405761718750000e+02
6.775049074542759620e+00 8.648230590820312500e+02
6.778483826925291389e+00 8.502604980468750000e+02
6.781918579307822270e+00 8.430269165039062500e+02
6.785353331690354040e+00 8.422960815429687500e+02
6.788788084072884921e+00 8.396540527343750000e+02
6.792222836455416690e+00 8.373259277343750000e+02
6.795657588837947571e+00 8.383690185546875000e+02
6.799092341220478453e+00 8.413031616210937500e+02
6.802527093603009334e+00 8.392113647460937500e+02
6.805961845985541103e+00 8.332167968750000000e+02
6.809396598368071984e+00 8.317459106445312500e+02
6.812831350750603754e+00 8.303505859375000000e+02
6.816266103133134635e+00 8.253850097656250000e+02
6.819700855515666404e+00 8.280070800781250000e+02
6.823135607898196398e+00 8.318278808593750000e+02
6.826570360280728167e+00 8.323501586914062500e+02
6.830005112663259048e+00 8.289776611328125000e+02
6.833439865045790818e+00 8.238498535156250000e+02
6.836874617428321699e+00 8.286535034179687500e+02
6.840309369810852580e+00 8.325403442382812500e+02
6.843744122193384349e+00 8.301780395507812500e+02
6.847178874575915231e+00 8.324539794921875000e+02
6.850613626958446112e+00 8.399927368164062500e+02
6.854048379340976993e+00 8.446546630859375000e+02
6.857483131723508762e+00 8.469543457031250000e+02
6.860917884106039644e+00 8.451826782226562500e+02
6.864352636488571413e+00 8.442372436523437500e+02
6.867787388871102294e+00 8.480288696289062500e+02
6.871222141253634064e+00 8.556049804687500000e+02
6.874656893636164057e+00 8.644555664062500000e+02
6.878091646018695826e+00 8.658476562500000000e+02
6.881526398401226707e+00 8.540766601562500000e+02
6.884961150783758477e+00 8.573023681640625000e+02
6.888395903166289358e+00 8.714723510742187500e+02
6.891830655548821127e+00 8.757666625976562500e+02
6.895265407931352009e+00 8.832529907226562500e+02
6.898700160313882890e+00 8.914710083007812500e+02
6.902134912696413771e+00 8.994119262695312500e+02
6.905569665078945540e+00 9.130963134765625000e+02
6.909004417461476422e+00 9.269891357421875000e+02
6.912439169844007303e+00 9.490270385742187500e+02
6.915873922226539072e+00 9.690186157226562500e+02
6.919308674609069953e+00 9.968115844726562500e+02
6.922743426991601723e+00 1.044868530273437500e+03
6.926178179374131716e+00 1.118995605468750000e+03
6.929612931756663485e+00 1.280585815429687500e+03
6.933047684139194367e+00 1.617821166992187500e+03
6.936482436521726136e+00 2.419083496093750000e+03
6.939917188904257017e+00 3.841927490234375000e+03
6.943351941286788787e+00 6.192621093750000000e+03
6.946786693669319668e+00 8.940375976562500000e+03
6.950221446051850549e+00 1.090420703125000000e+04
6.953656198434381430e+00 1.190263769531250000e+04
6.957090950816913200e+00 1.124726464843750000e+04
6.960525703199444081e+00 9.320245117187500000e+03
6.963960455581975850e+00 7.101895996093750000e+03
6.967395207964506731e+00 4.649941894531250000e+03
6.970829960347038501e+00 3.119508056640625000e+03
6.974264712729568494e+00 2.054316406250000000e+03
6.977699465112100263e+00 1.537292602539062500e+03
6.981134217494631145e+00 1.264746582031250000e+03
6.984568969877162914e+00 1.116852416992187500e+03
6.988003722259693795e+00 1.048368408203125000e+03
6.991438474642224676e+00 1.016763977050781250e+03
6.994873227024756446e+00 9.903753051757812500e+02
6.998307979407287327e+00 9.643546752929687500e+02
7.001742731789818208e+00 9.548912353515625000e+02
7.005177484172349089e+00 9.443733520507812500e+02
7.008612236554880859e+00 9.309440307617187500e+02
7.012046988937411740e+00 9.251439819335937500e+02
7.015481741319943509e+00 9.202503662109375000e+02
7.018916493702474391e+00 9.089200439453125000e+02
7.022351246085006160e+00 8.946953735351562500e+02
7.025785998467536153e+00 8.915792846679687500e+02
7.029220750850067922e+00 8.937164306640625000e+02
7.032655503232598804e+00 8.962887573242187500e+02
7.036090255615130573e+00 8.945697021484375000e+02
7.039525007997661454e+00 8.884185180664062500e+02
7.042959760380193224e+00 8.773244018554687500e+02
7.046394512762724105e+00 8.785588989257812500e+02
7.049829265145254986e+00 8.783494262695312500e+02
7.053264017527785867e+00 8.756447143554687500e+02
7.056698769910317637e+00 8.795405883789062500e+02
7.060133522292848518e+00 8.821729736328125000e+02
7.063568274675379399e+00 8.804761352539062500e+02
7.067003027057911169e+00 8.728948364257812500e+02
7.070437779440442050e+00 8.721420288085937500e+02
7.073872531822972931e+00 8.754630126953125000e+02
7.077307284205503812e+00 8.804182739257812500e+02
7.080742036588035582e+00 8.900914306640625000e+02
7.084176788970566463e+00 8.844014892578125000e+02
7.087611541353098232e+00 8.863975219726562500e+02
7.091046293735629114e+00 8.929612426757812500e+02
7.094481046118160883e+00 8.981484985351562500e+02
7.097915798500691764e+00 9.020868530273437500e+02
7.101350550883222645e+00 9.075625000000000000e+02
7.104785303265753527e+00 9.195519409179687500e+02
7.108220055648285296e+00 9.291558227539062500e+02
7.111654808030816177e+00 9.321147460937500000e+02
7.115089560413347947e+00 9.435637207031250000e+02
7.118524312795878828e+00 9.605459594726562500e+02
7.121959065178410597e+00 9.819745483398437500e+02
7.125393817560940590e+00 1.019819335937500000e+03
7.128828569943472360e+00 1.083194824218750000e+03
7.132263322326003241e+00 1.210555786132812500e+03
7.135698074708535010e+00 1.494854980468750000e+03
7.139132827091065892e+00 2.176909423828125000e+03
7.142567579473596773e+00 3.333019287109375000e+03
7.146002331856128542e+00 5.465363769531250000e+03
7.149437084238658535e+00 7.302634765625000000e+03
7.152871836621190305e+00 9.124467773437500000e+03
7.156306589003721186e+00 9.675062500000000000e+03
7.159741341386252955e+00 8.825922851562500000e+03
7.163176093768782948e+00 7.413459960937500000e+03
7.166610846151314718e+00 5.104782714843750000e+03
7.170045598533845599e+00 3.640609375000000000e+03
7.173480350916377368e+00 2.249395019531250000e+03
7.176915103298908249e+00 1.685496337890625000e+03
7.180349855681440019e+00 1.268469848632812500e+03
7.183784608063970900e+00 1.122131347656250000e+03
7.187219360446502670e+00 1.028108642578125000e+03
7.190654112829033551e+00 9.893663940429687500e+02
7.194088865211565320e+00 9.610369262695312500e+02
7.197523617594096201e+00 9.386345825195312500e+02
7.200958369976627971e+00 9.199523925781250000e+02
7.204393122359158852e+00 9.041065063476562500e+02
7.207827874741689733e+00 8.968842163085937500e+02
7.211262627124221503e+00 8.891680297851562500e+02
7.214697379506751496e+00 8.775174560546875000e+02
7.218132131889282377e+00 8.671898803710937500e+02
7.221566884271814146e+00 8.656321411132812500e+02
7.225001636654345027e+00 8.596624755859375000e+02
7.228436389036875909e+00 8.524898681640625000e+02
7.231871141419407678e+00 8.604990844726562500e+02
7.235305893801938559e+00 8.582948608398437500e+02
7.238740646184470329e+00 8.535560302734375000e+02
7.242175398567001210e+00 8.522258300781250000e+02
7.245610150949532979e+00 8.461143188476562500e+02
7.249044903332063861e+00 8.432826538085937500e+02
7.252479655714595630e+00 8.379503784179687500e+02
7.255914408097126511e+00 8.309364624023437500e+02
7.259349160479658281e+00 8.249603881835937500e+02
7.262783912862187385e+00 8.287153930664062500e+02
7.266218665244719155e+00 8.266912231445312500e+02
7.269653417627250036e+00 8.169229736328125000e+02
7.273088170009781805e+00 8.131767578125000000e+02
7.276522922392312687e+00 8.163245849609375000e+02
7.279957674774844456e+00 8.144037475585937500e+02
7.283392427157375337e+00 8.118168945312500000e+02
7.286827179539907107e+00 8.051462402343750000e+02
7.290261931922437988e+00 7.926280517578125000e+02
7.293696684304968869e+00 7.762987060546875000e+02
7.297131436687500639e+00 7.733334350585937500e+02
7.300566189070031520e+00 7.623250122070312500e+02
7.304000941452563289e+00 7.458854370117187500e+02
7.307435693835094170e+00 7.373176269531250000e+02
7.310870446217625940e+00 7.293062133789062500e+02
7.314305198600155045e+00 7.205864257812500000e+02
7.317739950982686814e+00 7.172219848632812500e+02
7.321174703365217695e+00 6.430087890625000000e+02
7.324609455747749465e+00 5.946907958984375000e+02
7.328044208130280346e+00 6.489152221679687500e+02
7.331478960512812115e+00 7.409520263671875000e+02
7.334913712895342996e+00 8.882997436523437500e+02
7.338348465277874766e+00 1.102253662109375000e+03
7.341783217660405647e+00 1.528662109375000000e+03
7.345217970042937417e+00 1.949945190429687500e+03
7.348652722425468298e+00 2.221587158203125000e+03
7.352087474808000067e+00 2.378116455078125000e+03
7.355522227190530948e+00 2.347436035156250000e+03
7.358956979573061830e+00 2.054867431640625000e+03
7.362391731955593599e+00 1.683708374023437500e+03
7.365826484338123592e+00 1.268226318359375000e+03
7.369261236720654473e+00 9.755305786132812500e+02
7.372695989103186243e+00 7.992471313476562500e+02
7.376130741485717124e+00 6.879679565429687500e+02
7.379565493868248005e+00 6.330447998046875000e+02
7.383000246250779774e+00 5.891377563476562500e+02
7.386434998633310656e+00 5.621540527343750000e+02
7.389869751015842425e+00 5.437403564453125000e+02
7.393304503398373306e+00 5.282822265625000000e+02
7.396739255780905076e+00 5.073031311035156250e+02
7.400174008163435957e+00 4.979349975585937500e+02
7.403608760545967726e+00 4.877936096191406250e+02
7.407043512928498608e+00 4.760275268554687500e+02
7.410478265311030377e+00 4.437173461914062500e+02
7.413913017693559482e+00 4.129575195312500000e+02
7.417347770076091251e+00 3.565908508300781250e+02
7.420782522458622132e+00 3.024618225097656250e+02
7.424217274841153902e+00 2.556420288085937500e+02
7.427652027223684783e+00 1.885046844482421875e+02
7.431086779606216552e+00 6.299710464477539062e+01
7.434521531988747434e+00 0.000000000000000000e+00
7.437956284371279203e+00 0.000000000000000000e+00
