# # sector 16: chi = -15.01 deg (range [-20, -10))
# # columns: 2theta(deg)  intensity
9.943608147427778210e-01 3.008197021484375000e+03
9.977955671253089243e-01 3.006803710937500000e+03
1.001230319507840250e+00 3.018604980468750000e+03
1.004665071890371353e+00 3.034215576171875000e+03
1.008099824272902678e+00 3.024606201171875000e+03
1.011534576655433781e+00 2.995354736328125000e+03
1.014969329037964885e+00 2.976467041015625000e+03
1.018404081420495988e+00 2.967696777343750000e+03
1.021838833803027313e+00 2.973502929687500000e+03
1.025273586185558417e+00 3.000632324218750000e+03
1.028708338568089520e+00 3.025682617187500000e+03
1.032143090950620845e+00 3.037393554687500000e+03
1.035577843333151948e+00 3.030927001953125000e+03
1.039012595715683274e+00 3.026376953125000000e+03
1.042447348098214377e+00 3.007717285156250000e+03
1.045882100480745702e+00 2.995688232421875000e+03
1.049316852863276806e+00 2.994209960937500000e+03
1.052751605245807909e+00 2.990374023437500000e+03
1.056186357628339012e+00 2.972809814453125000e+03
1.059621110010870337e+00 2.969641601562500000e+03
1.063055862393401441e+00 2.984344970703125000e+03
1.066490614775932544e+00 2.994191406250000000e+03
1.069925367158463869e+00 3.005719970703125000e+03
1.073360119540994972e+00 2.990999023437500000e+03
1.076794871923526298e+00 2.971353515625000000e+03
1.080229624306057401e+00 2.952372314453125000e+03
1.083664376688588726e+00 2.943481689453125000e+03
1.087099129071119830e+00 2.931916259765625000e+03
1.090533881453650933e+00 2.921678710937500000e+03
1.093968633836182036e+00 2.905693847656250000e+03
1.097403386218713361e+00 2.913728515625000000e+03
1.100838138601244465e+00 2.927214843750000000e+03
1.104272890983775568e+00 2.959122558593750000e+03
1.107707643366306893e+00 2.950576171875000000e+03
1.111142395748837997e+00 2.950472900390625000e+03
1.114577148131369322e+00 2.969153076171875000e+03
1.118011900513900425e+00 2.971715576171875000e+03
1.121446652896431750e+00 2.946970214843750000e+03
1.124881405278962854e+00 2.943601074218750000e+03
1.128316157661493957e+00 2.958060058593750000e+03
1.131750910044025060e+00 2.947697265625000000e+03
1.135185662426556386e+00 2.945284912109375000e+03
1.138620414809087489e+00 2.956658935546875000e+03
1.142055167191618592e+00 2.962296386718750000e+03
1.145489919574149917e+00 2.959802246093750000e+03
1.148924671956681021e+00 2.960137207031250000e+03
1.152359424339212346e+00 2.964372558593750000e+03
1.155794176721743449e+00 2.974259765625000000e+03
1.159228929104274775e+00 2.960457275390625000e+03
1.162663681486805878e+00 2.934889892578125000e+03
1.166098433869336981e+00 2.935571044921875000e+03
1.169533186251868084e+00 2.960947998046875000e+03
1.172967938634399410e+00 2.969336425781250000e+03
1.176402691016930513e+00 2.966050292968750000e+03
1.179837443399461616e+00 2.929044433593750000e+03
1.183272195781992941e+00 2.914490722656250000e+03
1.186706948164524045e+00 2.913277832031250000e+03
1.190141700547055370e+00 2.933605224609375000e+03
1.193576452929586473e+00 2.946506835937500000e+03
1.197011205312117799e+00 2.949425048828125000e+03
1.200445957694648902e+00 2.950487304687500000e+03
1.203880710077180005e+00 2.967774902343750000e+03
1.207315462459711108e+00 2.968130615234375000e+03
1.210750214842242434e+00 2.957146484375000000e+03
1.214184967224773537e+00 2.960528320312500000e+03
1.217619719607304640e+00 2.944856933593750000e+03
1.221054471989835966e+00 2.953489746093750000e+03
1.224489224372367069e+00 2.947796386718750000e+03
1.227923976754898394e+00 2.967738769531250000e+03
1.231358729137429497e+00 2.937833007812500000e+03
1.234793481519960823e+00 2.944242187500000000e+03
1.238228233902491926e+00 2.931174072265625000e+03
1.241662986285023029e+00 2.949202392578125000e+03
1.245097738667554133e+00 2.955808593750000000e+03
1.248532491050085236e+00 2.964986572265625000e+03
1.251967243432616561e+00 2.963189941406250000e+03
1.255401995815147664e+00 2.974123535156250000e+03
1.258836748197678990e+00 2.980433349609375000e+03
1.262271500580210093e+00 2.973846679687500000e+03
1.265706252962741418e+00 2.975893310546875000e+03
1.269141005345272522e+00 2.970208496093750000e+03
1.272575757727803847e+00 2.957306640625000000e+03
1.276010510110334950e+00 2.950789794921875000e+03
1.279445262492866053e+00 2.955805908203125000e+03
1.282880014875397157e+00 2.933651611328125000e+03
1.286314767257928260e+00 2.942383056640625000e+03
1.289749519640459585e+00 2.966010009765625000e+03
1.293184272022990688e+00 2.992018554687500000e+03
1.296619024405522014e+00 2.987609130859375000e+03
1.300053776788053117e+00 2.978710205078125000e+03
1.303488529170584442e+00 2.958122070312500000e+03
1.306923281553115546e+00 2.946213378906250000e+03
1.310358033935646871e+00 2.947399414062500000e+03
1.313792786318177974e+00 2.952225585937500000e+03
1.317227538700709077e+00 2.954537353515625000e+03
1.320662291083240181e+00 2.951861083984375000e+03
1.324097043465771284e+00 2.939313476562500000e+03
1.327531795848302609e+00 2.927969726562500000e+03
1.330966548230833713e+00 2.934652099609375000e+03
1.334401300613365038e+00 2.961477539062500000e+03
1.337836052995896141e+00 2.971627441406250000e+03
1.341270805378427466e+00 2.972498046875000000e+03
1.344705557760958570e+00 2.970145996093750000e+03
1.348140310143489895e+00 2.974412841796875000e+03
1.351575062526020998e+00 2.981747070312500000e+03
1.355009814908552102e+00 3.000173095703125000e+03
1.358444567291083205e+00 3.014323730468750000e+03
1.361879319673614308e+00 3.009392578125000000e+03
1.365314072056145633e+00 2.998989746093750000e+03
1.368748824438676737e+00 2.984214599609375000e+03
1.372183576821208062e+00 2.979572998046875000e+03
1.375618329203739165e+00 2.966509521484375000e+03
1.379053081586270491e+00 2.955278808593750000e+03
1.382487833968801594e+00 2.951382080078125000e+03
1.385922586351332919e+00 2.955812255859375000e+03
1.389357338733864022e+00 2.938697998046875000e+03
1.392792091116395126e+00 2.932187255859375000e+03
1.396226843498926229e+00 2.931833496093750000e+03
1.399661595881457332e+00 2.935303955078125000e+03
1.403096348263988657e+00 2.936708007812500000e+03
1.406531100646519761e+00 2.939802734375000000e+03
1.409965853029051086e+00 2.959096435546875000e+03
1.413400605411582189e+00 2.961007080078125000e+03
1.416835357794113515e+00 2.962340332031250000e+03
1.420270110176644618e+00 2.940623535156250000e+03
1.423704862559175943e+00 2.930320556640625000e+03
1.427139614941707046e+00 2.919551025390625000e+03
1.430574367324238150e+00 2.937003906250000000e+03
1.434009119706769253e+00 2.943768066406250000e+03
1.437443872089300356e+00 2.950175781250000000e+03
1.440878624471831682e+00 2.950083984375000000e+03
1.444313376854362785e+00 2.936017822265625000e+03
1.447748129236894110e+00 2.935114013671875000e+03
1.451182881619425213e+00 2.939393554687500000e+03
1.454617634001956539e+00 2.942312744140625000e+03
1.458052386384487642e+00 2.944170166015625000e+03
1.461487138767018967e+00 2.938425781250000000e+03
1.464921891149550071e+00 2.933026611328125000e+03
1.468356643532081174e+00 2.925459228515625000e+03
1.471791395914612277e+00 2.926079589843750000e+03
1.475226148297143380e+00 2.908587890625000000e+03
1.478660900679674706e+00 2.889563964843750000e+03
1.482095653062205809e+00 2.874864013671875000e+03
1.485530405444737134e+00 2.886276855468750000e+03
1.488965157827268238e+00 2.894236572265625000e+03
1.492399910209799563e+00 2.896531494140625000e+03
1.495834662592330666e+00 2.884288085937500000e+03
1.499269414974861991e+00 2.874694091796875000e+03
1.502704167357393095e+00 2.877391113281250000e+03
1.506138919739924198e+00 2.898095947265625000e+03
1.509573672122455301e+00 2.898913818359375000e+03
1.513008424504986404e+00 2.910795410156250000e+03
1.516443176887517730e+00 2.914226562500000000e+03
1.519877929270048833e+00 2.901845703125000000e+03
1.523312681652580158e+00 2.912682128906250000e+03
1.526747434035111262e+00 2.898017578125000000e+03
1.530182186417642587e+00 2.872363281250000000e+03
1.533616938800173690e+00 2.865348876953125000e+03
1.537051691182705015e+00 2.882975830078125000e+03
1.540486443565236119e+00 2.894703857421875000e+03
1.543921195947767222e+00 2.889257324218750000e+03
1.547355948330298325e+00 2.876308837890625000e+03
1.550790700712829429e+00 2.874103515625000000e+03
1.554225453095360754e+00 2.869676513671875000e+03
1.557660205477891857e+00 2.877631591796875000e+03
1.561094957860423182e+00 2.878736083984375000e+03
1.564529710242954286e+00 2.936008789062500000e+03
1.567964462625485611e+00 3.010105224609375000e+03
1.571399215008016714e+00 3.009001953125000000e+03
1.574833967390548040e+00 2.906353271484375000e+03
1.578268719773079143e+00 2.890534912109375000e+03
1.581703472155610246e+00 2.887041015625000000e+03
1.585138224538141349e+00 2.886323486328125000e+03
1.588572976920672453e+00 2.901464111328125000e+03
1.592007729303203778e+00 2.905737548828125000e+03
1.595442481685734881e+00 2.905911621093750000e+03
1.598877234068266207e+00 2.917697265625000000e+03
1.602311986450797310e+00 2.916997802734375000e+03
1.605746738833328635e+00 2.924754394531250000e+03
1.609181491215859738e+00 2.919903564453125000e+03
1.612616243598391064e+00 2.925838867187500000e+03
1.616050995980922167e+00 2.944988281250000000e+03
1.619485748363453270e+00 2.988229248046875000e+03
1.622920500745984373e+00 3.015957031250000000e+03
1.626355253128515477e+00 3.025274414062500000e+03
1.629790005511046802e+00 3.044728515625000000e+03
1.633224757893577905e+00 3.076688720703125000e+03
1.636659510276109231e+00 3.115108642578125000e+03
1.640094262658640334e+00 3.150361328125000000e+03
1.643529015041171659e+00 3.209306152343750000e+03
1.646963767423702762e+00 3.291189697265625000e+03
1.650398519806234088e+00 3.397579833984375000e+03
1.653833272188765191e+00 3.559324462890625000e+03
1.657268024571296294e+00 3.870615478515625000e+03
1.660702776953827398e+00 4.518490234375000000e+03
1.664137529336358501e+00 5.858209472656250000e+03
1.667572281718889826e+00 9.183563476562500000e+03
1.671007034101420929e+00 1.562652050781250000e+04
1.674441786483952255e+00 3.427915625000000000e+04
1.677876538866483358e+00 5.107223828125000000e+04
1.681311291249014683e+00 5.974108203125000000e+04
1.684746043631545787e+00 5.456651953125000000e+04
1.688180796014076890e+00 4.290742968750000000e+04
1.691615548396608215e+00 2.903974023437500000e+04
1.695050300779139318e+00 1.788890234375000000e+04
1.698485053161670422e+00 1.015970312500000000e+04
1.701919805544201525e+00 6.325351562500000000e+03
1.705354557926732850e+00 4.665323242187500000e+03
1.708789310309263954e+00 3.938544433593750000e+03
1.712224062691795279e+00 3.556404296875000000e+03
1.715658815074326382e+00 3.365468261718750000e+03
1.719093567456857707e+00 3.229057128906250000e+03
1.722528319839388811e+00 3.151388671875000000e+03
1.725963072221919914e+00 3.088424072265625000e+03
1.729397824604451239e+00 3.043482910156250000e+03
1.732832576986982343e+00 2.998163330078125000e+03
1.736267329369513446e+00 2.956942382812500000e+03
1.739702081752044549e+00 2.915393798828125000e+03
1.743136834134575874e+00 2.905358398437500000e+03
1.746571586517106978e+00 2.889893798828125000e+03
1.750006338899638303e+00 2.854523681640625000e+03
1.753441091282169406e+00 2.822121337890625000e+03
1.756875843664700731e+00 2.801230957031250000e+03
1.760310596047231835e+00 2.781532470703125000e+03
1.763745348429762938e+00 2.757077636718750000e+03
1.767180100812294263e+00 2.751344482421875000e+03
1.770614853194825367e+00 2.723442871093750000e+03
1.774049605577356470e+00 2.699134033203125000e+03
1.777484357959887573e+00 2.660307861328125000e+03
1.780919110342418898e+00 2.647635498046875000e+03
1.784353862724950002e+00 2.634811767578125000e+03
1.787788615107481327e+00 2.639645751953125000e+03
1.791223367490012208e+00 2.622698974609375000e+03
1.794658119872543534e+00 2.599815185546875000e+03
1.798092872255074859e+00 2.587223144531250000e+03
1.801527624637606184e+00 2.595640869140625000e+03
1.804962377020137065e+00 2.602018310546875000e+03
1.808397129402668391e+00 2.599942138671875000e+03
1.811831881785199494e+00 2.594740478515625000e+03
1.815266634167730819e+00 2.580405517578125000e+03
1.818701386550261700e+00 2.569561523437500000e+03
1.822136138932793026e+00 2.560494873046875000e+03
1.825570891315324351e+00 2.559699462890625000e+03
1.829005643697855676e+00 2.551097167968750000e+03
1.832440396080386558e+00 2.537627929687500000e+03
1.835875148462917883e+00 2.537248535156250000e+03
1.839309900845449208e+00 2.538484130859375000e+03
1.842744653227980089e+00 2.520090576171875000e+03
1.846179405610511415e+00 2.494018554687500000e+03
1.849614157993042740e+00 2.491359375000000000e+03
1.853048910375573843e+00 2.508919921875000000e+03
1.856483662758104725e+00 2.519280517578125000e+03
1.859918415140636050e+00 2.513982421875000000e+03
1.863353167523167375e+00 2.512759521484375000e+03
1.866787919905698701e+00 2.494946533203125000e+03
1.870222672288229582e+00 2.492405761718750000e+03
1.873657424670760907e+00 2.481332519531250000e+03
1.877092177053292232e+00 2.472642822265625000e+03
1.880526929435823114e+00 2.453067626953125000e+03
1.883961681818354439e+00 2.438847900390625000e+03
1.887396434200885764e+00 2.419885498046875000e+03
1.890831186583416867e+00 2.405156738281250000e+03
1.894265938965947749e+00 2.404825927734375000e+03
1.897700691348479074e+00 2.416228027343750000e+03
1.901135443731010399e+00 2.417362792968750000e+03
1.904570196113541725e+00 2.408351562500000000e+03
1.908004948496072606e+00 2.406222167968750000e+03
1.911439700878603931e+00 2.405305664062500000e+03
1.914874453261135256e+00 2.401781250000000000e+03
1.918309205643666138e+00 2.391250488281250000e+03
1.921743958026197463e+00 2.381171875000000000e+03
1.925178710408728788e+00 2.365861572265625000e+03
1.928613462791259892e+00 2.377605712890625000e+03
1.932048215173790773e+00 2.376148681640625000e+03
1.935482967556322098e+00 2.381052978515625000e+03
1.938917719938853423e+00 2.369196044921875000e+03
1.942352472321384749e+00 2.365674560546875000e+03
1.945787224703915630e+00 2.355324707031250000e+03
1.949221977086446955e+00 2.348103515625000000e+03
1.952656729468978281e+00 2.340342041015625000e+03
1.956091481851509162e+00 2.335118408203125000e+03
1.959526234234040487e+00 2.319474121093750000e+03
1.962960986616571812e+00 2.320817626953125000e+03
1.966395738999102916e+00 2.346270751953125000e+03
1.969830491381633797e+00 2.346324218750000000e+03
1.973265243764165122e+00 2.317029052734375000e+03
1.976699996146696447e+00 2.299995849609375000e+03
1.980134748529227329e+00 2.318296142578125000e+03
1.983569500911758654e+00 2.313968505859375000e+03
1.987004253294289979e+00 2.296590087890625000e+03
1.990439005676821305e+00 2.284274658203125000e+03
1.993873758059352186e+00 2.277479980468750000e+03
1.997308510441883511e+00 2.272140625000000000e+03
2.000743262824414614e+00 2.276019287109375000e+03
2.004178015206945940e+00 2.282781982421875000e+03
2.007612767589476821e+00 2.276530029296875000e+03
2.011047519972008146e+00 2.259627197265625000e+03
2.014482272354539472e+00 2.252681640625000000e+03
2.017917024737070353e+00 2.263904785156250000e+03
2.021351777119601678e+00 2.271938720703125000e+03
2.024786529502133003e+00 2.260962646484375000e+03
2.028221281884664329e+00 2.241448486328125000e+03
2.031656034267195210e+00 2.236537597656250000e+03
2.035090786649726535e+00 2.225648681640625000e+03
2.038525539032257861e+00 2.218783447265625000e+03
2.041960291414789186e+00 2.227250488281250000e+03
2.045395043797320067e+00 2.215430908203125000e+03
2.048829796179851392e+00 2.201658203125000000e+03
2.052264548562382718e+00 2.192433837890625000e+03
2.055699300944913599e+00 2.193422851562500000e+03
2.059134053327444924e+00 2.205728515625000000e+03
2.062568805709975805e+00 2.201444824218750000e+03
2.066003558092507131e+00 2.180783935546875000e+03
2.069438310475038012e+00 2.180380371093750000e+03
2.072873062857569337e+00 2.197288330078125000e+03
2.076307815240100663e+00 2.194801025390625000e+03
2.079742567622631988e+00 2.196361328125000000e+03
2.083177320005162869e+00 2.194930175781250000e+03
2.086612072387694194e+00 2.191622558593750000e+03
2.090046824770225520e+00 2.178926269531250000e+03
2.093481577152756401e+00 2.168472900390625000e+03
2.096916329535287726e+00 2.162785156250000000e+03
2.100351081917819052e+00 2.152434082031250000e+03
2.103785834300350377e+00 2.158048339843750000e+03
2.107220586682881258e+00 2.158494140625000000e+03
2.110655339065412583e+00 2.148024902343750000e+03
2.114090091447943909e+00 2.123171386718750000e+03
2.117524843830475234e+00 2.106619873046875000e+03
2.120959596213006115e+00 2.105735107421875000e+03
2.124394348595537441e+00 2.117488525390625000e+03
2.127829100978068766e+00 2.127974853515625000e+03
2.131263853360599647e+00 2.132243408203125000e+03
2.134698605743130972e+00 2.130243408203125000e+03
2.138133358125661854e+00 2.131220214843750000e+03
2.141568110508193179e+00 2.136056396484375000e+03
2.145002862890724060e+00 2.116931396484375000e+03
2.148437615273255386e+00 2.109705078125000000e+03
2.151872367655786711e+00 2.116043457031250000e+03
2.155307120038318036e+00 2.109945312500000000e+03
2.158741872420848917e+00 2.092571777343750000e+03
2.162176624803380243e+00 2.083549804687500000e+03
2.165611377185911568e+00 2.088298583984375000e+03
2.169046129568442449e+00 2.098310546875000000e+03
2.172480881950973775e+00 2.087774414062500000e+03
2.175915634333505100e+00 2.080694091796875000e+03
2.179350386716036425e+00 2.077285888671875000e+03
2.182785139098567306e+00 2.071768554687500000e+03
2.186219891481098632e+00 2.068289062500000000e+03
2.189654643863629957e+00 2.073489013671875000e+03
2.193089396246161282e+00 2.077364257812500000e+03
2.196524148628692163e+00 2.069271484375000000e+03
2.199958901011223489e+00 2.065841064453125000e+03
2.203393653393754814e+00 2.065348632812500000e+03
2.206828405776285695e+00 2.077386962890625000e+03
2.210263158158817021e+00 2.077555175781250000e+03
2.213697910541347902e+00 2.077406738281250000e+03
2.217132662923879227e+00 2.071369628906250000e+03
2.220567415306410108e+00 2.069274414062500000e+03
2.224002167688941434e+00 2.058795654296875000e+03
2.227436920071472759e+00 2.057904785156250000e+03
2.230871672454004084e+00 2.066640625000000000e+03
2.234306424836534966e+00 2.061413085937500000e+03
2.237741177219066291e+00 2.067533203125000000e+03
2.241175929601597616e+00 2.061068115234375000e+03
2.244610681984128497e+00 2.064796386718750000e+03
2.248045434366659823e+00 2.070947753906250000e+03
2.251480186749191148e+00 2.080493164062500000e+03
2.254914939131722473e+00 2.091738769531250000e+03
2.258349691514253355e+00 2.092431396484375000e+03
2.261784443896784680e+00 2.092760498046875000e+03
2.265219196279316005e+00 2.097816894531250000e+03
2.268653948661847330e+00 2.103543945312500000e+03
2.272088701044378212e+00 2.098479003906250000e+03
2.275523453426909537e+00 2.104388183593750000e+03
2.278958205809440862e+00 2.105556884765625000e+03
2.282392958191971744e+00 2.120527832031250000e+03
2.285827710574503069e+00 2.127722167968750000e+03
2.289262462957033950e+00 2.135923095703125000e+03
2.292697215339565275e+00 2.137649414062500000e+03
2.296131967722096157e+00 2.158947998046875000e+03
2.299566720104627482e+00 2.172445312500000000e+03
2.303001472487158807e+00 2.183662353515625000e+03
2.306436224869690133e+00 2.198287597656250000e+03
2.309870977252221014e+00 2.218073242187500000e+03
2.313305729634752339e+00 2.245556884765625000e+03
2.316740482017283664e+00 2.257080566406250000e+03
2.320175234399814546e+00 2.278737548828125000e+03
2.323609986782345871e+00 2.312231201171875000e+03
2.327044739164877196e+00 2.343560058593750000e+03
2.330479491547408522e+00 2.371198486328125000e+03
2.333914243929939403e+00 2.393875488281250000e+03
2.337348996312470728e+00 2.438044921875000000e+03
2.340783748695002053e+00 2.499442138671875000e+03
2.344218501077533379e+00 2.580022949218750000e+03
2.347653253460064260e+00 2.674255371093750000e+03
2.351088005842595585e+00 2.833556640625000000e+03
2.354522758225126911e+00 3.097761474609375000e+03
2.357957510607657792e+00 3.551769287109375000e+03
2.361392262990189117e+00 4.438823730468750000e+03
2.364827015372720442e+00 6.340686035156250000e+03
2.368261767755251324e+00 1.068869628906250000e+04
2.371696520137782205e+00 2.022574218750000000e+04
2.375131272520313530e+00 3.696713671875000000e+04
2.378566024902844855e+00 5.784896093750000000e+04
2.382000777285376181e+00 6.792929687500000000e+04
2.385435529667907062e+00 6.331375000000000000e+04
2.388870282050438387e+00 5.017918359375000000e+04
2.392305034432969713e+00 3.350778125000000000e+04
2.395739786815500594e+00 1.827695507812500000e+04
2.399174539198031919e+00 9.356382812500000000e+03
2.402609291580563244e+00 5.795232421875000000e+03
2.406044043963094570e+00 4.112818847656250000e+03
2.409478796345625451e+00 3.378324462890625000e+03
2.412913548728156776e+00 2.970593750000000000e+03
2.416348301110688102e+00 2.738051757812500000e+03
2.419783053493219427e+00 2.581059326171875000e+03
2.423217805875750308e+00 2.467636962890625000e+03
2.426652558258281633e+00 2.385633300781250000e+03
2.430087310640812959e+00 2.329668945312500000e+03
2.433522063023343840e+00 2.268353515625000000e+03
2.436956815405875165e+00 2.212618164062500000e+03
2.440391567788406491e+00 2.170359130859375000e+03
2.443826320170937372e+00 2.154983398437500000e+03
2.447261072553468253e+00 2.146185791015625000e+03
2.450695824935999578e+00 2.126719482421875000e+03
2.454130577318530904e+00 2.091075439453125000e+03
2.457565329701061785e+00 2.059371826171875000e+03
2.461000082083593110e+00 2.027058471679687500e+03
2.464434834466124435e+00 2.002673095703125000e+03
2.467869586848655761e+00 1.982440429687500000e+03
2.471304339231186642e+00 1.978163208007812500e+03
2.474739091613717967e+00 1.965315429687500000e+03
2.478173843996249293e+00 1.951350219726562500e+03
2.481608596378780618e+00 1.937570190429687500e+03
2.485043348761311499e+00 1.917563598632812500e+03
2.488478101143842824e+00 1.903859497070312500e+03
2.491912853526374150e+00 1.892874267578125000e+03
2.495347605908905031e+00 1.875421875000000000e+03
2.498782358291436356e+00 1.865417846679687500e+03
2.502217110673967682e+00 1.860035644531250000e+03
2.505651863056499007e+00 1.836476074218750000e+03
2.509086615439029888e+00 1.821209350585937500e+03
2.512521367821561213e+00 1.816483886718750000e+03
2.515956120204092539e+00 1.819498046875000000e+03
2.519390872586623420e+00 1.808885375976562500e+03
2.522825624969154301e+00 1.801989990234375000e+03
2.526260377351685626e+00 1.800145263671875000e+03
2.529695129734216952e+00 1.788746215820312500e+03
2.533129882116747833e+00 1.781486083984375000e+03
2.536564634499279158e+00 1.780747924804687500e+03
2.539999386881810484e+00 1.782006591796875000e+03
2.543434139264341809e+00 1.779471557617187500e+03
2.546868891646872690e+00 1.770601806640625000e+03
2.550303644029404015e+00 1.757581420898437500e+03
2.553738396411935341e+00 1.742352416992187500e+03
2.557173148794466666e+00 1.725986572265625000e+03
2.560607901176997547e+00 1.717479614257812500e+03
2.564042653559528873e+00 1.713841186523437500e+03
2.567477405942060198e+00 1.717672485351562500e+03
2.570912158324591079e+00 1.720920288085937500e+03
2.574346910707122404e+00 1.720552124023437500e+03
2.577781663089653730e+00 1.722130493164062500e+03
2.581216415472185055e+00 1.714227783203125000e+03
2.584651167854715936e+00 1.698908325195312500e+03
2.588085920237247262e+00 1.695801025390625000e+03
2.591520672619778587e+00 1.696525390625000000e+03
2.594955425002309468e+00 1.690574829101562500e+03
2.598390177384840349e+00 1.681749389648437500e+03
2.601824929767371675e+00 1.679531372070312500e+03
2.605259682149903000e+00 1.678404907226562500e+03
2.608694434532433881e+00 1.672763549804687500e+03
2.612129186914965207e+00 1.657662231445312500e+03
2.615563939297496532e+00 1.660780395507812500e+03
2.618998691680027857e+00 1.662709472656250000e+03
2.622433444062558738e+00 1.658718872070312500e+03
2.625868196445090064e+00 1.663289062500000000e+03
2.629302948827621389e+00 1.662668334960937500e+03
2.632737701210152714e+00 1.664699707031250000e+03
2.636172453592683596e+00 1.656917114257812500e+03
2.639607205975214921e+00 1.645783569335937500e+03
2.643041958357746246e+00 1.644996582031250000e+03
2.646476710740277127e+00 1.651166137695312500e+03
2.649911463122808453e+00 1.640602050781250000e+03
2.653346215505339778e+00 1.623334960937500000e+03
2.656780967887871103e+00 1.622057495117187500e+03
2.660215720270401984e+00 1.615893432617187500e+03
2.663650472652933310e+00 1.618481445312500000e+03
2.667085225035464635e+00 1.616113525390625000e+03
2.670519977417995516e+00 1.624574829101562500e+03
2.673954729800526398e+00 1.616754516601562500e+03
2.677389482183057723e+00 1.602656738281250000e+03
2.680824234565589048e+00 1.597658813476562500e+03
2.684258986948119929e+00 1.602948120117187500e+03
2.687693739330651255e+00 1.600836425781250000e+03
2.691128491713182580e+00 1.604001708984375000e+03
2.694563244095713905e+00 1.596600585937500000e+03
2.697997996478244787e+00 1.583687988281250000e+03
2.701432748860776112e+00 1.576397949218750000e+03
2.704867501243307437e+00 1.578918334960937500e+03
2.708302253625838762e+00 1.589725463867187500e+03
2.711737006008369644e+00 1.589619995117187500e+03
2.715171758390900969e+00 1.583601684570312500e+03
2.718606510773432294e+00 1.578177856445312500e+03
2.722041263155963176e+00 1.575436035156250000e+03
2.725476015538494501e+00 1.574047363281250000e+03
2.728910767921025826e+00 1.578324584960937500e+03
2.732345520303557151e+00 1.577018676757812500e+03
2.735780272686088033e+00 1.580409667968750000e+03
2.739215025068619358e+00 1.585038452148437500e+03
2.742649777451150683e+00 1.577891601562500000e+03
2.746084529833681565e+00 1.574808227539062500e+03
2.749519282216212890e+00 1.577018676757812500e+03
2.752954034598743771e+00 1.570426513671875000e+03
2.756388786981275096e+00 1.560008422851562500e+03
2.759823539363805978e+00 1.567489013671875000e+03
2.763258291746337303e+00 1.563847412109375000e+03
2.766693044128868628e+00 1.559348510742187500e+03
2.770127796511399954e+00 1.565974365234375000e+03
2.773562548893930835e+00 1.560498291015625000e+03
2.776997301276462160e+00 1.561347534179687500e+03
2.780432053658993485e+00 1.563888427734375000e+03
2.783866806041524811e+00 1.564366699218750000e+03
2.787301558424055692e+00 1.553907470703125000e+03
2.790736310806587017e+00 1.560054443359375000e+03
2.794171063189118343e+00 1.567738403320312500e+03
2.797605815571649224e+00 1.564896118164062500e+03
2.801040567954180549e+00 1.560718505859375000e+03
2.804475320336711874e+00 1.563332641601562500e+03
2.807910072719243200e+00 1.570898559570312500e+03
2.811344825101774081e+00 1.567895874023437500e+03
2.814779577484305406e+00 1.564008911132812500e+03
2.818214329866836731e+00 1.566707031250000000e+03
2.821649082249367613e+00 1.569791381835937500e+03
2.825083834631898938e+00 1.568285156250000000e+03
2.828518587014429819e+00 1.566434936523437500e+03
2.831953339396961145e+00 1.582780883789062500e+03
2.835388091779492026e+00 1.580459716796875000e+03
2.838822844162023351e+00 1.580712890625000000e+03
2.842257596544554676e+00 1.584352539062500000e+03
2.845692348927086002e+00 1.591477661132812500e+03
2.849127101309616883e+00 1.593094238281250000e+03
2.852561853692148208e+00 1.603563354492187500e+03
2.855996606074679534e+00 1.616480346679687500e+03
2.859431358457210415e+00 1.628738647460937500e+03
2.862866110839741740e+00 1.639144409179687500e+03
2.866300863222273065e+00 1.639013061523437500e+03
2.869735615604804391e+00 1.650673583984375000e+03
2.873170367987335272e+00 1.670088867187500000e+03
2.876605120369866597e+00 1.702166748046875000e+03
2.880039872752397923e+00 1.739157104492187500e+03
2.883474625134929248e+00 1.784281005859375000e+03
2.886909377517460129e+00 1.841934448242187500e+03
2.890344129899991454e+00 1.955115722656250000e+03
2.893778882282522780e+00 2.158068847656250000e+03
2.897213634665053661e+00 2.550896484375000000e+03
2.900648387047584986e+00 3.326652343750000000e+03
2.904083139430115867e+00 5.216617187500000000e+03
2.907517891812647193e+00 8.831239257812500000e+03
2.910952644195178074e+00 1.722705468750000000e+04
2.914387396577709399e+00 2.465066015625000000e+04
2.917822148960240725e+00 3.011846093750000000e+04
2.921256901342772050e+00 2.690823828125000000e+04
2.924691653725302931e+00 1.985671093750000000e+04
2.928126406107834256e+00 1.155740332031250000e+04
2.931561158490365582e+00 6.872373535156250000e+03
2.934995910872896463e+00 4.012590576171875000e+03
2.938430663255427788e+00 2.837156494140625000e+03
2.941865415637959114e+00 2.294614990234375000e+03
2.945300168020490439e+00 2.092006103515625000e+03
2.948734920403021320e+00 2.007427734375000000e+03
2.952169672785552645e+00 2.023484008789062500e+03
2.955604425168083971e+00 1.974007324218750000e+03
2.959039177550615296e+00 1.886823242187500000e+03
2.962473929933146177e+00 1.731151977539062500e+03
2.965908682315677503e+00 1.638908935546875000e+03
2.969343434698208828e+00 1.588502807617187500e+03
2.972778187080739709e+00 1.580300415039062500e+03
2.976212939463271034e+00 1.565993530273437500e+03
2.979647691845801916e+00 1.549026733398437500e+03
2.983082444228333241e+00 1.530062011718750000e+03
2.986517196610864122e+00 1.527670654296875000e+03
2.989951948993395447e+00 1.515821899414062500e+03
2.993386701375926773e+00 1.500815307617187500e+03
2.996821453758458098e+00 1.486463623046875000e+03
3.000256206140988979e+00 1.479272583007812500e+03
3.003690958523520305e+00 1.461494018554687500e+03
3.007125710906051630e+00 1.448901000976562500e+03
3.010560463288582511e+00 1.434958374023437500e+03
3.013995215671113836e+00 1.430876831054687500e+03
3.017429968053645162e+00 1.433020019531250000e+03
3.020864720436176487e+00 1.424813110351562500e+03
3.024299472818707368e+00 1.408362060546875000e+03
3.027734225201238694e+00 1.402103515625000000e+03
3.031168977583770019e+00 1.405854003906250000e+03
3.034603729966301344e+00 1.406641113281250000e+03
3.038038482348832225e+00 1.399147338867187500e+03
3.041473234731363551e+00 1.393552612304687500e+03
3.044907987113894876e+00 1.379860595703125000e+03
3.048342739496425757e+00 1.380523559570312500e+03
3.051777491878957083e+00 1.372546020507812500e+03
3.055212244261487964e+00 1.371462158203125000e+03
3.058646996644019289e+00 1.357664062500000000e+03
3.062081749026550170e+00 1.347159790039062500e+03
3.065516501409081496e+00 1.343639038085937500e+03
3.068951253791612821e+00 1.349976928710937500e+03
3.072386006174144146e+00 1.349667114257812500e+03
3.075820758556675028e+00 1.349086425781250000e+03
3.079255510939206353e+00 1.338088256835937500e+03
3.082690263321737678e+00 1.323235839843750000e+03
3.086125015704268559e+00 1.317218139648437500e+03
3.089559768086799885e+00 1.318357421875000000e+03
3.092994520469331210e+00 1.309671752929687500e+03
3.096429272851862535e+00 1.304856567382812500e+03
3.099864025234393416e+00 1.306459350585937500e+03
3.103298777616924742e+00 1.302973510742187500e+03
3.106733529999456067e+00 1.308179321289062500e+03
3.110168282381987392e+00 1.309383422851562500e+03
3.113603034764518274e+00 1.313508544921875000e+03
3.117037787147049599e+00 1.310562866210937500e+03
3.120472539529580924e+00 1.313727050781250000e+03
3.123907291912111805e+00 1.311297241210937500e+03
3.127342044294643131e+00 1.317056152343750000e+03
3.130776796677174012e+00 1.325349731445312500e+03
3.134211549059705337e+00 1.330404418945312500e+03
3.137646301442236219e+00 1.315582641601562500e+03
3.141081053824767544e+00 1.295342773437500000e+03
3.144515806207298869e+00 1.289310424804687500e+03
3.147950558589830194e+00 1.285074829101562500e+03
3.151385310972361076e+00 1.277263183593750000e+03
3.154820063354892401e+00 1.276607666015625000e+03
3.158254815737423726e+00 1.275462280273437500e+03
3.161689568119954608e+00 1.268151245117187500e+03
3.165124320502485933e+00 1.258642700195312500e+03
3.168559072885017258e+00 1.265785644531250000e+03
3.171993825267548583e+00 1.277910278320312500e+03
3.175428577650079465e+00 1.275217163085937500e+03
3.178863330032610790e+00 1.262042846679687500e+03
3.182298082415142115e+00 1.250918334960937500e+03
3.185732834797673441e+00 1.263809204101562500e+03
3.189167587180204322e+00 1.273288330078125000e+03
3.192602339562735647e+00 1.272082885742187500e+03
3.196037091945266972e+00 1.261588378906250000e+03
3.199471844327797854e+00 1.255130249023437500e+03
3.202906596710329179e+00 1.258029541015625000e+03
3.206341349092860060e+00 1.261833740234375000e+03
3.209776101475391386e+00 1.254731323242187500e+03
3.213210853857922267e+00 1.247299682617187500e+03
3.216645606240453592e+00 1.248125976562500000e+03
3.220080358622984917e+00 1.260590332031250000e+03
3.223515111005516243e+00 1.263655151367187500e+03
3.226949863388047124e+00 1.267515502929687500e+03
3.230384615770578449e+00 1.251981323242187500e+03
3.233819368153109775e+00 1.248568115234375000e+03
3.237254120535640656e+00 1.245486694335937500e+03
3.240688872918171981e+00 1.248315063476562500e+03
3.244123625300703306e+00 1.242677001953125000e+03
3.247558377683234632e+00 1.246701782226562500e+03
3.250993130065765513e+00 1.243673950195312500e+03
3.254427882448296838e+00 1.247913330078125000e+03
3.257862634830828164e+00 1.247432006835937500e+03
3.261297387213359489e+00 1.253971191406250000e+03
3.264732139595890370e+00 1.252847656250000000e+03
3.268166891978421695e+00 1.260058593750000000e+03
3.271601644360953021e+00 1.264569458007812500e+03
3.275036396743483902e+00 1.258959838867187500e+03
3.278471149126015227e+00 1.256676879882812500e+03
3.281905901508546108e+00 1.253184814453125000e+03
3.285340653891077434e+00 1.266900024414062500e+03
3.288775406273608315e+00 1.275479614257812500e+03
3.292210158656139640e+00 1.281150878906250000e+03
3.295644911038670966e+00 1.283525146484375000e+03
3.299079663421202291e+00 1.276984252929687500e+03
3.302514415803733172e+00 1.275002685546875000e+03
3.305949168186264497e+00 1.266619995117187500e+03
3.309383920568795823e+00 1.272482910156250000e+03
3.312818672951326704e+00 1.274104370117187500e+03
3.316253425333858029e+00 1.284276611328125000e+03
3.319688177716389355e+00 1.285513916015625000e+03
3.323122930098920680e+00 1.305182495117187500e+03
3.326557682481451561e+00 1.312170898437500000e+03
3.329992434863982886e+00 1.327236816406250000e+03
3.333427187246514212e+00 1.357008789062500000e+03
3.336861939629045093e+00 1.393767578125000000e+03
3.340296692011576418e+00 1.435383422851562500e+03
3.343731444394107744e+00 1.513533691406250000e+03
3.347166196776639069e+00 1.666108642578125000e+03
3.350600949159169950e+00 1.963818725585937500e+03
3.354035701541701275e+00 2.676989990234375000e+03
3.357470453924232601e+00 4.197442871093750000e+03
3.360905206306763482e+00 7.855446289062500000e+03
3.364339958689294363e+00 1.273077050781250000e+04
3.367774711071825688e+00 1.664368164062500000e+04
3.371209463454357014e+00 1.661326757812500000e+04
3.374644215836887895e+00 1.406738281250000000e+04
3.378078968219419220e+00 9.458292968750000000e+03
3.381513720601950546e+00 5.816139648437500000e+03
3.384948472984481871e+00 3.278269531250000000e+03
3.388383225367012752e+00 2.283256835937500000e+03
3.391817977749544077e+00 1.796546752929687500e+03
3.395252730132075403e+00 1.576616210937500000e+03
3.398687482514606728e+00 1.464482177734375000e+03
3.402122234897137609e+00 1.399893920898437500e+03
3.405556987279668935e+00 1.360656860351562500e+03
3.408991739662200260e+00 1.331549072265625000e+03
3.412426492044731141e+00 1.314778076171875000e+03
3.415861244427262466e+00 1.302459594726562500e+03
3.419295996809793792e+00 1.290910156250000000e+03
3.422730749192325117e+00 1.276139160156250000e+03
3.426165501574855998e+00 1.270883911132812500e+03
3.429600253957387324e+00 1.260439819335937500e+03
3.433035006339918649e+00 1.238880126953125000e+03
3.436469758722449530e+00 1.225403320312500000e+03
3.439904511104980411e+00 1.224660278320312500e+03
3.443339263487511737e+00 1.225046875000000000e+03
3.446774015870043062e+00 1.227138916015625000e+03
3.450208768252573943e+00 1.210198486328125000e+03
3.453643520635105268e+00 1.199325073242187500e+03
3.457078273017636594e+00 1.193068481445312500e+03
3.460513025400167919e+00 1.197098876953125000e+03
3.463947777782698800e+00 1.199145507812500000e+03
3.467382530165230126e+00 1.192603149414062500e+03
3.470817282547761451e+00 1.178510375976562500e+03
3.474252034930292776e+00 1.170135620117187500e+03
3.477686787312823657e+00 1.176594970703125000e+03
3.481121539695354983e+00 1.177871093750000000e+03
3.484556292077886308e+00 1.177999755859375000e+03
3.487991044460417189e+00 1.175770141601562500e+03
3.491425796842948515e+00 1.176492797851562500e+03
3.494860549225479840e+00 1.172873657226562500e+03
3.498295301608011165e+00 1.178128417968750000e+03
3.501730053990542046e+00 1.178491821289062500e+03
3.505164806373073372e+00 1.170471679687500000e+03
3.508599558755604697e+00 1.157112304687500000e+03
3.512034311138135578e+00 1.155094116210937500e+03
3.515469063520666460e+00 1.154396362304687500e+03
3.518903815903197785e+00 1.143296875000000000e+03
3.522338568285729110e+00 1.135023925781250000e+03
3.525773320668259991e+00 1.133819946289062500e+03
3.529208073050791317e+00 1.136468750000000000e+03
3.532642825433322642e+00 1.137313476562500000e+03
3.536077577815853967e+00 1.138773925781250000e+03
3.539512330198384849e+00 1.134991333007812500e+03
3.542947082580916174e+00 1.133140747070312500e+03
3.546381834963447499e+00 1.139294311523437500e+03
3.549816587345978824e+00 1.141976074218750000e+03
3.553251339728509706e+00 1.132302001953125000e+03
3.556686092111041031e+00 1.130028442382812500e+03
3.560120844493572356e+00 1.130148559570312500e+03
3.563555596876103237e+00 1.131118164062500000e+03
3.566990349258634563e+00 1.132301391601562500e+03
3.570425101641165888e+00 1.134054077148437500e+03
3.573859854023697213e+00 1.123671264648437500e+03
3.577294606406228095e+00 1.119423461914062500e+03
3.580729358788759420e+00 1.119855590820312500e+03
3.584164111171290301e+00 1.132640625000000000e+03
3.587598863553821626e+00 1.130788940429687500e+03
3.591033615936352508e+00 1.125673828125000000e+03
3.594468368318883833e+00 1.127012573242187500e+03
3.597903120701415158e+00 1.135170776367187500e+03
3.601337873083946484e+00 1.134418823242187500e+03
3.604772625466477809e+00 1.134125854492187500e+03
3.608207377849008246e+00 1.128219848632812500e+03
3.611642130231539571e+00 1.130489746093750000e+03
3.615076882614070897e+00 1.126195068359375000e+03
3.618511634996602222e+00 1.140958496093750000e+03
3.621946387379133547e+00 1.146251220703125000e+03
3.625381139761664873e+00 1.144201049804687500e+03
3.628815892144196198e+00 1.143822875976562500e+03
3.632250644526726635e+00 1.148621459960937500e+03
3.635685396909257960e+00 1.155351074218750000e+03
3.639120149291789286e+00 1.155437255859375000e+03
3.642554901674320611e+00 1.153832763671875000e+03
3.645989654056851936e+00 1.155828491210937500e+03
3.649424406439383262e+00 1.157679321289062500e+03
3.652859158821914587e+00 1.162259887695312500e+03
3.656293911204445912e+00 1.161209594726562500e+03
3.659728663586976349e+00 1.161985961914062500e+03
3.663163415969507675e+00 1.171325195312500000e+03
3.666598168352038556e+00 1.178685546875000000e+03
3.670032920734569881e+00 1.179337402343750000e+03
3.673467673117101207e+00 1.184419921875000000e+03
3.676902425499632532e+00 1.202056396484375000e+03
3.680337177882163857e+00 1.213356323242187500e+03
3.683771930264694294e+00 1.219923461914062500e+03
3.687206682647225620e+00 1.232295776367187500e+03
3.690641435029756945e+00 1.249081176757812500e+03
3.694076187412288270e+00 1.264292236328125000e+03
3.697510939794819596e+00 1.274142822265625000e+03
3.700945692177350921e+00 1.291877197265625000e+03
3.704380444559882246e+00 1.317736938476562500e+03
3.707815196942412683e+00 1.341268310546875000e+03
3.711249949324944009e+00 1.354412231445312500e+03
3.714684701707475334e+00 1.379738891601562500e+03
3.718119454090006659e+00 1.417361206054687500e+03
3.721554206472537984e+00 1.455288208007812500e+03
3.724988958855069310e+00 1.495395751953125000e+03
3.728423711237600635e+00 1.550746826171875000e+03
3.731858463620131960e+00 1.618720458984375000e+03
3.735293216002662398e+00 1.719171020507812500e+03
3.738727968385193723e+00 1.865847045898437500e+03
3.742162720767725048e+00 2.112784912109375000e+03
3.745597473150255929e+00 2.580240234375000000e+03
3.749032225532787255e+00 3.531759765625000000e+03
3.752466977915318580e+00 5.705297851562500000e+03
3.755901730297849905e+00 1.030309082031250000e+04
3.759336482680380342e+00 2.080612304687500000e+04
3.762771235062911668e+00 3.576573046875000000e+04
3.766205987445442993e+00 5.120164453125000000e+04
3.769640739827974318e+00 5.569508203125000000e+04
3.773075492210505644e+00 4.631960937500000000e+04
3.776510244593036969e+00 2.985970703125000000e+04
3.779944996975568294e+00 1.551303710937500000e+04
3.783379749358098731e+00 8.188618652343750000e+03
3.786814501740630057e+00 4.526331542968750000e+03
3.790249254123161382e+00 3.085483642578125000e+03
3.793684006505692707e+00 2.365333740234375000e+03
3.797118758888224033e+00 2.013299804687500000e+03
3.800553511270755358e+00 1.809051879882812500e+03
3.803988263653286683e+00 1.682389648437500000e+03
3.807423016035818009e+00 1.595131103515625000e+03
3.810857768418348446e+00 1.535398437500000000e+03
3.814292520800879771e+00 1.473614135742187500e+03
3.817727273183411096e+00 1.437741943359375000e+03
3.821162025565941978e+00 1.407349975585937500e+03
3.824596777948473303e+00 1.368426635742187500e+03
3.828031530331004628e+00 1.326262695312500000e+03
3.831466282713535954e+00 1.301435546875000000e+03
3.834901035096066391e+00 1.280287719726562500e+03
3.838335787478597716e+00 1.265830078125000000e+03
3.841770539861129041e+00 1.252070922851562500e+03
3.845205292243660367e+00 1.238653198242187500e+03
3.848640044626191692e+00 1.211741088867187500e+03
3.852074797008723017e+00 1.189904907226562500e+03
3.855509549391254343e+00 1.174650634765625000e+03
3.858944301773784780e+00 1.166243530273437500e+03
3.862379054156316105e+00 1.155679565429687500e+03
3.865813806538847430e+00 1.144898925781250000e+03
3.869248558921378756e+00 1.137581787109375000e+03
3.872683311303910081e+00 1.122334960937500000e+03
3.876118063686441406e+00 1.112503662109375000e+03
3.879552816068972732e+00 1.108915893554687500e+03
3.882987568451504057e+00 1.111150146484375000e+03
3.886422320834034494e+00 1.104816650390625000e+03
3.889857073216565819e+00 1.099884033203125000e+03
3.893291825599097145e+00 1.098060668945312500e+03
3.896726577981628026e+00 1.093122070312500000e+03
3.900161330364159351e+00 1.078549682617187500e+03
3.903596082746690676e+00 1.068632324218750000e+03
3.907030835129222002e+00 1.063201293945312500e+03
3.910465587511752439e+00 1.058928344726562500e+03
3.913900339894283764e+00 1.054704589843750000e+03
3.917335092276815089e+00 1.059730102539062500e+03
3.920769844659346415e+00 1.054826293945312500e+03
3.924204597041877740e+00 1.055940673828125000e+03
3.927639349424409065e+00 1.057010498046875000e+03
3.931074101806940391e+00 1.057481323242187500e+03
3.934508854189470828e+00 1.043370361328125000e+03
3.937943606572002153e+00 1.037295654296875000e+03
3.941378358954533478e+00 1.037345336914062500e+03
3.944813111337064804e+00 1.027433593750000000e+03
3.948247863719596129e+00 1.010559692382812500e+03
3.951682616102127454e+00 1.019228088378906250e+03
3.955117368484658780e+00 1.036493286132812500e+03
3.958552120867189217e+00 1.041700195312500000e+03
3.961986873249720542e+00 1.031947143554687500e+03
3.965421625632251867e+00 1.030237548828125000e+03
3.968856378014783193e+00 1.028004394531250000e+03
3.972291130397314074e+00 1.026320922851562500e+03
3.975725882779845399e+00 1.022639526367187500e+03
3.979160635162376725e+00 1.019668701171875000e+03
3.982595387544908050e+00 1.021239868164062500e+03
3.986030139927438487e+00 1.020682434082031250e+03
3.989464892309969812e+00 1.016177246093750000e+03
3.992899644692501138e+00 1.019535888671875000e+03
3.996334397075032463e+00 1.021278869628906250e+03
3.999769149457563788e+00 1.025319702148437500e+03
4.003203901840095114e+00 1.028755859375000000e+03
4.006638654222625995e+00 1.039310668945312500e+03
4.010073406605156876e+00 1.036285766601562500e+03
4.013508158987687757e+00 1.029633300781250000e+03
4.016942911370219527e+00 1.020300842285156250e+03
4.020377663752750408e+00 1.023857788085937500e+03
4.023812416135282177e+00 1.030092773437500000e+03
4.027247168517813058e+00 1.033465454101562500e+03
4.030681920900344828e+00 1.033548950195312500e+03
4.034116673282874821e+00 1.031434936523437500e+03
4.037551425665406590e+00 1.034237182617187500e+03
4.040986178047937472e+00 1.045750244140625000e+03
4.044420930430469241e+00 1.052515014648437500e+03
4.047855682813000122e+00 1.057247314453125000e+03
4.051290435195531892e+00 1.064724731445312500e+03
4.054725187578062773e+00 1.065672607421875000e+03
4.058159939960594542e+00 1.057486572265625000e+03
4.061594692343124535e+00 1.056885986328125000e+03
4.065029444725656305e+00 1.073976806640625000e+03
4.068464197108187186e+00 1.094886840820312500e+03
4.071898949490718955e+00 1.113268676757812500e+03
4.075333701873249836e+00 1.135102050781250000e+03
4.078768454255781606e+00 1.155800903320312500e+03
4.082203206638312487e+00 1.168873657226562500e+03
4.085637959020843368e+00 1.190706420898437500e+03
4.089072711403374250e+00 1.208767700195312500e+03
4.092507463785905131e+00 1.244912353515625000e+03
4.095942216168436900e+00 1.301410400390625000e+03
4.099376968550967781e+00 1.398058349609375000e+03
4.102811720933499551e+00 1.554451049804687500e+03
4.106246473316030432e+00 1.838805786132812500e+03
4.109681225698561313e+00 2.424764892578125000e+03
4.113115978081092194e+00 3.681801269531250000e+03
4.116550730463623964e+00 6.770173828125000000e+03
4.119985482846154845e+00 1.200032519531250000e+04
4.123420235228686614e+00 1.949308593750000000e+04
4.126854987611217496e+00 2.454854296875000000e+04
4.130289739993749265e+00 2.493199804687500000e+04
4.133724492376280146e+00 1.961168750000000000e+04
4.137159244758811028e+00 1.276756738281250000e+04
4.140593997141341909e+00 7.311288574218750000e+03
4.144028749523873678e+00 3.992030273437500000e+03
4.147463501906404559e+00 2.532922119140625000e+03
4.150898254288936329e+00 1.888348999023437500e+03
4.154333006671467210e+00 1.568674438476562500e+03
4.157767759053998091e+00 1.402144287109375000e+03
4.161202511436528972e+00 1.318792358398437500e+03
4.164637263819060742e+00 1.258929443359375000e+03
4.168072016201591623e+00 1.213374023437500000e+03
4.171506768584122504e+00 1.189716064453125000e+03
4.174941520966654274e+00 1.172241943359375000e+03
4.178376273349185155e+00 1.144662475585937500e+03
4.181811025731716924e+00 1.118792724609375000e+03
4.185245778114246917e+00 1.108621459960937500e+03
4.188680530496778687e+00 1.098194458007812500e+03
4.192115282879309568e+00 1.084053100585937500e+03
4.195550035261841337e+00 1.077481201171875000e+03
4.198984787644372219e+00 1.066758056640625000e+03
4.202419540026903988e+00 1.061164306640625000e+03
4.205854292409434869e+00 1.048581665039062500e+03
4.209289044791966639e+00 1.039500000000000000e+03
4.212723797174496632e+00 1.019669677734375000e+03
4.216158549557028401e+00 1.009493530273437500e+03
4.219593301939559282e+00 9.991450195312500000e+02
4.223028054322091052e+00 9.987084960937500000e+02
4.226462806704621933e+00 9.874566040039062500e+02
4.229897559087153702e+00 9.862813110351562500e+02
4.233332311469684583e+00 9.831976928710937500e+02
4.236767063852215465e+00 9.804890136718750000e+02
4.240201816234746346e+00 9.691754150390625000e+02
4.243636568617277227e+00 9.592682495117187500e+02
4.247071320999808997e+00 9.550938720703125000e+02
4.250506073382339878e+00 9.527272338867187500e+02
4.253940825764871647e+00 9.615613403320312500e+02
4.257375578147402528e+00 9.616690673828125000e+02
4.260810330529933410e+00 9.518682250976562500e+02
4.264245082912464291e+00 9.405026245117187500e+02
4.267679835294996060e+00 9.350287475585937500e+02
4.271114587677526941e+00 9.401577758789062500e+02
4.274549340060058711e+00 9.484780883789062500e+02
4.277984092442589592e+00 9.475570068359375000e+02
4.281418844825121361e+00 9.387706909179687500e+02
4.284853597207652243e+00 9.386338500976562500e+02
4.288288349590183124e+00 9.383572998046875000e+02
4.291723101972714005e+00 9.437130126953125000e+02
4.295157854355245775e+00 9.434360351562500000e+02
4.298592606737776656e+00 9.522145996093750000e+02
4.302027359120308425e+00 9.533223876953125000e+02
4.305462111502839306e+00 9.448758544921875000e+02
4.308896863885370188e+00 9.358262939453125000e+02
4.312331616267901069e+00 9.320483398437500000e+02
4.315766368650432838e+00 9.320798339843750000e+02
4.319201121032963719e+00 9.266095581054687500e+02
4.322635873415494601e+00 9.260481567382812500e+02
4.326070625798026370e+00 9.191527709960937500e+02
4.329505378180557251e+00 9.254336547851562500e+02
4.332940130563089021e+00 9.283854370117187500e+02
4.336374882945619014e+00 9.243873291015625000e+02
4.339809635328150783e+00 9.190101318359375000e+02
4.343244387710681664e+00 9.212019653320312500e+02
4.346679140093213434e+00 9.170825805664062500e+02
4.350113892475744315e+00 9.131692504882812500e+02
4.353548644858276084e+00 9.202531738281250000e+02
4.356983397240806966e+00 9.176361694335937500e+02
4.360418149623338735e+00 9.092459106445312500e+02
4.363852902005868728e+00 8.984912719726562500e+02
4.367287654388400497e+00 8.973542480468750000e+02
4.370722406770931379e+00 9.095493164062500000e+02
4.374157159153463148e+00 9.086492919921875000e+02
4.377591911535994029e+00 8.985921020507812500e+02
4.381026663918525799e+00 8.904246215820312500e+02
4.384461416301056680e+00 8.930399169921875000e+02
4.387896168683587561e+00 8.992618408203125000e+02
4.391330921066118442e+00 9.021083374023437500e+02
4.394765673448649324e+00 9.042536010742187500e+02
4.398200425831181093e+00 9.090075683593750000e+02
4.401635178213711974e+00 8.983673095703125000e+02
4.405069930596243744e+00 8.873281860351562500e+02
4.408504682978774625e+00 8.898497924804687500e+02
4.411939435361305506e+00 8.980789184570312500e+02
4.415374187743836387e+00 9.023992309570312500e+02
4.418808940126368157e+00 9.029765625000000000e+02
4.422243692508899038e+00 9.020837402343750000e+02
4.425678444891430807e+00 9.068786621093750000e+02
4.429113197273961688e+00 9.119811401367187500e+02
4.432547949656493458e+00 9.137326049804687500e+02
4.435982702039023451e+00 9.021950073242187500e+02
4.439417454421555220e+00 8.984261474609375000e+02
4.442852206804086101e+00 9.028655395507812500e+02
4.446286959186617871e+00 9.024372558593750000e+02
4.449721711569148752e+00 8.964025268554687500e+02
4.453156463951680522e+00 8.957224731445312500e+02
4.456591216334211403e+00 9.021131591796875000e+02
4.460025968716742284e+00 8.954521484375000000e+02
4.463460721099273165e+00 8.930133666992187500e+02
4.466895473481804935e+00 8.917187500000000000e+02
4.470330225864335816e+00 8.957250976562500000e+02
4.473764978246866697e+00 8.923306274414062500e+02
4.477199730629398466e+00 8.923358154296875000e+02
4.480634483011929348e+00 8.909671020507812500e+02
4.484069235394461117e+00 8.844503173828125000e+02
4.487503987776991110e+00 8.842921752929687500e+02
4.490938740159522879e+00 8.889812622070312500e+02
4.494373492542053761e+00 8.882330322265625000e+02
4.497808244924585530e+00 8.868782958984375000e+02
4.501242997307116411e+00 8.820512084960937500e+02
4.504677749689648181e+00 8.803186035156250000e+02
4.508112502072179062e+00 8.818901367187500000e+02
4.511547254454709943e+00 8.886981201171875000e+02
4.514982006837240824e+00 8.938093261718750000e+02
4.518416759219772594e+00 8.920095214843750000e+02
4.521851511602303475e+00 8.965903930664062500e+02
4.525286263984835244e+00 8.970690307617187500e+02
4.528721016367366126e+00 8.883717041015625000e+02
4.532155768749897895e+00 8.876864624023437500e+02
4.535590521132428776e+00 8.943623657226562500e+02
4.539025273514959657e+00 8.954684448242187500e+02
4.542460025897490539e+00 8.945541992187500000e+02
4.545894778280021420e+00 8.940335083007812500e+02
4.549329530662553189e+00 8.925833740234375000e+02
4.552764283045084071e+00 8.807195434570312500e+02
4.556199035427615840e+00 8.720524902343750000e+02
4.559633787810146721e+00 8.776293334960937500e+02
4.563068540192677602e+00 8.731609497070312500e+02
4.566503292575208484e+00 8.685878295898437500e+02
4.569938044957740253e+00 8.613793945312500000e+02
4.573372797340271134e+00 8.572609252929687500e+02
4.576807549722802904e+00 8.602949218750000000e+02
4.580242302105333785e+00 8.714874877929687500e+02
4.583677054487865554e+00 8.801201782226562500e+02
4.587111806870395547e+00 8.888227539062500000e+02
4.590546559252927317e+00 8.909564208984375000e+02
4.593981311635458198e+00 8.868933105468750000e+02
4.597416064017989967e+00 8.807021484375000000e+02
4.600850816400520849e+00 8.772836914062500000e+02
4.604285568783052618e+00 8.786939697265625000e+02
4.607720321165583499e+00 8.847217407226562500e+02
4.611155073548115269e+00 8.894553833007812500e+02
4.614589825930645262e+00 8.868848876953125000e+02
4.618024578313177031e+00 8.854728393554687500e+02
4.621459330695707912e+00 8.828601684570312500e+02
4.624894083078238793e+00 8.873312377929687500e+02
4.628328835460770563e+00 8.946378173828125000e+02
4.631763587843301444e+00 8.923604736328125000e+02
4.635198340225833213e+00 8.870474853515625000e+02
4.638633092608363206e+00 8.865746459960937500e+02
4.642067844990894976e+00 8.872411499023437500e+02
4.645502597373425857e+00 8.848627319335937500e+02
4.648937349755957626e+00 8.791620483398437500e+02
4.652372102138488508e+00 8.770308227539062500e+02
4.655806854521020277e+00 8.906676025390625000e+02
4.659241606903551158e+00 9.041518554687500000e+02
4.662676359286082040e+00 9.108715820312500000e+02
4.666111111668612921e+00 9.016038208007812500e+02
4.669545864051144690e+00 8.962419433593750000e+02
4.672980616433675571e+00 8.917429199218750000e+02
4.676415368816207341e+00 8.920935668945312500e+02
4.679850121198738222e+00 8.993081054687500000e+02
4.683284873581269991e+00 9.061236572265625000e+02
4.686719625963800873e+00 9.069710083007812500e+02
4.690154378346331754e+00 9.092806396484375000e+02
4.693589130728862635e+00 9.198850097656250000e+02
4.697023883111393516e+00 9.287885742187500000e+02
4.700458635493925286e+00 9.305669555664062500e+02
4.703893387876456167e+00 9.229083251953125000e+02
4.707328140258987936e+00 9.228960571289062500e+02
4.710762892641518818e+00 9.207548217773437500e+02
4.714197645024049699e+00 9.278295898437500000e+02
4.717632397406580580e+00 9.386945800781250000e+02
4.721067149789112349e+00 9.466878662109375000e+02
4.724501902171643231e+00 9.547127685546875000e+02
4.727936654554175000e+00 9.603250732421875000e+02
4.731371406936705881e+00 9.674302368164062500e+02
4.734806159319237651e+00 9.894403686523437500e+02
4.738240911701767644e+00 1.029766601562500000e+03
4.741675664084299413e+00 1.077806762695312500e+03
4.745110416466830294e+00 1.172670898437500000e+03
4.748545168849362064e+00 1.365862060546875000e+03
4.751979921231892945e+00 1.832560424804687500e+03
4.755414673614424714e+00 2.750533447265625000e+03
4.758849425996955596e+00 4.710932128906250000e+03
4.762284178379487365e+00 7.233090332031250000e+03
4.765718930762017358e+00 9.872743164062500000e+03
4.769153683144549127e+00 1.048967089843750000e+04
4.772588435527080009e+00 9.424591796875000000e+03
4.776023187909610890e+00 6.627960937500000000e+03
4.779457940292142659e+00 4.261529785156250000e+03
4.782892692674673540e+00 2.470021972656250000e+03
4.786327445057205310e+00 1.638379394531250000e+03
4.789762197439735303e+00 1.308139770507812500e+03
4.793196949822267072e+00 1.171286865234375000e+03
4.796631702204797953e+00 1.107600463867187500e+03
4.800066454587329723e+00 1.053870727539062500e+03
4.803501206969860604e+00 1.010946472167968750e+03
4.806935959352392373e+00 9.774385375976562500e+02
4.810370711734923255e+00 9.655101928710937500e+02
4.813805464117454136e+00 9.568707275390625000e+02
4.817240216499985017e+00 9.441164550781250000e+02
4.820674968882516787e+00 9.357926635742187500e+02
4.824109721265047668e+00 9.381589965820312500e+02
4.827544473647579437e+00 9.352926025390625000e+02
4.830979226030110318e+00 9.254660034179687500e+02
4.834413978412642088e+00 9.169731445312500000e+02
4.837848730795172969e+00 9.217217407226562500e+02
4.841283483177703850e+00 9.236356811523437500e+02
4.844718235560234731e+00 9.213904418945312500e+02
4.848152987942766501e+00 9.130069580078125000e+02
4.851587740325297382e+00 9.143707275390625000e+02
4.855022492707828263e+00 9.146141357421875000e+02
4.858457245090360033e+00 9.126682128906250000e+02
4.861891997472890914e+00 9.094989013671875000e+02
4.865326749855421795e+00 9.068824462890625000e+02
4.868761502237952676e+00 9.009916992187500000e+02
4.872196254620484446e+00 8.871227416992187500e+02
4.875631007003015327e+00 8.836113281250000000e+02
4.879065759385547096e+00 8.830314941406250000e+02
4.882500511768077978e+00 8.865843505859375000e+02
4.885935264150609747e+00 8.938087768554687500e+02
4.889370016533139740e+00 8.980214233398437500e+02
4.892804768915671509e+00 8.994421997070312500e+02
4.896239521298202391e+00 9.021656494140625000e+02
4.899674273680734160e+00 9.065262451171875000e+02
4.903109026063265041e+00 9.032132568359375000e+02
4.906543778445796811e+00 9.003146362304687500e+02
4.909978530828327692e+00 8.938289184570312500e+02
4.913413283210858573e+00 8.904316406250000000e+02
4.916848035593389454e+00 8.813385009765625000e+02
4.920282787975921224e+00 8.884722290039062500e+02
4.923717540358452105e+00 8.964420776367187500e+02
4.927152292740982986e+00 8.986500854492187500e+02
4.930587045123514756e+00 8.988129272460937500e+02
4.934021797506045637e+00 9.027278442382812500e+02
4.937456549888577406e+00 9.098023071289062500e+02
4.940891302271107399e+00 9.159149780273437500e+02
4.944326054653639169e+00 9.193635253906250000e+02
4.947760807036170050e+00 9.176345825195312500e+02
4.951195559418701819e+00 9.236542968750000000e+02
4.954630311801232700e+00 9.323875122070312500e+02
4.958065064183764470e+00 9.425725708007812500e+02
4.961499816566295351e+00 9.428146362304687500e+02
4.964934568948826232e+00 9.408730468750000000e+02
4.968369321331357114e+00 9.484109497070312500e+02
4.971804073713888883e+00 9.556316528320312500e+02
4.975238826096419764e+00 9.608070678710937500e+02
4.978673578478951534e+00 9.668264770507812500e+02
4.982108330861482415e+00 9.796013183593750000e+02
4.985543083244014184e+00 9.939794921875000000e+02
4.988977835626544177e+00 1.003870727539062500e+03
4.992412588009075947e+00 1.018014770507812500e+03
4.995847340391606828e+00 1.039763061523437500e+03
4.999282092774138597e+00 1.059541015625000000e+03
5.002716845156669478e+00 1.071520263671875000e+03
5.006151597539200360e+00 1.078509887695312500e+03
5.009586349921732129e+00 1.098334350585937500e+03
5.013021102304263010e+00 1.121902221679687500e+03
5.016455854686793892e+00 1.157751708984375000e+03
5.019890607069324773e+00 1.202252197265625000e+03
5.023325359451856542e+00 1.270901977539062500e+03
5.026760111834387423e+00 1.362939086914062500e+03
5.030194864216919193e+00 1.524413330078125000e+03
5.033629616599450074e+00 1.807048339843750000e+03
5.037064368981981843e+00 2.394365478515625000e+03
5.040499121364511836e+00 3.619976806640625000e+03
5.043933873747043606e+00 6.397449707031250000e+03
5.047368626129574487e+00 1.241583789062500000e+04
5.050803378512106256e+00 2.075025390625000000e+04
5.054238130894637138e+00 3.095279296875000000e+04
5.057672883277168907e+00 3.413542578125000000e+04
5.061107635659699788e+00 2.863122656250000000e+04
5.064542388042230669e+00 1.927759375000000000e+04
5.067977140424761551e+00 1.122590917968750000e+04
5.071411892807293320e+00 5.969206054687500000e+03
5.074846645189824201e+00 3.427843017578125000e+03
5.078281397572355083e+00 2.315638671875000000e+03
5.081716149954886852e+00 1.796094116210937500e+03
5.085150902337417733e+00 1.536596923828125000e+03
5.088585654719949503e+00 1.394227661132812500e+03
5.092020407102479496e+00 1.301833374023437500e+03
5.095455159485011265e+00 1.245338378906250000e+03
5.098889911867542146e+00 1.195822998046875000e+03
5.102324664250073916e+00 1.160658935546875000e+03
5.105759416632604797e+00 1.131227172851562500e+03
5.109194169015136566e+00 1.101856689453125000e+03
5.112628921397667447e+00 1.067243164062500000e+03
5.116063673780198329e+00 1.053296264648437500e+03
5.119498426162729210e+00 1.045805175781250000e+03
5.122933178545260979e+00 1.034933227539062500e+03
5.126367930927791861e+00 1.026105224609375000e+03
5.129802683310323630e+00 1.016555053710937500e+03
5.133237435692854511e+00 1.003001159667968750e+03
5.136672188075386281e+00 9.886113891601562500e+02
5.140106940457916274e+00 9.767321166992187500e+02
5.143541692840448043e+00 9.761004028320312500e+02
5.146976445222978924e+00 9.636711425781250000e+02
5.150411197605510694e+00 9.496176147460937500e+02
5.153845949988041575e+00 9.334620971679687500e+02
5.157280702370572456e+00 9.316708984375000000e+02
5.160715454753104225e+00 9.333457641601562500e+02
5.164150207135635107e+00 9.272591552734375000e+02
5.167584959518165988e+00 9.197718505859375000e+02
5.171019711900696869e+00 9.210817260742187500e+02
5.174454464283228639e+00 9.239144287109375000e+02
5.177889216665759520e+00 9.185728149414062500e+02
5.181323969048291289e+00 9.120565185546875000e+02
5.184758721430822170e+00 9.111157226562500000e+02
5.188193473813353940e+00 9.106956176757812500e+02
5.191628226195883933e+00 9.152307128906250000e+02
5.195062978578415702e+00 9.105559082031250000e+02
5.198497730960946583e+00 9.153304443359375000e+02
5.201932483343478353e+00 9.104838867187500000e+02
5.205367235726009234e+00 9.141862182617187500e+02
5.208801988108541003e+00 9.121787719726562500e+02
5.212236740491071885e+00 9.140180053710937500e+02
5.215671492873602766e+00 9.098740844726562500e+02
5.219106245256133647e+00 9.085371704101562500e+02
5.222540997638665417e+00 9.031132202148437500e+02
5.225975750021196298e+00 8.990612792968750000e+02
5.229410502403727179e+00 8.974308471679687500e+02
5.232845254786258948e+00 8.993609619140625000e+02
5.236280007168789830e+00 9.071398925781250000e+02
5.239714759551321599e+00 9.190065307617187500e+02
5.243149511933851592e+00 9.241435546875000000e+02
5.246584264316383361e+00 9.300717773437500000e+02
5.250019016698914243e+00 9.261009521484375000e+02
5.253453769081446012e+00 9.305871582031250000e+02
5.256888521463976893e+00 9.390787353515625000e+02
5.260323273846508663e+00 9.496503906250000000e+02
5.263758026229039544e+00 9.529365234375000000e+02
5.267192778611570425e+00 9.590485229492187500e+02
5.270627530994101306e+00 9.681246948242187500e+02
5.274062283376633076e+00 9.788931274414062500e+02
5.277497035759163957e+00 9.859788818359375000e+02
5.280931788141695726e+00 9.899473876953125000e+02
5.284366540524226608e+00 9.964336547851562500e+02
5.287801292906758377e+00 1.009422363281250000e+03
5.291236045289288370e+00 1.036780029296875000e+03
5.294670797671820139e+00 1.062065551757812500e+03
5.298105550054351021e+00 1.097729492187500000e+03
5.301540302436882790e+00 1.153770019531250000e+03
5.304975054819413671e+00 1.243342407226562500e+03
5.308409807201944552e+00 1.396904418945312500e+03
5.311844559584476322e+00 1.707685668945312500e+03
5.315279311967006315e+00 2.338761718750000000e+03
5.318714064349538084e+00 3.883550781250000000e+03
5.322148816732068966e+00 7.158817382812500000e+03
5.325583569114600735e+00 1.207318652343750000e+04
5.329018321497131616e+00 1.717124218750000000e+04
5.332453073879663386e+00 2.020444531250000000e+04
5.335887826262194267e+00 1.763203320312500000e+04
5.339322578644726036e+00 1.197829492187500000e+04
5.342757331027256029e+00 6.678035156250000000e+03
5.346192083409787799e+00 3.697241699218750000e+03
5.349626835792318680e+00 2.275529541015625000e+03
5.353061588174850449e+00 1.664292602539062500e+03
5.356496340557381330e+00 1.375621704101562500e+03
5.359931092939913100e+00 1.235849975585937500e+03
5.363365845322443981e+00 1.153837280273437500e+03
5.366800597704974862e+00 1.110253784179687500e+03
5.370235350087505743e+00 1.074844116210937500e+03
5.373670102470037513e+00 1.051584716796875000e+03
5.377104854852568394e+00 1.030533325195312500e+03
5.380539607235100164e+00 1.017354309082031250e+03
5.383974359617631045e+00 9.969515380859375000e+02
5.387409112000161926e+00 9.859826049804687500e+02
5.390843864382692807e+00 9.745171508789062500e+02
5.394278616765223688e+00 9.700010986328125000e+02
5.397713369147755458e+00 9.620394897460937500e+02
5.401148121530286339e+00 9.557781372070312500e+02
5.404582873912818108e+00 9.453814086914062500e+02
5.408017626295348990e+00 9.388090820312500000e+02
5.411452378677880759e+00 9.286195068359375000e+02
5.414887131060411640e+00 9.277254028320312500e+02
5.418321883442942521e+00 9.325557250976562500e+02
5.421756635825473403e+00 9.313141479492187500e+02
5.425191388208005172e+00 9.265045776367187500e+02
5.428626140590536053e+00 9.196538085937500000e+02
5.432060892973067823e+00 9.083651123046875000e+02
5.435495645355598704e+00 8.974177246093750000e+02
5.438930397738130473e+00 8.887355346679687500e+02
5.442365150120660466e+00 8.897505493164062500e+02
5.445799902503192236e+00 8.889013061523437500e+02
5.449234654885723117e+00 8.896750488281250000e+02
5.452669407268254886e+00 8.852933349609375000e+02
5.456104159650785768e+00 8.749117431640625000e+02
5.459538912033316649e+00 8.724749145507812500e+02
5.462973664415848418e+00 8.729403686523437500e+02
5.466408416798379299e+00 8.661994018554687500e+02
5.469843169180910181e+00 8.699981689453125000e+02
5.473277921563441062e+00 8.775419311523437500e+02
5.476712673945972831e+00 8.838698120117187500e+02
5.480147426328503713e+00 8.865070800781250000e+02
5.483582178711035482e+00 8.851533203125000000e+02
5.487016931093566363e+00 8.797404785156250000e+02
5.490451683476098133e+00 8.714853515625000000e+02
5.493886435858628126e+00 8.687218017578125000e+02
5.497321188241159895e+00 8.772568359375000000e+02
5.500755940623690776e+00 8.774105834960937500e+02
5.504190693006222546e+00 8.835714111328125000e+02
5.507625445388753427e+00 8.832070312500000000e+02
5.511060197771285196e+00 8.890144653320312500e+02
5.514494950153816077e+00 8.993308105468750000e+02
5.517929702536346959e+00 8.996813964843750000e+02
5.521364454918877840e+00 8.954131469726562500e+02
5.524799207301409609e+00 8.936731567382812500e+02
5.528233959683940490e+00 9.067709960937500000e+02
5.531668712066472260e+00 9.174849853515625000e+02
5.535103464449003141e+00 9.248032836914062500e+02
5.538538216831534022e+00 9.351100463867187500e+02
5.541972969214064904e+00 9.433040771484375000e+02
5.545407721596595785e+00 9.536486206054687500e+02
5.548842473979127554e+00 9.620444335937500000e+02
5.552277226361658435e+00 9.696223144531250000e+02
5.555711978744190205e+00 9.848824462890625000e+02
5.559146731126721086e+00 1.014022827148437500e+03
5.562581483509252855e+00 1.051524047851562500e+03
5.566016235891783737e+00 1.111029052734375000e+03
5.569450988274314618e+00 1.227952270507812500e+03
5.572885740656845499e+00 1.457879638671875000e+03
5.576320493039377268e+00 1.951406616210937500e+03
5.579755245421908150e+00 3.045882568359375000e+03
5.583189997804439919e+00 5.226369628906250000e+03
5.586624750186970800e+00 8.552766601562500000e+03
5.590059502569502570e+00 1.190660546875000000e+04
5.593494254952032563e+00 1.306516503906250000e+04
5.596929007334564332e+00 1.187270507812500000e+04
5.600363759717095213e+00 8.242125976562500000e+03
5.603798512099626983e+00 5.031177246093750000e+03
5.607233264482157864e+00 2.721938964843750000e+03
5.610668016864688745e+00 1.819999511718750000e+03
5.614102769247220515e+00 1.383800659179687500e+03
5.617537521629751396e+00 1.185671997070312500e+03
5.620972274012282277e+00 1.086699340820312500e+03
5.624407026394813158e+00 1.044095581054687500e+03
5.627841778777344928e+00 1.015314270019531250e+03
5.631276531159875809e+00 9.900346679687500000e+02
5.634711283542407578e+00 9.710138549804687500e+02
5.638146035924938460e+00 9.543786010742187500e+02
5.641580788307470229e+00 9.434219360351562500e+02
5.645015540690000222e+00 9.338545532226562500e+02
5.648450293072531991e+00 9.267888793945312500e+02
5.651885045455062873e+00 9.203123779296875000e+02
5.655319797837594642e+00 9.130105590820312500e+02
5.658754550220125523e+00 9.043325195312500000e+02
5.662189302602657293e+00 8.973128662109375000e+02
5.665624054985188174e+00 8.929157104492187500e+02
5.669058807367719055e+00 8.896859130859375000e+02
5.672493559750249936e+00 8.893161621093750000e+02
5.675928312132781706e+00 8.861407470703125000e+02
5.679363064515312587e+00 8.759639892578125000e+02
5.682797816897844356e+00 8.704792480468750000e+02
5.686232569280375237e+00 8.772095947265625000e+02
5.689667321662906119e+00 8.786273803710937500e+02
5.693102074045437000e+00 8.738723144531250000e+02
5.696536826427967881e+00 8.713388671875000000e+02
5.699971578810499651e+00 8.715649414062500000e+02
5.703406331193030532e+00 8.691069335937500000e+02
5.706841083575562301e+00 8.644705810546875000e+02
5.710275835958093182e+00 8.579519653320312500e+02
5.713710588340624952e+00 8.511412963867187500e+02
5.717145340723154945e+00 8.503765258789062500e+02
5.720580093105686714e+00 8.509891357421875000e+02
5.724014845488217595e+00 8.564015502929687500e+02
5.727449597870749365e+00 8.539436035156250000e+02
5.730884350253280246e+00 8.552260131835937500e+02
5.734319102635812015e+00 8.589567871093750000e+02
5.737753855018342897e+00 8.573099975585937500e+02
5.741188607400874666e+00 8.559057617187500000e+02
5.744623359783404659e+00 8.516405029296875000e+02
5.748058112165936429e+00 8.475520019531250000e+02
5.751492864548467310e+00 8.450941772460937500e+02
5.754927616930999079e+00 8.436765136718750000e+02
5.758362369313529960e+00 8.444623413085937500e+02
5.761797121696060842e+00 8.459624633789062500e+02
5.765231874078592611e+00 8.436233520507812500e+02
5.768666626461123492e+00 8.481662597656250000e+02
5.772101378843654373e+00 8.491575317382812500e+02
5.775536131226185255e+00 8.528305053710937500e+02
5.778970883608717024e+00 8.528222045898437500e+02
5.782405635991247905e+00 8.531477661132812500e+02
5.785840388373779675e+00 8.535288696289062500e+02
5.789275140756310556e+00 8.547012939453125000e+02
5.792709893138841437e+00 8.489622802734375000e+02
5.796144645521372318e+00 8.438931884765625000e+02
5.799579397903904088e+00 8.472398681640625000e+02
5.803014150286434969e+00 8.549813842773437500e+02
5.806448902668966738e+00 8.652051391601562500e+02
5.809883655051497620e+00 8.736672363281250000e+02
5.813318407434029389e+00 8.836735229492187500e+02
5.816753159816560270e+00 8.942728271484375000e+02
5.820187912199091151e+00 9.154013061523437500e+02
5.823622664581622033e+00 9.603966674804687500e+02
5.827057416964153802e+00 1.069115234375000000e+03
5.830492169346684683e+00 1.282581665039062500e+03
5.833926921729216453e+00 1.711955810546875000e+03
5.837361674111747334e+00 2.295185058593750000e+03
5.840796426494278215e+00 2.809657714843750000e+03
5.844231178876809096e+00 2.885131347656250000e+03
5.847665931259339978e+00 2.413931640625000000e+03
5.851100683641871747e+00 1.760328369140625000e+03
5.854535436024402628e+00 1.287716308593750000e+03
5.857970188406934398e+00 1.062447631835937500e+03
5.861404940789465279e+00 9.546069946289062500e+02
5.864839693171997048e+00 9.135604858398437500e+02
5.868274445554527041e+00 8.892832641601562500e+02
5.871709197937058811e+00 8.754279785156250000e+02
5.875143950319589692e+00 8.669759521484375000e+02
5.878578702702121461e+00 8.624891967773437500e+02
5.882013455084652342e+00 8.560603637695312500e+02
5.885448207467184112e+00 8.574185180664062500e+02
5.888882959849714993e+00 8.667417602539062500e+02
5.892317712232246762e+00 8.679323730468750000e+02
5.895752464614776756e+00 8.587291259765625000e+02
5.899187216997308525e+00 8.497752685546875000e+02
5.902621969379839406e+00 8.454611816406250000e+02
5.906056721762371176e+00 8.511983642578125000e+02
5.909491474144902057e+00 8.509840698242187500e+02
5.912926226527432938e+00 8.493140258789062500e+02
5.916360978909964707e+00 8.428673095703125000e+02
5.919795731292495589e+00 8.456818847656250000e+02
5.923230483675026470e+00 8.482910156250000000e+02
5.926665236057557351e+00 8.434275512695312500e+02
5.930099988440089120e+00 8.418383789062500000e+02
5.933534740822620002e+00 8.435126953125000000e+02
5.936969493205151771e+00 8.396450195312500000e+02
5.940404245587682652e+00 8.353665771484375000e+02
5.943838997970213534e+00 8.335255126953125000e+02
5.947273750352744415e+00 8.299053955078125000e+02
5.950708502735276184e+00 8.320557861328125000e+02
5.954143255117807065e+00 8.368751220703125000e+02
5.957578007500338835e+00 8.422926025390625000e+02
5.961012759882869716e+00 8.434018554687500000e+02
5.964447512265401485e+00 8.437166137695312500e+02
5.967882264647932367e+00 8.428438110351562500e+02
5.971317017030463248e+00 8.370114746093750000e+02
5.974751769412994129e+00 8.389380493164062500e+02
5.978186521795525898e+00 8.401291503906250000e+02
5.981621274178056780e+00 8.462639160156250000e+02
5.985056026560588549e+00 8.554053344726562500e+02
5.988490778943119430e+00 8.614598999023437500e+02
5.991925531325650311e+00 8.680634765625000000e+02
5.995360283708181193e+00 8.734468994140625000e+02
5.998795036090712074e+00 8.799447021484375000e+02
6.002229788473243843e+00 8.786405029296875000e+02
6.005664540855774725e+00 8.753917236328125000e+02
6.009099293238306494e+00 8.735601806640625000e+02
6.012534045620837375e+00 8.795800781250000000e+02
6.015968798003369145e+00 8.905187377929687500e+02
6.019403550385899138e+00 8.956871337890625000e+02
6.022838302768430907e+00 9.017116088867187500e+02
6.026273055150961788e+00 8.990046386718750000e+02
6.029707807533493558e+00 9.053068237304687500e+02
6.033142559916024439e+00 9.086229858398437500e+02
6.036577312298556208e+00 9.089846801757812500e+02
6.040012064681087089e+00 9.148232421875000000e+02
6.043446817063618859e+00 9.236632080078125000e+02
6.046881569446148852e+00 9.395282592773437500e+02
6.050316321828680621e+00 9.706522216796875000e+02
6.053751074211211503e+00 1.013964233398437500e+03
6.057185826593743272e+00 1.091594238281250000e+03
6.060620578976274153e+00 1.252011108398437500e+03
6.064055331358805923e+00 1.584265380859375000e+03
6.067490083741336804e+00 2.269079833984375000e+03
6.070924836123867685e+00 3.821848876953125000e+03
6.074359588506398566e+00 6.053332519531250000e+03
6.077794340888929447e+00 8.456578125000000000e+03
6.081229093271461217e+00 9.880483398437500000e+03
6.084663845653992098e+00 8.818958984375000000e+03
6.088098598036523867e+00 6.180861816406250000e+03
6.091533350419054749e+00 3.713490966796875000e+03
6.094968102801585630e+00 2.234961669921875000e+03
6.098402855184116511e+00 1.541444213867187500e+03
6.101837607566648281e+00 1.234838745117187500e+03
6.105272359949179162e+00 1.091848876953125000e+03
6.108707112331710931e+00 1.017862854003906250e+03
6.112141864714241812e+00 9.782205810546875000e+02
6.115576617096773582e+00 9.528044433593750000e+02
6.119011369479304463e+00 9.409421997070312500e+02
6.122446121861835344e+00 9.239639892578125000e+02
6.125880874244366225e+00 9.123883666992187500e+02
6.129315626626897995e+00 9.147810058593750000e+02
6.132750379009428876e+00 9.148021240234375000e+02
6.136185131391960645e+00 9.079738159179687500e+02
6.139619883774491527e+00 8.989530029296875000e+02
6.143054636157022408e+00 8.954786987304687500e+02
6.146489388539553289e+00 8.893658447265625000e+02
6.149924140922085058e+00 8.843477783203125000e+02
6.153358893304615940e+00 8.778129882812500000e+02
6.156793645687146821e+00 8.758849487304687500e+02
6.160228398069678590e+00 8.737572021484375000e+02
6.163663150452209472e+00 8.730294189453125000e+02
6.167097902834741241e+00 8.760500488281250000e+02
6.170532655217271234e+00 8.778630981445312500e+02
6.173967407599803003e+00 8.757138061523437500e+02
6.177402159982333885e+00 8.740242309570312500e+02
6.180836912364865654e+00 8.784177856445312500e+02
6.184271664747396535e+00 8.839569702148437500e+02
6.187706417129928305e+00 8.808300781250000000e+02
6.191141169512459186e+00 8.685212402343750000e+02
6.194575921894990067e+00 8.642246093750000000e+02
6.198010674277520948e+00 8.691845703125000000e+02
6.201445426660052718e+00 8.727026367187500000e+02
6.204880179042583599e+00 8.737398681640625000e+02
6.208314931425115368e+00 8.761125488281250000e+02
6.211749683807646250e+00 8.778387451171875000e+02
6.215184436190178019e+00 8.776756591796875000e+02
6.218619188572708900e+00 8.816365356445312500e+02
6.222053940955239781e+00 8.912625732421875000e+02
6.225488693337770663e+00 9.008226318359375000e+02
6.228923445720301544e+00 9.073088989257812500e+02
6.232358198102833313e+00 9.069591674804687500e+02
6.235792950485364194e+00 9.040213012695312500e+02
6.239227702867895964e+00 9.099244995117187500e+02
6.242662455250426845e+00 9.204777221679687500e+02
6.246097207632957726e+00 9.331785278320312500e+02
6.249531960015488607e+00 9.408936767578125000e+02
6.252966712398020377e+00 9.528361816406250000e+02
6.256401464780551258e+00 9.656885375976562500e+02
6.259836217163083028e+00 9.731537475585937500e+02
6.263270969545613909e+00 9.852230834960937500e+02
6.266705721928145678e+00 9.944659423828125000e+02
6.270140474310675671e+00 1.014885620117187500e+03
6.273575226693207441e+00 1.048870849609375000e+03
6.277009979075738322e+00 1.097167724609375000e+03
6.280444731458270091e+00 1.159501953125000000e+03
6.283879483840800972e+00 1.251804077148437500e+03
6.287314236223332742e+00 1.415835449218750000e+03
6.290748988605863623e+00 1.772812377929687500e+03
6.294183740988394504e+00 2.494220214843750000e+03
6.297618493370925385e+00 4.064046630859375000e+03
6.301053245753457155e+00 7.489144042968750000e+03
6.304487998135988036e+00 1.206667089843750000e+04
6.307922750518518917e+00 1.790499218750000000e+04
6.311357502901050687e+00 2.068930273437500000e+04
6.314792255283581568e+00 1.833559570312500000e+04
6.318227007666113337e+00 1.262640136718750000e+04
6.321661760048643330e+00 7.400284667968750000e+03
6.325096512431175100e+00 4.002755371093750000e+03
6.328531264813705981e+00 2.415898925781250000e+03
6.331966017196237750e+00 1.709691772460937500e+03
6.335400769578768632e+00 1.393615112304687500e+03
6.338835521961300401e+00 1.239526245117187500e+03
6.342270274343831282e+00 1.149120727539062500e+03
6.345705026726362163e+00 1.094554321289062500e+03
6.349139779108893045e+00 1.052770751953125000e+03
6.352574531491424814e+00 1.026115722656250000e+03
6.356009283873955695e+00 1.008939880371093750e+03
6.359444036256487465e+00 9.941826171875000000e+02
6.362878788639018346e+00 9.737544555664062500e+02
6.366313541021550115e+00 9.592389526367187500e+02
6.369748293404080997e+00 9.506527099609375000e+02
6.373183045786611878e+00 9.367451782226562500e+02
6.376617798169142759e+00 9.226412963867187500e+02
6.380052550551673640e+00 9.200365600585937500e+02
6.383487302934205410e+00 9.133004760742187500e+02
6.386922055316736291e+00 8.992443237304687500e+02
6.390356807699268060e+00 8.891088867187500000e+02
6.393791560081798941e+00 8.864686889648437500e+02
6.397226312464329823e+00 8.876486816406250000e+02
6.400661064846860704e+00 8.828984985351562500e+02
6.404095817229392473e+00 8.799879150390625000e+02
6.407530569611923355e+00 8.743027954101562500e+02
6.410965321994455124e+00 8.683423461914062500e+02
6.414400074376986005e+00 8.617039794921875000e+02
6.417834826759517775e+00 8.576618041992187500e+02
6.421269579142047768e+00 8.572944335937500000e+02
6.424704331524579537e+00 8.494651489257812500e+02
6.428139083907110418e+00 8.447023925781250000e+02
6.431573836289642188e+00 8.351112060546875000e+02
6.435008588672173069e+00 8.404556884765625000e+02
6.438443341054704838e+00 8.474686889648437500e+02
6.441878093437235719e+00 8.485380249023437500e+02
6.445312845819766601e+00 8.473364868164062500e+02
6.448747598202297482e+00 8.428262939453125000e+02
6.452182350584829251e+00 8.439490356445312500e+02
6.455617102967360132e+00 8.360164794921875000e+02
6.459051855349891014e+00 8.368621826171875000e+02
6.462486607732422783e+00 8.332410888671875000e+02
6.465921360114953664e+00 8.330825195312500000e+02
6.469356112497485434e+00 8.387377319335937500e+02
6.472790864880015427e+00 8.373073730468750000e+02
6.476225617262547196e+00 8.336696777343750000e+02
6.479660369645078077e+00 8.296139526367187500e+02
6.483095122027609847e+00 8.389162597656250000e+02
6.486529874410140728e+00 8.431026000976562500e+02
6.489964626792672497e+00 8.400170898437500000e+02
6.493399379175203379e+00 8.332088623046875000e+02
6.496834131557734260e+00 8.251295776367187500e+02
6.500268883940265141e+00 8.237833862304687500e+02
6.503703636322796910e+00 8.216358642578125000e+02
6.507138388705327792e+00 8.270092163085937500e+02
6.510573141087859561e+00 8.331970214843750000e+02
6.514007893470390442e+00 8.367844848632812500e+02
6.517442645852922212e+00 8.320477905273437500e+02
6.520877398235453093e+00 8.202183227539062500e+02
6.524312150617983974e+00 8.126135864257812500e+02
6.527746903000514855e+00 8.105523071289062500e+02
6.531181655383045737e+00 8.110751342773437500e+02
6.534616407765577506e+00 8.095474243164062500e+02
6.538051160148108387e+00 8.110388793945312500e+02
6.541485912530640157e+00 8.026692504882812500e+02
6.544920664913171038e+00 8.071818237304687500e+02
6.548355417295701919e+00 8.136701049804687500e+02
6.551790169678232800e+00 8.098023071289062500e+02
6.555224922060764570e+00 8.072321166992187500e+02
6.558659674443295451e+00 8.132971191406250000e+02
6.562094426825827220e+00 8.258014526367187500e+02
6.565529179208358102e+00 8.238850097656250000e+02
6.568963931590889871e+00 8.155320434570312500e+02
6.572398683973419864e+00 8.109185180664062500e+02
6.575833436355951633e+00 8.054702148437500000e+02
6.579268188738482515e+00 8.043242797851562500e+02
6.582702941121014284e+00 8.037959594726562500e+02
6.586137693503545165e+00 8.044291992187500000e+02
6.589572445886076935e+00 8.140162963867187500e+02
6.593007198268607816e+00 8.161439208984375000e+02
6.596441950651138697e+00 8.178827514648437500e+02
6.599876703033669578e+00 8.215402832031250000e+02
6.603311455416201348e+00 8.189837646484375000e+02
6.606746207798732229e+00 8.167685546875000000e+02
6.610180960181263110e+00 8.147154541015625000e+02
6.613615712563794879e+00 8.177841796875000000e+02
6.617050464946325761e+00 8.172564697265625000e+02
6.620485217328857530e+00 8.122257690429687500e+02
6.623919969711387523e+00 8.089916381835937500e+02
6.627354722093919293e+00 8.119496459960937500e+02
6.630789474476450174e+00 8.118836059570312500e+02
6.634224226858981943e+00 8.105388793945312500e+02
6.637658979241512824e+00 8.074298706054687500e+02
6.641093731624044594e+00 8.064987792968750000e+02
6.644528484006575475e+00 8.084660644531250000e+02
6.647963236389106356e+00 8.137013549804687500e+02
6.651397988771637237e+00 8.088130493164062500e+02
6.654832741154169007e+00 8.063302001953125000e+02
6.658267493536699888e+00 8.074053955078125000e+02
6.661702245919231657e+00 8.139177246093750000e+02
6.665136998301762539e+00 8.112254638671875000e+02
6.668571750684294308e+00 8.114360961914062500e+02
6.672006503066824301e+00 8.140034179687500000e+02
6.675441255449356071e+00 8.184310913085937500e+02
6.678876007831886952e+00 8.183539428710937500e+02
6.682310760214417833e+00 8.263452148437500000e+02
6.685745512596949602e+00 8.314645385742187500e+02
6.689180264979480484e+00 8.267994384765625000e+02
6.692615017362012253e+00 8.265361938476562500e+02
6.696049769744543134e+00 8.317023315429687500e+02
6.699484522127074015e+00 8.283084716796875000e+02
6.702919274509604897e+00 8.234212646484375000e+02
6.706354026892136666e+00 8.264451904296875000e+02
6.709788779274667547e+00 8.370951538085937500e+02
6.713223531657199317e+00 8.430278930664062500e+02
6.716658284039730198e+00 8.571002807617187500e+02
6.720093036422261967e+00 8.636211547851562500e+02
6.723527788804791960e+00 8.814465942382812500e+02
6.726962541187323730e+00 9.241358642578125000e+02
6.730397293569854611e+00 1.023007019042968750e+03
6.733832045952386380e+00 1.248704956054687500e+03
6.737266798334917262e+00 1.674856933593750000e+03
6.740701550717449031e+00 2.363580078125000000e+03
6.744136303099979912e+00 3.159119140625000000e+03
6.747571055482510793e+00 3.454275634765625000e+03
6.751005807865041675e+00 3.098517578125000000e+03
6.754440560247573444e+00 2.417543945312500000e+03
6.757875312630104325e+00 1.725144531250000000e+03
6.761310065012635206e+00 1.248379516601562500e+03
6.764744817395166976e+00 1.030483154296875000e+03
6.768179569777697857e+00 9.406136474609375000e+02
6.771614322160229626e+00 8.931608276367187500e+02
6.775049074542759620e+00 8.723480834960937500e+02
6.778483826925291389e+00 8.525629882812500000e+02
6.781918579307822270e+00 8.449240722656250000e+02
6.785353331690354040e+00 8.398078613281250000e+02
6.788788084072884921e+00 8.358123168945312500e+02
6.792222836455416690e+00 8.328706665039062500e+02
6.795657588837947571e+00 8.335869750976562500e+02
6.799092341220478453e+00 8.313181152343750000e+02
6.802527093603009334e+00 8.319594116210937500e+02
6.805961845985541103e+00 8.299655761718750000e+02
6.809396598368071984e+00 8.342950439453125000e+02
6.812831350750603754e+00 8.365300292968750000e+02
6.816266103133134635e+00 8.389124755859375000e+02
6.819700855515666404e+00 8.419472045898437500e+02
6.823135607898196398e+00 8.412125244140625000e+02
6.826570360280728167e+00 8.378603515625000000e+02
6.830005112663259048e+00 8.412911987304687500e+02
6.833439865045790818e+00 8.440018310546875000e+02
6.836874617428321699e+00 8.440347290039062500e+02
6.840309369810852580e+00 8.428495483398437500e+02
6.843744122193384349e+00 8.455654296875000000e+02
6.847178874575915231e+00 8.499035644531250000e+02
6.850613626958446112e+00 8.495904541015625000e+02
6.854048379340976993e+00 8.494905395507812500e+02
6.857483131723508762e+00 8.462200317382812500e+02
6.860917884106039644e+00 8.531616821289062500e+02
6.864352636488571413e+00 8.509837646484375000e+02
6.867787388871102294e+00 8.522937622070312500e+02
6.871222141253634064e+00 8.467876586914062500e+02
6.874656893636164057e+00 8.515687866210937500e+02
6.878091646018695826e+00 8.577174072265625000e+02
6.881526398401226707e+00 8.706268310546875000e+02
6.884961150783758477e+00 8.721795654296875000e+02
6.888395903166289358e+00 8.766536254882812500e+02
6.891830655548821127e+00 8.813107910156250000e+02
6.895265407931352009e+00 8.810689086914062500e+02
6.898700160313882890e+00 8.768625488281250000e+02
6.902134912696413771e+00 8.887130737304687500e+02
6.905569665078945540e+00 9.055917358398437500e+02
6.909004417461476422e+00 9.147206420898437500e+02
6.912439169844007303e+00 9.247013549804687500e+02
6.915873922226539072e+00 9.481760864257812500e+02
6.919308674609069953e+00 9.807400512695312500e+02
6.922743426991601723e+00 1.011632812500000000e+03
6.926178179374131716e+00 1.060615844726562500e+03
6.929612931756663485e+00 1.138466430664062500e+03
6.933047684139194367e+00 1.277621459960937500e+03
6.936482436521726136e+00 1.554275268554687500e+03
6.939917188904257017e+00 2.140137939453125000e+03
6.943351941286788787e+00 3.505009521484375000e+03
6.946786693669319668e+00 5.810979980468750000e+03
6.950221446051850549e+00 9.295086914062500000e+03
6.953656198434381430e+00 1.239788476562500000e+04
6.957090950816913200e+00 1.333601074218750000e+04
6.960525703199444081e+00 1.111770605468750000e+04
6.963960455581975850e+00 7.345356933593750000e+03
6.967395207964506731e+00 4.264563964843750000e+03
6.970829960347038501e+00 2.482242431640625000e+03
6.974264712729568494e+00 1.705708618164062500e+03
6.977699465112100263e+00 1.347741699218750000e+03
6.981134217494631145e+00 1.184760864257812500e+03
6.984568969877162914e+00 1.092293823242187500e+03
6.988003722259693795e+00 1.035893676757812500e+03
6.991438474642224676e+00 9.976890258789062500e+02
6.994873227024756446e+00 9.701788330078125000e+02
6.998307979407287327e+00 9.504058837890625000e+02
7.001742731789818208e+00 9.307689208984375000e+02
7.005177484172349089e+00 9.239068603515625000e+02
7.008612236554880859e+00 9.117939453125000000e+02
7.012046988937411740e+00 9.072329711914062500e+02
7.015481741319943509e+00 8.972325439453125000e+02
7.018916493702474391e+00 8.978070068359375000e+02
7.022351246085006160e+00 8.957104492187500000e+02
7.025785998467536153e+00 8.925056762695312500e+02
7.029220750850067922e+00 8.845204467773437500e+02
7.032655503232598804e+00 8.764678955078125000e+02
7.036090255615130573e+00 8.689668579101562500e+02
7.039525007997661454e+00 8.643985595703125000e+02
7.042959760380193224e+00 8.645769042968750000e+02
7.046394512762724105e+00 8.673670654296875000e+02
7.049829265145254986e+00 8.648281860351562500e+02
7.053264017527785867e+00 8.566555175781250000e+02
7.056698769910317637e+00 8.569806518554687500e+02
7.060133522292848518e+00 8.600736694335937500e+02
7.063568274675379399e+00 8.592359619140625000e+02
7.067003027057911169e+00 8.665501098632812500e+02
7.070437779440442050e+00 8.666560668945312500e+02
7.073872531822972931e+00 8.599932250976562500e+02
7.077307284205503812e+00 8.603291015625000000e+02
7.080742036588035582e+00 8.654222412109375000e+02
7.084176788970566463e+00 8.670629272460937500e+02
7.087611541353098232e+00 8.707860107421875000e+02
7.091046293735629114e+00 8.776710815429687500e+02
7.094481046118160883e+00 8.823329467773437500e+02
7.097915798500691764e+00 8.813961181640625000e+02
7.101350550883222645e+00 8.737641601562500000e+02
7.104785303265753527e+00 8.729891357421875000e+02
7.108220055648285296e+00 8.807133789062500000e+02
7.111654808030816177e+00 8.935960083007812500e+02
7.115089560413347947e+00 9.114221191406250000e+02
7.118524312795878828e+00 9.245003662109375000e+02
7.121959065178410597e+00 9.410446166992187500e+02
7.125393817560940590e+00 9.665784301757812500e+02
7.128828569943472360e+00 1.007103942871093750e+03
7.132263322326003241e+00 1.073519897460937500e+03
7.135698074708535010e+00 1.192907958984375000e+03
7.139132827091065892e+00 1.424203979492187500e+03
7.142567579473596773e+00 1.944933837890625000e+03
7.146002331856128542e+00 3.011218017578125000e+03
7.149437084238658535e+00 5.014530273437500000e+03
7.152871836621190305e+00 7.760493652343750000e+03
7.156306589003721186e+00 1.056765039062500000e+04
7.159741341386252955e+00 1.122835058593750000e+04
7.163176093768782948e+00 9.394241210937500000e+03
7.166610846151314718e+00 6.401747070312500000e+03
7.170045598533845599e+00 3.807351562500000000e+03
7.173480350916377368e+00 2.222612548828125000e+03
7.176915103298908249e+00 1.564161621093750000e+03
7.180349855681440019e+00 1.260046752929687500e+03
7.183784608063970900e+00 1.112465454101562500e+03
7.187219360446502670e+00 1.032780395507812500e+03
7.190654112829033551e+00 9.870755004882812500e+02
7.194088865211565320e+00 9.580430297851562500e+02
7.197523617594096201e+00 9.403513793945312500e+02
7.200958369976627971e+00 9.268166503906250000e+02
7.204393122359158852e+00 9.159533691406250000e+02
7.207827874741689733e+00 9.005842895507812500e+02
7.211262627124221503e+00 8.919940795898437500e+02
7.214697379506751496e+00 8.845874023437500000e+02
7.218132131889282377e+00 8.789765014648437500e+02
7.221566884271814146e+00 8.708297119140625000e+02
7.225001636654345027e+00 8.619230957031250000e+02
7.228436389036875909e+00 8.577515258789062500e+02
7.231871141419407678e+00 8.542369995117187500e+02
7.235305893801938559e+00 8.538470458984375000e+02
7.238740646184470329e+00 8.529725952148437500e+02
7.242175398567001210e+00 8.537176513671875000e+02
7.245610150949532979e+00 8.460505371093750000e+02
7.249044903332063861e+00 8.387716064453125000e+02
7.252479655714595630e+00 8.433418579101562500e+02
7.255914408097126511e+00 8.467019653320312500e+02
7.259349160479658281e+00 8.433813476562500000e+02
7.262783912862187385e+00 8.358567504882812500e+02
7.266218665244719155e+00 8.355213623046875000e+02
7.269653417627250036e+00 8.390473022460937500e+02
7.273088170009781805e+00 8.398142700195312500e+02
7.276522922392312687e+00 8.370106811523437500e+02
7.279957674774844456e+00 8.363845214843750000e+02
7.283392427157375337e+00 8.314352416992187500e+02
7.286827179539907107e+00 8.255713500976562500e+02
7.290261931922437988e+00 8.285186767578125000e+02
7.293696684304968869e+00 8.357742919921875000e+02
7.297131436687500639e+00 8.396680297851562500e+02
7.300566189070031520e+00 8.425203857421875000e+02
7.304000941452563289e+00 8.461859741210937500e+02
7.307435693835094170e+00 8.454169311523437500e+02
7.310870446217625940e+00 8.375641479492187500e+02
7.314305198600155045e+00 8.376024780273437500e+02
7.317739950982686814e+00 8.496672363281250000e+02
7.321174703365217695e+00 8.692481079101562500e+02
7.324609455747749465e+00 8.843339843750000000e+02
7.328044208130280346e+00 9.048946533203125000e+02
7.331478960512812115e+00 9.459973754882812500e+02
7.334913712895342996e+00 1.039850219726562500e+03
7.338348465277874766e+00 1.227096679687500000e+03
7.341783217660405647e+00 1.623901733398437500e+03
7.345217970042937417e+00 2.335637451171875000e+03
7.348652722425468298e+00 3.207759765625000000e+03
7.352087474808000067e+00 4.076559570312500000e+03
7.355522227190530948e+00 4.422000000000000000e+03
7.358956979573061830e+00 3.973392822265625000e+03
7.362391731955593599e+00 2.928704589843750000e+03
7.365826484338123592e+00 2.000439208984375000e+03
7.369261236720654473e+00 1.398102905273437500e+03
7.372695989103186243e+00 1.105171264648437500e+03
7.376130741485717124e+00 9.764910888671875000e+02
7.379565493868248005e+00 9.078953247070312500e+02
7.383000246250779774e+00 8.758184814453125000e+02
7.386434998633310656e+00 8.574291381835937500e+02
7.389869751015842425e+00 8.428382568359375000e+02
7.393304503398373306e+00 8.378194580078125000e+02
7.396739255780905076e+00 8.299500732421875000e+02
7.400174008163435957e+00 8.248455200195312500e+02
7.403608760545967726e+00 8.138053588867187500e+02
7.407043512928498608e+00 8.024400024414062500e+02
7.410478265311030377e+00 7.942903442382812500e+02
7.413913017693559482e+00 7.898302612304687500e+02
7.417347770076091251e+00 7.821873779296875000e+02
7.420782522458622132e+00 7.730160522460937500e+02
7.424217274841153902e+00 7.690119628906250000e+02
7.427652027223684783e+00 7.728561401367187500e+02
7.431086779606216552e+00 7.735989379882812500e+02
7.434521531988747434e+00 7.670916137695312500e+02
7.437956284371279203e+00 7.590410766601562500e+02
