# # sector 10: chi = -75.01 deg (range [-80, -70))
# # columns: 2theta(deg)  intensity
9.943608147427778210e-01 3.186070068359375000e+03
9.977955671253089243e-01 3.192322998046875000e+03
1.001230319507840250e+00 3.206472656250000000e+03
1.004665071890371353e+00 3.230840087890625000e+03
1.008099824272902678e+00 3.223359863281250000e+03
1.011534576655433781e+00 3.223535400390625000e+03
1.014969329037964885e+00 3.215832763671875000e+03
1.018404081420495988e+00 3.217729492187500000e+03
1.021838833803027313e+00 3.203353515625000000e+03
1.025273586185558417e+00 3.206266113281250000e+03
1.028708338568089520e+00 3.210629882812500000e+03
1.032143090950620845e+00 3.205849365234375000e+03
1.035577843333151948e+00 3.182277587890625000e+03
1.039012595715683274e+00 3.187054199218750000e+03
1.042447348098214377e+00 3.173749023437500000e+03
1.045882100480745702e+00 3.170328125000000000e+03
1.049316852863276806e+00 3.144698242187500000e+03
1.052751605245807909e+00 3.147966064453125000e+03
1.056186357628339012e+00 3.148784667968750000e+03
1.059621110010870337e+00 3.179751953125000000e+03
1.063055862393401441e+00 3.180912841796875000e+03
1.066490614775932544e+00 3.192033203125000000e+03
1.069925367158463869e+00 3.198832275390625000e+03
1.073360119540994972e+00 3.193703125000000000e+03
1.076794871923526298e+00 3.162706298828125000e+03
1.080229624306057401e+00 3.152480712890625000e+03
1.083664376688588726e+00 3.171781005859375000e+03
1.087099129071119830e+00 3.166081298828125000e+03
1.090533881453650933e+00 3.145378662109375000e+03
1.093968633836182036e+00 3.157758300781250000e+03
1.097403386218713361e+00 3.175922851562500000e+03
1.100838138601244465e+00 3.175430664062500000e+03
1.104272890983775568e+00 3.156568115234375000e+03
1.107707643366306893e+00 3.151707519531250000e+03
1.111142395748837997e+00 3.153209228515625000e+03
1.114577148131369322e+00 3.150387695312500000e+03
1.118011900513900425e+00 3.145056884765625000e+03
1.121446652896431750e+00 3.144692138671875000e+03
1.124881405278962854e+00 3.141482421875000000e+03
1.128316157661493957e+00 3.139256835937500000e+03
1.131750910044025060e+00 3.141751220703125000e+03
1.135185662426556386e+00 3.156047607421875000e+03
1.138620414809087489e+00 3.174314208984375000e+03
1.142055167191618592e+00 3.167042724609375000e+03
1.145489919574149917e+00 3.160836181640625000e+03
1.148924671956681021e+00 3.171636474609375000e+03
1.152359424339212346e+00 3.163228759765625000e+03
1.155794176721743449e+00 3.156624023437500000e+03
1.159228929104274775e+00 3.150173583984375000e+03
1.162663681486805878e+00 3.143212402343750000e+03
1.166098433869336981e+00 3.152645996093750000e+03
1.169533186251868084e+00 3.142854980468750000e+03
1.172967938634399410e+00 3.155811523437500000e+03
1.176402691016930513e+00 3.144901855468750000e+03
1.179837443399461616e+00 3.160105957031250000e+03
1.183272195781992941e+00 3.159840820312500000e+03
1.186706948164524045e+00 3.167234619140625000e+03
1.190141700547055370e+00 3.140841552734375000e+03
1.193576452929586473e+00 3.118380859375000000e+03
1.197011205312117799e+00 3.115415771484375000e+03
1.200445957694648902e+00 3.122091308593750000e+03
1.203880710077180005e+00 3.114337890625000000e+03
1.207315462459711108e+00 3.124112304687500000e+03
1.210750214842242434e+00 3.133930664062500000e+03
1.214184967224773537e+00 3.122309082031250000e+03
1.217619719607304640e+00 3.103100830078125000e+03
1.221054471989835966e+00 3.103072265625000000e+03
1.224489224372367069e+00 3.124096679687500000e+03
1.227923976754898394e+00 3.155334472656250000e+03
1.231358729137429497e+00 3.163204833984375000e+03
1.234793481519960823e+00 3.155375976562500000e+03
1.238228233902491926e+00 3.128086425781250000e+03
1.241662986285023029e+00 3.129362792968750000e+03
1.245097738667554133e+00 3.147350097656250000e+03
1.248532491050085236e+00 3.185514892578125000e+03
1.251967243432616561e+00 3.158311523437500000e+03
1.255401995815147664e+00 3.140894531250000000e+03
1.258836748197678990e+00 3.141514892578125000e+03
1.262271500580210093e+00 3.159988525390625000e+03
1.265706252962741418e+00 3.145271240234375000e+03
1.269141005345272522e+00 3.120138671875000000e+03
1.272575757727803847e+00 3.114206787109375000e+03
1.276010510110334950e+00 3.112437988281250000e+03
1.279445262492866053e+00 3.113412841796875000e+03
1.282880014875397157e+00 3.118718505859375000e+03
1.286314767257928260e+00 3.141114013671875000e+03
1.289749519640459585e+00 3.159766601562500000e+03
1.293184272022990688e+00 3.159555419921875000e+03
1.296619024405522014e+00 3.154832275390625000e+03
1.300053776788053117e+00 3.142872558593750000e+03
1.303488529170584442e+00 3.147667968750000000e+03
1.306923281553115546e+00 3.156618652343750000e+03
1.310358033935646871e+00 3.161473876953125000e+03
1.313792786318177974e+00 3.149228515625000000e+03
1.317227538700709077e+00 3.141755371093750000e+03
1.320662291083240181e+00 3.133760742187500000e+03
1.324097043465771284e+00 3.123732666015625000e+03
1.327531795848302609e+00 3.103690429687500000e+03
1.330966548230833713e+00 3.103160888671875000e+03
1.334401300613365038e+00 3.083654052734375000e+03
1.337836052995896141e+00 3.078069580078125000e+03
1.341270805378427466e+00 3.089779541015625000e+03
1.344705557760958570e+00 3.118197753906250000e+03
1.348140310143489895e+00 3.130997558593750000e+03
1.351575062526020998e+00 3.123046875000000000e+03
1.355009814908552102e+00 3.117448486328125000e+03
1.358444567291083205e+00 3.099498046875000000e+03
1.361879319673614308e+00 3.105434326171875000e+03
1.365314072056145633e+00 3.113500000000000000e+03
1.368748824438676737e+00 3.116021972656250000e+03
1.372183576821208062e+00 3.114799560546875000e+03
1.375618329203739165e+00 3.102258056640625000e+03
1.379053081586270491e+00 3.091945068359375000e+03
1.382487833968801594e+00 3.086825683593750000e+03
1.385922586351332919e+00 3.088855468750000000e+03
1.389357338733864022e+00 3.082281738281250000e+03
1.392792091116395126e+00 3.073669921875000000e+03
1.396226843498926229e+00 3.067583007812500000e+03
1.399661595881457332e+00 3.064281005859375000e+03
1.403096348263988657e+00 3.060203857421875000e+03
1.406531100646519761e+00 3.057871337890625000e+03
1.409965853029051086e+00 3.049935791015625000e+03
1.413400605411582189e+00 3.045862548828125000e+03
1.416835357794113515e+00 3.047808349609375000e+03
1.420270110176644618e+00 3.053392578125000000e+03
1.423704862559175943e+00 3.052313720703125000e+03
1.427139614941707046e+00 3.057948974609375000e+03
1.430574367324238150e+00 3.056621337890625000e+03
1.434009119706769253e+00 3.057878906250000000e+03
1.437443872089300356e+00 3.062735351562500000e+03
1.440878624471831682e+00 3.067218750000000000e+03
1.444313376854362785e+00 3.060606445312500000e+03
1.447748129236894110e+00 3.046843750000000000e+03
1.451182881619425213e+00 3.057576171875000000e+03
1.454617634001956539e+00 3.063223876953125000e+03
1.458052386384487642e+00 3.058804931640625000e+03
1.461487138767018967e+00 3.022797363281250000e+03
1.464921891149550071e+00 3.013424316406250000e+03
1.468356643532081174e+00 3.016485351562500000e+03
1.471791395914612277e+00 3.032891845703125000e+03
1.475226148297143380e+00 3.026851318359375000e+03
1.478660900679674706e+00 3.023709472656250000e+03
1.482095653062205809e+00 3.023284912109375000e+03
1.485530405444737134e+00 3.027762695312500000e+03
1.488965157827268238e+00 3.020235595703125000e+03
1.492399910209799563e+00 3.011438964843750000e+03
1.495834662592330666e+00 3.011097900390625000e+03
1.499269414974861991e+00 2.994940185546875000e+03
1.502704167357393095e+00 2.980113525390625000e+03
1.506138919739924198e+00 2.985565429687500000e+03
1.509573672122455301e+00 2.988449218750000000e+03
1.513008424504986404e+00 2.985554199218750000e+03
1.516443176887517730e+00 2.988441650390625000e+03
1.519877929270048833e+00 2.995816650390625000e+03
1.523312681652580158e+00 2.979125976562500000e+03
1.526747434035111262e+00 2.972771240234375000e+03
1.530182186417642587e+00 2.977165039062500000e+03
1.533616938800173690e+00 2.987996337890625000e+03
1.537051691182705015e+00 2.987889892578125000e+03
1.540486443565236119e+00 2.988056396484375000e+03
1.543921195947767222e+00 2.981969482421875000e+03
1.547355948330298325e+00 2.987303466796875000e+03
1.550790700712829429e+00 2.984973144531250000e+03
1.554225453095360754e+00 2.979775878906250000e+03
1.557660205477891857e+00 2.989310546875000000e+03
1.561094957860423182e+00 3.005252441406250000e+03
1.564529710242954286e+00 3.014740478515625000e+03
1.567964462625485611e+00 3.009767822265625000e+03
1.571399215008016714e+00 3.003981445312500000e+03
1.574833967390548040e+00 2.989539794921875000e+03
1.578268719773079143e+00 2.979995849609375000e+03
1.581703472155610246e+00 2.976785888671875000e+03
1.585138224538141349e+00 2.981251464843750000e+03
1.588572976920672453e+00 2.990685546875000000e+03
1.592007729303203778e+00 3.002276611328125000e+03
1.595442481685734881e+00 2.995484375000000000e+03
1.598877234068266207e+00 2.993998291015625000e+03
1.602311986450797310e+00 2.981576416015625000e+03
1.605746738833328635e+00 2.987156494140625000e+03
1.609181491215859738e+00 3.001180908203125000e+03
1.612616243598391064e+00 3.024908447265625000e+03
1.616050995980922167e+00 3.041011962890625000e+03
1.619485748363453270e+00 3.041820800781250000e+03
1.622920500745984373e+00 3.045785400390625000e+03
1.626355253128515477e+00 3.053446777343750000e+03
1.629790005511046802e+00 3.080351562500000000e+03
1.633224757893577905e+00 3.108529052734375000e+03
1.636659510276109231e+00 3.124768798828125000e+03
1.640094262658640334e+00 3.157505615234375000e+03
1.643529015041171659e+00 3.203585449218750000e+03
1.646963767423702762e+00 3.257681884765625000e+03
1.650398519806234088e+00 3.309600585937500000e+03
1.653833272188765191e+00 3.391716552734375000e+03
1.657268024571296294e+00 3.540052734375000000e+03
1.660702776953827398e+00 3.840014160156250000e+03
1.664137529336358501e+00 4.448445800781250000e+03
1.667572281718889826e+00 5.880944824218750000e+03
1.671007034101420929e+00 9.108804687500000000e+03
1.674441786483952255e+00 1.530935058593750000e+04
1.677876538866483358e+00 2.450053320312500000e+04
1.681311291249014683e+00 3.397070703125000000e+04
1.684746043631545787e+00 4.076412500000000000e+04
1.688180796014076890e+00 4.350121484375000000e+04
1.691615548396608215e+00 3.931880078125000000e+04
1.695050300779139318e+00 2.686834179687500000e+04
1.698485053161670422e+00 1.580287011718750000e+04
1.701919805544201525e+00 8.819285156250000000e+03
1.705354557926732850e+00 5.718160156250000000e+03
1.708789310309263954e+00 4.390405273437500000e+03
1.712224062691795279e+00 3.800263427734375000e+03
1.715658815074326382e+00 3.508576904296875000e+03
1.719093567456857707e+00 3.335685791015625000e+03
1.722528319839388811e+00 3.229736328125000000e+03
1.725963072221919914e+00 3.151716796875000000e+03
1.729397824604451239e+00 3.088407714843750000e+03
1.732832576986982343e+00 3.044337158203125000e+03
1.736267329369513446e+00 3.003901611328125000e+03
1.739702081752044549e+00 2.973473144531250000e+03
1.743136834134575874e+00 2.951764404296875000e+03
1.746571586517106978e+00 2.939321533203125000e+03
1.750006338899638303e+00 2.926984863281250000e+03
1.753441091282169406e+00 2.911871826171875000e+03
1.756875843664700731e+00 2.896519531250000000e+03
1.760310596047231835e+00 2.896754394531250000e+03
1.763745348429762938e+00 2.896684570312500000e+03
1.767180100812294263e+00 2.895389160156250000e+03
1.770614853194825367e+00 2.892096435546875000e+03
1.774049605577356470e+00 2.887890380859375000e+03
1.777484357959887573e+00 2.864656005859375000e+03
1.780919110342418898e+00 2.849498291015625000e+03
1.784353862724950002e+00 2.849293457031250000e+03
1.787788615107481327e+00 2.840651611328125000e+03
1.791223367490012208e+00 2.831319580078125000e+03
1.794658119872543534e+00 2.799383056640625000e+03
1.798092872255074859e+00 2.772195068359375000e+03
1.801527624637606184e+00 2.751552978515625000e+03
1.804962377020137065e+00 2.755673828125000000e+03
1.808397129402668391e+00 2.760827880859375000e+03
1.811831881785199494e+00 2.745379394531250000e+03
1.815266634167730819e+00 2.731308593750000000e+03
1.818701386550261700e+00 2.724908447265625000e+03
1.822136138932793026e+00 2.720419677734375000e+03
1.825570891315324351e+00 2.720851562500000000e+03
1.829005643697855676e+00 2.729711425781250000e+03
1.832440396080386558e+00 2.726417724609375000e+03
1.835875148462917883e+00 2.709017089843750000e+03
1.839309900845449208e+00 2.697028320312500000e+03
1.842744653227980089e+00 2.692071777343750000e+03
1.846179405610511415e+00 2.673408203125000000e+03
1.849614157993042740e+00 2.663421142578125000e+03
1.853048910375573843e+00 2.647581054687500000e+03
1.856483662758104725e+00 2.641455078125000000e+03
1.859918415140636050e+00 2.633811523437500000e+03
1.863353167523167375e+00 2.624852539062500000e+03
1.866787919905698701e+00 2.625756591796875000e+03
1.870222672288229582e+00 2.637947753906250000e+03
1.873657424670760907e+00 2.638040039062500000e+03
1.877092177053292232e+00 2.629617919921875000e+03
1.880526929435823114e+00 2.624870361328125000e+03
1.883961681818354439e+00 2.615632324218750000e+03
1.887396434200885764e+00 2.597768310546875000e+03
1.890831186583416867e+00 2.576143310546875000e+03
1.894265938965947749e+00 2.592065429687500000e+03
1.897700691348479074e+00 2.592708740234375000e+03
1.901135443731010399e+00 2.577937500000000000e+03
1.904570196113541725e+00 2.563992675781250000e+03
1.908004948496072606e+00 2.564329833984375000e+03
1.911439700878603931e+00 2.570820312500000000e+03
1.914874453261135256e+00 2.564942626953125000e+03
1.918309205643666138e+00 2.562002929687500000e+03
1.921743958026197463e+00 2.555942626953125000e+03
1.925178710408728788e+00 2.549848876953125000e+03
1.928613462791259892e+00 2.542715820312500000e+03
1.932048215173790773e+00 2.542275390625000000e+03
1.935482967556322098e+00 2.548135253906250000e+03
1.938917719938853423e+00 2.558457763671875000e+03
1.942352472321384749e+00 2.549079101562500000e+03
1.945787224703915630e+00 2.531922363281250000e+03
1.949221977086446955e+00 2.524949707031250000e+03
1.952656729468978281e+00 2.534393798828125000e+03
1.956091481851509162e+00 2.532656005859375000e+03
1.959526234234040487e+00 2.517811279296875000e+03
1.962960986616571812e+00 2.503480712890625000e+03
1.966395738999102916e+00 2.511136718750000000e+03
1.969830491381633797e+00 2.527621582031250000e+03
1.973265243764165122e+00 2.537561523437500000e+03
1.976699996146696447e+00 2.516792968750000000e+03
1.980134748529227329e+00 2.501171386718750000e+03
1.983569500911758654e+00 2.512793701171875000e+03
1.987004253294289979e+00 2.514072021484375000e+03
1.990439005676821305e+00 2.510676757812500000e+03
1.993873758059352186e+00 2.491638671875000000e+03
1.997308510441883511e+00 2.486542724609375000e+03
2.000743262824414614e+00 2.482580566406250000e+03
2.004178015206945940e+00 2.494221923828125000e+03
2.007612767589476821e+00 2.480240966796875000e+03
2.011047519972008146e+00 2.482481933593750000e+03
2.014482272354539472e+00 2.481532958984375000e+03
2.017917024737070353e+00 2.482483154296875000e+03
2.021351777119601678e+00 2.470802490234375000e+03
2.024786529502133003e+00 2.458506347656250000e+03
2.028221281884664329e+00 2.446960937500000000e+03
2.031656034267195210e+00 2.446894775390625000e+03
2.035090786649726535e+00 2.434579833984375000e+03
2.038525539032257861e+00 2.435804199218750000e+03
2.041960291414789186e+00 2.416062500000000000e+03
2.045395043797320067e+00 2.433144531250000000e+03
2.048829796179851392e+00 2.442495849609375000e+03
2.052264548562382718e+00 2.456016601562500000e+03
2.055699300944913599e+00 2.463050781250000000e+03
2.059134053327444924e+00 2.470037109375000000e+03
2.062568805709975805e+00 2.462954345703125000e+03
2.066003558092507131e+00 2.440682373046875000e+03
2.069438310475038012e+00 2.427697021484375000e+03
2.072873062857569337e+00 2.414392578125000000e+03
2.076307815240100663e+00 2.415305664062500000e+03
2.079742567622631988e+00 2.409661865234375000e+03
2.083177320005162869e+00 2.392847656250000000e+03
2.086612072387694194e+00 2.382617919921875000e+03
2.090046824770225520e+00 2.376886230468750000e+03
2.093481577152756401e+00 2.379807128906250000e+03
2.096916329535287726e+00 2.379151855468750000e+03
2.100351081917819052e+00 2.383053466796875000e+03
2.103785834300350377e+00 2.379009277343750000e+03
2.107220586682881258e+00 2.373888183593750000e+03
2.110655339065412583e+00 2.369201904296875000e+03
2.114090091447943909e+00 2.373572509765625000e+03
2.117524843830475234e+00 2.383959960937500000e+03
2.120959596213006115e+00 2.382623291015625000e+03
2.124394348595537441e+00 2.385002929687500000e+03
2.127829100978068766e+00 2.372380126953125000e+03
2.131263853360599647e+00 2.366962890625000000e+03
2.134698605743130972e+00 2.370048828125000000e+03
2.138133358125661854e+00 2.377780029296875000e+03
2.141568110508193179e+00 2.377726806640625000e+03
2.145002862890724060e+00 2.366479248046875000e+03
2.148437615273255386e+00 2.354309570312500000e+03
2.151872367655786711e+00 2.353210449218750000e+03
2.155307120038318036e+00 2.352555908203125000e+03
2.158741872420848917e+00 2.343914062500000000e+03
2.162176624803380243e+00 2.325076904296875000e+03
2.165611377185911568e+00 2.321741699218750000e+03
2.169046129568442449e+00 2.323982177734375000e+03
2.172480881950973775e+00 2.326718261718750000e+03
2.175915634333505100e+00 2.314659179687500000e+03
2.179350386716036425e+00 2.309181884765625000e+03
2.182785139098567306e+00 2.317146484375000000e+03
2.186219891481098632e+00 2.332337646484375000e+03
2.189654643863629957e+00 2.337148193359375000e+03
2.193089396246161282e+00 2.335774414062500000e+03
2.196524148628692163e+00 2.332401855468750000e+03
2.199958901011223489e+00 2.341475097656250000e+03
2.203393653393754814e+00 2.349909423828125000e+03
2.206828405776285695e+00 2.344183105468750000e+03
2.210263158158817021e+00 2.333017578125000000e+03
2.213697910541347902e+00 2.315196533203125000e+03
2.217132662923879227e+00 2.309008789062500000e+03
2.220567415306410108e+00 2.304058837890625000e+03
2.224002167688941434e+00 2.320520019531250000e+03
2.227436920071472759e+00 2.331408935546875000e+03
2.230871672454004084e+00 2.322227539062500000e+03
2.234306424836534966e+00 2.300408691406250000e+03
2.237741177219066291e+00 2.298920654296875000e+03
2.241175929601597616e+00 2.304450195312500000e+03
2.244610681984128497e+00 2.315363525390625000e+03
2.248045434366659823e+00 2.319053222656250000e+03
2.251480186749191148e+00 2.329913085937500000e+03
2.254914939131722473e+00 2.337089599609375000e+03
2.258349691514253355e+00 2.344667236328125000e+03
2.261784443896784680e+00 2.348673828125000000e+03
2.265219196279316005e+00 2.351170410156250000e+03
2.268653948661847330e+00 2.363543212890625000e+03
2.272088701044378212e+00 2.379565673828125000e+03
2.275523453426909537e+00 2.373942626953125000e+03
2.278958205809440862e+00 2.387792236328125000e+03
2.282392958191971744e+00 2.404727294921875000e+03
2.285827710574503069e+00 2.434777099609375000e+03
2.289262462957033950e+00 2.453075439453125000e+03
2.292697215339565275e+00 2.464725341796875000e+03
2.296131967722096157e+00 2.486269287109375000e+03
2.299566720104627482e+00 2.507258056640625000e+03
2.303001472487158807e+00 2.531025878906250000e+03
2.306436224869690133e+00 2.548187011718750000e+03
2.309870977252221014e+00 2.562224853515625000e+03
2.313305729634752339e+00 2.587945800781250000e+03
2.316740482017283664e+00 2.634490722656250000e+03
2.320175234399814546e+00 2.665209716796875000e+03
2.323609986782345871e+00 2.688818847656250000e+03
2.327044739164877196e+00 2.700995361328125000e+03
2.330479491547408522e+00 2.739471435546875000e+03
2.333914243929939403e+00 2.783559570312500000e+03
2.337348996312470728e+00 2.854651611328125000e+03
2.340783748695002053e+00 2.925676513671875000e+03
2.344218501077533379e+00 3.014860107421875000e+03
2.347653253460064260e+00 3.150816894531250000e+03
2.351088005842595585e+00 3.370704345703125000e+03
2.354522758225126911e+00 3.751497558593750000e+03
2.357957510607657792e+00 4.416625488281250000e+03
2.361392262990189117e+00 5.927695800781250000e+03
2.364827015372720442e+00 8.792702148437500000e+03
2.368261767755251324e+00 1.778578906250000000e+04
2.371696520137782205e+00 3.064986914062500000e+04
2.375131272520313530e+00 5.350870703125000000e+04
2.378566024902844855e+00 7.330110156250000000e+04
2.382000777285376181e+00 9.050350781250000000e+04
2.385435529667907062e+00 9.060457031250000000e+04
2.388870282050438387e+00 7.856632812500000000e+04
2.392305034432969713e+00 5.590364453125000000e+04
2.395739786815500594e+00 3.276776757812500000e+04
2.399174539198031919e+00 1.580262402343750000e+04
2.402609291580563244e+00 9.117316406250000000e+03
2.406044043963094570e+00 5.909730468750000000e+03
2.409478796345625451e+00 4.523780273437500000e+03
2.412913548728156776e+00 3.802873046875000000e+03
2.416348301110688102e+00 3.413712890625000000e+03
2.419783053493219427e+00 3.184338623046875000e+03
2.423217805875750308e+00 3.023170654296875000e+03
2.426652558258281633e+00 2.900808105468750000e+03
2.430087310640812959e+00 2.808529052734375000e+03
2.433522063023343840e+00 2.734842529296875000e+03
2.436956815405875165e+00 2.675628173828125000e+03
2.440391567788406491e+00 2.613873046875000000e+03
2.443826320170937372e+00 2.557623046875000000e+03
2.447261072553468253e+00 2.496602050781250000e+03
2.450695824935999578e+00 2.454032470703125000e+03
2.454130577318530904e+00 2.419699951171875000e+03
2.457565329701061785e+00 2.402904541015625000e+03
2.461000082083593110e+00 2.377363037109375000e+03
2.464434834466124435e+00 2.345931884765625000e+03
2.467869586848655761e+00 2.311997314453125000e+03
2.471304339231186642e+00 2.300373535156250000e+03
2.474739091613717967e+00 2.289304687500000000e+03
2.478173843996249293e+00 2.271951904296875000e+03
2.481608596378780618e+00 2.238211669921875000e+03
2.485043348761311499e+00 2.198022949218750000e+03
2.488478101143842824e+00 2.168296630859375000e+03
2.491912853526374150e+00 2.142875732421875000e+03
2.495347605908905031e+00 2.115441406250000000e+03
2.498782358291436356e+00 2.097911621093750000e+03
2.502217110673967682e+00 2.090228271484375000e+03
2.505651863056499007e+00 2.075006103515625000e+03
2.509086615439029888e+00 2.053200439453125000e+03
2.512521367821561213e+00 2.031032226562500000e+03
2.515956120204092539e+00 2.019717407226562500e+03
2.519390872586623420e+00 2.025972778320312500e+03
2.522825624969154301e+00 2.020908081054687500e+03
2.526260377351685626e+00 1.999916015625000000e+03
2.529695129734216952e+00 1.984758911132812500e+03
2.533129882116747833e+00 1.981143554687500000e+03
2.536564634499279158e+00 1.981911254882812500e+03
2.539999386881810484e+00 1.967976440429687500e+03
2.543434139264341809e+00 1.959853637695312500e+03
2.546868891646872690e+00 1.967716796875000000e+03
2.550303644029404015e+00 1.976820190429687500e+03
2.553738396411935341e+00 1.973588745117187500e+03
2.557173148794466666e+00 1.944810424804687500e+03
2.560607901176997547e+00 1.917605102539062500e+03
2.564042653559528873e+00 1.906546630859375000e+03
2.567477405942060198e+00 1.909067871093750000e+03
2.570912158324591079e+00 1.908868164062500000e+03
2.574346910707122404e+00 1.897825195312500000e+03
2.577781663089653730e+00 1.885774169921875000e+03
2.581216415472185055e+00 1.871349487304687500e+03
2.584651167854715936e+00 1.875679077148437500e+03
2.588085920237247262e+00 1.885089355468750000e+03
2.591520672619778587e+00 1.878044067382812500e+03
2.594955425002309468e+00 1.860020385742187500e+03
2.598390177384840349e+00 1.844895019531250000e+03
2.601824929767371675e+00 1.844860107421875000e+03
2.605259682149903000e+00 1.833955200195312500e+03
2.608694434532433881e+00 1.815467041015625000e+03
2.612129186914965207e+00 1.799137695312500000e+03
2.615563939297496532e+00 1.797262451171875000e+03
2.618998691680027857e+00 1.800301635742187500e+03
2.622433444062558738e+00 1.800365600585937500e+03
2.625868196445090064e+00 1.808558105468750000e+03
2.629302948827621389e+00 1.796217651367187500e+03
2.632737701210152714e+00 1.787967895507812500e+03
2.636172453592683596e+00 1.793098510742187500e+03
2.639607205975214921e+00 1.797891967773437500e+03
2.643041958357746246e+00 1.796274169921875000e+03
2.646476710740277127e+00 1.787775756835937500e+03
2.649911463122808453e+00 1.774115234375000000e+03
2.653346215505339778e+00 1.764828247070312500e+03
2.656780967887871103e+00 1.760745605468750000e+03
2.660215720270401984e+00 1.760071777343750000e+03
2.663650472652933310e+00 1.755223999023437500e+03
2.667085225035464635e+00 1.757145629882812500e+03
2.670519977417995516e+00 1.770106079101562500e+03
2.673954729800526398e+00 1.769034545898437500e+03
2.677389482183057723e+00 1.751830078125000000e+03
2.680824234565589048e+00 1.741008300781250000e+03
2.684258986948119929e+00 1.747268920898437500e+03
2.687693739330651255e+00 1.742221191406250000e+03
2.691128491713182580e+00 1.733860107421875000e+03
2.694563244095713905e+00 1.723504272460937500e+03
2.697997996478244787e+00 1.725293945312500000e+03
2.701432748860776112e+00 1.725050048828125000e+03
2.704867501243307437e+00 1.712847534179687500e+03
2.708302253625838762e+00 1.699136108398437500e+03
2.711737006008369644e+00 1.701839233398437500e+03
2.715171758390900969e+00 1.696760742187500000e+03
2.718606510773432294e+00 1.703477783203125000e+03
2.722041263155963176e+00 1.704394531250000000e+03
2.725476015538494501e+00 1.700590454101562500e+03
2.728910767921025826e+00 1.697077270507812500e+03
2.732345520303557151e+00 1.709897705078125000e+03
2.735780272686088033e+00 1.710209106445312500e+03
2.739215025068619358e+00 1.702248291015625000e+03
2.742649777451150683e+00 1.693549926757812500e+03
2.746084529833681565e+00 1.687574340820312500e+03
2.749519282216212890e+00 1.684139282226562500e+03
2.752954034598743771e+00 1.676462036132812500e+03
2.756388786981275096e+00 1.666670043945312500e+03
2.759823539363805978e+00 1.665524780273437500e+03
2.763258291746337303e+00 1.668095825195312500e+03
2.766693044128868628e+00 1.681564331054687500e+03
2.770127796511399954e+00 1.694681274414062500e+03
2.773562548893930835e+00 1.692774780273437500e+03
2.776997301276462160e+00 1.690705322265625000e+03
2.780432053658993485e+00 1.680316040039062500e+03
2.783866806041524811e+00 1.667328491210937500e+03
2.787301558424055692e+00 1.672760620117187500e+03
2.790736310806587017e+00 1.674108886718750000e+03
2.794171063189118343e+00 1.678443725585937500e+03
2.797605815571649224e+00 1.684405273437500000e+03
2.801040567954180549e+00 1.697955566406250000e+03
2.804475320336711874e+00 1.684391235351562500e+03
2.807910072719243200e+00 1.674361938476562500e+03
2.811344825101774081e+00 1.680612915039062500e+03
2.814779577484305406e+00 1.686587158203125000e+03
2.818214329866836731e+00 1.685589477539062500e+03
2.821649082249367613e+00 1.695203979492187500e+03
2.825083834631898938e+00 1.706475219726562500e+03
2.828518587014429819e+00 1.719147094726562500e+03
2.831953339396961145e+00 1.715727539062500000e+03
2.835388091779492026e+00 1.714139404296875000e+03
2.838822844162023351e+00 1.721792236328125000e+03
2.842257596544554676e+00 1.727508666992187500e+03
2.845692348927086002e+00 1.736533325195312500e+03
2.849127101309616883e+00 1.743757446289062500e+03
2.852561853692148208e+00 1.755463378906250000e+03
2.855996606074679534e+00 1.762838378906250000e+03
2.859431358457210415e+00 1.772413818359375000e+03
2.862866110839741740e+00 1.784350952148437500e+03
2.866300863222273065e+00 1.801523193359375000e+03
2.869735615604804391e+00 1.828230346679687500e+03
2.873170367987335272e+00 1.853495483398437500e+03
2.876605120369866597e+00 1.868772827148437500e+03
2.880039872752397923e+00 1.897379638671875000e+03
2.883474625134929248e+00 1.943751464843750000e+03
2.886909377517460129e+00 2.013110473632812500e+03
2.890344129899991454e+00 2.136251220703125000e+03
2.893778882282522780e+00 2.367382324218750000e+03
2.897213634665053661e+00 2.840388916015625000e+03
2.900648387047584986e+00 3.793996582031250000e+03
2.904083139430115867e+00 6.144126464843750000e+03
2.907517891812647193e+00 1.040904882812500000e+04
2.910952644195178074e+00 1.707829882812500000e+04
2.914387396577709399e+00 2.274652148437500000e+04
2.917822148960240725e+00 2.748051757812500000e+04
2.921256901342772050e+00 2.868100976562500000e+04
2.924691653725302931e+00 2.923369726562500000e+04
2.928126406107834256e+00 2.264841796875000000e+04
2.931561158490365582e+00 1.473106250000000000e+04
2.934995910872896463e+00 7.448826660156250000e+03
2.938430663255427788e+00 4.639591796875000000e+03
2.941865415637959114e+00 3.098292236328125000e+03
2.945300168020490439e+00 2.525455566406250000e+03
2.948734920403021320e+00 2.213073486328125000e+03
2.952169672785552645e+00 2.043810058593750000e+03
2.955604425168083971e+00 1.941168945312500000e+03
2.959039177550615296e+00 1.883070312500000000e+03
2.962473929933146177e+00 1.854170410156250000e+03
2.965908682315677503e+00 1.811028076171875000e+03
2.969343434698208828e+00 1.774127441406250000e+03
2.972778187080739709e+00 1.741430419921875000e+03
2.976212939463271034e+00 1.725425048828125000e+03
2.979647691845801916e+00 1.696480102539062500e+03
2.983082444228333241e+00 1.674214599609375000e+03
2.986517196610864122e+00 1.649636718750000000e+03
2.989951948993395447e+00 1.634584960937500000e+03
2.993386701375926773e+00 1.629420043945312500e+03
2.996821453758458098e+00 1.630374389648437500e+03
3.000256206140988979e+00 1.620578979492187500e+03
3.003690958523520305e+00 1.611119262695312500e+03
3.007125710906051630e+00 1.597341796875000000e+03
3.010560463288582511e+00 1.592455810546875000e+03
3.013995215671113836e+00 1.586569702148437500e+03
3.017429968053645162e+00 1.578844116210937500e+03
3.020864720436176487e+00 1.570678100585937500e+03
3.024299472818707368e+00 1.562743896484375000e+03
3.027734225201238694e+00 1.546625000000000000e+03
3.031168977583770019e+00 1.524457275390625000e+03
3.034603729966301344e+00 1.508331542968750000e+03
3.038038482348832225e+00 1.513945678710937500e+03
3.041473234731363551e+00 1.521961303710937500e+03
3.044907987113894876e+00 1.518127197265625000e+03
3.048342739496425757e+00 1.509017211914062500e+03
3.051777491878957083e+00 1.506663696289062500e+03
3.055212244261487964e+00 1.488650634765625000e+03
3.058646996644019289e+00 1.477951416015625000e+03
3.062081749026550170e+00 1.478651977539062500e+03
3.065516501409081496e+00 1.485531738281250000e+03
3.068951253791612821e+00 1.484621337890625000e+03
3.072386006174144146e+00 1.485801025390625000e+03
3.075820758556675028e+00 1.471238769531250000e+03
3.079255510939206353e+00 1.465942626953125000e+03
3.082690263321737678e+00 1.463321655273437500e+03
3.086125015704268559e+00 1.462864257812500000e+03
3.089559768086799885e+00 1.446728881835937500e+03
3.092994520469331210e+00 1.435173217773437500e+03
3.096429272851862535e+00 1.441611572265625000e+03
3.099864025234393416e+00 1.458208374023437500e+03
3.103298777616924742e+00 1.466619018554687500e+03
3.106733529999456067e+00 1.449927368164062500e+03
3.110168282381987392e+00 1.438611938476562500e+03
3.113603034764518274e+00 1.442807861328125000e+03
3.117037787147049599e+00 1.452504272460937500e+03
3.120472539529580924e+00 1.458980224609375000e+03
3.123907291912111805e+00 1.460041015625000000e+03
3.127342044294643131e+00 1.457183959960937500e+03
3.130776796677174012e+00 1.451608398437500000e+03
3.134211549059705337e+00 1.443984863281250000e+03
3.137646301442236219e+00 1.431347290039062500e+03
3.141081053824767544e+00 1.433674682617187500e+03
3.144515806207298869e+00 1.430190551757812500e+03
3.147950558589830194e+00 1.425738647460937500e+03
3.151385310972361076e+00 1.409302124023437500e+03
3.154820063354892401e+00 1.411412109375000000e+03
3.158254815737423726e+00 1.412378173828125000e+03
3.161689568119954608e+00 1.412907348632812500e+03
3.165124320502485933e+00 1.399785156250000000e+03
3.168559072885017258e+00 1.389850830078125000e+03
3.171993825267548583e+00 1.384917968750000000e+03
3.175428577650079465e+00 1.380033935546875000e+03
3.178863330032610790e+00 1.382220336914062500e+03
3.182298082415142115e+00 1.376607910156250000e+03
3.185732834797673441e+00 1.373619140625000000e+03
3.189167587180204322e+00 1.375243896484375000e+03
3.192602339562735647e+00 1.389431518554687500e+03
3.196037091945266972e+00 1.392658935546875000e+03
3.199471844327797854e+00 1.385098876953125000e+03
3.202906596710329179e+00 1.385640502929687500e+03
3.206341349092860060e+00 1.382173095703125000e+03
3.209776101475391386e+00 1.391201538085937500e+03
3.213210853857922267e+00 1.383115234375000000e+03
3.216645606240453592e+00 1.376890014648437500e+03
3.220080358622984917e+00 1.365672241210937500e+03
3.223515111005516243e+00 1.359341186523437500e+03
3.226949863388047124e+00 1.357155273437500000e+03
3.230384615770578449e+00 1.366337646484375000e+03
3.233819368153109775e+00 1.370831054687500000e+03
3.237254120535640656e+00 1.368604492187500000e+03
3.240688872918171981e+00 1.372494750976562500e+03
3.244123625300703306e+00 1.380326416015625000e+03
3.247558377683234632e+00 1.383767211914062500e+03
3.250993130065765513e+00 1.382687255859375000e+03
3.254427882448296838e+00 1.366044555664062500e+03
3.257862634830828164e+00 1.346691528320312500e+03
3.261297387213359489e+00 1.338367065429687500e+03
3.264732139595890370e+00 1.354794067382812500e+03
3.268166891978421695e+00 1.356432495117187500e+03
3.271601644360953021e+00 1.353710815429687500e+03
3.275036396743483902e+00 1.363411132812500000e+03
3.278471149126015227e+00 1.383466674804687500e+03
3.281905901508546108e+00 1.374680419921875000e+03
3.285340653891077434e+00 1.360393066406250000e+03
3.288775406273608315e+00 1.362170043945312500e+03
3.292210158656139640e+00 1.373927001953125000e+03
3.295644911038670966e+00 1.381001708984375000e+03
3.299079663421202291e+00 1.381926757812500000e+03
3.302514415803733172e+00 1.378231323242187500e+03
3.305949168186264497e+00 1.382936767578125000e+03
3.309383920568795823e+00 1.385808593750000000e+03
3.312818672951326704e+00 1.394887695312500000e+03
3.316253425333858029e+00 1.410319213867187500e+03
3.319688177716389355e+00 1.416445800781250000e+03
3.323122930098920680e+00 1.413145019531250000e+03
3.326557682481451561e+00 1.422484497070312500e+03
3.329992434863982886e+00 1.441440429687500000e+03
3.333427187246514212e+00 1.454904296875000000e+03
3.336861939629045093e+00 1.477989990234375000e+03
3.340296692011576418e+00 1.520088012695312500e+03
3.343731444394107744e+00 1.601123657226562500e+03
3.347166196776639069e+00 1.742501708984375000e+03
3.350600949159169950e+00 2.045764282226562500e+03
3.354035701541701275e+00 2.689324462890625000e+03
3.357470453924232601e+00 4.246718261718750000e+03
3.360905206306763482e+00 6.822171386718750000e+03
3.364339958689294363e+00 1.056355175781250000e+04
3.367774711071825688e+00 1.393660546875000000e+04
3.371209463454357014e+00 1.581580371093750000e+04
3.374644215836887895e+00 1.524015527343750000e+04
3.378078968219419220e+00 1.245022851562500000e+04
3.381513720601950546e+00 8.512389648437500000e+03
3.384948472984481871e+00 4.897604980468750000e+03
3.388383225367012752e+00 3.019087158203125000e+03
3.391817977749544077e+00 2.190225341796875000e+03
3.395252730132075403e+00 1.809064208984375000e+03
3.398687482514606728e+00 1.629841552734375000e+03
3.402122234897137609e+00 1.530922485351562500e+03
3.405556987279668935e+00 1.474854370117187500e+03
3.408991739662200260e+00 1.440390014648437500e+03
3.412426492044731141e+00 1.412256835937500000e+03
3.415861244427262466e+00 1.391503540039062500e+03
3.419295996809793792e+00 1.373333129882812500e+03
3.422730749192325117e+00 1.367812622070312500e+03
3.426165501574855998e+00 1.365424438476562500e+03
3.429600253957387324e+00 1.366345336914062500e+03
3.433035006339918649e+00 1.362180419921875000e+03
3.436469758722449530e+00 1.359525146484375000e+03
3.439904511104980411e+00 1.350016845703125000e+03
3.443339263487511737e+00 1.350963378906250000e+03
3.446774015870043062e+00 1.344483398437500000e+03
3.450208768252573943e+00 1.336040527343750000e+03
3.453643520635105268e+00 1.333801635742187500e+03
3.457078273017636594e+00 1.334700683593750000e+03
3.460513025400167919e+00 1.325184692382812500e+03
3.463947777782698800e+00 1.312406250000000000e+03
3.467382530165230126e+00 1.300676025390625000e+03
3.470817282547761451e+00 1.287144165039062500e+03
3.474252034930292776e+00 1.273656860351562500e+03
3.477686787312823657e+00 1.271323730468750000e+03
3.481121539695354983e+00 1.279714355468750000e+03
3.484556292077886308e+00 1.282694091796875000e+03
3.487991044460417189e+00 1.286630981445312500e+03
3.491425796842948515e+00 1.279830566406250000e+03
3.494860549225479840e+00 1.256235839843750000e+03
3.498295301608011165e+00 1.253420043945312500e+03
3.501730053990542046e+00 1.256242187500000000e+03
3.505164806373073372e+00 1.255808105468750000e+03
3.508599558755604697e+00 1.254727783203125000e+03
3.512034311138135578e+00 1.255462036132812500e+03
3.515469063520666460e+00 1.256210327148437500e+03
3.518903815903197785e+00 1.257111083984375000e+03
3.522338568285729110e+00 1.254689697265625000e+03
3.525773320668259991e+00 1.247214355468750000e+03
3.529208073050791317e+00 1.246045898437500000e+03
3.532642825433322642e+00 1.241871215820312500e+03
3.536077577815853967e+00 1.232947631835937500e+03
3.539512330198384849e+00 1.226027343750000000e+03
3.542947082580916174e+00 1.224670776367187500e+03
3.546381834963447499e+00 1.219444458007812500e+03
3.549816587345978824e+00 1.216830078125000000e+03
3.553251339728509706e+00 1.225466308593750000e+03
3.556686092111041031e+00 1.232943359375000000e+03
3.560120844493572356e+00 1.230679565429687500e+03
3.563555596876103237e+00 1.224985961914062500e+03
3.566990349258634563e+00 1.230431030273437500e+03
3.570425101641165888e+00 1.233437622070312500e+03
3.573859854023697213e+00 1.239121582031250000e+03
3.577294606406228095e+00 1.236586425781250000e+03
3.580729358788759420e+00 1.233887695312500000e+03
3.584164111171290301e+00 1.227297851562500000e+03
3.587598863553821626e+00 1.216836547851562500e+03
3.591033615936352508e+00 1.212974731445312500e+03
3.594468368318883833e+00 1.217365844726562500e+03
3.597903120701415158e+00 1.221918701171875000e+03
3.601337873083946484e+00 1.216649414062500000e+03
3.604772625466477809e+00 1.211590332031250000e+03
3.608207377849008246e+00 1.217186889648437500e+03
3.611642130231539571e+00 1.226486816406250000e+03
3.615076882614070897e+00 1.233601806640625000e+03
3.618511634996602222e+00 1.231850708007812500e+03
3.621946387379133547e+00 1.225759277343750000e+03
3.625381139761664873e+00 1.231615356445312500e+03
3.628815892144196198e+00 1.244143188476562500e+03
3.632250644526726635e+00 1.240937133789062500e+03
3.635685396909257960e+00 1.227465576171875000e+03
3.639120149291789286e+00 1.226815429687500000e+03
3.642554901674320611e+00 1.229153442382812500e+03
3.645989654056851936e+00 1.235111206054687500e+03
3.649424406439383262e+00 1.238177734375000000e+03
3.652859158821914587e+00 1.244462158203125000e+03
3.656293911204445912e+00 1.245257324218750000e+03
3.659728663586976349e+00 1.253094848632812500e+03
3.663163415969507675e+00 1.255150634765625000e+03
3.666598168352038556e+00 1.264430053710937500e+03
3.670032920734569881e+00 1.270487426757812500e+03
3.673467673117101207e+00 1.280961547851562500e+03
3.676902425499632532e+00 1.283252929687500000e+03
3.680337177882163857e+00 1.282608154296875000e+03
3.683771930264694294e+00 1.288654663085937500e+03
3.687206682647225620e+00 1.298018432617187500e+03
3.690641435029756945e+00 1.316355834960937500e+03
3.694076187412288270e+00 1.326535034179687500e+03
3.697510939794819596e+00 1.340840942382812500e+03
3.700945692177350921e+00 1.347491821289062500e+03
3.704380444559882246e+00 1.352668212890625000e+03
3.707815196942412683e+00 1.369649291992187500e+03
3.711249949324944009e+00 1.386375488281250000e+03
3.714684701707475334e+00 1.403922607421875000e+03
3.718119454090006659e+00 1.419275390625000000e+03
3.721554206472537984e+00 1.445929931640625000e+03
3.724988958855069310e+00 1.488204711914062500e+03
3.728423711237600635e+00 1.536691528320312500e+03
3.731858463620131960e+00 1.580739624023437500e+03
3.735293216002662398e+00 1.639432373046875000e+03
3.738727968385193723e+00 1.751412719726562500e+03
3.742162720767725048e+00 1.958351806640625000e+03
3.745597473150255929e+00 2.344262939453125000e+03
3.749032225532787255e+00 3.153554443359375000e+03
3.752466977915318580e+00 4.951131347656250000e+03
3.755901730297849905e+00 9.011478515625000000e+03
3.759336482680380342e+00 1.541676757812500000e+04
3.762771235062911668e+00 2.402111328125000000e+04
3.766205987445442993e+00 3.117719335937500000e+04
3.769640739827974318e+00 3.633783593750000000e+04
3.773075492210505644e+00 3.633956640625000000e+04
3.776510244593036969e+00 3.097425000000000000e+04
3.779944996975568294e+00 2.110849218750000000e+04
3.783379749358098731e+00 1.252175781250000000e+04
3.786814501740630057e+00 6.408943847656250000e+03
3.790249254123161382e+00 3.982585693359375000e+03
3.793684006505692707e+00 2.671268066406250000e+03
3.797118758888224033e+00 2.145702392578125000e+03
3.800553511270755358e+00 1.849103637695312500e+03
3.803988263653286683e+00 1.697568481445312500e+03
3.807423016035818009e+00 1.598506591796875000e+03
3.810857768418348446e+00 1.538561767578125000e+03
3.814292520800879771e+00 1.488335571289062500e+03
3.817727273183411096e+00 1.446066284179687500e+03
3.821162025565941978e+00 1.413625610351562500e+03
3.824596777948473303e+00 1.398028442382812500e+03
3.828031530331004628e+00 1.374083984375000000e+03
3.831466282713535954e+00 1.352887695312500000e+03
3.834901035096066391e+00 1.322717041015625000e+03
3.838335787478597716e+00 1.303932861328125000e+03
3.841770539861129041e+00 1.299204345703125000e+03
3.845205292243660367e+00 1.291026855468750000e+03
3.848640044626191692e+00 1.271453491210937500e+03
3.852074797008723017e+00 1.251211914062500000e+03
3.855509549391254343e+00 1.241708251953125000e+03
3.858944301773784780e+00 1.228154418945312500e+03
3.862379054156316105e+00 1.215121215820312500e+03
3.865813806538847430e+00 1.205197998046875000e+03
3.869248558921378756e+00 1.195086914062500000e+03
3.872683311303910081e+00 1.186161132812500000e+03
3.876118063686441406e+00 1.179953125000000000e+03
3.879552816068972732e+00 1.173312255859375000e+03
3.882987568451504057e+00 1.167960083007812500e+03
3.886422320834034494e+00 1.162924560546875000e+03
3.889857073216565819e+00 1.165934692382812500e+03
3.893291825599097145e+00 1.155378417968750000e+03
3.896726577981628026e+00 1.146224609375000000e+03
3.900161330364159351e+00 1.135332031250000000e+03
3.903596082746690676e+00 1.133666137695312500e+03
3.907030835129222002e+00 1.136081054687500000e+03
3.910465587511752439e+00 1.137725708007812500e+03
3.913900339894283764e+00 1.140958740234375000e+03
3.917335092276815089e+00 1.136146118164062500e+03
3.920769844659346415e+00 1.129291870117187500e+03
3.924204597041877740e+00 1.119269287109375000e+03
3.927639349424409065e+00 1.106602905273437500e+03
3.931074101806940391e+00 1.106353759765625000e+03
3.934508854189470828e+00 1.107676025390625000e+03
3.937943606572002153e+00 1.113979736328125000e+03
3.941378358954533478e+00 1.114344970703125000e+03
3.944813111337064804e+00 1.119505981445312500e+03
3.948247863719596129e+00 1.117170288085937500e+03
3.951682616102127454e+00 1.112236572265625000e+03
3.955117368484658780e+00 1.107286743164062500e+03
3.958552120867189217e+00 1.105547363281250000e+03
3.961986873249720542e+00 1.106579223632812500e+03
3.965421625632251867e+00 1.110883300781250000e+03
3.968856378014783193e+00 1.106215209960937500e+03
3.972291130397314074e+00 1.097698974609375000e+03
3.975725882779845399e+00 1.087040649414062500e+03
3.979160635162376725e+00 1.082036132812500000e+03
3.982595387544908050e+00 1.084403442382812500e+03
3.986030139927438487e+00 1.092099853515625000e+03
3.989464892309969812e+00 1.088626342773437500e+03
3.992899644692501138e+00 1.085135253906250000e+03
3.996334397075032463e+00 1.080666137695312500e+03
3.999769149457563788e+00 1.081050292968750000e+03
4.003203901840095114e+00 1.086871948242187500e+03
4.006638654222625995e+00 1.094616821289062500e+03
4.010073406605156876e+00 1.097412475585937500e+03
4.013508158987687757e+00 1.091767578125000000e+03
4.016942911370219527e+00 1.091948242187500000e+03
4.020377663752750408e+00 1.100574096679687500e+03
4.023812416135282177e+00 1.105630371093750000e+03
4.027247168517813058e+00 1.102223144531250000e+03
4.030681920900344828e+00 1.106136108398437500e+03
4.034116673282874821e+00 1.112895507812500000e+03
4.037551425665406590e+00 1.116735473632812500e+03
4.040986178047937472e+00 1.119313354492187500e+03
4.044420930430469241e+00 1.119319580078125000e+03
4.047855682813000122e+00 1.124446411132812500e+03
4.051290435195531892e+00 1.125527832031250000e+03
4.054725187578062773e+00 1.130144897460937500e+03
4.058159939960594542e+00 1.135350097656250000e+03
4.061594692343124535e+00 1.146593139648437500e+03
4.065029444725656305e+00 1.158529296875000000e+03
4.068464197108187186e+00 1.172820190429687500e+03
4.071898949490718955e+00 1.182649169921875000e+03
4.075333701873249836e+00 1.188565917968750000e+03
4.078768454255781606e+00 1.194806640625000000e+03
4.082203206638312487e+00 1.208905273437500000e+03
4.085637959020843368e+00 1.237067016601562500e+03
4.089072711403374250e+00 1.264574829101562500e+03
4.092507463785905131e+00 1.298410156250000000e+03
4.095942216168436900e+00 1.347694213867187500e+03
4.099376968550967781e+00 1.424230712890625000e+03
4.102811720933499551e+00 1.563985961914062500e+03
4.106246473316030432e+00 1.839684448242187500e+03
4.109681225698561313e+00 2.421039062500000000e+03
4.113115978081092194e+00 3.692835205078125000e+03
4.116550730463623964e+00 6.453780761718750000e+03
4.119985482846154845e+00 1.127652050781250000e+04
4.123420235228686614e+00 1.712166210937500000e+04
4.126854987611217496e+00 2.247932421875000000e+04
4.130289739993749265e+00 2.488122851562500000e+04
4.133724492376280146e+00 2.260460742187500000e+04
4.137159244758811028e+00 1.664526367187500000e+04
4.140593997141341909e+00 1.050482324218750000e+04
4.144028749523873678e+00 5.732619140625000000e+03
4.147463501906404559e+00 3.372373291015625000e+03
4.150898254288936329e+00 2.257554687500000000e+03
4.154333006671467210e+00 1.789739501953125000e+03
4.157767759053998091e+00 1.563997314453125000e+03
4.161202511436528972e+00 1.438273559570312500e+03
4.164637263819060742e+00 1.370438842773437500e+03
4.168072016201591623e+00 1.320531127929687500e+03
4.171506768584122504e+00 1.282143066406250000e+03
4.174941520966654274e+00 1.249261352539062500e+03
4.178376273349185155e+00 1.215986938476562500e+03
4.181811025731716924e+00 1.196015136718750000e+03
4.185245778114246917e+00 1.183048583984375000e+03
4.188680530496778687e+00 1.162765502929687500e+03
4.192115282879309568e+00 1.149951538085937500e+03
4.195550035261841337e+00 1.131602783203125000e+03
4.198984787644372219e+00 1.119051391601562500e+03
4.202419540026903988e+00 1.109968505859375000e+03
4.205854292409434869e+00 1.109639892578125000e+03
4.209289044791966639e+00 1.102676757812500000e+03
4.212723797174496632e+00 1.079971069335937500e+03
4.216158549557028401e+00 1.073442993164062500e+03
4.219593301939559282e+00 1.063192993164062500e+03
4.223028054322091052e+00 1.063974853515625000e+03
4.226462806704621933e+00 1.061374023437500000e+03
4.229897559087153702e+00 1.049463256835937500e+03
4.233332311469684583e+00 1.035754516601562500e+03
4.236767063852215465e+00 1.033138305664062500e+03
4.240201816234746346e+00 1.035241088867187500e+03
4.243636568617277227e+00 1.026636230468750000e+03
4.247071320999808997e+00 1.021586669921875000e+03
4.250506073382339878e+00 1.020946228027343750e+03
4.253940825764871647e+00 1.021750000000000000e+03
4.257375578147402528e+00 1.015857849121093750e+03
4.260810330529933410e+00 1.005437683105468750e+03
4.264245082912464291e+00 9.948650512695312500e+02
4.267679835294996060e+00 9.870390014648437500e+02
4.271114587677526941e+00 9.915274047851562500e+02
4.274549340060058711e+00 1.003835998535156250e+03
4.277984092442589592e+00 1.006107299804687500e+03
4.281418844825121361e+00 9.989583129882812500e+02
4.284853597207652243e+00 9.989093017578125000e+02
4.288288349590183124e+00 9.962426147460937500e+02
4.291723101972714005e+00 9.957465209960937500e+02
4.295157854355245775e+00 9.969902954101562500e+02
4.298592606737776656e+00 9.966412353515625000e+02
4.302027359120308425e+00 9.944024658203125000e+02
4.305462111502839306e+00 9.857629394531250000e+02
4.308896863885370188e+00 9.760895385742187500e+02
4.312331616267901069e+00 9.696941528320312500e+02
4.315766368650432838e+00 9.748603515625000000e+02
4.319201121032963719e+00 9.719791870117187500e+02
4.322635873415494601e+00 9.654749755859375000e+02
4.326070625798026370e+00 9.535842895507812500e+02
4.329505378180557251e+00 9.567165527343750000e+02
4.332940130563089021e+00 9.531467895507812500e+02
4.336374882945619014e+00 9.535565795898437500e+02
4.339809635328150783e+00 9.580182495117187500e+02
4.343244387710681664e+00 9.640505371093750000e+02
4.346679140093213434e+00 9.639080200195312500e+02
4.350113892475744315e+00 9.645850219726562500e+02
4.353548644858276084e+00 9.598838500976562500e+02
4.356983397240806966e+00 9.521098632812500000e+02
4.360418149623338735e+00 9.436052856445312500e+02
4.363852902005868728e+00 9.491954345703125000e+02
4.367287654388400497e+00 9.553018798828125000e+02
4.370722406770931379e+00 9.614213867187500000e+02
4.374157159153463148e+00 9.505292358398437500e+02
4.377591911535994029e+00 9.459755859375000000e+02
4.381026663918525799e+00 9.457884521484375000e+02
4.384461416301056680e+00 9.479115600585937500e+02
4.387896168683587561e+00 9.468268432617187500e+02
4.391330921066118442e+00 9.493425292968750000e+02
4.394765673448649324e+00 9.530836791992187500e+02
4.398200425831181093e+00 9.537182617187500000e+02
4.401635178213711974e+00 9.493801879882812500e+02
4.405069930596243744e+00 9.455615234375000000e+02
4.408504682978774625e+00 9.436608886718750000e+02
4.411939435361305506e+00 9.417598266601562500e+02
4.415374187743836387e+00 9.420650024414062500e+02
4.418808940126368157e+00 9.483484497070312500e+02
4.422243692508899038e+00 9.532500610351562500e+02
4.425678444891430807e+00 9.556678466796875000e+02
4.429113197273961688e+00 9.528060302734375000e+02
4.432547949656493458e+00 9.483983764648437500e+02
4.435982702039023451e+00 9.497219238281250000e+02
4.439417454421555220e+00 9.478325805664062500e+02
4.442852206804086101e+00 9.375031738281250000e+02
4.446286959186617871e+00 9.360447998046875000e+02
4.449721711569148752e+00 9.351925048828125000e+02
4.453156463951680522e+00 9.408484497070312500e+02
4.456591216334211403e+00 9.414035034179687500e+02
4.460025968716742284e+00 9.391409301757812500e+02
4.463460721099273165e+00 9.330139770507812500e+02
4.466895473481804935e+00 9.331080932617187500e+02
4.470330225864335816e+00 9.282238159179687500e+02
4.473764978246866697e+00 9.363933105468750000e+02
4.477199730629398466e+00 9.356881103515625000e+02
4.480634483011929348e+00 9.313271484375000000e+02
4.484069235394461117e+00 9.241602783203125000e+02
4.487503987776991110e+00 9.345404052734375000e+02
4.490938740159522879e+00 9.295879516601562500e+02
4.494373492542053761e+00 9.277595214843750000e+02
4.497808244924585530e+00 9.236113891601562500e+02
4.501242997307116411e+00 9.226607055664062500e+02
4.504677749689648181e+00 9.186986694335937500e+02
4.508112502072179062e+00 9.204443359375000000e+02
4.511547254454709943e+00 9.242191772460937500e+02
4.514982006837240824e+00 9.302529907226562500e+02
4.518416759219772594e+00 9.300562133789062500e+02
4.521851511602303475e+00 9.246540527343750000e+02
4.525286263984835244e+00 9.127331542968750000e+02
4.528721016367366126e+00 9.139070434570312500e+02
4.532155768749897895e+00 9.181550292968750000e+02
4.535590521132428776e+00 9.231779174804687500e+02
4.539025273514959657e+00 9.309835815429687500e+02
4.542460025897490539e+00 9.309632568359375000e+02
4.545894778280021420e+00 9.358275756835937500e+02
4.549329530662553189e+00 9.429142456054687500e+02
4.552764283045084071e+00 9.380632324218750000e+02
4.556199035427615840e+00 9.215168457031250000e+02
4.559633787810146721e+00 9.091213378906250000e+02
4.563068540192677602e+00 9.108382568359375000e+02
4.566503292575208484e+00 9.178715820312500000e+02
4.569938044957740253e+00 9.185136108398437500e+02
4.573372797340271134e+00 9.146395263671875000e+02
4.576807549722802904e+00 9.154603881835937500e+02
4.580242302105333785e+00 9.066061401367187500e+02
4.583677054487865554e+00 9.084640502929687500e+02
4.587111806870395547e+00 9.092561645507812500e+02
4.590546559252927317e+00 9.174445190429687500e+02
4.593981311635458198e+00 9.270278930664062500e+02
4.597416064017989967e+00 9.324854125976562500e+02
4.600850816400520849e+00 9.281044921875000000e+02
4.604285568783052618e+00 9.154376831054687500e+02
4.607720321165583499e+00 9.043897705078125000e+02
4.611155073548115269e+00 9.141262207031250000e+02
4.614589825930645262e+00 9.244816894531250000e+02
4.618024578313177031e+00 9.276197509765625000e+02
4.621459330695707912e+00 9.295687866210937500e+02
4.624894083078238793e+00 9.299724731445312500e+02
4.628328835460770563e+00 9.226800537109375000e+02
4.631763587843301444e+00 9.092492675781250000e+02
4.635198340225833213e+00 9.074298706054687500e+02
4.638633092608363206e+00 9.112573852539062500e+02
4.642067844990894976e+00 9.154683837890625000e+02
4.645502597373425857e+00 9.244035034179687500e+02
4.648937349755957626e+00 9.335408935546875000e+02
4.652372102138488508e+00 9.384689331054687500e+02
4.655806854521020277e+00 9.356621704101562500e+02
4.659241606903551158e+00 9.300980834960937500e+02
4.662676359286082040e+00 9.277587890625000000e+02
4.666111111668612921e+00 9.295491333007812500e+02
4.669545864051144690e+00 9.315206909179687500e+02
4.672980616433675571e+00 9.349292602539062500e+02
4.676415368816207341e+00 9.447047729492187500e+02
4.679850121198738222e+00 9.458254394531250000e+02
4.683284873581269991e+00 9.492678222656250000e+02
4.686719625963800873e+00 9.511488037109375000e+02
4.690154378346331754e+00 9.498601074218750000e+02
4.693589130728862635e+00 9.482031250000000000e+02
4.697023883111393516e+00 9.443046875000000000e+02
4.700458635493925286e+00 9.471753540039062500e+02
4.703893387876456167e+00 9.506238403320312500e+02
4.707328140258987936e+00 9.619228515625000000e+02
4.710762892641518818e+00 9.670578613281250000e+02
4.714197645024049699e+00 9.712691650390625000e+02
4.717632397406580580e+00 9.835918579101562500e+02
4.721067149789112349e+00 9.957806396484375000e+02
4.724501902171643231e+00 1.000058288574218750e+03
4.727936654554175000e+00 9.956109008789062500e+02
4.731371406936705881e+00 1.000410949707031250e+03
4.734806159319237651e+00 1.020938781738281250e+03
4.738240911701767644e+00 1.058300537109375000e+03
4.741675664084299413e+00 1.116579101562500000e+03
4.745110416466830294e+00 1.228632202148437500e+03
4.748545168849362064e+00 1.431986328125000000e+03
4.751979921231892945e+00 1.973782348632812500e+03
4.755414673614424714e+00 2.991715576171875000e+03
4.758849425996955596e+00 4.676248535156250000e+03
4.762284178379487365e+00 6.786421875000000000e+03
4.765718930762017358e+00 8.562545898437500000e+03
4.769153683144549127e+00 9.370966796875000000e+03
4.772588435527080009e+00 8.981494140625000000e+03
4.776023187909610890e+00 7.387707031250000000e+03
4.779457940292142659e+00 5.284881347656250000e+03
4.782892692674673540e+00 3.250130371093750000e+03
4.786327445057205310e+00 2.111620117187500000e+03
4.789762197439735303e+00 1.530556884765625000e+03
4.793196949822267072e+00 1.274611816406250000e+03
4.796631702204797953e+00 1.157736938476562500e+03
4.800066454587329723e+00 1.097513916015625000e+03
4.803501206969860604e+00 1.066890502929687500e+03
4.806935959352392373e+00 1.043603637695312500e+03
4.810370711734923255e+00 1.022537048339843750e+03
4.813805464117454136e+00 1.004950805664062500e+03
4.817240216499985017e+00 9.944957275390625000e+02
4.820674968882516787e+00 9.862604370117187500e+02
4.824109721265047668e+00 9.789840698242187500e+02
4.827544473647579437e+00 9.796263427734375000e+02
4.830979226030110318e+00 9.797413330078125000e+02
4.834413978412642088e+00 9.780697631835937500e+02
4.837848730795172969e+00 9.726913452148437500e+02
4.841283483177703850e+00 9.735921020507812500e+02
4.844718235560234731e+00 9.641340332031250000e+02
4.848152987942766501e+00 9.580411987304687500e+02
4.851587740325297382e+00 9.470310058593750000e+02
4.855022492707828263e+00 9.410654296875000000e+02
4.858457245090360033e+00 9.317322998046875000e+02
4.861891997472890914e+00 9.314154052734375000e+02
4.865326749855421795e+00 9.351170654296875000e+02
4.868761502237952676e+00 9.389030151367187500e+02
4.872196254620484446e+00 9.366838378906250000e+02
4.875631007003015327e+00 9.295382080078125000e+02
4.879065759385547096e+00 9.203016967773437500e+02
4.882500511768077978e+00 9.171160278320312500e+02
4.885935264150609747e+00 9.236530761718750000e+02
4.889370016533139740e+00 9.284515380859375000e+02
4.892804768915671509e+00 9.275593261718750000e+02
4.896239521298202391e+00 9.251605834960937500e+02
4.899674273680734160e+00 9.248794555664062500e+02
4.903109026063265041e+00 9.310980224609375000e+02
4.906543778445796811e+00 9.304849243164062500e+02
4.909978530828327692e+00 9.213574218750000000e+02
4.913413283210858573e+00 9.213479614257812500e+02
4.916848035593389454e+00 9.303933715820312500e+02
4.920282787975921224e+00 9.354641723632812500e+02
4.923717540358452105e+00 9.374019165039062500e+02
4.927152292740982986e+00 9.363701782226562500e+02
4.930587045123514756e+00 9.361043701171875000e+02
4.934021797506045637e+00 9.348685302734375000e+02
4.937456549888577406e+00 9.427791137695312500e+02
4.940891302271107399e+00 9.509026489257812500e+02
4.944326054653639169e+00 9.534101562500000000e+02
4.947760807036170050e+00 9.550200195312500000e+02
4.951195559418701819e+00 9.575671997070312500e+02
4.954630311801232700e+00 9.512783203125000000e+02
4.958065064183764470e+00 9.568822631835937500e+02
4.961499816566295351e+00 9.663106689453125000e+02
4.964934568948826232e+00 9.745131225585937500e+02
4.968369321331357114e+00 9.795172119140625000e+02
4.971804073713888883e+00 9.893909912109375000e+02
4.975238826096419764e+00 9.950797119140625000e+02
4.978673578478951534e+00 9.994589233398437500e+02
4.982108330861482415e+00 1.011329956054687500e+03
4.985543083244014184e+00 1.015273193359375000e+03
4.988977835626544177e+00 1.008896179199218750e+03
4.992412588009075947e+00 1.008347473144531250e+03
4.995847340391606828e+00 1.022568664550781250e+03
4.999282092774138597e+00 1.041083007812500000e+03
5.002716845156669478e+00 1.056499267578125000e+03
5.006151597539200360e+00 1.074839233398437500e+03
5.009586349921732129e+00 1.096815307617187500e+03
5.013021102304263010e+00 1.118274169921875000e+03
5.016455854686793892e+00 1.139609985351562500e+03
5.019890607069324773e+00 1.168965087890625000e+03
5.023325359451856542e+00 1.222310302734375000e+03
5.026760111834387423e+00 1.305200683593750000e+03
5.030194864216919193e+00 1.449143554687500000e+03
5.033629616599450074e+00 1.700449462890625000e+03
5.037064368981981843e+00 2.211111083984375000e+03
5.040499121364511836e+00 3.358212890625000000e+03
5.043933873747043606e+00 5.822912109375000000e+03
5.047368626129574487e+00 9.993933593750000000e+03
5.050803378512106256e+00 1.598148730468750000e+04
5.054238130894637138e+00 2.075016406250000000e+04
5.057672883277168907e+00 2.324096093750000000e+04
5.061107635659699788e+00 2.167811914062500000e+04
5.064542388042230669e+00 1.803704492187500000e+04
5.067977140424761551e+00 1.247203027343750000e+04
5.071411892807293320e+00 7.615600585937500000e+03
5.074846645189824201e+00 4.294962402343750000e+03
5.078281397572355083e+00 2.695119628906250000e+03
5.081716149954886852e+00 1.909686401367187500e+03
5.085150902337417733e+00 1.567806640625000000e+03
5.088585654719949503e+00 1.388251831054687500e+03
5.092020407102479496e+00 1.286297363281250000e+03
5.095455159485011265e+00 1.221169067382812500e+03
5.098889911867542146e+00 1.184407714843750000e+03
5.102324664250073916e+00 1.152735839843750000e+03
5.105759416632604797e+00 1.124337646484375000e+03
5.109194169015136566e+00 1.109423828125000000e+03
5.112628921397667447e+00 1.093093139648437500e+03
5.116063673780198329e+00 1.076284179687500000e+03
5.119498426162729210e+00 1.050463378906250000e+03
5.122933178545260979e+00 1.039411621093750000e+03
5.126367930927791861e+00 1.030117309570312500e+03
5.129802683310323630e+00 1.027838745117187500e+03
5.133237435692854511e+00 1.013101013183593750e+03
5.136672188075386281e+00 1.002834777832031250e+03
5.140106940457916274e+00 9.889575805664062500e+02
5.143541692840448043e+00 9.797697753906250000e+02
5.146976445222978924e+00 9.729099121093750000e+02
5.150411197605510694e+00 9.734353027343750000e+02
5.153845949988041575e+00 9.704152832031250000e+02
5.157280702370572456e+00 9.670443115234375000e+02
5.160715454753104225e+00 9.612728881835937500e+02
5.164150207135635107e+00 9.592885131835937500e+02
5.167584959518165988e+00 9.593431396484375000e+02
5.171019711900696869e+00 9.608728027343750000e+02
5.174454464283228639e+00 9.576085205078125000e+02
5.177889216665759520e+00 9.550805053710937500e+02
5.181323969048291289e+00 9.562927246093750000e+02
5.184758721430822170e+00 9.523806152343750000e+02
5.188193473813353940e+00 9.534858398437500000e+02
5.191628226195883933e+00 9.509232788085937500e+02
5.195062978578415702e+00 9.524199829101562500e+02
5.198497730960946583e+00 9.492280883789062500e+02
5.201932483343478353e+00 9.485473632812500000e+02
5.205367235726009234e+00 9.485986328125000000e+02
5.208801988108541003e+00 9.454326782226562500e+02
5.212236740491071885e+00 9.413474731445312500e+02
5.215671492873602766e+00 9.426934204101562500e+02
5.219106245256133647e+00 9.460740356445312500e+02
5.222540997638665417e+00 9.430228271484375000e+02
5.225975750021196298e+00 9.379420166015625000e+02
5.229410502403727179e+00 9.387199707031250000e+02
5.232845254786258948e+00 9.448128662109375000e+02
5.236280007168789830e+00 9.573547363281250000e+02
5.239714759551321599e+00 9.693715820312500000e+02
5.243149511933851592e+00 9.739625244140625000e+02
5.246584264316383361e+00 9.703078613281250000e+02
5.250019016698914243e+00 9.717934570312500000e+02
5.253453769081446012e+00 9.760674438476562500e+02
5.256888521463976893e+00 9.747885742187500000e+02
5.260323273846508663e+00 9.801287841796875000e+02
5.263758026229039544e+00 9.857966918945312500e+02
5.267192778611570425e+00 9.923668212890625000e+02
5.270627530994101306e+00 1.004395446777343750e+03
5.274062283376633076e+00 1.017892211914062500e+03
5.277497035759163957e+00 1.027909545898437500e+03
5.280931788141695726e+00 1.042680297851562500e+03
5.284366540524226608e+00 1.056626098632812500e+03
5.287801292906758377e+00 1.074158325195312500e+03
5.291236045289288370e+00 1.100731323242187500e+03
5.294670797671820139e+00 1.137468261718750000e+03
5.298105550054351021e+00 1.178018188476562500e+03
5.301540302436882790e+00 1.252970581054687500e+03
5.304975054819413671e+00 1.389050292968750000e+03
5.308409807201944552e+00 1.652328491210937500e+03
5.311844559584476322e+00 2.263147216796875000e+03
5.315279311967006315e+00 3.519028564453125000e+03
5.318714064349538084e+00 6.576534667968750000e+03
5.322148816732068966e+00 1.045016210937500000e+04
5.325583569114600735e+00 1.662662695312500000e+04
5.329018321497131616e+00 1.950509375000000000e+04
5.332453073879663386e+00 2.110991992187500000e+04
5.335887826262194267e+00 1.852378125000000000e+04
5.339322578644726036e+00 1.492615625000000000e+04
5.342757331027256029e+00 9.905570312500000000e+03
5.346192083409787799e+00 5.950386718750000000e+03
5.349626835792318680e+00 3.449624267578125000e+03
5.353061588174850449e+00 2.206685302734375000e+03
5.356496340557381330e+00 1.655723876953125000e+03
5.359931092939913100e+00 1.401160278320312500e+03
5.363365845322443981e+00 1.273947875976562500e+03
5.366800597704974862e+00 1.203684326171875000e+03
5.370235350087505743e+00 1.157674560546875000e+03
5.373670102470037513e+00 1.125373657226562500e+03
5.377104854852568394e+00 1.094632446289062500e+03
5.380539607235100164e+00 1.071607421875000000e+03
5.383974359617631045e+00 1.056442871093750000e+03
5.387409112000161926e+00 1.038639160156250000e+03
5.390843864382692807e+00 1.029573242187500000e+03
5.394278616765223688e+00 1.024315917968750000e+03
5.397713369147755458e+00 1.019089477539062500e+03
5.401148121530286339e+00 1.003039733886718750e+03
5.404582873912818108e+00 9.932603759765625000e+02
5.408017626295348990e+00 9.807383422851562500e+02
5.411452378677880759e+00 9.754181518554687500e+02
5.414887131060411640e+00 9.698782958984375000e+02
5.418321883442942521e+00 9.687478637695312500e+02
5.421756635825473403e+00 9.643369750976562500e+02
5.425191388208005172e+00 9.574821777343750000e+02
5.428626140590536053e+00 9.494653930664062500e+02
5.432060892973067823e+00 9.434568481445312500e+02
5.435495645355598704e+00 9.369993896484375000e+02
5.438930397738130473e+00 9.330313720703125000e+02
5.442365150120660466e+00 9.346588745117187500e+02
5.445799902503192236e+00 9.393566284179687500e+02
5.449234654885723117e+00 9.363772583007812500e+02
5.452669407268254886e+00 9.342535400390625000e+02
5.456104159650785768e+00 9.405847167968750000e+02
5.459538912033316649e+00 9.399497070312500000e+02
5.462973664415848418e+00 9.305743408203125000e+02
5.466408416798379299e+00 9.211738281250000000e+02
5.469843169180910181e+00 9.124280395507812500e+02
5.473277921563441062e+00 9.131051635742187500e+02
5.476712673945972831e+00 9.183499145507812500e+02
5.480147426328503713e+00 9.164384765625000000e+02
5.483582178711035482e+00 9.137386474609375000e+02
5.487016931093566363e+00 9.055203247070312500e+02
5.490451683476098133e+00 9.077372436523437500e+02
5.493886435858628126e+00 9.093602905273437500e+02
5.497321188241159895e+00 9.180790405273437500e+02
5.500755940623690776e+00 9.136061401367187500e+02
5.504190693006222546e+00 9.185280151367187500e+02
5.507625445388753427e+00 9.243912963867187500e+02
5.511060197771285196e+00 9.268389282226562500e+02
5.514494950153816077e+00 9.220885009765625000e+02
5.517929702536346959e+00 9.261040649414062500e+02
5.521364454918877840e+00 9.278840332031250000e+02
5.524799207301409609e+00 9.302672729492187500e+02
5.528233959683940490e+00 9.378067016601562500e+02
5.531668712066472260e+00 9.478635253906250000e+02
5.535103464449003141e+00 9.571177368164062500e+02
5.538538216831534022e+00 9.656791381835937500e+02
5.541972969214064904e+00 9.743008422851562500e+02
5.545407721596595785e+00 9.807350463867187500e+02
5.548842473979127554e+00 9.866278076171875000e+02
5.552277226361658435e+00 9.969172973632812500e+02
5.555711978744190205e+00 1.014441223144531250e+03
5.559146731126721086e+00 1.047926757812500000e+03
5.562581483509252855e+00 1.096223754882812500e+03
5.566016235891783737e+00 1.170369628906250000e+03
5.569450988274314618e+00 1.308115234375000000e+03
5.572885740656845499e+00 1.611070922851562500e+03
5.576320493039377268e+00 2.317947753906250000e+03
5.579755245421908150e+00 3.651580566406250000e+03
5.583189997804439919e+00 5.884926269531250000e+03
5.586624750186970800e+00 8.407359375000000000e+03
5.590059502569502570e+00 1.066644238281250000e+04
5.593494254952032563e+00 1.213277832031250000e+04
5.596929007334564332e+00 1.184811328125000000e+04
5.600363759717095213e+00 1.001149804687500000e+04
5.603798512099626983e+00 6.979366699218750000e+03
5.607233264482157864e+00 4.469537597656250000e+03
5.610668016864688745e+00 2.609619873046875000e+03
5.614102769247220515e+00 1.791073608398437500e+03
5.617537521629751396e+00 1.389445922851562500e+03
5.620972274012282277e+00 1.212978271484375000e+03
5.624407026394813158e+00 1.114913330078125000e+03
5.627841778777344928e+00 1.053698608398437500e+03
5.631276531159875809e+00 1.017661193847656250e+03
5.634711283542407578e+00 9.902454223632812500e+02
5.638146035924938460e+00 9.730947875976562500e+02
5.641580788307470229e+00 9.705336914062500000e+02
5.645015540690000222e+00 9.639481811523437500e+02
5.648450293072531991e+00 9.543939208984375000e+02
5.651885045455062873e+00 9.514027099609375000e+02
5.655319797837594642e+00 9.410152587890625000e+02
5.658754550220125523e+00 9.308302001953125000e+02
5.662189302602657293e+00 9.246992187500000000e+02
5.665624054985188174e+00 9.211685180664062500e+02
5.669058807367719055e+00 9.131539306640625000e+02
5.672493559750249936e+00 9.091456909179687500e+02
5.675928312132781706e+00 9.062598266601562500e+02
5.679363064515312587e+00 8.981691894531250000e+02
5.682797816897844356e+00 8.920784301757812500e+02
5.686232569280375237e+00 8.907217407226562500e+02
5.689667321662906119e+00 8.882644653320312500e+02
5.693102074045437000e+00 8.838369750976562500e+02
5.696536826427967881e+00 8.865019531250000000e+02
5.699971578810499651e+00 8.849145507812500000e+02
5.703406331193030532e+00 8.761242065429687500e+02
5.706841083575562301e+00 8.722409667968750000e+02
5.710275835958093182e+00 8.767779541015625000e+02
5.713710588340624952e+00 8.833251342773437500e+02
5.717145340723154945e+00 8.747084960937500000e+02
5.720580093105686714e+00 8.682106323242187500e+02
5.724014845488217595e+00 8.640252685546875000e+02
5.727449597870749365e+00 8.631950683593750000e+02
5.730884350253280246e+00 8.669899902343750000e+02
5.734319102635812015e+00 8.696523437500000000e+02
5.737753855018342897e+00 8.741998291015625000e+02
5.741188607400874666e+00 8.721046752929687500e+02
5.744623359783404659e+00 8.753452758789062500e+02
5.748058112165936429e+00 8.758870849609375000e+02
5.751492864548467310e+00 8.755692138671875000e+02
5.754927616930999079e+00 8.719447021484375000e+02
5.758362369313529960e+00 8.657357177734375000e+02
5.761797121696060842e+00 8.609015502929687500e+02
5.765231874078592611e+00 8.619574584960937500e+02
5.768666626461123492e+00 8.621176757812500000e+02
5.772101378843654373e+00 8.614268798828125000e+02
5.775536131226185255e+00 8.664865112304687500e+02
5.778970883608717024e+00 8.710146484375000000e+02
5.782405635991247905e+00 8.702198486328125000e+02
5.785840388373779675e+00 8.667990722656250000e+02
5.789275140756310556e+00 8.604151611328125000e+02
5.792709893138841437e+00 8.545167846679687500e+02
5.796144645521372318e+00 8.505416870117187500e+02
5.799579397903904088e+00 8.547119140625000000e+02
5.803014150286434969e+00 8.674714965820312500e+02
5.806448902668966738e+00 8.831340332031250000e+02
5.809883655051497620e+00 8.924242553710937500e+02
5.813318407434029389e+00 9.036806030273437500e+02
5.816753159816560270e+00 9.204645385742187500e+02
5.820187912199091151e+00 9.714270629882812500e+02
5.823622664581622033e+00 1.114428710937500000e+03
5.827057416964153802e+00 1.400192993164062500e+03
5.830492169346684683e+00 1.816395019531250000e+03
5.833926921729216453e+00 2.287742675781250000e+03
5.837361674111747334e+00 2.563035644531250000e+03
5.840796426494278215e+00 2.726032470703125000e+03
5.844231178876809096e+00 2.581721923828125000e+03
5.847665931259339978e+00 2.323315185546875000e+03
5.851100683641871747e+00 1.922839233398437500e+03
5.854535436024402628e+00 1.493217041015625000e+03
5.857970188406934398e+00 1.199572387695312500e+03
5.861404940789465279e+00 1.023158569335937500e+03
5.864839693171997048e+00 9.397854003906250000e+02
5.868274445554527041e+00 9.087718505859375000e+02
5.871709197937058811e+00 8.931301879882812500e+02
5.875143950319589692e+00 8.828403930664062500e+02
5.878578702702121461e+00 8.757120361328125000e+02
5.882013455084652342e+00 8.715114746093750000e+02
5.885448207467184112e+00 8.628650512695312500e+02
5.888882959849714993e+00 8.548707885742187500e+02
5.892317712232246762e+00 8.536710205078125000e+02
5.895752464614776756e+00 8.600893554687500000e+02
5.899187216997308525e+00 8.613777465820312500e+02
5.902621969379839406e+00 8.636913452148437500e+02
5.906056721762371176e+00 8.576484375000000000e+02
5.909491474144902057e+00 8.592329711914062500e+02
5.912926226527432938e+00 8.571220092773437500e+02
5.916360978909964707e+00 8.614346923828125000e+02
5.919795731292495589e+00 8.650748291015625000e+02
5.923230483675026470e+00 8.678977050781250000e+02
5.926665236057557351e+00 8.559718627929687500e+02
5.930099988440089120e+00 8.447704467773437500e+02
5.933534740822620002e+00 8.423013305664062500e+02
5.936969493205151771e+00 8.485156860351562500e+02
5.940404245587682652e+00 8.584025268554687500e+02
5.943838997970213534e+00 8.629212036132812500e+02
5.947273750352744415e+00 8.609439697265625000e+02
5.950708502735276184e+00 8.608527221679687500e+02
5.954143255117807065e+00 8.615683593750000000e+02
5.957578007500338835e+00 8.591805419921875000e+02
5.961012759882869716e+00 8.570393066406250000e+02
5.964447512265401485e+00 8.555006103515625000e+02
5.967882264647932367e+00 8.554888916015625000e+02
5.971317017030463248e+00 8.589520874023437500e+02
5.974751769412994129e+00 8.662957763671875000e+02
5.978186521795525898e+00 8.684812622070312500e+02
5.981621274178056780e+00 8.699875488281250000e+02
5.985056026560588549e+00 8.752221679687500000e+02
5.988490778943119430e+00 8.729499511718750000e+02
5.991925531325650311e+00 8.688867797851562500e+02
5.995360283708181193e+00 8.716866455078125000e+02
5.998795036090712074e+00 8.815496826171875000e+02
6.002229788473243843e+00 8.832433471679687500e+02
6.005664540855774725e+00 8.810161132812500000e+02
6.009099293238306494e+00 8.812909545898437500e+02
6.012534045620837375e+00 8.865447387695312500e+02
6.015968798003369145e+00 8.878215332031250000e+02
6.019403550385899138e+00 8.907055053710937500e+02
6.022838302768430907e+00 8.934724121093750000e+02
6.026273055150961788e+00 8.980532226562500000e+02
6.029707807533493558e+00 9.002764282226562500e+02
6.033142559916024439e+00 9.042915039062500000e+02
6.036577312298556208e+00 9.083259887695312500e+02
6.040012064681087089e+00 9.219926757812500000e+02
6.043446817063618859e+00 9.381127319335937500e+02
6.046881569446148852e+00 9.681440429687500000e+02
6.050316321828680621e+00 1.001517517089843750e+03
6.053751074211211503e+00 1.059165283203125000e+03
6.057185826593743272e+00 1.180224121093750000e+03
6.060620578976274153e+00 1.420983276367187500e+03
6.064055331358805923e+00 2.020783569335937500e+03
6.067490083741336804e+00 2.987111572265625000e+03
6.070924836123867685e+00 4.604310058593750000e+03
6.074359588506398566e+00 6.166609375000000000e+03
6.077794340888929447e+00 7.527313476562500000e+03
6.081229093271461217e+00 7.993305664062500000e+03
6.084663845653992098e+00 7.805002441406250000e+03
6.088098598036523867e+00 6.484828613281250000e+03
6.091533350419054749e+00 4.674123046875000000e+03
6.094968102801585630e+00 3.094876708984375000e+03
6.098402855184116511e+00 2.010552490234375000e+03
6.101837607566648281e+00 1.480654907226562500e+03
6.105272359949179162e+00 1.201028686523437500e+03
6.108707112331710931e+00 1.081318969726562500e+03
6.112141864714241812e+00 1.022828369140625000e+03
6.115576617096773582e+00 9.898299560546875000e+02
6.119011369479304463e+00 9.671407470703125000e+02
6.122446121861835344e+00 9.577458496093750000e+02
6.125880874244366225e+00 9.437542114257812500e+02
6.129315626626897995e+00 9.294735107421875000e+02
6.132750379009428876e+00 9.169526977539062500e+02
6.136185131391960645e+00 9.085255126953125000e+02
6.139619883774491527e+00 9.051043701171875000e+02
6.143054636157022408e+00 8.960802612304687500e+02
6.146489388539553289e+00 8.970676879882812500e+02
6.149924140922085058e+00 8.999635009765625000e+02
6.153358893304615940e+00 9.003029174804687500e+02
6.156793645687146821e+00 8.969813842773437500e+02
6.160228398069678590e+00 8.944556274414062500e+02
6.163663150452209472e+00 8.919259643554687500e+02
6.167097902834741241e+00 8.870221557617187500e+02
6.170532655217271234e+00 8.858724365234375000e+02
6.173967407599803003e+00 8.814482421875000000e+02
6.177402159982333885e+00 8.853120727539062500e+02
6.180836912364865654e+00 8.801074218750000000e+02
6.184271664747396535e+00 8.738175659179687500e+02
6.187706417129928305e+00 8.727511596679687500e+02
6.191141169512459186e+00 8.825301513671875000e+02
6.194575921894990067e+00 8.898500366210937500e+02
6.198010674277520948e+00 8.920841674804687500e+02
6.201445426660052718e+00 8.904459228515625000e+02
6.204880179042583599e+00 8.925374755859375000e+02
6.208314931425115368e+00 8.964542846679687500e+02
6.211749683807646250e+00 8.966247558593750000e+02
6.215184436190178019e+00 8.932714843750000000e+02
6.218619188572708900e+00 8.955069580078125000e+02
6.222053940955239781e+00 8.957527465820312500e+02
6.225488693337770663e+00 8.939854736328125000e+02
6.228923445720301544e+00 9.038170166015625000e+02
6.232358198102833313e+00 9.147119750976562500e+02
6.235792950485364194e+00 9.186097412109375000e+02
6.239227702867895964e+00 9.237618408203125000e+02
6.242662455250426845e+00 9.361394042968750000e+02
6.246097207632957726e+00 9.419507446289062500e+02
6.249531960015488607e+00 9.488504028320312500e+02
6.252966712398020377e+00 9.570899047851562500e+02
6.256401464780551258e+00 9.631151733398437500e+02
6.259836217163083028e+00 9.756550903320312500e+02
6.263270969545613909e+00 9.857004394531250000e+02
6.266705721928145678e+00 9.943486328125000000e+02
6.270140474310675671e+00 1.014642456054687500e+03
6.273575226693207441e+00 1.053400390625000000e+03
6.277009979075738322e+00 1.092797485351562500e+03
6.280444731458270091e+00 1.159570922851562500e+03
6.283879483840800972e+00 1.280108398437500000e+03
6.287314236223332742e+00 1.537524902343750000e+03
6.290748988605863623e+00 2.071798095703125000e+03
6.294183740988394504e+00 3.285508544921875000e+03
6.297618493370925385e+00 5.427081542968750000e+03
6.301053245753457155e+00 8.737201171875000000e+03
6.304487998135988036e+00 1.205898828125000000e+04
6.307922750518518917e+00 1.447991308593750000e+04
6.311357502901050687e+00 1.466772070312500000e+04
6.314792255283581568e+00 1.337986425781250000e+04
6.318227007666113337e+00 1.031963085937500000e+04
6.321661760048643330e+00 7.134051269531250000e+03
6.325096512431175100e+00 4.402301757812500000e+03
6.328531264813705981e+00 2.738845947265625000e+03
6.331966017196237750e+00 1.849993774414062500e+03
6.335400769578768632e+00 1.447863769531250000e+03
6.338835521961300401e+00 1.242866210937500000e+03
6.342270274343831282e+00 1.140188720703125000e+03
6.345705026726362163e+00 1.082079345703125000e+03
6.349139779108893045e+00 1.049186035156250000e+03
6.352574531491424814e+00 1.019686279296875000e+03
6.356009283873955695e+00 1.001797485351562500e+03
6.359444036256487465e+00 9.931036376953125000e+02
6.362878788639018346e+00 9.774851074218750000e+02
6.366313541021550115e+00 9.678922729492187500e+02
6.369748293404080997e+00 9.624254760742187500e+02
6.373183045786611878e+00 9.533040771484375000e+02
6.376617798169142759e+00 9.375034790039062500e+02
6.380052550551673640e+00 9.217933349609375000e+02
6.383487302934205410e+00 9.135480346679687500e+02
6.386922055316736291e+00 9.149071655273437500e+02
6.390356807699268060e+00 9.114864501953125000e+02
6.393791560081798941e+00 9.093592529296875000e+02
6.397226312464329823e+00 9.020449218750000000e+02
6.400661064846860704e+00 8.933912353515625000e+02
6.404095817229392473e+00 8.817649536132812500e+02
6.407530569611923355e+00 8.744329833984375000e+02
6.410965321994455124e+00 8.733580932617187500e+02
6.414400074376986005e+00 8.723840942382812500e+02
6.417834826759517775e+00 8.702461547851562500e+02
6.421269579142047768e+00 8.740455322265625000e+02
6.424704331524579537e+00 8.743663330078125000e+02
6.428139083907110418e+00 8.707513427734375000e+02
6.431573836289642188e+00 8.634886474609375000e+02
6.435008588672173069e+00 8.614730224609375000e+02
6.438443341054704838e+00 8.633675537109375000e+02
6.441878093437235719e+00 8.612692871093750000e+02
6.445312845819766601e+00 8.542190551757812500e+02
6.448747598202297482e+00 8.488002929687500000e+02
6.452182350584829251e+00 8.491508789062500000e+02
6.455617102967360132e+00 8.484201660156250000e+02
6.459051855349891014e+00 8.479255371093750000e+02
6.462486607732422783e+00 8.466506958007812500e+02
6.465921360114953664e+00 8.450927124023437500e+02
6.469356112497485434e+00 8.485678710937500000e+02
6.472790864880015427e+00 8.434176025390625000e+02
6.476225617262547196e+00 8.333541259765625000e+02
6.479660369645078077e+00 8.299149169921875000e+02
6.483095122027609847e+00 8.356574096679687500e+02
6.486529874410140728e+00 8.363847656250000000e+02
6.489964626792672497e+00 8.321082153320312500e+02
6.493399379175203379e+00 8.358258666992187500e+02
6.496834131557734260e+00 8.415132446289062500e+02
6.500268883940265141e+00 8.357129516601562500e+02
6.503703636322796910e+00 8.284310913085937500e+02
6.507138388705327792e+00 8.258857421875000000e+02
6.510573141087859561e+00 8.259067382812500000e+02
6.514007893470390442e+00 8.269807128906250000e+02
6.517442645852922212e+00 8.305331420898437500e+02
6.520877398235453093e+00 8.379080810546875000e+02
6.524312150617983974e+00 8.388572387695312500e+02
6.527746903000514855e+00 8.372740478515625000e+02
6.531181655383045737e+00 8.387489013671875000e+02
6.534616407765577506e+00 8.332172241210937500e+02
6.538051160148108387e+00 8.232440185546875000e+02
6.541485912530640157e+00 8.210465087890625000e+02
6.544920664913171038e+00 8.339774169921875000e+02
6.548355417295701919e+00 8.309240722656250000e+02
6.551790169678232800e+00 8.259926147460937500e+02
6.555224922060764570e+00 8.222682495117187500e+02
6.558659674443295451e+00 8.291376953125000000e+02
6.562094426825827220e+00 8.241404418945312500e+02
6.565529179208358102e+00 8.247489624023437500e+02
6.568963931590889871e+00 8.288272094726562500e+02
6.572398683973419864e+00 8.321076049804687500e+02
6.575833436355951633e+00 8.321099243164062500e+02
6.579268188738482515e+00 8.276057739257812500e+02
6.582702941121014284e+00 8.281170654296875000e+02
6.586137693503545165e+00 8.347047119140625000e+02
6.589572445886076935e+00 8.388663940429687500e+02
6.593007198268607816e+00 8.274359741210937500e+02
6.596441950651138697e+00 8.207380371093750000e+02
6.599876703033669578e+00 8.259647827148437500e+02
6.603311455416201348e+00 8.331520385742187500e+02
6.606746207798732229e+00 8.365300292968750000e+02
6.610180960181263110e+00 8.339545288085937500e+02
6.613615712563794879e+00 8.281558837890625000e+02
6.617050464946325761e+00 8.199229125976562500e+02
6.620485217328857530e+00 8.195892944335937500e+02
6.623919969711387523e+00 8.201667480468750000e+02
6.627354722093919293e+00 8.146517944335937500e+02
6.630789474476450174e+00 8.127856445312500000e+02
6.634224226858981943e+00 8.126484985351562500e+02
6.637658979241512824e+00 8.183330688476562500e+02
6.641093731624044594e+00 8.245651245117187500e+02
6.644528484006575475e+00 8.322882080078125000e+02
6.647963236389106356e+00 8.323342895507812500e+02
6.651397988771637237e+00 8.297769775390625000e+02
6.654832741154169007e+00 8.241927490234375000e+02
6.658267493536699888e+00 8.251312866210937500e+02
6.661702245919231657e+00 8.303002929687500000e+02
6.665136998301762539e+00 8.300112915039062500e+02
6.668571750684294308e+00 8.309677734375000000e+02
6.672006503066824301e+00 8.307684326171875000e+02
6.675441255449356071e+00 8.403590087890625000e+02
6.678876007831886952e+00 8.367478027343750000e+02
6.682310760214417833e+00 8.331990966796875000e+02
6.685745512596949602e+00 8.307128906250000000e+02
6.689180264979480484e+00 8.374858398437500000e+02
6.692615017362012253e+00 8.391119995117187500e+02
6.696049769744543134e+00 8.425678710937500000e+02
6.699484522127074015e+00 8.518398437500000000e+02
6.702919274509604897e+00 8.521743164062500000e+02
6.706354026892136666e+00 8.520819702148437500e+02
6.709788779274667547e+00 8.525578002929687500e+02
6.713223531657199317e+00 8.641314697265625000e+02
6.716658284039730198e+00 8.762860107421875000e+02
6.720093036422261967e+00 8.973994140625000000e+02
6.723527788804791960e+00 9.288558349609375000e+02
6.726962541187323730e+00 1.001076232910156250e+03
6.730397293569854611e+00 1.148666625976562500e+03
6.733832045952386380e+00 1.442936279296875000e+03
6.737266798334917262e+00 1.819619995117187500e+03
6.740701550717449031e+00 2.362177978515625000e+03
6.744136303099979912e+00 2.737181396484375000e+03
6.747571055482510793e+00 2.950666259765625000e+03
6.751005807865041675e+00 2.965320800781250000e+03
6.754440560247573444e+00 2.609323486328125000e+03
6.757875312630104325e+00 2.042524780273437500e+03
6.761310065012635206e+00 1.597143310546875000e+03
6.764744817395166976e+00 1.249492919921875000e+03
6.768179569777697857e+00 1.066906250000000000e+03
6.771614322160229626e+00 9.527699584960937500e+02
6.775049074542759620e+00 9.132918701171875000e+02
6.778483826925291389e+00 8.887962036132812500e+02
6.781918579307822270e+00 8.749912719726562500e+02
6.785353331690354040e+00 8.635873413085937500e+02
6.788788084072884921e+00 8.590524902343750000e+02
6.792222836455416690e+00 8.602865600585937500e+02
6.795657588837947571e+00 8.579686889648437500e+02
6.799092341220478453e+00 8.489421997070312500e+02
6.802527093603009334e+00 8.482446899414062500e+02
6.805961845985541103e+00 8.603462524414062500e+02
6.809396598368071984e+00 8.746099853515625000e+02
6.812831350750603754e+00 8.770272827148437500e+02
6.816266103133134635e+00 8.749885253906250000e+02
6.819700855515666404e+00 8.733189086914062500e+02
6.823135607898196398e+00 8.711129150390625000e+02
6.826570360280728167e+00 8.690967407226562500e+02
6.830005112663259048e+00 8.699381103515625000e+02
6.833439865045790818e+00 8.671036987304687500e+02
6.836874617428321699e+00 8.607351074218750000e+02
6.840309369810852580e+00 8.555709228515625000e+02
6.843744122193384349e+00 8.485594482421875000e+02
6.847178874575915231e+00 8.518669433593750000e+02
6.850613626958446112e+00 8.598805541992187500e+02
6.854048379340976993e+00 8.637779541015625000e+02
6.857483131723508762e+00 8.558490600585937500e+02
6.860917884106039644e+00 8.545317993164062500e+02
6.864352636488571413e+00 8.628382568359375000e+02
6.867787388871102294e+00 8.732546386718750000e+02
6.871222141253634064e+00 8.734192504882812500e+02
6.874656893636164057e+00 8.750952148437500000e+02
6.878091646018695826e+00 8.791345825195312500e+02
6.881526398401226707e+00 8.879356079101562500e+02
6.884961150783758477e+00 8.881163330078125000e+02
6.888395903166289358e+00 8.949852294921875000e+02
6.891830655548821127e+00 8.983533935546875000e+02
6.895265407931352009e+00 9.032957153320312500e+02
6.898700160313882890e+00 9.094233398437500000e+02
6.902134912696413771e+00 9.160269165039062500e+02
6.905569665078945540e+00 9.225513305664062500e+02
6.909004417461476422e+00 9.347677001953125000e+02
6.912439169844007303e+00 9.439131469726562500e+02
6.915873922226539072e+00 9.570851440429687500e+02
6.919308674609069953e+00 9.811939697265625000e+02
6.922743426991601723e+00 1.028836669921875000e+03
6.926178179374131716e+00 1.102566284179687500e+03
6.929612931756663485e+00 1.236006713867187500e+03
6.933047684139194367e+00 1.527145385742187500e+03
6.936482436521726136e+00 2.158288574218750000e+03
6.939917188904257017e+00 3.426818359375000000e+03
6.943351941286788787e+00 5.398006835937500000e+03
6.946786693669319668e+00 7.719426757812500000e+03
6.950221446051850549e+00 9.558395507812500000e+03
6.953656198434381430e+00 1.042408984375000000e+04
6.957090950816913200e+00 9.920962890625000000e+03
6.960525703199444081e+00 8.523039062500000000e+03
6.963960455581975850e+00 6.400615234375000000e+03
6.967395207964506731e+00 4.284772460937500000e+03
6.970829960347038501e+00 2.782039062500000000e+03
6.974264712729568494e+00 1.879281860351562500e+03
6.977699465112100263e+00 1.428718994140625000e+03
6.981134217494631145e+00 1.207869384765625000e+03
6.984568969877162914e+00 1.092923095703125000e+03
6.988003722259693795e+00 1.036505615234375000e+03
6.991438474642224676e+00 1.003920898437500000e+03
6.994873227024756446e+00 9.844879150390625000e+02
6.998307979407287327e+00 9.633071899414062500e+02
7.001742731789818208e+00 9.470765380859375000e+02
7.005177484172349089e+00 9.364378662109375000e+02
7.008612236554880859e+00 9.248571166992187500e+02
7.012046988937411740e+00 9.155257568359375000e+02
7.015481741319943509e+00 9.078229370117187500e+02
7.018916493702474391e+00 9.057776489257812500e+02
7.022351246085006160e+00 9.076572265625000000e+02
7.025785998467536153e+00 9.034380493164062500e+02
7.029220750850067922e+00 8.979147949218750000e+02
7.032655503232598804e+00 8.931519775390625000e+02
7.036090255615130573e+00 8.977460327148437500e+02
7.039525007997661454e+00 8.953236694335937500e+02
7.042959760380193224e+00 8.821293334960937500e+02
7.046394512762724105e+00 8.734990234375000000e+02
7.049829265145254986e+00 8.748857421875000000e+02
7.053264017527785867e+00 8.774464111328125000e+02
7.056698769910317637e+00 8.783075561523437500e+02
7.060133522292848518e+00 8.768649902343750000e+02
7.063568274675379399e+00 8.799724121093750000e+02
7.067003027057911169e+00 8.797453002929687500e+02
7.070437779440442050e+00 8.820092773437500000e+02
7.073872531822972931e+00 8.767182006835937500e+02
7.077307284205503812e+00 8.771416015625000000e+02
7.080742036588035582e+00 8.792300415039062500e+02
7.084176788970566463e+00 8.840889892578125000e+02
7.087611541353098232e+00 8.874541625976562500e+02
7.091046293735629114e+00 8.976546020507812500e+02
7.094481046118160883e+00 9.010000000000000000e+02
7.097915798500691764e+00 8.979290161132812500e+02
7.101350550883222645e+00 9.011996459960937500e+02
7.104785303265753527e+00 9.148056640625000000e+02
7.108220055648285296e+00 9.279901733398437500e+02
7.111654808030816177e+00 9.294675292968750000e+02
7.115089560413347947e+00 9.350079345703125000e+02
7.118524312795878828e+00 9.638739013671875000e+02
7.121959065178410597e+00 9.996044921875000000e+02
7.125393817560940590e+00 1.043354003906250000e+03
7.128828569943472360e+00 1.116872680664062500e+03
7.132263322326003241e+00 1.280710327148437500e+03
7.135698074708535010e+00 1.620790039062500000e+03
7.139132827091065892e+00 2.364374755859375000e+03
7.142567579473596773e+00 3.741410400390625000e+03
7.146002331856128542e+00 5.599091796875000000e+03
7.149437084238658535e+00 7.541439453125000000e+03
7.152871836621190305e+00 8.943757812500000000e+03
7.156306589003721186e+00 9.024525390625000000e+03
7.159741341386252955e+00 8.534408203125000000e+03
7.163176093768782948e+00 6.956660156250000000e+03
7.166610846151314718e+00 5.211640136718750000e+03
7.170045598533845599e+00 3.554566650390625000e+03
7.173480350916377368e+00 2.334804443359375000e+03
7.176915103298908249e+00 1.645599731445312500e+03
7.180349855681440019e+00 1.288163940429687500e+03
7.183784608063970900e+00 1.118620727539062500e+03
7.187219360446502670e+00 1.039013549804687500e+03
7.190654112829033551e+00 9.964729614257812500e+02
7.194088865211565320e+00 9.669362792968750000e+02
7.197523617594096201e+00 9.483122558593750000e+02
7.200958369976627971e+00 9.327063598632812500e+02
7.204393122359158852e+00 9.223615722656250000e+02
7.207827874741689733e+00 9.169635009765625000e+02
7.211262627124221503e+00 9.110757446289062500e+02
7.214697379506751496e+00 9.056165161132812500e+02
7.218132131889282377e+00 8.999823608398437500e+02
7.221566884271814146e+00 8.916510620117187500e+02
7.225001636654345027e+00 8.852152709960937500e+02
7.228436389036875909e+00 8.845610351562500000e+02
7.231871141419407678e+00 8.800593261718750000e+02
7.235305893801938559e+00 8.702190551757812500e+02
7.238740646184470329e+00 8.685393066406250000e+02
7.242175398567001210e+00 8.695855102539062500e+02
7.245610150949532979e+00 8.681739501953125000e+02
7.249044903332063861e+00 8.620187377929687500e+02
7.252479655714595630e+00 8.584398193359375000e+02
7.255914408097126511e+00 8.553040771484375000e+02
7.259349160479658281e+00 8.540282592773437500e+02
7.262783912862187385e+00 8.536269531250000000e+02
7.266218665244719155e+00 8.501975097656250000e+02
7.269653417627250036e+00 8.476890258789062500e+02
7.273088170009781805e+00 8.468072509765625000e+02
7.276522922392312687e+00 8.485379028320312500e+02
7.279957674774844456e+00 8.499616699218750000e+02
7.283392427157375337e+00 8.525693969726562500e+02
7.286827179539907107e+00 8.540925903320312500e+02
7.290261931922437988e+00 8.516427612304687500e+02
7.293696684304968869e+00 8.553717651367187500e+02
7.297131436687500639e+00 8.564932250976562500e+02
7.300566189070031520e+00 8.575872192382812500e+02
7.304000941452563289e+00 8.596376953125000000e+02
7.307435693835094170e+00 8.584859619140625000e+02
7.310870446217625940e+00 8.603840332031250000e+02
7.314305198600155045e+00 8.702678222656250000e+02
7.317739950982686814e+00 8.855209350585937500e+02
7.321174703365217695e+00 8.972021484375000000e+02
7.324609455747749465e+00 9.142576293945312500e+02
7.328044208130280346e+00 9.466241455078125000e+02
7.331478960512812115e+00 1.014372619628906250e+03
7.334913712895342996e+00 1.159084960937500000e+03
7.338348465277874766e+00 1.454275878906250000e+03
7.341783217660405647e+00 1.992679321289062500e+03
7.345217970042937417e+00 2.632217285156250000e+03
7.348652722425468298e+00 3.411353027343750000e+03
7.352087474808000067e+00 3.892798339843750000e+03
7.355522227190530948e+00 3.942020751953125000e+03
7.358956979573061830e+00 3.586322265625000000e+03
7.362391731955593599e+00 2.885817871093750000e+03
7.365826484338123592e+00 2.130505126953125000e+03
7.369261236720654473e+00 1.534640991210937500e+03
7.372695989103186243e+00 1.188911621093750000e+03
7.376130741485717124e+00 1.029918945312500000e+03
7.379565493868248005e+00 9.365851440429687500e+02
7.383000246250779774e+00 8.827523193359375000e+02
7.386434998633310656e+00 8.582961425781250000e+02
7.389869751015842425e+00 8.385625610351562500e+02
7.393304503398373306e+00 8.265675048828125000e+02
7.396739255780905076e+00 8.241127319335937500e+02
7.400174008163435957e+00 8.147041625976562500e+02
7.403608760545967726e+00 8.056257934570312500e+02
7.407043512928498608e+00 7.909258422851562500e+02
7.410478265311030377e+00 7.825703125000000000e+02
7.413913017693559482e+00 7.681258544921875000e+02
7.417347770076091251e+00 7.588471069335937500e+02
7.420782522458622132e+00 7.516287841796875000e+02
7.424217274841153902e+00 7.558345947265625000e+02
7.427652027223684783e+00 7.598131713867187500e+02
7.431086779606216552e+00 7.599936523437500000e+02
7.434521531988747434e+00 7.521158447265625000e+02
7.437956284371279203e+00 7.401127929687500000e+02
