# # sector 22: chi = 44.98 deg (range [40, 50))
# # columns: 2theta(deg)  intensity
9.943608147427778210e-01 3.184560058593750000e+03
9.977955671253089243e-01 3.200185058593750000e+03
1.001230319507840250e+00 3.200635253906250000e+03
1.004665071890371353e+00 3.212867675781250000e+03
1.008099824272902678e+00 3.212033447265625000e+03
1.011534576655433781e+00 3.209334472656250000e+03
1.014969329037964885e+00 3.194881103515625000e+03
1.018404081420495988e+00 3.201566406250000000e+03
1.021838833803027313e+00 3.207640625000000000e+03
1.025273586185558417e+00 3.212991210937500000e+03
1.028708338568089520e+00 3.193615966796875000e+03
1.032143090950620845e+00 3.197655029296875000e+03
1.035577843333151948e+00 3.191404296875000000e+03
1.039012595715683274e+00 3.189601562500000000e+03
1.042447348098214377e+00 3.183933837890625000e+03
1.045882100480745702e+00 3.181731445312500000e+03
1.049316852863276806e+00 3.184633544921875000e+03
1.052751605245807909e+00 3.186801757812500000e+03
1.056186357628339012e+00 3.193590820312500000e+03
1.059621110010870337e+00 3.207390380859375000e+03
1.063055862393401441e+00 3.203780273437500000e+03
1.066490614775932544e+00 3.215907470703125000e+03
1.069925367158463869e+00 3.202997314453125000e+03
1.073360119540994972e+00 3.191484130859375000e+03
1.076794871923526298e+00 3.175936767578125000e+03
1.080229624306057401e+00 3.176871582031250000e+03
1.083664376688588726e+00 3.174283935546875000e+03
1.087099129071119830e+00 3.185406005859375000e+03
1.090533881453650933e+00 3.188822265625000000e+03
1.093968633836182036e+00 3.200623779296875000e+03
1.097403386218713361e+00 3.198667968750000000e+03
1.100838138601244465e+00 3.202701171875000000e+03
1.104272890983775568e+00 3.210695800781250000e+03
1.107707643366306893e+00 3.209065673828125000e+03
1.111142395748837997e+00 3.202570800781250000e+03
1.114577148131369322e+00 3.189785156250000000e+03
1.118011900513900425e+00 3.171534179687500000e+03
1.121446652896431750e+00 3.177898193359375000e+03
1.124881405278962854e+00 3.179465332031250000e+03
1.128316157661493957e+00 3.177398437500000000e+03
1.131750910044025060e+00 3.166339355468750000e+03
1.135185662426556386e+00 3.162785156250000000e+03
1.138620414809087489e+00 3.175974365234375000e+03
1.142055167191618592e+00 3.185080810546875000e+03
1.145489919574149917e+00 3.180615966796875000e+03
1.148924671956681021e+00 3.171090576171875000e+03
1.152359424339212346e+00 3.158621826171875000e+03
1.155794176721743449e+00 3.160567871093750000e+03
1.159228929104274775e+00 3.175438720703125000e+03
1.162663681486805878e+00 3.178791015625000000e+03
1.166098433869336981e+00 3.167684570312500000e+03
1.169533186251868084e+00 3.158108398437500000e+03
1.172967938634399410e+00 3.160459960937500000e+03
1.176402691016930513e+00 3.165852294921875000e+03
1.179837443399461616e+00 3.149450195312500000e+03
1.183272195781992941e+00 3.141280517578125000e+03
1.186706948164524045e+00 3.120786865234375000e+03
1.190141700547055370e+00 3.105940429687500000e+03
1.193576452929586473e+00 3.099401611328125000e+03
1.197011205312117799e+00 3.122840820312500000e+03
1.200445957694648902e+00 3.156154785156250000e+03
1.203880710077180005e+00 3.166922607421875000e+03
1.207315462459711108e+00 3.160818847656250000e+03
1.210750214842242434e+00 3.141342041015625000e+03
1.214184967224773537e+00 3.141697998046875000e+03
1.217619719607304640e+00 3.142990478515625000e+03
1.221054471989835966e+00 3.163348876953125000e+03
1.224489224372367069e+00 3.158920166015625000e+03
1.227923976754898394e+00 3.147516601562500000e+03
1.231358729137429497e+00 3.133415039062500000e+03
1.234793481519960823e+00 3.147073974609375000e+03
1.238228233902491926e+00 3.164341064453125000e+03
1.241662986285023029e+00 3.186347167968750000e+03
1.245097738667554133e+00 3.182704345703125000e+03
1.248532491050085236e+00 3.188972412109375000e+03
1.251967243432616561e+00 3.176144042968750000e+03
1.255401995815147664e+00 3.177949951171875000e+03
1.258836748197678990e+00 3.166230712890625000e+03
1.262271500580210093e+00 3.149927001953125000e+03
1.265706252962741418e+00 3.123858398437500000e+03
1.269141005345272522e+00 3.104920654296875000e+03
1.272575757727803847e+00 3.113098388671875000e+03
1.276010510110334950e+00 3.103220703125000000e+03
1.279445262492866053e+00 3.110266601562500000e+03
1.282880014875397157e+00 3.111590332031250000e+03
1.286314767257928260e+00 3.143016113281250000e+03
1.289749519640459585e+00 3.171434082031250000e+03
1.293184272022990688e+00 3.159368408203125000e+03
1.296619024405522014e+00 3.148313232421875000e+03
1.300053776788053117e+00 3.112927734375000000e+03
1.303488529170584442e+00 3.122773437500000000e+03
1.306923281553115546e+00 3.117047607421875000e+03
1.310358033935646871e+00 3.122448974609375000e+03
1.313792786318177974e+00 3.115553466796875000e+03
1.317227538700709077e+00 3.118694580078125000e+03
1.320662291083240181e+00 3.133585449218750000e+03
1.324097043465771284e+00 3.135789062500000000e+03
1.327531795848302609e+00 3.129793212890625000e+03
1.330966548230833713e+00 3.121831787109375000e+03
1.334401300613365038e+00 3.121253417968750000e+03
1.337836052995896141e+00 3.106008544921875000e+03
1.341270805378427466e+00 3.093304443359375000e+03
1.344705557760958570e+00 3.083703857421875000e+03
1.348140310143489895e+00 3.094578369140625000e+03
1.351575062526020998e+00 3.089057373046875000e+03
1.355009814908552102e+00 3.085354248046875000e+03
1.358444567291083205e+00 3.082950439453125000e+03
1.361879319673614308e+00 3.086744140625000000e+03
1.365314072056145633e+00 3.074344726562500000e+03
1.368748824438676737e+00 3.064637695312500000e+03
1.372183576821208062e+00 3.036473632812500000e+03
1.375618329203739165e+00 3.048360839843750000e+03
1.379053081586270491e+00 3.045010253906250000e+03
1.382487833968801594e+00 3.051616455078125000e+03
1.385922586351332919e+00 3.043118164062500000e+03
1.389357338733864022e+00 3.049761718750000000e+03
1.392792091116395126e+00 3.066510742187500000e+03
1.396226843498926229e+00 3.061462646484375000e+03
1.399661595881457332e+00 3.041414794921875000e+03
1.403096348263988657e+00 3.023763671875000000e+03
1.406531100646519761e+00 3.040616943359375000e+03
1.409965853029051086e+00 3.058833984375000000e+03
1.413400605411582189e+00 3.050058349609375000e+03
1.416835357794113515e+00 3.043444335937500000e+03
1.420270110176644618e+00 3.043863525390625000e+03
1.423704862559175943e+00 3.067556396484375000e+03
1.427139614941707046e+00 3.075048339843750000e+03
1.430574367324238150e+00 3.090096191406250000e+03
1.434009119706769253e+00 3.098252929687500000e+03
1.437443872089300356e+00 3.085199462890625000e+03
1.440878624471831682e+00 3.051083496093750000e+03
1.444313376854362785e+00 3.031379882812500000e+03
1.447748129236894110e+00 3.021121093750000000e+03
1.451182881619425213e+00 3.031202880859375000e+03
1.454617634001956539e+00 3.030971435546875000e+03
1.458052386384487642e+00 3.027157226562500000e+03
1.461487138767018967e+00 3.016996093750000000e+03
1.464921891149550071e+00 3.013710205078125000e+03
1.468356643532081174e+00 3.020000488281250000e+03
1.471791395914612277e+00 3.003238525390625000e+03
1.475226148297143380e+00 2.986008056640625000e+03
1.478660900679674706e+00 2.955895263671875000e+03
1.482095653062205809e+00 2.966371337890625000e+03
1.485530405444737134e+00 2.968516845703125000e+03
1.488965157827268238e+00 2.991304199218750000e+03
1.492399910209799563e+00 2.988447998046875000e+03
1.495834662592330666e+00 2.983118164062500000e+03
1.499269414974861991e+00 2.967808105468750000e+03
1.502704167357393095e+00 2.955308349609375000e+03
1.506138919739924198e+00 2.940672851562500000e+03
1.509573672122455301e+00 2.925692871093750000e+03
1.513008424504986404e+00 2.925761962890625000e+03
1.516443176887517730e+00 2.939245117187500000e+03
1.519877929270048833e+00 2.962501464843750000e+03
1.523312681652580158e+00 2.952647460937500000e+03
1.526747434035111262e+00 2.943948486328125000e+03
1.530182186417642587e+00 2.930171630859375000e+03
1.533616938800173690e+00 2.933959960937500000e+03
1.537051691182705015e+00 2.917147216796875000e+03
1.540486443565236119e+00 2.907040771484375000e+03
1.543921195947767222e+00 2.898743408203125000e+03
1.547355948330298325e+00 2.911242919921875000e+03
1.550790700712829429e+00 2.916261962890625000e+03
1.554225453095360754e+00 2.934248291015625000e+03
1.557660205477891857e+00 2.934032470703125000e+03
1.561094957860423182e+00 2.943660888671875000e+03
1.564529710242954286e+00 2.933263183593750000e+03
1.567964462625485611e+00 2.942290039062500000e+03
1.571399215008016714e+00 2.948705810546875000e+03
1.574833967390548040e+00 2.954999023437500000e+03
1.578268719773079143e+00 2.949533203125000000e+03
1.581703472155610246e+00 2.931590332031250000e+03
1.585138224538141349e+00 2.920480957031250000e+03
1.588572976920672453e+00 2.911101806640625000e+03
1.592007729303203778e+00 2.918975341796875000e+03
1.595442481685734881e+00 2.928980712890625000e+03
1.598877234068266207e+00 2.944180908203125000e+03
1.602311986450797310e+00 2.952518798828125000e+03
1.605746738833328635e+00 2.960489013671875000e+03
1.609181491215859738e+00 2.967464355468750000e+03
1.612616243598391064e+00 2.980899414062500000e+03
1.616050995980922167e+00 3.004322265625000000e+03
1.619485748363453270e+00 3.019977783203125000e+03
1.622920500745984373e+00 3.026130615234375000e+03
1.626355253128515477e+00 3.026544921875000000e+03
1.629790005511046802e+00 3.029129882812500000e+03
1.633224757893577905e+00 3.052845947265625000e+03
1.636659510276109231e+00 3.096030517578125000e+03
1.640094262658640334e+00 3.151372802734375000e+03
1.643529015041171659e+00 3.193197509765625000e+03
1.646963767423702762e+00 3.241337402343750000e+03
1.650398519806234088e+00 3.329691162109375000e+03
1.653833272188765191e+00 3.472633300781250000e+03
1.657268024571296294e+00 3.746674804687500000e+03
1.660702776953827398e+00 4.420790039062500000e+03
1.664137529336358501e+00 5.750762695312500000e+03
1.667572281718889826e+00 8.678951171875000000e+03
1.671007034101420929e+00 1.545541406250000000e+04
1.674441786483952255e+00 2.535215039062500000e+04
1.677876538866483358e+00 3.442930468750000000e+04
1.681311291249014683e+00 4.109761328125000000e+04
1.684746043631545787e+00 3.866917187500000000e+04
1.688180796014076890e+00 3.376981250000000000e+04
1.691615548396608215e+00 2.517533984375000000e+04
1.695050300779139318e+00 1.737034570312500000e+04
1.698485053161670422e+00 1.120418359375000000e+04
1.701919805544201525e+00 6.383801269531250000e+03
1.705354557926732850e+00 4.760535156250000000e+03
1.708789310309263954e+00 3.911582275390625000e+03
1.712224062691795279e+00 3.465341064453125000e+03
1.715658815074326382e+00 3.287395507812500000e+03
1.719093567456857707e+00 3.176931884765625000e+03
1.722528319839388811e+00 3.054349121093750000e+03
1.725963072221919914e+00 2.983350341796875000e+03
1.729397824604451239e+00 2.934833007812500000e+03
1.732832576986982343e+00 2.910363037109375000e+03
1.736267329369513446e+00 2.893987304687500000e+03
1.739702081752044549e+00 2.875981445312500000e+03
1.743136834134575874e+00 2.848946044921875000e+03
1.746571586517106978e+00 2.803254638671875000e+03
1.750006338899638303e+00 2.775054443359375000e+03
1.753441091282169406e+00 2.754366699218750000e+03
1.756875843664700731e+00 2.736950683593750000e+03
1.760310596047231835e+00 2.716828857421875000e+03
1.763745348429762938e+00 2.690777587890625000e+03
1.767180100812294263e+00 2.674904541015625000e+03
1.770614853194825367e+00 2.662549804687500000e+03
1.774049605577356470e+00 2.644062255859375000e+03
1.777484357959887573e+00 2.626635742187500000e+03
1.780919110342418898e+00 2.616824462890625000e+03
1.784353862724950002e+00 2.606757812500000000e+03
1.787788615107481327e+00 2.601513183593750000e+03
1.791223367490012208e+00 2.595076660156250000e+03
1.794658119872543534e+00 2.588007568359375000e+03
1.798092872255074859e+00 2.565221191406250000e+03
1.801527624637606184e+00 2.552306640625000000e+03
1.804962377020137065e+00 2.543612792968750000e+03
1.808397129402668391e+00 2.546121337890625000e+03
1.811831881785199494e+00 2.540586425781250000e+03
1.815266634167730819e+00 2.531153320312500000e+03
1.818701386550261700e+00 2.519302490234375000e+03
1.822136138932793026e+00 2.516250488281250000e+03
1.825570891315324351e+00 2.517212646484375000e+03
1.829005643697855676e+00 2.513161376953125000e+03
1.832440396080386558e+00 2.502790527343750000e+03
1.835875148462917883e+00 2.487945068359375000e+03
1.839309900845449208e+00 2.470699951171875000e+03
1.842744653227980089e+00 2.468215087890625000e+03
1.846179405610511415e+00 2.471540283203125000e+03
1.849614157993042740e+00 2.468590576171875000e+03
1.853048910375573843e+00 2.460719238281250000e+03
1.856483662758104725e+00 2.444216552734375000e+03
1.859918415140636050e+00 2.429895263671875000e+03
1.863353167523167375e+00 2.410692138671875000e+03
1.866787919905698701e+00 2.404763183593750000e+03
1.870222672288229582e+00 2.393055664062500000e+03
1.873657424670760907e+00 2.391210693359375000e+03
1.877092177053292232e+00 2.387880371093750000e+03
1.880526929435823114e+00 2.398087646484375000e+03
1.883961681818354439e+00 2.397285156250000000e+03
1.887396434200885764e+00 2.388948242187500000e+03
1.890831186583416867e+00 2.372097656250000000e+03
1.894265938965947749e+00 2.361545166015625000e+03
1.897700691348479074e+00 2.355246093750000000e+03
1.901135443731010399e+00 2.350339355468750000e+03
1.904570196113541725e+00 2.336469726562500000e+03
1.908004948496072606e+00 2.326349365234375000e+03
1.911439700878603931e+00 2.310964843750000000e+03
1.914874453261135256e+00 2.294282714843750000e+03
1.918309205643666138e+00 2.284591796875000000e+03
1.921743958026197463e+00 2.281755859375000000e+03
1.925178710408728788e+00 2.275751464843750000e+03
1.928613462791259892e+00 2.282579345703125000e+03
1.932048215173790773e+00 2.284703125000000000e+03
1.935482967556322098e+00 2.284906738281250000e+03
1.938917719938853423e+00 2.282353271484375000e+03
1.942352472321384749e+00 2.279466552734375000e+03
1.945787224703915630e+00 2.285315917968750000e+03
1.949221977086446955e+00 2.278174560546875000e+03
1.952656729468978281e+00 2.271215820312500000e+03
1.956091481851509162e+00 2.264658203125000000e+03
1.959526234234040487e+00 2.269160644531250000e+03
1.962960986616571812e+00 2.258259277343750000e+03
1.966395738999102916e+00 2.239088867187500000e+03
1.969830491381633797e+00 2.218243896484375000e+03
1.973265243764165122e+00 2.223780517578125000e+03
1.976699996146696447e+00 2.227946044921875000e+03
1.980134748529227329e+00 2.226020751953125000e+03
1.983569500911758654e+00 2.218828369140625000e+03
1.987004253294289979e+00 2.216515625000000000e+03
1.990439005676821305e+00 2.222701904296875000e+03
1.993873758059352186e+00 2.230185058593750000e+03
1.997308510441883511e+00 2.237412353515625000e+03
2.000743262824414614e+00 2.233231201171875000e+03
2.004178015206945940e+00 2.229248779296875000e+03
2.007612767589476821e+00 2.225359130859375000e+03
2.011047519972008146e+00 2.223193847656250000e+03
2.014482272354539472e+00 2.214923828125000000e+03
2.017917024737070353e+00 2.204100097656250000e+03
2.021351777119601678e+00 2.188275878906250000e+03
2.024786529502133003e+00 2.181941406250000000e+03
2.028221281884664329e+00 2.180919677734375000e+03
2.031656034267195210e+00 2.187941650390625000e+03
2.035090786649726535e+00 2.183794921875000000e+03
2.038525539032257861e+00 2.180941894531250000e+03
2.041960291414789186e+00 2.171462158203125000e+03
2.045395043797320067e+00 2.183051025390625000e+03
2.048829796179851392e+00 2.187145019531250000e+03
2.052264548562382718e+00 2.193329589843750000e+03
2.055699300944913599e+00 2.193553710937500000e+03
2.059134053327444924e+00 2.182531738281250000e+03
2.062568805709975805e+00 2.174964355468750000e+03
2.066003558092507131e+00 2.164662597656250000e+03
2.069438310475038012e+00 2.156347412109375000e+03
2.072873062857569337e+00 2.137546142578125000e+03
2.076307815240100663e+00 2.127701171875000000e+03
2.079742567622631988e+00 2.125762939453125000e+03
2.083177320005162869e+00 2.130946533203125000e+03
2.086612072387694194e+00 2.118760253906250000e+03
2.090046824770225520e+00 2.115094970703125000e+03
2.093481577152756401e+00 2.115674072265625000e+03
2.096916329535287726e+00 2.113268066406250000e+03
2.100351081917819052e+00 2.101817138671875000e+03
2.103785834300350377e+00 2.095484375000000000e+03
2.107220586682881258e+00 2.082663330078125000e+03
2.110655339065412583e+00 2.080635498046875000e+03
2.114090091447943909e+00 2.067472412109375000e+03
2.117524843830475234e+00 2.072847900390625000e+03
2.120959596213006115e+00 2.080009277343750000e+03
2.124394348595537441e+00 2.084467529296875000e+03
2.127829100978068766e+00 2.081663574218750000e+03
2.131263853360599647e+00 2.084830322265625000e+03
2.134698605743130972e+00 2.083661865234375000e+03
2.138133358125661854e+00 2.081399658203125000e+03
2.141568110508193179e+00 2.074484619140625000e+03
2.145002862890724060e+00 2.078202636718750000e+03
2.148437615273255386e+00 2.073537353515625000e+03
2.151872367655786711e+00 2.062598388671875000e+03
2.155307120038318036e+00 2.039770996093750000e+03
2.158741872420848917e+00 2.038285766601562500e+03
2.162176624803380243e+00 2.045529907226562500e+03
2.165611377185911568e+00 2.060474609375000000e+03
2.169046129568442449e+00 2.066014892578125000e+03
2.172480881950973775e+00 2.069187988281250000e+03
2.175915634333505100e+00 2.069462158203125000e+03
2.179350386716036425e+00 2.062298583984375000e+03
2.182785139098567306e+00 2.055228759765625000e+03
2.186219891481098632e+00 2.061966796875000000e+03
2.189654643863629957e+00 2.060982177734375000e+03
2.193089396246161282e+00 2.056544921875000000e+03
2.196524148628692163e+00 2.051537353515625000e+03
2.199958901011223489e+00 2.055308105468750000e+03
2.203393653393754814e+00 2.055553222656250000e+03
2.206828405776285695e+00 2.045656494140625000e+03
2.210263158158817021e+00 2.050646240234375000e+03
2.213697910541347902e+00 2.051863769531250000e+03
2.217132662923879227e+00 2.057943603515625000e+03
2.220567415306410108e+00 2.049772460937500000e+03
2.224002167688941434e+00 2.051069335937500000e+03
2.227436920071472759e+00 2.049603271484375000e+03
2.230871672454004084e+00 2.055558105468750000e+03
2.234306424836534966e+00 2.053076416015625000e+03
2.237741177219066291e+00 2.055782714843750000e+03
2.241175929601597616e+00 2.054697509765625000e+03
2.244610681984128497e+00 2.063240234375000000e+03
2.248045434366659823e+00 2.072297851562500000e+03
2.251480186749191148e+00 2.079241699218750000e+03
2.254914939131722473e+00 2.088724121093750000e+03
2.258349691514253355e+00 2.094643798828125000e+03
2.261784443896784680e+00 2.100322753906250000e+03
2.265219196279316005e+00 2.098963378906250000e+03
2.268653948661847330e+00 2.108893798828125000e+03
2.272088701044378212e+00 2.123494384765625000e+03
2.275523453426909537e+00 2.146537109375000000e+03
2.278958205809440862e+00 2.148549804687500000e+03
2.282392958191971744e+00 2.145426513671875000e+03
2.285827710574503069e+00 2.150208007812500000e+03
2.289262462957033950e+00 2.155159667968750000e+03
2.292697215339565275e+00 2.172331298828125000e+03
2.296131967722096157e+00 2.194647949218750000e+03
2.299566720104627482e+00 2.229446044921875000e+03
2.303001472487158807e+00 2.258076660156250000e+03
2.306436224869690133e+00 2.283695556640625000e+03
2.309870977252221014e+00 2.306360107421875000e+03
2.313305729634752339e+00 2.326092529296875000e+03
2.316740482017283664e+00 2.356386718750000000e+03
2.320175234399814546e+00 2.395458251953125000e+03
2.323609986782345871e+00 2.429461181640625000e+03
2.327044739164877196e+00 2.473568847656250000e+03
2.330479491547408522e+00 2.533605957031250000e+03
2.333914243929939403e+00 2.601532714843750000e+03
2.337348996312470728e+00 2.684797363281250000e+03
2.340783748695002053e+00 2.801332275390625000e+03
2.344218501077533379e+00 2.938256347656250000e+03
2.347653253460064260e+00 3.144040283203125000e+03
2.351088005842595585e+00 3.502065917968750000e+03
2.354522758225126911e+00 4.057257080078125000e+03
2.357957510607657792e+00 5.212247070312500000e+03
2.361392262990189117e+00 8.140644531250000000e+03
2.364827015372720442e+00 1.397866894531250000e+04
2.368261767755251324e+00 2.671926953125000000e+04
2.371696520137782205e+00 5.332144921875000000e+04
2.375131272520313530e+00 7.943825781250000000e+04
2.378566024902844855e+00 9.736225000000000000e+04
2.382000777285376181e+00 9.255096875000000000e+04
2.385435529667907062e+00 7.584925781250000000e+04
2.388870282050438387e+00 5.331096093750000000e+04
2.392305034432969713e+00 3.296165625000000000e+04
2.395739786815500594e+00 1.854542773437500000e+04
2.399174539198031919e+00 1.045664941406250000e+04
2.402609291580563244e+00 6.161481445312500000e+03
2.406044043963094570e+00 4.505513671875000000e+03
2.409478796345625451e+00 3.703325195312500000e+03
2.412913548728156776e+00 3.251039306640625000e+03
2.416348301110688102e+00 2.998538818359375000e+03
2.419783053493219427e+00 2.826131347656250000e+03
2.423217805875750308e+00 2.678750244140625000e+03
2.426652558258281633e+00 2.567153808593750000e+03
2.430087310640812959e+00 2.482632324218750000e+03
2.433522063023343840e+00 2.412039062500000000e+03
2.436956815405875165e+00 2.350735351562500000e+03
2.440391567788406491e+00 2.305679931640625000e+03
2.443826320170937372e+00 2.266435546875000000e+03
2.447261072553468253e+00 2.224540283203125000e+03
2.450695824935999578e+00 2.195131591796875000e+03
2.454130577318530904e+00 2.160570556640625000e+03
2.457565329701061785e+00 2.125401611328125000e+03
2.461000082083593110e+00 2.098733154296875000e+03
2.464434834466124435e+00 2.079202636718750000e+03
2.467869586848655761e+00 2.054247558593750000e+03
2.471304339231186642e+00 2.032425781250000000e+03
2.474739091613717967e+00 2.004643310546875000e+03
2.478173843996249293e+00 1.979447021484375000e+03
2.481608596378780618e+00 1.956826049804687500e+03
2.485043348761311499e+00 1.941680419921875000e+03
2.488478101143842824e+00 1.933024536132812500e+03
2.491912853526374150e+00 1.928166625976562500e+03
2.495347605908905031e+00 1.916119018554687500e+03
2.498782358291436356e+00 1.899927368164062500e+03
2.502217110673967682e+00 1.888742309570312500e+03
2.505651863056499007e+00 1.879319824218750000e+03
2.509086615439029888e+00 1.869010009765625000e+03
2.512521367821561213e+00 1.848098144531250000e+03
2.515956120204092539e+00 1.829838378906250000e+03
2.519390872586623420e+00 1.819988159179687500e+03
2.522825624969154301e+00 1.815257324218750000e+03
2.526260377351685626e+00 1.810591064453125000e+03
2.529695129734216952e+00 1.800855102539062500e+03
2.533129882116747833e+00 1.799136962890625000e+03
2.536564634499279158e+00 1.798687744140625000e+03
2.539999386881810484e+00 1.791282592773437500e+03
2.543434139264341809e+00 1.777292114257812500e+03
2.546868891646872690e+00 1.770022094726562500e+03
2.550303644029404015e+00 1.755531372070312500e+03
2.553738396411935341e+00 1.748530029296875000e+03
2.557173148794466666e+00 1.745461059570312500e+03
2.560607901176997547e+00 1.742154174804687500e+03
2.564042653559528873e+00 1.726519287109375000e+03
2.567477405942060198e+00 1.716998046875000000e+03
2.570912158324591079e+00 1.718589477539062500e+03
2.574346910707122404e+00 1.728024536132812500e+03
2.577781663089653730e+00 1.722897827148437500e+03
2.581216415472185055e+00 1.708084228515625000e+03
2.584651167854715936e+00 1.682877319335937500e+03
2.588085920237247262e+00 1.674353149414062500e+03
2.591520672619778587e+00 1.676735107421875000e+03
2.594955425002309468e+00 1.684442993164062500e+03
2.598390177384840349e+00 1.680929321289062500e+03
2.601824929767371675e+00 1.669630126953125000e+03
2.605259682149903000e+00 1.658021362304687500e+03
2.608694434532433881e+00 1.646446655273437500e+03
2.612129186914965207e+00 1.643205932617187500e+03
2.615563939297496532e+00 1.634768188476562500e+03
2.618998691680027857e+00 1.631078247070312500e+03
2.622433444062558738e+00 1.629916992187500000e+03
2.625868196445090064e+00 1.633160400390625000e+03
2.629302948827621389e+00 1.632865478515625000e+03
2.632737701210152714e+00 1.634406982421875000e+03
2.636172453592683596e+00 1.629349243164062500e+03
2.639607205975214921e+00 1.623322143554687500e+03
2.643041958357746246e+00 1.612062500000000000e+03
2.646476710740277127e+00 1.615385253906250000e+03
2.649911463122808453e+00 1.617267700195312500e+03
2.653346215505339778e+00 1.618614868164062500e+03
2.656780967887871103e+00 1.609576782226562500e+03
2.660215720270401984e+00 1.594463134765625000e+03
2.663650472652933310e+00 1.584859252929687500e+03
2.667085225035464635e+00 1.574796875000000000e+03
2.670519977417995516e+00 1.573181762695312500e+03
2.673954729800526398e+00 1.577352050781250000e+03
2.677389482183057723e+00 1.582657958984375000e+03
2.680824234565589048e+00 1.590969238281250000e+03
2.684258986948119929e+00 1.584047729492187500e+03
2.687693739330651255e+00 1.575208129882812500e+03
2.691128491713182580e+00 1.559891235351562500e+03
2.694563244095713905e+00 1.554921630859375000e+03
2.697997996478244787e+00 1.551786621093750000e+03
2.701432748860776112e+00 1.558776855468750000e+03
2.704867501243307437e+00 1.552633056640625000e+03
2.708302253625838762e+00 1.550224243164062500e+03
2.711737006008369644e+00 1.551339599609375000e+03
2.715171758390900969e+00 1.558176757812500000e+03
2.718606510773432294e+00 1.564426635742187500e+03
2.722041263155963176e+00 1.568678955078125000e+03
2.725476015538494501e+00 1.569518432617187500e+03
2.728910767921025826e+00 1.562336791992187500e+03
2.732345520303557151e+00 1.549785400390625000e+03
2.735780272686088033e+00 1.544962402343750000e+03
2.739215025068619358e+00 1.549750122070312500e+03
2.742649777451150683e+00 1.560165161132812500e+03
2.746084529833681565e+00 1.561166992187500000e+03
2.749519282216212890e+00 1.560318359375000000e+03
2.752954034598743771e+00 1.551628662109375000e+03
2.756388786981275096e+00 1.553367187500000000e+03
2.759823539363805978e+00 1.551151367187500000e+03
2.763258291746337303e+00 1.545232543945312500e+03
2.766693044128868628e+00 1.535254760742187500e+03
2.770127796511399954e+00 1.530936645507812500e+03
2.773562548893930835e+00 1.529338012695312500e+03
2.776997301276462160e+00 1.527772460937500000e+03
2.780432053658993485e+00 1.525563476562500000e+03
2.783866806041524811e+00 1.536011962890625000e+03
2.787301558424055692e+00 1.543926757812500000e+03
2.790736310806587017e+00 1.554135742187500000e+03
2.794171063189118343e+00 1.551765869140625000e+03
2.797605815571649224e+00 1.545106201171875000e+03
2.801040567954180549e+00 1.536243774414062500e+03
2.804475320336711874e+00 1.535521240234375000e+03
2.807910072719243200e+00 1.535516845703125000e+03
2.811344825101774081e+00 1.539848144531250000e+03
2.814779577484305406e+00 1.540900268554687500e+03
2.818214329866836731e+00 1.552370849609375000e+03
2.821649082249367613e+00 1.560794067382812500e+03
2.825083834631898938e+00 1.563122192382812500e+03
2.828518587014429819e+00 1.562706787109375000e+03
2.831953339396961145e+00 1.571133178710937500e+03
2.835388091779492026e+00 1.579529907226562500e+03
2.838822844162023351e+00 1.590607421875000000e+03
2.842257596544554676e+00 1.588776245117187500e+03
2.845692348927086002e+00 1.591170654296875000e+03
2.849127101309616883e+00 1.596951660156250000e+03
2.852561853692148208e+00 1.610849487304687500e+03
2.855996606074679534e+00 1.637368164062500000e+03
2.859431358457210415e+00 1.666036621093750000e+03
2.862866110839741740e+00 1.698516479492187500e+03
2.866300863222273065e+00 1.718189453125000000e+03
2.869735615604804391e+00 1.727994262695312500e+03
2.873170367987335272e+00 1.767399047851562500e+03
2.876605120369866597e+00 1.810253295898437500e+03
2.880039872752397923e+00 1.867659057617187500e+03
2.883474625134929248e+00 1.945441772460937500e+03
2.886909377517460129e+00 2.073297607421875000e+03
2.890344129899991454e+00 2.276295898437500000e+03
2.893778882282522780e+00 2.693914062500000000e+03
2.897213634665053661e+00 3.621643310546875000e+03
2.900648387047584986e+00 5.501077636718750000e+03
2.904083139430115867e+00 9.835796875000000000e+03
2.907517891812647193e+00 1.869619335937500000e+04
2.910952644195178074e+00 2.954755664062500000e+04
2.914387396577709399e+00 4.001641796875000000e+04
2.917822148960240725e+00 4.307398828125000000e+04
2.921256901342772050e+00 3.672891015625000000e+04
2.924691653725302931e+00 2.633278515625000000e+04
2.928126406107834256e+00 1.452155957031250000e+04
2.931561158490365582e+00 8.717756835937500000e+03
2.934995910872896463e+00 4.932745605468750000e+03
2.938430663255427788e+00 3.206784423828125000e+03
2.941865415637959114e+00 2.581611083984375000e+03
2.945300168020490439e+00 2.215541259765625000e+03
2.948734920403021320e+00 1.994698852539062500e+03
2.952169672785552645e+00 1.888361206054687500e+03
2.955604425168083971e+00 1.812521240234375000e+03
2.959039177550615296e+00 1.800927856445312500e+03
2.962473929933146177e+00 1.761526855468750000e+03
2.965908682315677503e+00 1.721213623046875000e+03
2.969343434698208828e+00 1.650689575195312500e+03
2.972778187080739709e+00 1.623880249023437500e+03
2.976212939463271034e+00 1.611948852539062500e+03
2.979647691845801916e+00 1.590443725585937500e+03
2.983082444228333241e+00 1.575218261718750000e+03
2.986517196610864122e+00 1.556043823242187500e+03
2.989951948993395447e+00 1.540163696289062500e+03
2.993386701375926773e+00 1.533132324218750000e+03
2.996821453758458098e+00 1.517882812500000000e+03
3.000256206140988979e+00 1.489582275390625000e+03
3.003690958523520305e+00 1.474666259765625000e+03
3.007125710906051630e+00 1.461294677734375000e+03
3.010560463288582511e+00 1.444522705078125000e+03
3.013995215671113836e+00 1.428542358398437500e+03
3.017429968053645162e+00 1.422956787109375000e+03
3.020864720436176487e+00 1.418268432617187500e+03
3.024299472818707368e+00 1.410456420898437500e+03
3.027734225201238694e+00 1.401813110351562500e+03
3.031168977583770019e+00 1.408640502929687500e+03
3.034603729966301344e+00 1.400181030273437500e+03
3.038038482348832225e+00 1.391918090820312500e+03
3.041473234731363551e+00 1.381264404296875000e+03
3.044907987113894876e+00 1.372591186523437500e+03
3.048342739496425757e+00 1.373476684570312500e+03
3.051777491878957083e+00 1.367911865234375000e+03
3.055212244261487964e+00 1.373052246093750000e+03
3.058646996644019289e+00 1.361111694335937500e+03
3.062081749026550170e+00 1.348673828125000000e+03
3.065516501409081496e+00 1.332602416992187500e+03
3.068951253791612821e+00 1.331327392578125000e+03
3.072386006174144146e+00 1.326498291015625000e+03
3.075820758556675028e+00 1.330040771484375000e+03
3.079255510939206353e+00 1.331636596679687500e+03
3.082690263321737678e+00 1.334308227539062500e+03
3.086125015704268559e+00 1.323491821289062500e+03
3.089559768086799885e+00 1.311333129882812500e+03
3.092994520469331210e+00 1.303963134765625000e+03
3.096429272851862535e+00 1.300941772460937500e+03
3.099864025234393416e+00 1.306411254882812500e+03
3.103298777616924742e+00 1.306086425781250000e+03
3.106733529999456067e+00 1.301813110351562500e+03
3.110168282381987392e+00 1.294369384765625000e+03
3.113603034764518274e+00 1.297313598632812500e+03
3.117037787147049599e+00 1.306594360351562500e+03
3.120472539529580924e+00 1.314859619140625000e+03
3.123907291912111805e+00 1.321114013671875000e+03
3.127342044294643131e+00 1.318198486328125000e+03
3.130776796677174012e+00 1.321138305664062500e+03
3.134211549059705337e+00 1.316181884765625000e+03
3.137646301442236219e+00 1.309358276367187500e+03
3.141081053824767544e+00 1.296421508789062500e+03
3.144515806207298869e+00 1.288548950195312500e+03
3.147950558589830194e+00 1.287284057617187500e+03
3.151385310972361076e+00 1.282432861328125000e+03
3.154820063354892401e+00 1.281311889648437500e+03
3.158254815737423726e+00 1.275297363281250000e+03
3.161689568119954608e+00 1.274706298828125000e+03
3.165124320502485933e+00 1.278010986328125000e+03
3.168559072885017258e+00 1.280429931640625000e+03
3.171993825267548583e+00 1.273508056640625000e+03
3.175428577650079465e+00 1.266111083984375000e+03
3.178863330032610790e+00 1.259845581054687500e+03
3.182298082415142115e+00 1.256273803710937500e+03
3.185732834797673441e+00 1.255390258789062500e+03
3.189167587180204322e+00 1.249531372070312500e+03
3.192602339562735647e+00 1.246655273437500000e+03
3.196037091945266972e+00 1.242734863281250000e+03
3.199471844327797854e+00 1.255289062500000000e+03
3.202906596710329179e+00 1.260407226562500000e+03
3.206341349092860060e+00 1.258430664062500000e+03
3.209776101475391386e+00 1.251396484375000000e+03
3.213210853857922267e+00 1.246025146484375000e+03
3.216645606240453592e+00 1.244061157226562500e+03
3.220080358622984917e+00 1.241303955078125000e+03
3.223515111005516243e+00 1.241203002929687500e+03
3.226949863388047124e+00 1.234344848632812500e+03
3.230384615770578449e+00 1.227948852539062500e+03
3.233819368153109775e+00 1.227821655273437500e+03
3.237254120535640656e+00 1.239853881835937500e+03
3.240688872918171981e+00 1.251633300781250000e+03
3.244123625300703306e+00 1.255572509765625000e+03
3.247558377683234632e+00 1.250814819335937500e+03
3.250993130065765513e+00 1.251256225585937500e+03
3.254427882448296838e+00 1.249691894531250000e+03
3.257862634830828164e+00 1.250272827148437500e+03
3.261297387213359489e+00 1.239885253906250000e+03
3.264732139595890370e+00 1.235833984375000000e+03
3.268166891978421695e+00 1.237977539062500000e+03
3.271601644360953021e+00 1.246940185546875000e+03
3.275036396743483902e+00 1.253328735351562500e+03
3.278471149126015227e+00 1.260198364257812500e+03
3.281905901508546108e+00 1.265104980468750000e+03
3.285340653891077434e+00 1.271971557617187500e+03
3.288775406273608315e+00 1.274030639648437500e+03
3.292210158656139640e+00 1.275524902343750000e+03
3.295644911038670966e+00 1.276642700195312500e+03
3.299079663421202291e+00 1.286556030273437500e+03
3.302514415803733172e+00 1.295276245117187500e+03
3.305949168186264497e+00 1.308547729492187500e+03
3.309383920568795823e+00 1.310289794921875000e+03
3.312818672951326704e+00 1.321694824218750000e+03
3.316253425333858029e+00 1.325616943359375000e+03
3.319688177716389355e+00 1.341242919921875000e+03
3.323122930098920680e+00 1.357916259765625000e+03
3.326557682481451561e+00 1.383255737304687500e+03
3.329992434863982886e+00 1.409154785156250000e+03
3.333427187246514212e+00 1.450274902343750000e+03
3.336861939629045093e+00 1.491816284179687500e+03
3.340296692011576418e+00 1.563949584960937500e+03
3.343731444394107744e+00 1.729297485351562500e+03
3.347166196776639069e+00 2.001406738281250000e+03
3.350600949159169950e+00 2.538961669921875000e+03
3.354035701541701275e+00 4.150832519531250000e+03
3.357470453924232601e+00 7.059160156250000000e+03
3.360905206306763482e+00 1.143445703125000000e+04
3.364339958689294363e+00 1.854560351562500000e+04
3.367774711071825688e+00 2.263695898437500000e+04
3.371209463454357014e+00 2.515887304687500000e+04
3.374644215836887895e+00 2.126276953125000000e+04
3.378078968219419220e+00 1.546525390625000000e+04
3.381513720601950546e+00 9.274019531250000000e+03
3.384948472984481871e+00 4.728363281250000000e+03
3.388383225367012752e+00 3.048711181640625000e+03
3.391817977749544077e+00 2.225839843750000000e+03
3.395252730132075403e+00 1.793495361328125000e+03
3.398687482514606728e+00 1.622726806640625000e+03
3.402122234897137609e+00 1.524306152343750000e+03
3.405556987279668935e+00 1.443716186523437500e+03
3.408991739662200260e+00 1.391270874023437500e+03
3.412426492044731141e+00 1.362338134765625000e+03
3.415861244427262466e+00 1.337942504882812500e+03
3.419295996809793792e+00 1.326571899414062500e+03
3.422730749192325117e+00 1.322391479492187500e+03
3.426165501574855998e+00 1.308201416015625000e+03
3.429600253957387324e+00 1.284543334960937500e+03
3.433035006339918649e+00 1.261302978515625000e+03
3.436469758722449530e+00 1.246361938476562500e+03
3.439904511104980411e+00 1.232254028320312500e+03
3.443339263487511737e+00 1.227491210937500000e+03
3.446774015870043062e+00 1.227018310546875000e+03
3.450208768252573943e+00 1.227662109375000000e+03
3.453643520635105268e+00 1.217822875976562500e+03
3.457078273017636594e+00 1.211122192382812500e+03
3.460513025400167919e+00 1.207488281250000000e+03
3.463947777782698800e+00 1.203601196289062500e+03
3.467382530165230126e+00 1.198405273437500000e+03
3.470817282547761451e+00 1.187723022460937500e+03
3.474252034930292776e+00 1.185977661132812500e+03
3.477686787312823657e+00 1.178291748046875000e+03
3.481121539695354983e+00 1.174121337890625000e+03
3.484556292077886308e+00 1.173372314453125000e+03
3.487991044460417189e+00 1.176219848632812500e+03
3.491425796842948515e+00 1.172916503906250000e+03
3.494860549225479840e+00 1.168075317382812500e+03
3.498295301608011165e+00 1.159496948242187500e+03
3.501730053990542046e+00 1.151171630859375000e+03
3.505164806373073372e+00 1.151001098632812500e+03
3.508599558755604697e+00 1.152686035156250000e+03
3.512034311138135578e+00 1.154726806640625000e+03
3.515469063520666460e+00 1.153230834960937500e+03
3.518903815903197785e+00 1.148665771484375000e+03
3.522338568285729110e+00 1.141276123046875000e+03
3.525773320668259991e+00 1.128229980468750000e+03
3.529208073050791317e+00 1.124076171875000000e+03
3.532642825433322642e+00 1.126209960937500000e+03
3.536077577815853967e+00 1.116998413085937500e+03
3.539512330198384849e+00 1.114464721679687500e+03
3.542947082580916174e+00 1.115923217773437500e+03
3.546381834963447499e+00 1.123611083984375000e+03
3.549816587345978824e+00 1.130966430664062500e+03
3.553251339728509706e+00 1.137743286132812500e+03
3.556686092111041031e+00 1.142216552734375000e+03
3.560120844493572356e+00 1.142156250000000000e+03
3.563555596876103237e+00 1.136780395507812500e+03
3.566990349258634563e+00 1.137591430664062500e+03
3.570425101641165888e+00 1.129349243164062500e+03
3.573859854023697213e+00 1.125669189453125000e+03
3.577294606406228095e+00 1.122187133789062500e+03
3.580729358788759420e+00 1.124968750000000000e+03
3.584164111171290301e+00 1.123219116210937500e+03
3.587598863553821626e+00 1.127956542968750000e+03
3.591033615936352508e+00 1.128556396484375000e+03
3.594468368318883833e+00 1.133581787109375000e+03
3.597903120701415158e+00 1.138692260742187500e+03
3.601337873083946484e+00 1.143353393554687500e+03
3.604772625466477809e+00 1.135825317382812500e+03
3.608207377849008246e+00 1.126654052734375000e+03
3.611642130231539571e+00 1.132650146484375000e+03
3.615076882614070897e+00 1.140013793945312500e+03
3.618511634996602222e+00 1.141428955078125000e+03
3.621946387379133547e+00 1.135409179687500000e+03
3.625381139761664873e+00 1.133349975585937500e+03
3.628815892144196198e+00 1.132149780273437500e+03
3.632250644526726635e+00 1.133426879882812500e+03
3.635685396909257960e+00 1.139970703125000000e+03
3.639120149291789286e+00 1.147518554687500000e+03
3.642554901674320611e+00 1.155443481445312500e+03
3.645989654056851936e+00 1.159837524414062500e+03
3.649424406439383262e+00 1.161179199218750000e+03
3.652859158821914587e+00 1.170326049804687500e+03
3.656293911204445912e+00 1.178082519531250000e+03
3.659728663586976349e+00 1.183441528320312500e+03
3.663163415969507675e+00 1.181598754882812500e+03
3.666598168352038556e+00 1.181225097656250000e+03
3.670032920734569881e+00 1.189664916992187500e+03
3.673467673117101207e+00 1.204676635742187500e+03
3.676902425499632532e+00 1.218360107421875000e+03
3.680337177882163857e+00 1.224251464843750000e+03
3.683771930264694294e+00 1.234887817382812500e+03
3.687206682647225620e+00 1.249519897460937500e+03
3.690641435029756945e+00 1.259426025390625000e+03
3.694076187412288270e+00 1.267535278320312500e+03
3.697510939794819596e+00 1.278733886718750000e+03
3.700945692177350921e+00 1.299761352539062500e+03
3.704380444559882246e+00 1.318779907226562500e+03
3.707815196942412683e+00 1.338622314453125000e+03
3.711249949324944009e+00 1.364655151367187500e+03
3.714684701707475334e+00 1.386456420898437500e+03
3.718119454090006659e+00 1.429262084960937500e+03
3.721554206472537984e+00 1.469769409179687500e+03
3.724988958855069310e+00 1.521981811523437500e+03
3.728423711237600635e+00 1.577907226562500000e+03
3.731858463620131960e+00 1.654075317382812500e+03
3.735293216002662398e+00 1.779534912109375000e+03
3.738727968385193723e+00 2.013303955078125000e+03
3.742162720767725048e+00 2.410864501953125000e+03
3.745597473150255929e+00 3.190129394531250000e+03
3.749032225532787255e+00 5.004558593750000000e+03
3.752466977915318580e+00 9.217031250000000000e+03
3.755901730297849905e+00 1.698302929687500000e+04
3.759336482680380342e+00 3.000222656250000000e+04
3.762771235062911668e+00 4.339690234375000000e+04
3.766205987445442993e+00 5.028648437500000000e+04
3.769640739827974318e+00 4.892280078125000000e+04
3.773075492210505644e+00 3.805566406250000000e+04
3.776510244593036969e+00 2.624374414062500000e+04
3.779944996975568294e+00 1.444708007812500000e+04
3.783379749358098731e+00 7.691157714843750000e+03
3.786814501740630057e+00 4.462072265625000000e+03
3.790249254123161382e+00 2.943471923828125000e+03
3.793684006505692707e+00 2.285503662109375000e+03
3.797118758888224033e+00 1.976853027343750000e+03
3.800553511270755358e+00 1.780939697265625000e+03
3.803988263653286683e+00 1.652195190429687500e+03
3.807423016035818009e+00 1.571968872070312500e+03
3.810857768418348446e+00 1.510732910156250000e+03
3.814292520800879771e+00 1.456906127929687500e+03
3.817727273183411096e+00 1.413028808593750000e+03
3.821162025565941978e+00 1.375943359375000000e+03
3.824596777948473303e+00 1.347169311523437500e+03
3.828031530331004628e+00 1.316646972656250000e+03
3.831466282713535954e+00 1.286982055664062500e+03
3.834901035096066391e+00 1.260967041015625000e+03
3.838335787478597716e+00 1.250606079101562500e+03
3.841770539861129041e+00 1.236518188476562500e+03
3.845205292243660367e+00 1.216363525390625000e+03
3.848640044626191692e+00 1.194928955078125000e+03
3.852074797008723017e+00 1.184792236328125000e+03
3.855509549391254343e+00 1.177601806640625000e+03
3.858944301773784780e+00 1.162990234375000000e+03
3.862379054156316105e+00 1.150040405273437500e+03
3.865813806538847430e+00 1.143557373046875000e+03
3.869248558921378756e+00 1.136106079101562500e+03
3.872683311303910081e+00 1.126688842773437500e+03
3.876118063686441406e+00 1.112750488281250000e+03
3.879552816068972732e+00 1.111713867187500000e+03
3.882987568451504057e+00 1.107156372070312500e+03
3.886422320834034494e+00 1.103813110351562500e+03
3.889857073216565819e+00 1.087886230468750000e+03
3.893291825599097145e+00 1.081336669921875000e+03
3.896726577981628026e+00 1.076037109375000000e+03
3.900161330364159351e+00 1.076283203125000000e+03
3.903596082746690676e+00 1.068172973632812500e+03
3.907030835129222002e+00 1.062010009765625000e+03
3.910465587511752439e+00 1.054929077148437500e+03
3.913900339894283764e+00 1.049092651367187500e+03
3.917335092276815089e+00 1.041214111328125000e+03
3.920769844659346415e+00 1.031072265625000000e+03
3.924204597041877740e+00 1.028077514648437500e+03
3.927639349424409065e+00 1.025874755859375000e+03
3.931074101806940391e+00 1.027392578125000000e+03
3.934508854189470828e+00 1.029324707031250000e+03
3.937943606572002153e+00 1.024683959960937500e+03
3.941378358954533478e+00 1.026756591796875000e+03
3.944813111337064804e+00 1.029168945312500000e+03
3.948247863719596129e+00 1.037244628906250000e+03
3.951682616102127454e+00 1.035951904296875000e+03
3.955117368484658780e+00 1.026835449218750000e+03
3.958552120867189217e+00 1.018787414550781250e+03
3.961986873249720542e+00 1.022075683593750000e+03
3.965421625632251867e+00 1.043764160156250000e+03
3.968856378014783193e+00 1.052639282226562500e+03
3.972291130397314074e+00 1.046721801757812500e+03
3.975725882779845399e+00 1.024031738281250000e+03
3.979160635162376725e+00 1.014097778320312500e+03
3.982595387544908050e+00 1.018146606445312500e+03
3.986030139927438487e+00 1.016536804199218750e+03
3.989464892309969812e+00 1.011337951660156250e+03
3.992899644692501138e+00 9.986636962890625000e+02
3.996334397075032463e+00 9.975612792968750000e+02
3.999769149457563788e+00 1.001074584960937500e+03
4.003203901840095114e+00 1.005859680175781250e+03
4.006638654222625995e+00 1.012924133300781250e+03
4.010073406605156876e+00 1.017908264160156250e+03
4.013508158987687757e+00 1.025487304687500000e+03
4.016942911370219527e+00 1.031264404296875000e+03
4.020377663752750408e+00 1.034806518554687500e+03
4.023812416135282177e+00 1.035109130859375000e+03
4.027247168517813058e+00 1.031752319335937500e+03
4.030681920900344828e+00 1.025963623046875000e+03
4.034116673282874821e+00 1.029950073242187500e+03
4.037551425665406590e+00 1.040025634765625000e+03
4.040986178047937472e+00 1.055544555664062500e+03
4.044420930430469241e+00 1.065218627929687500e+03
4.047855682813000122e+00 1.061791992187500000e+03
4.051290435195531892e+00 1.059148925781250000e+03
4.054725187578062773e+00 1.058003906250000000e+03
4.058159939960594542e+00 1.069524658203125000e+03
4.061594692343124535e+00 1.083629394531250000e+03
4.065029444725656305e+00 1.091731567382812500e+03
4.068464197108187186e+00 1.103165893554687500e+03
4.071898949490718955e+00 1.113022094726562500e+03
4.075333701873249836e+00 1.128788940429687500e+03
4.078768454255781606e+00 1.155569458007812500e+03
4.082203206638312487e+00 1.180672485351562500e+03
4.085637959020843368e+00 1.207700317382812500e+03
4.089072711403374250e+00 1.226503540039062500e+03
4.092507463785905131e+00 1.280634033203125000e+03
4.095942216168436900e+00 1.353650756835937500e+03
4.099376968550967781e+00 1.479289428710937500e+03
4.102811720933499551e+00 1.722046630859375000e+03
4.106246473316030432e+00 2.237397216796875000e+03
4.109681225698561313e+00 3.272407470703125000e+03
4.113115978081092194e+00 5.722701171875000000e+03
4.116550730463623964e+00 1.022040625000000000e+04
4.119985482846154845e+00 1.582973046875000000e+04
4.123420235228686614e+00 2.128375976562500000e+04
4.126854987611217496e+00 2.326347460937500000e+04
4.130289739993749265e+00 2.240091601562500000e+04
4.133724492376280146e+00 1.776363671875000000e+04
4.137159244758811028e+00 1.211328320312500000e+04
4.140593997141341909e+00 6.978465332031250000e+03
4.144028749523873678e+00 3.949547607421875000e+03
4.147463501906404559e+00 2.464123535156250000e+03
4.150898254288936329e+00 1.843475463867187500e+03
4.154333006671467210e+00 1.542885375976562500e+03
4.157767759053998091e+00 1.381217407226562500e+03
4.161202511436528972e+00 1.291136230468750000e+03
4.164637263819060742e+00 1.234925292968750000e+03
4.168072016201591623e+00 1.201860473632812500e+03
4.171506768584122504e+00 1.172315673828125000e+03
4.174941520966654274e+00 1.149837036132812500e+03
4.178376273349185155e+00 1.134159179687500000e+03
4.181811025731716924e+00 1.125772949218750000e+03
4.185245778114246917e+00 1.115769897460937500e+03
4.188680530496778687e+00 1.097692260742187500e+03
4.192115282879309568e+00 1.082780639648437500e+03
4.195550035261841337e+00 1.071209228515625000e+03
4.198984787644372219e+00 1.067179931640625000e+03
4.202419540026903988e+00 1.061818481445312500e+03
4.205854292409434869e+00 1.048072631835937500e+03
4.209289044791966639e+00 1.033145507812500000e+03
4.212723797174496632e+00 1.023425781250000000e+03
4.216158549557028401e+00 1.015287780761718750e+03
4.219593301939559282e+00 1.006733337402343750e+03
4.223028054322091052e+00 1.000718383789062500e+03
4.226462806704621933e+00 1.002686279296875000e+03
4.229897559087153702e+00 9.982291259765625000e+02
4.233332311469684583e+00 9.852973022460937500e+02
4.236767063852215465e+00 9.753659667968750000e+02
4.240201816234746346e+00 9.614122314453125000e+02
4.243636568617277227e+00 9.547266235351562500e+02
4.247071320999808997e+00 9.482220458984375000e+02
4.250506073382339878e+00 9.501662597656250000e+02
4.253940825764871647e+00 9.528927612304687500e+02
4.257375578147402528e+00 9.506283569335937500e+02
4.260810330529933410e+00 9.480294189453125000e+02
4.264245082912464291e+00 9.446250000000000000e+02
4.267679835294996060e+00 9.423517456054687500e+02
4.271114587677526941e+00 9.378987426757812500e+02
4.274549340060058711e+00 9.351317138671875000e+02
4.277984092442589592e+00 9.356612548828125000e+02
4.281418844825121361e+00 9.416226806640625000e+02
4.284853597207652243e+00 9.388459472656250000e+02
4.288288349590183124e+00 9.341104736328125000e+02
4.291723101972714005e+00 9.283815307617187500e+02
4.295157854355245775e+00 9.290437011718750000e+02
4.298592606737776656e+00 9.336554565429687500e+02
4.302027359120308425e+00 9.327051391601562500e+02
4.305462111502839306e+00 9.389592285156250000e+02
4.308896863885370188e+00 9.392388916015625000e+02
4.312331616267901069e+00 9.430405273437500000e+02
4.315766368650432838e+00 9.394965209960937500e+02
4.319201121032963719e+00 9.323170776367187500e+02
4.322635873415494601e+00 9.236073608398437500e+02
4.326070625798026370e+00 9.136217041015625000e+02
4.329505378180557251e+00 9.064142456054687500e+02
4.332940130563089021e+00 9.036019897460937500e+02
4.336374882945619014e+00 9.066069335937500000e+02
4.339809635328150783e+00 9.114328613281250000e+02
4.343244387710681664e+00 9.158438720703125000e+02
4.346679140093213434e+00 9.156369628906250000e+02
4.350113892475744315e+00 9.137532348632812500e+02
4.353548644858276084e+00 9.155643310546875000e+02
4.356983397240806966e+00 9.126654052734375000e+02
4.360418149623338735e+00 9.104537353515625000e+02
4.363852902005868728e+00 8.995704345703125000e+02
4.367287654388400497e+00 8.923109741210937500e+02
4.370722406770931379e+00 8.870292968750000000e+02
4.374157159153463148e+00 8.927515869140625000e+02
4.377591911535994029e+00 9.037343750000000000e+02
4.381026663918525799e+00 9.038461914062500000e+02
4.384461416301056680e+00 8.987790527343750000e+02
4.387896168683587561e+00 8.931018676757812500e+02
4.391330921066118442e+00 8.993957519531250000e+02
4.394765673448649324e+00 9.039757080078125000e+02
4.398200425831181093e+00 9.067717895507812500e+02
4.401635178213711974e+00 9.044940795898437500e+02
4.405069930596243744e+00 9.073970947265625000e+02
4.408504682978774625e+00 9.060259399414062500e+02
4.411939435361305506e+00 9.051675415039062500e+02
4.415374187743836387e+00 8.994036254882812500e+02
4.418808940126368157e+00 8.967971191406250000e+02
4.422243692508899038e+00 8.985358886718750000e+02
4.425678444891430807e+00 8.908563842773437500e+02
4.429113197273961688e+00 8.928407592773437500e+02
4.432547949656493458e+00 8.867725830078125000e+02
4.435982702039023451e+00 8.873450927734375000e+02
4.439417454421555220e+00 8.903536987304687500e+02
4.442852206804086101e+00 8.889995727539062500e+02
4.446286959186617871e+00 8.919368896484375000e+02
4.449721711569148752e+00 8.842020263671875000e+02
4.453156463951680522e+00 8.865436401367187500e+02
4.456591216334211403e+00 8.918311767578125000e+02
4.460025968716742284e+00 8.966417236328125000e+02
4.463460721099273165e+00 9.007779541015625000e+02
4.466895473481804935e+00 8.907523193359375000e+02
4.470330225864335816e+00 8.861918945312500000e+02
4.473764978246866697e+00 8.789334716796875000e+02
4.477199730629398466e+00 8.771663818359375000e+02
4.480634483011929348e+00 8.761942138671875000e+02
4.484069235394461117e+00 8.769439086914062500e+02
4.487503987776991110e+00 8.807221069335937500e+02
4.490938740159522879e+00 8.810947265625000000e+02
4.494373492542053761e+00 8.736917114257812500e+02
4.497808244924585530e+00 8.622014160156250000e+02
4.501242997307116411e+00 8.662955322265625000e+02
4.504677749689648181e+00 8.802642211914062500e+02
4.508112502072179062e+00 8.900865478515625000e+02
4.511547254454709943e+00 8.859840698242187500e+02
4.514982006837240824e+00 8.790562744140625000e+02
4.518416759219772594e+00 8.791096191406250000e+02
4.521851511602303475e+00 8.824877319335937500e+02
4.525286263984835244e+00 8.897341918945312500e+02
4.528721016367366126e+00 8.920732421875000000e+02
4.532155768749897895e+00 8.844482421875000000e+02
4.535590521132428776e+00 8.827123413085937500e+02
4.539025273514959657e+00 8.808272094726562500e+02
4.542460025897490539e+00 8.753515014648437500e+02
4.545894778280021420e+00 8.724874877929687500e+02
4.549329530662553189e+00 8.700742187500000000e+02
4.552764283045084071e+00 8.782286376953125000e+02
4.556199035427615840e+00 8.748875732421875000e+02
4.559633787810146721e+00 8.749924926757812500e+02
4.563068540192677602e+00 8.697894287109375000e+02
4.566503292575208484e+00 8.741625366210937500e+02
4.569938044957740253e+00 8.736866455078125000e+02
4.573372797340271134e+00 8.762874145507812500e+02
4.576807549722802904e+00 8.758189697265625000e+02
4.580242302105333785e+00 8.745686035156250000e+02
4.583677054487865554e+00 8.675936279296875000e+02
4.587111806870395547e+00 8.598434448242187500e+02
4.590546559252927317e+00 8.658826293945312500e+02
4.593981311635458198e+00 8.771637573242187500e+02
4.597416064017989967e+00 8.832440185546875000e+02
4.600850816400520849e+00 8.760570678710937500e+02
4.604285568783052618e+00 8.735933227539062500e+02
4.607720321165583499e+00 8.710910644531250000e+02
4.611155073548115269e+00 8.799441528320312500e+02
4.614589825930645262e+00 8.849860229492187500e+02
4.618024578313177031e+00 8.860573120117187500e+02
4.621459330695707912e+00 8.813876342773437500e+02
4.624894083078238793e+00 8.698815917968750000e+02
4.628328835460770563e+00 8.735585327148437500e+02
4.631763587843301444e+00 8.796758422851562500e+02
4.635198340225833213e+00 8.854213256835937500e+02
4.638633092608363206e+00 8.839005737304687500e+02
4.642067844990894976e+00 8.841139526367187500e+02
4.645502597373425857e+00 8.885417480468750000e+02
4.648937349755957626e+00 8.872031250000000000e+02
4.652372102138488508e+00 8.925500488281250000e+02
4.655806854521020277e+00 8.875728149414062500e+02
4.659241606903551158e+00 8.841345825195312500e+02
4.662676359286082040e+00 8.796952514648437500e+02
4.666111111668612921e+00 8.797873535156250000e+02
4.669545864051144690e+00 8.862076416015625000e+02
4.672980616433675571e+00 8.860729980468750000e+02
4.676415368816207341e+00 8.960003662109375000e+02
4.679850121198738222e+00 9.005574340820312500e+02
4.683284873581269991e+00 9.027885742187500000e+02
4.686719625963800873e+00 9.037357177734375000e+02
4.690154378346331754e+00 9.041063232421875000e+02
4.693589130728862635e+00 9.090940551757812500e+02
4.697023883111393516e+00 9.085728149414062500e+02
4.700458635493925286e+00 9.152044677734375000e+02
4.703893387876456167e+00 9.145814208984375000e+02
4.707328140258987936e+00 9.229627075195312500e+02
4.710762892641518818e+00 9.280972290039062500e+02
4.714197645024049699e+00 9.382352294921875000e+02
4.717632397406580580e+00 9.445693359375000000e+02
4.721067149789112349e+00 9.475953369140625000e+02
4.724501902171643231e+00 9.571177368164062500e+02
4.727936654554175000e+00 9.717576293945312500e+02
4.731371406936705881e+00 9.917267456054687500e+02
4.734806159319237651e+00 1.015661560058593750e+03
4.738240911701767644e+00 1.057230834960937500e+03
4.741675664084299413e+00 1.132414672851562500e+03
4.745110416466830294e+00 1.288271484375000000e+03
4.748545168849362064e+00 1.679767944335937500e+03
4.751979921231892945e+00 2.450064453125000000e+03
4.755414673614424714e+00 3.846769287109375000e+03
4.758849425996955596e+00 6.219021972656250000e+03
4.762284178379487365e+00 8.567576171875000000e+03
4.765718930762017358e+00 9.935024414062500000e+03
4.769153683144549127e+00 9.516057617187500000e+03
4.772588435527080009e+00 7.310471679687500000e+03
4.776023187909610890e+00 5.011811523437500000e+03
4.779457940292142659e+00 3.008176025390625000e+03
4.782892692674673540e+00 1.997081542968750000e+03
4.786327445057205310e+00 1.478691406250000000e+03
4.789762197439735303e+00 1.220265869140625000e+03
4.793196949822267072e+00 1.112308715820312500e+03
4.796631702204797953e+00 1.057263549804687500e+03
4.800066454587329723e+00 1.019651245117187500e+03
4.803501206969860604e+00 9.960090332031250000e+02
4.806935959352392373e+00 9.841454467773437500e+02
4.810370711734923255e+00 9.692969360351562500e+02
4.813805464117454136e+00 9.565731201171875000e+02
4.817240216499985017e+00 9.465178222656250000e+02
4.820674968882516787e+00 9.480230712890625000e+02
4.824109721265047668e+00 9.515486450195312500e+02
4.827544473647579437e+00 9.470885620117187500e+02
4.830979226030110318e+00 9.345464477539062500e+02
4.834413978412642088e+00 9.304191284179687500e+02
4.837848730795172969e+00 9.224579467773437500e+02
4.841283483177703850e+00 9.250795898437500000e+02
4.844718235560234731e+00 9.216257324218750000e+02
4.848152987942766501e+00 9.276257324218750000e+02
4.851587740325297382e+00 9.213202514648437500e+02
4.855022492707828263e+00 9.121483154296875000e+02
4.858457245090360033e+00 9.108234252929687500e+02
4.861891997472890914e+00 9.116896972656250000e+02
4.865326749855421795e+00 9.135731811523437500e+02
4.868761502237952676e+00 9.167216796875000000e+02
4.872196254620484446e+00 9.186978759765625000e+02
4.875631007003015327e+00 9.162154541015625000e+02
4.879065759385547096e+00 9.099444580078125000e+02
4.882500511768077978e+00 9.044096679687500000e+02
4.885935264150609747e+00 9.027781372070312500e+02
4.889370016533139740e+00 9.037658691406250000e+02
4.892804768915671509e+00 9.058130493164062500e+02
4.896239521298202391e+00 9.051930541992187500e+02
4.899674273680734160e+00 9.039365234375000000e+02
4.903109026063265041e+00 9.036326904296875000e+02
4.906543778445796811e+00 9.006653442382812500e+02
4.909978530828327692e+00 8.976934204101562500e+02
4.913413283210858573e+00 8.764799194335937500e+02
4.916848035593389454e+00 8.795180664062500000e+02
4.920282787975921224e+00 8.780811157226562500e+02
4.923717540358452105e+00 9.002423095703125000e+02
4.927152292740982986e+00 9.083610229492187500e+02
4.930587045123514756e+00 9.202509765625000000e+02
4.934021797506045637e+00 9.277181396484375000e+02
4.937456549888577406e+00 9.270761718750000000e+02
4.940891302271107399e+00 9.222011718750000000e+02
4.944326054653639169e+00 9.197278442382812500e+02
4.947760807036170050e+00 9.267393798828125000e+02
4.951195559418701819e+00 9.360338745117187500e+02
4.954630311801232700e+00 9.472331542968750000e+02
4.958065064183764470e+00 9.487742919921875000e+02
4.961499816566295351e+00 9.524819335937500000e+02
4.964934568948826232e+00 9.576363525390625000e+02
4.968369321331357114e+00 9.633947143554687500e+02
4.971804073713888883e+00 9.736115112304687500e+02
4.975238826096419764e+00 9.883325195312500000e+02
4.978673578478951534e+00 1.004165161132812500e+03
4.982108330861482415e+00 1.013743957519531250e+03
4.985543083244014184e+00 1.020250061035156250e+03
4.988977835626544177e+00 1.027257934570312500e+03
4.992412588009075947e+00 1.038065551757812500e+03
4.995847340391606828e+00 1.046369995117187500e+03
4.999282092774138597e+00 1.056301025390625000e+03
5.002716845156669478e+00 1.068219726562500000e+03
5.006151597539200360e+00 1.093292480468750000e+03
5.009586349921732129e+00 1.121621215820312500e+03
5.013021102304263010e+00 1.156977783203125000e+03
5.016455854686793892e+00 1.201731079101562500e+03
5.019890607069324773e+00 1.252959106445312500e+03
5.023325359451856542e+00 1.324977905273437500e+03
5.026760111834387423e+00 1.440117431640625000e+03
5.030194864216919193e+00 1.644034545898437500e+03
5.033629616599450074e+00 2.044120239257812500e+03
5.037064368981981843e+00 2.892374511718750000e+03
5.040499121364511836e+00 4.873339843750000000e+03
5.043933873747043606e+00 8.533465820312500000e+03
5.047368626129574487e+00 1.567175683593750000e+04
5.050803378512106256e+00 2.433578710937500000e+04
5.054238130894637138e+00 3.105652929687500000e+04
5.057672883277168907e+00 3.222203710937500000e+04
5.061107635659699788e+00 2.667712890625000000e+04
5.064542388042230669e+00 1.875096484375000000e+04
5.067977140424761551e+00 1.060665527343750000e+04
5.071411892807293320e+00 5.761598144531250000e+03
5.074846645189824201e+00 3.367790283203125000e+03
5.078281397572355083e+00 2.275428222656250000e+03
5.081716149954886852e+00 1.767804809570312500e+03
5.085150902337417733e+00 1.516298706054687500e+03
5.088585654719949503e+00 1.371710205078125000e+03
5.092020407102479496e+00 1.281894653320312500e+03
5.095455159485011265e+00 1.231110595703125000e+03
5.098889911867542146e+00 1.180989868164062500e+03
5.102324664250073916e+00 1.146474609375000000e+03
5.105759416632604797e+00 1.117794433593750000e+03
5.109194169015136566e+00 1.104965209960937500e+03
5.112628921397667447e+00 1.083560546875000000e+03
5.116063673780198329e+00 1.063352661132812500e+03
5.119498426162729210e+00 1.042785400390625000e+03
5.122933178545260979e+00 1.028378662109375000e+03
5.126367930927791861e+00 1.014775329589843750e+03
5.129802683310323630e+00 1.003374877929687500e+03
5.133237435692854511e+00 9.920138549804687500e+02
5.136672188075386281e+00 9.785669555664062500e+02
5.140106940457916274e+00 9.762369384765625000e+02
5.143541692840448043e+00 9.806116333007812500e+02
5.146976445222978924e+00 9.850643920898437500e+02
5.150411197605510694e+00 9.790050659179687500e+02
5.153845949988041575e+00 9.644778442382812500e+02
5.157280702370572456e+00 9.528551635742187500e+02
5.160715454753104225e+00 9.391766967773437500e+02
5.164150207135635107e+00 9.288355712890625000e+02
5.167584959518165988e+00 9.287927856445312500e+02
5.171019711900696869e+00 9.260603027343750000e+02
5.174454464283228639e+00 9.291724853515625000e+02
5.177889216665759520e+00 9.237489013671875000e+02
5.181323969048291289e+00 9.282238159179687500e+02
5.184758721430822170e+00 9.275186767578125000e+02
5.188193473813353940e+00 9.227422485351562500e+02
5.191628226195883933e+00 9.127158203125000000e+02
5.195062978578415702e+00 9.124244384765625000e+02
5.198497730960946583e+00 9.176635131835937500e+02
5.201932483343478353e+00 9.226372070312500000e+02
5.205367235726009234e+00 9.174018554687500000e+02
5.208801988108541003e+00 9.110962524414062500e+02
5.212236740491071885e+00 9.136411132812500000e+02
5.215671492873602766e+00 9.140327758789062500e+02
5.219106245256133647e+00 9.175601196289062500e+02
5.222540997638665417e+00 9.118318481445312500e+02
5.225975750021196298e+00 9.111148071289062500e+02
5.229410502403727179e+00 9.109295654296875000e+02
5.232845254786258948e+00 9.201202392578125000e+02
5.236280007168789830e+00 9.263515014648437500e+02
5.239714759551321599e+00 9.276306152343750000e+02
5.243149511933851592e+00 9.234316406250000000e+02
5.246584264316383361e+00 9.243372802734375000e+02
5.250019016698914243e+00 9.296189575195312500e+02
5.253453769081446012e+00 9.401689453125000000e+02
5.256888521463976893e+00 9.485471801757812500e+02
5.260323273846508663e+00 9.495117187500000000e+02
5.263758026229039544e+00 9.506964111328125000e+02
5.267192778611570425e+00 9.589830932617187500e+02
5.270627530994101306e+00 9.685595703125000000e+02
5.274062283376633076e+00 9.809980468750000000e+02
5.277497035759163957e+00 9.879061889648437500e+02
5.280931788141695726e+00 1.000796325683593750e+03
5.284366540524226608e+00 1.018678894042968750e+03
5.287801292906758377e+00 1.042209594726562500e+03
5.291236045289288370e+00 1.067383666992187500e+03
5.294670797671820139e+00 1.098829589843750000e+03
5.298105550054351021e+00 1.167577514648437500e+03
5.301540302436882790e+00 1.263631835937500000e+03
5.304975054819413671e+00 1.429840209960937500e+03
5.308409807201944552e+00 1.808668212890625000e+03
5.311844559584476322e+00 2.602743652343750000e+03
5.315279311967006315e+00 4.084950683593750000e+03
5.318714064349538084e+00 7.420851074218750000e+03
5.322148816732068966e+00 1.165788281250000000e+04
5.325583569114600735e+00 1.639541406250000000e+04
5.329018321497131616e+00 1.968787890625000000e+04
5.332453073879663386e+00 1.968661132812500000e+04
5.335887826262194267e+00 1.637384667968750000e+04
5.339322578644726036e+00 1.116361914062500000e+04
5.342757331027256029e+00 6.414268554687500000e+03
5.346192083409787799e+00 3.749752441406250000e+03
5.349626835792318680e+00 2.322000488281250000e+03
5.353061588174850449e+00 1.676110229492187500e+03
5.356496340557381330e+00 1.412514160156250000e+03
5.359931092939913100e+00 1.255987060546875000e+03
5.363365845322443981e+00 1.165054687500000000e+03
5.366800597704974862e+00 1.114598022460937500e+03
5.370235350087505743e+00 1.082444702148437500e+03
5.373670102470037513e+00 1.057324951171875000e+03
5.377104854852568394e+00 1.038121704101562500e+03
5.380539607235100164e+00 1.022884887695312500e+03
5.383974359617631045e+00 1.006028198242187500e+03
5.387409112000161926e+00 9.922799072265625000e+02
5.390843864382692807e+00 9.807667846679687500e+02
5.394278616765223688e+00 9.755709838867187500e+02
5.397713369147755458e+00 9.676695556640625000e+02
5.401148121530286339e+00 9.596217041015625000e+02
5.404582873912818108e+00 9.452730712890625000e+02
5.408017626295348990e+00 9.432677612304687500e+02
5.411452378677880759e+00 9.380845947265625000e+02
5.414887131060411640e+00 9.320196533203125000e+02
5.418321883442942521e+00 9.268345336914062500e+02
5.421756635825473403e+00 9.267035522460937500e+02
5.425191388208005172e+00 9.271281738281250000e+02
5.428626140590536053e+00 9.232402343750000000e+02
5.432060892973067823e+00 9.203900146484375000e+02
5.435495645355598704e+00 9.164631347656250000e+02
5.438930397738130473e+00 9.108244628906250000e+02
5.442365150120660466e+00 9.043508911132812500e+02
5.445799902503192236e+00 8.997880859375000000e+02
5.449234654885723117e+00 8.956214599609375000e+02
5.452669407268254886e+00 8.921398925781250000e+02
5.456104159650785768e+00 8.839499511718750000e+02
5.459538912033316649e+00 8.846951293945312500e+02
5.462973664415848418e+00 8.837719116210937500e+02
5.466408416798379299e+00 8.859168701171875000e+02
5.469843169180910181e+00 8.872437744140625000e+02
5.473277921563441062e+00 8.853736572265625000e+02
5.476712673945972831e+00 8.822406616210937500e+02
5.480147426328503713e+00 8.748869018554687500e+02
5.483582178711035482e+00 8.790432128906250000e+02
5.487016931093566363e+00 8.859349975585937500e+02
5.490451683476098133e+00 8.836375122070312500e+02
5.493886435858628126e+00 8.818610229492187500e+02
5.497321188241159895e+00 8.773610229492187500e+02
5.500755940623690776e+00 8.782363281250000000e+02
5.504190693006222546e+00 8.793940429687500000e+02
5.507625445388753427e+00 8.829614868164062500e+02
5.511060197771285196e+00 8.868665771484375000e+02
5.514494950153816077e+00 8.870368652343750000e+02
5.517929702536346959e+00 8.902319335937500000e+02
5.521364454918877840e+00 8.958451538085937500e+02
5.524799207301409609e+00 9.056109008789062500e+02
5.528233959683940490e+00 9.127750854492187500e+02
5.531668712066472260e+00 9.197149047851562500e+02
5.535103464449003141e+00 9.256004028320312500e+02
5.538538216831534022e+00 9.325864257812500000e+02
5.541972969214064904e+00 9.346609497070312500e+02
5.545407721596595785e+00 9.397694702148437500e+02
5.548842473979127554e+00 9.507413940429687500e+02
5.552277226361658435e+00 9.701768188476562500e+02
5.555711978744190205e+00 1.000304077148437500e+03
5.559146731126721086e+00 1.040300048828125000e+03
5.562581483509252855e+00 1.102268554687500000e+03
5.566016235891783737e+00 1.207529296875000000e+03
5.569450988274314618e+00 1.434686157226562500e+03
5.572885740656845499e+00 1.901659179687500000e+03
5.576320493039377268e+00 2.855726562500000000e+03
5.579755245421908150e+00 4.773980468750000000e+03
5.583189997804439919e+00 7.465756835937500000e+03
5.586624750186970800e+00 1.019160742187500000e+04
5.590059502569502570e+00 1.243032714843750000e+04
5.593494254952032563e+00 1.195963378906250000e+04
5.596929007334564332e+00 1.006226367187500000e+04
5.600363759717095213e+00 6.690905273437500000e+03
5.603798512099626983e+00 4.192638183593750000e+03
5.607233264482157864e+00 2.562303466796875000e+03
5.610668016864688745e+00 1.661253662109375000e+03
5.614102769247220515e+00 1.332896484375000000e+03
5.617537521629751396e+00 1.163211547851562500e+03
5.620972274012282277e+00 1.067843750000000000e+03
5.624407026394813158e+00 1.014368896484375000e+03
5.627841778777344928e+00 9.796619262695312500e+02
5.631276531159875809e+00 9.551325683593750000e+02
5.634711283542407578e+00 9.455693359375000000e+02
5.638146035924938460e+00 9.379516601562500000e+02
5.641580788307470229e+00 9.267230834960937500e+02
5.645015540690000222e+00 9.196430664062500000e+02
5.648450293072531991e+00 9.123369140625000000e+02
5.651885045455062873e+00 9.072265014648437500e+02
5.655319797837594642e+00 9.004063110351562500e+02
5.658754550220125523e+00 8.984105834960937500e+02
5.662189302602657293e+00 8.922117919921875000e+02
5.665624054985188174e+00 8.842324829101562500e+02
5.669058807367719055e+00 8.783259277343750000e+02
5.672493559750249936e+00 8.771793823242187500e+02
5.675928312132781706e+00 8.733496093750000000e+02
5.679363064515312587e+00 8.706843872070312500e+02
5.682797816897844356e+00 8.654971923828125000e+02
5.686232569280375237e+00 8.638129882812500000e+02
5.689667321662906119e+00 8.606773681640625000e+02
5.693102074045437000e+00 8.544364624023437500e+02
5.696536826427967881e+00 8.497319946289062500e+02
5.699971578810499651e+00 8.479990844726562500e+02
5.703406331193030532e+00 8.514477539062500000e+02
5.706841083575562301e+00 8.525747680664062500e+02
5.710275835958093182e+00 8.482827758789062500e+02
5.713710588340624952e+00 8.412646484375000000e+02
5.717145340723154945e+00 8.375667114257812500e+02
5.720580093105686714e+00 8.331741943359375000e+02
5.724014845488217595e+00 8.340674438476562500e+02
5.727449597870749365e+00 8.300643920898437500e+02
5.730884350253280246e+00 8.308957519531250000e+02
5.734319102635812015e+00 8.298426513671875000e+02
5.737753855018342897e+00 8.282919921875000000e+02
5.741188607400874666e+00 8.223718872070312500e+02
5.744623359783404659e+00 8.221917724609375000e+02
5.748058112165936429e+00 8.277562866210937500e+02
5.751492864548467310e+00 8.391376342773437500e+02
5.754927616930999079e+00 8.462353515625000000e+02
5.758362369313529960e+00 8.458590698242187500e+02
5.761797121696060842e+00 8.389841918945312500e+02
5.765231874078592611e+00 8.383380126953125000e+02
5.768666626461123492e+00 8.395198974609375000e+02
5.772101378843654373e+00 8.362448120117187500e+02
5.775536131226185255e+00 8.320664672851562500e+02
5.778970883608717024e+00 8.285966796875000000e+02
5.782405635991247905e+00 8.323585205078125000e+02
5.785840388373779675e+00 8.350671386718750000e+02
5.789275140756310556e+00 8.350688476562500000e+02
5.792709893138841437e+00 8.386231689453125000e+02
5.796144645521372318e+00 8.373122558593750000e+02
5.799579397903904088e+00 8.402209472656250000e+02
5.803014150286434969e+00 8.363092651367187500e+02
5.806448902668966738e+00 8.408989257812500000e+02
5.809883655051497620e+00 8.489551391601562500e+02
5.813318407434029389e+00 8.728323974609375000e+02
5.816753159816560270e+00 9.089822387695312500e+02
5.820187912199091151e+00 9.717128906250000000e+02
5.823622664581622033e+00 1.077403442382812500e+03
5.827057416964153802e+00 1.362121459960937500e+03
5.830492169346684683e+00 1.844096069335937500e+03
5.833926921729216453e+00 2.405103027343750000e+03
5.837361674111747334e+00 2.943855712890625000e+03
5.840796426494278215e+00 3.077053710937500000e+03
5.844231178876809096e+00 2.814164062500000000e+03
5.847665931259339978e+00 2.228458740234375000e+03
5.851100683641871747e+00 1.639935302734375000e+03
5.854535436024402628e+00 1.254276000976562500e+03
5.857970188406934398e+00 1.045483032226562500e+03
5.861404940789465279e+00 9.352153320312500000e+02
5.864839693171997048e+00 8.899351196289062500e+02
5.868274445554527041e+00 8.594850463867187500e+02
5.871709197937058811e+00 8.444669189453125000e+02
5.875143950319589692e+00 8.373749389648437500e+02
5.878578702702121461e+00 8.395509643554687500e+02
5.882013455084652342e+00 8.384680175781250000e+02
5.885448207467184112e+00 8.367461547851562500e+02
5.888882959849714993e+00 8.345277709960937500e+02
5.892317712232246762e+00 8.283547973632812500e+02
5.895752464614776756e+00 8.278601074218750000e+02
5.899187216997308525e+00 8.292187500000000000e+02
5.902621969379839406e+00 8.346192016601562500e+02
5.906056721762371176e+00 8.337797851562500000e+02
5.909491474144902057e+00 8.324370727539062500e+02
5.912926226527432938e+00 8.288725585937500000e+02
5.916360978909964707e+00 8.324714965820312500e+02
5.919795731292495589e+00 8.340738525390625000e+02
5.923230483675026470e+00 8.378363647460937500e+02
5.926665236057557351e+00 8.304392700195312500e+02
5.930099988440089120e+00 8.277491455078125000e+02
5.933534740822620002e+00 8.256693115234375000e+02
5.936969493205151771e+00 8.278362426757812500e+02
5.940404245587682652e+00 8.279332885742187500e+02
5.943838997970213534e+00 8.286461791992187500e+02
5.947273750352744415e+00 8.259916381835937500e+02
5.950708502735276184e+00 8.258245239257812500e+02
5.954143255117807065e+00 8.221306762695312500e+02
5.957578007500338835e+00 8.257628173828125000e+02
5.961012759882869716e+00 8.245487060546875000e+02
5.964447512265401485e+00 8.279296264648437500e+02
5.967882264647932367e+00 8.236043701171875000e+02
5.971317017030463248e+00 8.223128662109375000e+02
5.974751769412994129e+00 8.233256225585937500e+02
5.978186521795525898e+00 8.326492919921875000e+02
5.981621274178056780e+00 8.373836059570312500e+02
5.985056026560588549e+00 8.331182861328125000e+02
5.988490778943119430e+00 8.264074096679687500e+02
5.991925531325650311e+00 8.293140869140625000e+02
5.995360283708181193e+00 8.390748291015625000e+02
5.998795036090712074e+00 8.427340698242187500e+02
6.002229788473243843e+00 8.431677246093750000e+02
6.005664540855774725e+00 8.361542968750000000e+02
6.009099293238306494e+00 8.349432373046875000e+02
6.012534045620837375e+00 8.345562133789062500e+02
6.015968798003369145e+00 8.444731445312500000e+02
6.019403550385899138e+00 8.490334472656250000e+02
6.022838302768430907e+00 8.453462524414062500e+02
6.026273055150961788e+00 8.493646240234375000e+02
6.029707807533493558e+00 8.598765258789062500e+02
6.033142559916024439e+00 8.753905639648437500e+02
6.036577312298556208e+00 8.816984863281250000e+02
6.040012064681087089e+00 8.887814941406250000e+02
6.043446817063618859e+00 8.996588745117187500e+02
6.046881569446148852e+00 9.213433837890625000e+02
6.050316321828680621e+00 9.561950073242187500e+02
6.053751074211211503e+00 1.025299438476562500e+03
6.057185826593743272e+00 1.165679687500000000e+03
6.060620578976274153e+00 1.428930419921875000e+03
6.064055331358805923e+00 2.030013671875000000e+03
6.067490083741336804e+00 3.143926513671875000e+03
6.070924836123867685e+00 4.707967773437500000e+03
6.074359588506398566e+00 6.386195800781250000e+03
6.077794340888929447e+00 7.678811523437500000e+03
6.081229093271461217e+00 7.681340332031250000e+03
6.084663845653992098e+00 6.509342285156250000e+03
6.088098598036523867e+00 4.609172851562500000e+03
6.091533350419054749e+00 2.970132568359375000e+03
6.094968102801585630e+00 1.931444580078125000e+03
6.098402855184116511e+00 1.370308471679687500e+03
6.101837607566648281e+00 1.147166748046875000e+03
6.105272359949179162e+00 1.033445434570312500e+03
6.108707112331710931e+00 9.670156250000000000e+02
6.112141864714241812e+00 9.311902465820312500e+02
6.115576617096773582e+00 9.140448608398437500e+02
6.119011369479304463e+00 9.056146240234375000e+02
6.122446121861835344e+00 8.952919311523437500e+02
6.125880874244366225e+00 8.896782836914062500e+02
6.129315626626897995e+00 8.778938598632812500e+02
6.132750379009428876e+00 8.748419189453125000e+02
6.136185131391960645e+00 8.692753906250000000e+02
6.139619883774491527e+00 8.705363769531250000e+02
6.143054636157022408e+00 8.651970214843750000e+02
6.146489388539553289e+00 8.575043945312500000e+02
6.149924140922085058e+00 8.521702880859375000e+02
6.153358893304615940e+00 8.474602661132812500e+02
6.156793645687146821e+00 8.489077758789062500e+02
6.160228398069678590e+00 8.489448242187500000e+02
6.163663150452209472e+00 8.508313598632812500e+02
6.167097902834741241e+00 8.507950439453125000e+02
6.170532655217271234e+00 8.508096923828125000e+02
6.173967407599803003e+00 8.578272094726562500e+02
6.177402159982333885e+00 8.587054443359375000e+02
6.180836912364865654e+00 8.585554809570312500e+02
6.184271664747396535e+00 8.520478515625000000e+02
6.187706417129928305e+00 8.467042236328125000e+02
6.191141169512459186e+00 8.441805419921875000e+02
6.194575921894990067e+00 8.420687255859375000e+02
6.198010674277520948e+00 8.369105834960937500e+02
6.201445426660052718e+00 8.438598022460937500e+02
6.204880179042583599e+00 8.475832519531250000e+02
6.208314931425115368e+00 8.533805541992187500e+02
6.211749683807646250e+00 8.512644042968750000e+02
6.215184436190178019e+00 8.542346801757812500e+02
6.218619188572708900e+00 8.621406250000000000e+02
6.222053940955239781e+00 8.667814941406250000e+02
6.225488693337770663e+00 8.766743774414062500e+02
6.228923445720301544e+00 8.897057495117187500e+02
6.232358198102833313e+00 8.901151733398437500e+02
6.235792950485364194e+00 8.852043457031250000e+02
6.239227702867895964e+00 8.789218750000000000e+02
6.242662455250426845e+00 8.878063354492187500e+02
6.246097207632957726e+00 8.955369873046875000e+02
6.249531960015488607e+00 9.084436645507812500e+02
6.252966712398020377e+00 9.161627807617187500e+02
6.256401464780551258e+00 9.321859741210937500e+02
6.259836217163083028e+00 9.460338134765625000e+02
6.263270969545613909e+00 9.637434082031250000e+02
6.266705721928145678e+00 9.786276855468750000e+02
6.270140474310675671e+00 1.002821044921875000e+03
6.273575226693207441e+00 1.037986450195312500e+03
6.277009979075738322e+00 1.090239257812500000e+03
6.280444731458270091e+00 1.163810668945312500e+03
6.283879483840800972e+00 1.301584716796875000e+03
6.287314236223332742e+00 1.570713012695312500e+03
6.290748988605863623e+00 2.122532470703125000e+03
6.294183740988394504e+00 3.322989746093750000e+03
6.297618493370925385e+00 5.576715332031250000e+03
6.301053245753457155e+00 8.889631835937500000e+03
6.304487998135988036e+00 1.295484667968750000e+04
6.307922750518518917e+00 1.566322265625000000e+04
6.311357502901050687e+00 1.582272753906250000e+04
6.314792255283581568e+00 1.321112695312500000e+04
6.318227007666113337e+00 9.184270507812500000e+03
6.321661760048643330e+00 5.731265625000000000e+03
6.325096512431175100e+00 3.345430419921875000e+03
6.328531264813705981e+00 2.075583251953125000e+03
6.331966017196237750e+00 1.555703735351562500e+03
6.335400769578768632e+00 1.296889526367187500e+03
6.338835521961300401e+00 1.156619262695312500e+03
6.342270274343831282e+00 1.085622802734375000e+03
6.345705026726362163e+00 1.035429809570312500e+03
6.349139779108893045e+00 1.004276916503906250e+03
6.352574531491424814e+00 9.792606811523437500e+02
6.356009283873955695e+00 9.661557006835937500e+02
6.359444036256487465e+00 9.489299316406250000e+02
6.362878788639018346e+00 9.400166015625000000e+02
6.366313541021550115e+00 9.282907104492187500e+02
6.369748293404080997e+00 9.207896728515625000e+02
6.373183045786611878e+00 9.161115112304687500e+02
6.376617798169142759e+00 9.101575927734375000e+02
6.380052550551673640e+00 9.057057495117187500e+02
6.383487302934205410e+00 8.952949829101562500e+02
6.386922055316736291e+00 8.848356323242187500e+02
6.390356807699268060e+00 8.769923706054687500e+02
6.393791560081798941e+00 8.737977294921875000e+02
6.397226312464329823e+00 8.718993530273437500e+02
6.400661064846860704e+00 8.635058593750000000e+02
6.404095817229392473e+00 8.509613647460937500e+02
6.407530569611923355e+00 8.463839721679687500e+02
6.410965321994455124e+00 8.464576416015625000e+02
6.414400074376986005e+00 8.477109985351562500e+02
6.417834826759517775e+00 8.435959472656250000e+02
6.421269579142047768e+00 8.369345092773437500e+02
6.424704331524579537e+00 8.307031250000000000e+02
6.428139083907110418e+00 8.296894531250000000e+02
6.431573836289642188e+00 8.255727539062500000e+02
6.435008588672173069e+00 8.246785888671875000e+02
6.438443341054704838e+00 8.246779174804687500e+02
6.441878093437235719e+00 8.268764038085937500e+02
6.445312845819766601e+00 8.284803466796875000e+02
6.448747598202297482e+00 8.268886108398437500e+02
6.452182350584829251e+00 8.211967773437500000e+02
6.455617102967360132e+00 8.186204833984375000e+02
6.459051855349891014e+00 8.172296142578125000e+02
6.462486607732422783e+00 8.223043823242187500e+02
6.465921360114953664e+00 8.207446899414062500e+02
6.469356112497485434e+00 8.181060791015625000e+02
6.472790864880015427e+00 8.115327148437500000e+02
6.476225617262547196e+00 8.140982055664062500e+02
6.479660369645078077e+00 8.138370361328125000e+02
6.483095122027609847e+00 8.105932617187500000e+02
6.486529874410140728e+00 8.046870117187500000e+02
6.489964626792672497e+00 8.032739868164062500e+02
6.493399379175203379e+00 8.079849243164062500e+02
6.496834131557734260e+00 8.101289672851562500e+02
6.500268883940265141e+00 8.119436645507812500e+02
6.503703636322796910e+00 8.161387329101562500e+02
6.507138388705327792e+00 8.134676513671875000e+02
6.510573141087859561e+00 8.087512817382812500e+02
6.514007893470390442e+00 8.076547241210937500e+02
6.517442645852922212e+00 8.041712036132812500e+02
6.520877398235453093e+00 7.984494628906250000e+02
6.524312150617983974e+00 7.965751953125000000e+02
6.527746903000514855e+00 8.070787963867187500e+02
6.531181655383045737e+00 8.163101196289062500e+02
6.534616407765577506e+00 8.185106811523437500e+02
6.538051160148108387e+00 8.130062255859375000e+02
6.541485912530640157e+00 8.065340576171875000e+02
6.544920664913171038e+00 8.007395019531250000e+02
6.548355417295701919e+00 7.965343627929687500e+02
6.551790169678232800e+00 7.984279174804687500e+02
6.555224922060764570e+00 8.004244995117187500e+02
6.558659674443295451e+00 8.117621459960937500e+02
6.562094426825827220e+00 8.095440063476562500e+02
6.565529179208358102e+00 8.096185302734375000e+02
6.568963931590889871e+00 8.093382568359375000e+02
6.572398683973419864e+00 8.142804565429687500e+02
6.575833436355951633e+00 8.170775146484375000e+02
6.579268188738482515e+00 8.177095336914062500e+02
6.582702941121014284e+00 8.193880004882812500e+02
6.586137693503545165e+00 8.182627563476562500e+02
6.589572445886076935e+00 8.166010742187500000e+02
6.593007198268607816e+00 8.104275512695312500e+02
6.596441950651138697e+00 8.094877929687500000e+02
6.599876703033669578e+00 8.119750976562500000e+02
6.603311455416201348e+00 8.169627075195312500e+02
6.606746207798732229e+00 8.168261108398437500e+02
6.610180960181263110e+00 8.182387695312500000e+02
6.613615712563794879e+00 8.183734741210937500e+02
6.617050464946325761e+00 8.156492309570312500e+02
6.620485217328857530e+00 8.141342163085937500e+02
6.623919969711387523e+00 8.144679565429687500e+02
6.627354722093919293e+00 8.165000610351562500e+02
6.630789474476450174e+00 8.170973510742187500e+02
6.634224226858981943e+00 8.154246215820312500e+02
6.637658979241512824e+00 8.142046508789062500e+02
6.641093731624044594e+00 8.127854003906250000e+02
6.644528484006575475e+00 8.140419921875000000e+02
6.647963236389106356e+00 8.136729736328125000e+02
6.651397988771637237e+00 8.139732666015625000e+02
6.654832741154169007e+00 8.145371704101562500e+02
6.658267493536699888e+00 8.169462890625000000e+02
6.661702245919231657e+00 8.190941772460937500e+02
6.665136998301762539e+00 8.274559326171875000e+02
6.668571750684294308e+00 8.273608398437500000e+02
6.672006503066824301e+00 8.266744384765625000e+02
6.675441255449356071e+00 8.199697875976562500e+02
6.678876007831886952e+00 8.201994018554687500e+02
6.682310760214417833e+00 8.202092285156250000e+02
6.685745512596949602e+00 8.243948364257812500e+02
6.689180264979480484e+00 8.266981201171875000e+02
6.692615017362012253e+00 8.323814086914062500e+02
6.696049769744543134e+00 8.313996582031250000e+02
6.699484522127074015e+00 8.334190063476562500e+02
6.702919274509604897e+00 8.343641357421875000e+02
6.706354026892136666e+00 8.442649536132812500e+02
6.709788779274667547e+00 8.514053344726562500e+02
6.713223531657199317e+00 8.623533325195312500e+02
6.716658284039730198e+00 8.714678344726562500e+02
6.720093036422261967e+00 8.915773925781250000e+02
6.723527788804791960e+00 9.419156494140625000e+02
6.726962541187323730e+00 1.056487915039062500e+03
6.730397293569854611e+00 1.287097412109375000e+03
6.733832045952386380e+00 1.734333496093750000e+03
6.737266798334917262e+00 2.399998779296875000e+03
6.740701550717449031e+00 3.151418212890625000e+03
6.744136303099979912e+00 3.744951416015625000e+03
6.747571055482510793e+00 3.697996826171875000e+03
6.751005807865041675e+00 3.244815673828125000e+03
6.754440560247573444e+00 2.409356689453125000e+03
6.757875312630104325e+00 1.793079345703125000e+03
6.761310065012635206e+00 1.336315185546875000e+03
6.764744817395166976e+00 1.075835937500000000e+03
6.768179569777697857e+00 9.732311401367187500e+02
6.771614322160229626e+00 9.103817138671875000e+02
6.775049074542759620e+00 8.775532836914062500e+02
6.778483826925291389e+00 8.627163085937500000e+02
6.781918579307822270e+00 8.541323852539062500e+02
6.785353331690354040e+00 8.525146484375000000e+02
6.788788084072884921e+00 8.483963012695312500e+02
6.792222836455416690e+00 8.448934936523437500e+02
6.795657588837947571e+00 8.422352294921875000e+02
6.799092341220478453e+00 8.407175903320312500e+02
6.802527093603009334e+00 8.415073852539062500e+02
6.805961845985541103e+00 8.443693237304687500e+02
6.809396598368071984e+00 8.416654663085937500e+02
6.812831350750603754e+00 8.435753784179687500e+02
6.816266103133134635e+00 8.424479370117187500e+02
6.819700855515666404e+00 8.441406860351562500e+02
6.823135607898196398e+00 8.414362182617187500e+02
6.826570360280728167e+00 8.403134155273437500e+02
6.830005112663259048e+00 8.395601196289062500e+02
6.833439865045790818e+00 8.413334350585937500e+02
6.836874617428321699e+00 8.455310668945312500e+02
6.840309369810852580e+00 8.481206665039062500e+02
6.843744122193384349e+00 8.515654907226562500e+02
6.847178874575915231e+00 8.505840454101562500e+02
6.850613626958446112e+00 8.464189453125000000e+02
6.854048379340976993e+00 8.473821411132812500e+02
6.857483131723508762e+00 8.470214233398437500e+02
6.860917884106039644e+00 8.493178710937500000e+02
6.864352636488571413e+00 8.511917114257812500e+02
6.867787388871102294e+00 8.518292846679687500e+02
6.871222141253634064e+00 8.514079589843750000e+02
6.874656893636164057e+00 8.569594726562500000e+02
6.878091646018695826e+00 8.663627929687500000e+02
6.881526398401226707e+00 8.754341430664062500e+02
6.884961150783758477e+00 8.823631591796875000e+02
6.888395903166289358e+00 8.906247558593750000e+02
6.891830655548821127e+00 8.977174072265625000e+02
6.895265407931352009e+00 9.012715454101562500e+02
6.898700160313882890e+00 9.023839721679687500e+02
6.902134912696413771e+00 9.114788818359375000e+02
6.905569665078945540e+00 9.216717529296875000e+02
6.909004417461476422e+00 9.329653930664062500e+02
6.912439169844007303e+00 9.468555908203125000e+02
6.915873922226539072e+00 9.678188476562500000e+02
6.919308674609069953e+00 9.968088378906250000e+02
6.922743426991601723e+00 1.044666992187500000e+03
6.926178179374131716e+00 1.117852416992187500e+03
6.929612931756663485e+00 1.264234375000000000e+03
6.933047684139194367e+00 1.532286376953125000e+03
6.936482436521726136e+00 2.118083496093750000e+03
6.939917188904257017e+00 3.338476074218750000e+03
6.943351941286788787e+00 5.333326660156250000e+03
6.946786693669319668e+00 8.044071289062500000e+03
6.950221446051850549e+00 1.100545703125000000e+04
6.953656198434381430e+00 1.241933789062500000e+04
6.957090950816913200e+00 1.201275781250000000e+04
6.960525703199444081e+00 9.446156250000000000e+03
6.963960455581975850e+00 6.409168945312500000e+03
6.967395207964506731e+00 3.897169921875000000e+03
6.970829960347038501e+00 2.330348144531250000e+03
6.974264712729568494e+00 1.634486694335937500e+03
6.977699465112100263e+00 1.316444824218750000e+03
6.981134217494631145e+00 1.156683837890625000e+03
6.984568969877162914e+00 1.079113891601562500e+03
6.988003722259693795e+00 1.034502563476562500e+03
6.991438474642224676e+00 1.003124816894531250e+03
6.994873227024756446e+00 9.806674804687500000e+02
6.998307979407287327e+00 9.620427246093750000e+02
7.001742731789818208e+00 9.430844116210937500e+02
7.005177484172349089e+00 9.327320556640625000e+02
7.008612236554880859e+00 9.336865844726562500e+02
7.012046988937411740e+00 9.319451293945312500e+02
7.015481741319943509e+00 9.249010620117187500e+02
7.018916493702474391e+00 9.144529418945312500e+02
7.022351246085006160e+00 9.031502685546875000e+02
7.025785998467536153e+00 8.931949462890625000e+02
7.029220750850067922e+00 8.869957275390625000e+02
7.032655503232598804e+00 8.809008789062500000e+02
7.036090255615130573e+00 8.756436767578125000e+02
7.039525007997661454e+00 8.804246826171875000e+02
7.042959760380193224e+00 8.795028076171875000e+02
7.046394512762724105e+00 8.782113647460937500e+02
7.049829265145254986e+00 8.712814331054687500e+02
7.053264017527785867e+00 8.690602416992187500e+02
7.056698769910317637e+00 8.673787841796875000e+02
7.060133522292848518e+00 8.610272827148437500e+02
7.063568274675379399e+00 8.587426757812500000e+02
7.067003027057911169e+00 8.593541870117187500e+02
7.070437779440442050e+00 8.662715454101562500e+02
7.073872531822972931e+00 8.700003051757812500e+02
7.077307284205503812e+00 8.708681640625000000e+02
7.080742036588035582e+00 8.653884277343750000e+02
7.084176788970566463e+00 8.712055664062500000e+02
7.087611541353098232e+00 8.759992065429687500e+02
7.091046293735629114e+00 8.865916137695312500e+02
7.094481046118160883e+00 8.959111328125000000e+02
7.097915798500691764e+00 9.009996948242187500e+02
7.101350550883222645e+00 9.048077392578125000e+02
7.104785303265753527e+00 9.091910400390625000e+02
7.108220055648285296e+00 9.149620971679687500e+02
7.111654808030816177e+00 9.193325195312500000e+02
7.115089560413347947e+00 9.311645507812500000e+02
7.118524312795878828e+00 9.467459106445312500e+02
7.121959065178410597e+00 9.752478637695312500e+02
7.125393817560940590e+00 1.014889648437500000e+03
7.128828569943472360e+00 1.076262084960937500e+03
7.132263322326003241e+00 1.170061889648437500e+03
7.135698074708535010e+00 1.379483032226562500e+03
7.139132827091065892e+00 1.833314575195312500e+03
7.142567579473596773e+00 2.651142333984375000e+03
7.146002331856128542e+00 4.212895019531250000e+03
7.149437084238658535e+00 6.462557617187500000e+03
7.152871836621190305e+00 8.406014648437500000e+03
7.156306589003721186e+00 9.673901367187500000e+03
7.159741341386252955e+00 8.875055664062500000e+03
7.163176093768782948e+00 7.034225585937500000e+03
7.166610846151314718e+00 4.745692382812500000e+03
7.170045598533845599e+00 2.835718994140625000e+03
7.173480350916377368e+00 1.923989868164062500e+03
7.176915103298908249e+00 1.403005493164062500e+03
7.180349855681440019e+00 1.171016723632812500e+03
7.183784608063970900e+00 1.070398315429687500e+03
7.187219360446502670e+00 1.007783630371093750e+03
7.190654112829033551e+00 9.706847534179687500e+02
7.194088865211565320e+00 9.548768920898437500e+02
7.197523617594096201e+00 9.419049072265625000e+02
7.200958369976627971e+00 9.295014038085937500e+02
7.204393122359158852e+00 9.193211669921875000e+02
7.207827874741689733e+00 9.042060546875000000e+02
7.211262627124221503e+00 8.935142822265625000e+02
7.214697379506751496e+00 8.907663574218750000e+02
7.218132131889282377e+00 8.915158691406250000e+02
7.221566884271814146e+00 8.917043457031250000e+02
7.225001636654345027e+00 8.833446655273437500e+02
7.228436389036875909e+00 8.804636230468750000e+02
7.231871141419407678e+00 8.753147583007812500e+02
7.235305893801938559e+00 8.708984375000000000e+02
7.238740646184470329e+00 8.686206665039062500e+02
7.242175398567001210e+00 8.658332519531250000e+02
7.245610150949532979e+00 8.585844116210937500e+02
7.249044903332063861e+00 8.566537475585937500e+02
7.252479655714595630e+00 8.594512329101562500e+02
7.255914408097126511e+00 8.613723754882812500e+02
7.259349160479658281e+00 8.580812988281250000e+02
7.262783912862187385e+00 8.493706054687500000e+02
7.266218665244719155e+00 8.480411987304687500e+02
7.269653417627250036e+00 8.515360107421875000e+02
7.273088170009781805e+00 8.532636718750000000e+02
7.276522922392312687e+00 8.577980346679687500e+02
7.279957674774844456e+00 8.545136718750000000e+02
7.283392427157375337e+00 8.533505249023437500e+02
7.286827179539907107e+00 8.399277954101562500e+02
7.290261931922437988e+00 8.338961181640625000e+02
7.293696684304968869e+00 8.380108642578125000e+02
7.297131436687500639e+00 8.454581298828125000e+02
7.300566189070031520e+00 8.501963500976562500e+02
7.304000941452563289e+00 8.499707641601562500e+02
7.307435693835094170e+00 8.586322021484375000e+02
7.310870446217625940e+00 8.631229248046875000e+02
7.314305198600155045e+00 8.681739501953125000e+02
7.317739950982686814e+00 8.768614501953125000e+02
7.321174703365217695e+00 8.901923217773437500e+02
7.324609455747749465e+00 9.114168090820312500e+02
7.328044208130280346e+00 9.457719726562500000e+02
7.331478960512812115e+00 1.022235473632812500e+03
7.334913712895342996e+00 1.182502929687500000e+03
7.338348465277874766e+00 1.484655029296875000e+03
7.341783217660405647e+00 2.023147460937500000e+03
7.345217970042937417e+00 2.831308105468750000e+03
7.348652722425468298e+00 3.560139160156250000e+03
7.352087474808000067e+00 3.957909667968750000e+03
7.355522227190530948e+00 3.817871826171875000e+03
7.358956979573061830e+00 3.219088134765625000e+03
7.362391731955593599e+00 2.495327148437500000e+03
7.365826484338123592e+00 1.780518920898437500e+03
7.369261236720654473e+00 1.330607543945312500e+03
7.372695989103186243e+00 1.089583374023437500e+03
7.376130741485717124e+00 9.843600463867187500e+02
7.379565493868248005e+00 9.309749755859375000e+02
7.383000246250779774e+00 8.987951049804687500e+02
7.386434998633310656e+00 8.792502441406250000e+02
7.389869751015842425e+00 8.664245605468750000e+02
7.393304503398373306e+00 8.670718994140625000e+02
7.396739255780905076e+00 8.643713989257812500e+02
7.400174008163435957e+00 8.586526489257812500e+02
7.403608760545967726e+00 8.489497070312500000e+02
7.407043512928498608e+00 8.459181518554687500e+02
7.410478265311030377e+00 8.480997924804687500e+02
7.413913017693559482e+00 8.508618164062500000e+02
7.417347770076091251e+00 8.487971191406250000e+02
7.420782522458622132e+00 8.462281494140625000e+02
7.424217274841153902e+00 8.416323242187500000e+02
7.427652027223684783e+00 8.376021118164062500e+02
7.431086779606216552e+00 8.373633422851562500e+02
7.434521531988747434e+00 8.417548828125000000e+02
7.437956284371279203e+00 8.460048217773437500e+02
