# # sector 02: chi = -155.00 deg (range [-160, -150))
# # columns: 2theta(deg)  intensity
9.943608147427778210e-01 3.219560058593750000e+03
9.977955671253089243e-01 3.225181884765625000e+03
1.001230319507840250e+00 3.233676269531250000e+03
1.004665071890371353e+00 3.220551757812500000e+03
1.008099824272902678e+00 3.210764160156250000e+03
1.011534576655433781e+00 3.213955078125000000e+03
1.014969329037964885e+00 3.218179687500000000e+03
1.018404081420495988e+00 3.212634765625000000e+03
1.021838833803027313e+00 3.214041503906250000e+03
1.025273586185558417e+00 3.219558105468750000e+03
1.028708338568089520e+00 3.231897705078125000e+03
1.032143090950620845e+00 3.221905517578125000e+03
1.035577843333151948e+00 3.214259521484375000e+03
1.039012595715683274e+00 3.210514648437500000e+03
1.042447348098214377e+00 3.211570800781250000e+03
1.045882100480745702e+00 3.190018066406250000e+03
1.049316852863276806e+00 3.155306152343750000e+03
1.052751605245807909e+00 3.131799560546875000e+03
1.056186357628339012e+00 3.145095458984375000e+03
1.059621110010870337e+00 3.167186523437500000e+03
1.063055862393401441e+00 3.187686523437500000e+03
1.066490614775932544e+00 3.187436767578125000e+03
1.069925367158463869e+00 3.187656494140625000e+03
1.073360119540994972e+00 3.188668945312500000e+03
1.076794871923526298e+00 3.182309326171875000e+03
1.080229624306057401e+00 3.170182128906250000e+03
1.083664376688588726e+00 3.160793945312500000e+03
1.087099129071119830e+00 3.152834716796875000e+03
1.090533881453650933e+00 3.164791992187500000e+03
1.093968633836182036e+00 3.186055908203125000e+03
1.097403386218713361e+00 3.206767578125000000e+03
1.100838138601244465e+00 3.215111328125000000e+03
1.104272890983775568e+00 3.209535400390625000e+03
1.107707643366306893e+00 3.204421142578125000e+03
1.111142395748837997e+00 3.188134765625000000e+03
1.114577148131369322e+00 3.173782470703125000e+03
1.118011900513900425e+00 3.164839355468750000e+03
1.121446652896431750e+00 3.161536865234375000e+03
1.124881405278962854e+00 3.157207519531250000e+03
1.128316157661493957e+00 3.137980224609375000e+03
1.131750910044025060e+00 3.132494628906250000e+03
1.135185662426556386e+00 3.133324218750000000e+03
1.138620414809087489e+00 3.137091064453125000e+03
1.142055167191618592e+00 3.128760498046875000e+03
1.145489919574149917e+00 3.114184082031250000e+03
1.148924671956681021e+00 3.109027343750000000e+03
1.152359424339212346e+00 3.125014648437500000e+03
1.155794176721743449e+00 3.130614257812500000e+03
1.159228929104274775e+00 3.140541992187500000e+03
1.162663681486805878e+00 3.135790039062500000e+03
1.166098433869336981e+00 3.136995849609375000e+03
1.169533186251868084e+00 3.132975585937500000e+03
1.172967938634399410e+00 3.145719726562500000e+03
1.176402691016930513e+00 3.161875976562500000e+03
1.179837443399461616e+00 3.163267578125000000e+03
1.183272195781992941e+00 3.148426757812500000e+03
1.186706948164524045e+00 3.134856689453125000e+03
1.190141700547055370e+00 3.134551025390625000e+03
1.193576452929586473e+00 3.134573242187500000e+03
1.197011205312117799e+00 3.137255859375000000e+03
1.200445957694648902e+00 3.142961914062500000e+03
1.203880710077180005e+00 3.145927490234375000e+03
1.207315462459711108e+00 3.145769042968750000e+03
1.210750214842242434e+00 3.157481201171875000e+03
1.214184967224773537e+00 3.165817871093750000e+03
1.217619719607304640e+00 3.169125976562500000e+03
1.221054471989835966e+00 3.164760498046875000e+03
1.224489224372367069e+00 3.170791992187500000e+03
1.227923976754898394e+00 3.174975585937500000e+03
1.231358729137429497e+00 3.166163818359375000e+03
1.234793481519960823e+00 3.145854980468750000e+03
1.238228233902491926e+00 3.145748291015625000e+03
1.241662986285023029e+00 3.151152832031250000e+03
1.245097738667554133e+00 3.158584472656250000e+03
1.248532491050085236e+00 3.164265380859375000e+03
1.251967243432616561e+00 3.178754394531250000e+03
1.255401995815147664e+00 3.176369384765625000e+03
1.258836748197678990e+00 3.154304687500000000e+03
1.262271500580210093e+00 3.119183349609375000e+03
1.265706252962741418e+00 3.107226806640625000e+03
1.269141005345272522e+00 3.108505859375000000e+03
1.272575757727803847e+00 3.114544189453125000e+03
1.276010510110334950e+00 3.115718994140625000e+03
1.279445262492866053e+00 3.118448242187500000e+03
1.282880014875397157e+00 3.129260009765625000e+03
1.286314767257928260e+00 3.128245605468750000e+03
1.289749519640459585e+00 3.120245117187500000e+03
1.293184272022990688e+00 3.117686767578125000e+03
1.296619024405522014e+00 3.117761718750000000e+03
1.300053776788053117e+00 3.111914062500000000e+03
1.303488529170584442e+00 3.105866943359375000e+03
1.306923281553115546e+00 3.110365966796875000e+03
1.310358033935646871e+00 3.115497070312500000e+03
1.313792786318177974e+00 3.111708496093750000e+03
1.317227538700709077e+00 3.122563720703125000e+03
1.320662291083240181e+00 3.133380615234375000e+03
1.324097043465771284e+00 3.146483154296875000e+03
1.327531795848302609e+00 3.141629638671875000e+03
1.330966548230833713e+00 3.149510498046875000e+03
1.334401300613365038e+00 3.155684326171875000e+03
1.337836052995896141e+00 3.148907714843750000e+03
1.341270805378427466e+00 3.139521240234375000e+03
1.344705557760958570e+00 3.146550537109375000e+03
1.348140310143489895e+00 3.154737548828125000e+03
1.351575062526020998e+00 3.143615966796875000e+03
1.355009814908552102e+00 3.124549804687500000e+03
1.358444567291083205e+00 3.120539550781250000e+03
1.361879319673614308e+00 3.126029052734375000e+03
1.365314072056145633e+00 3.116435546875000000e+03
1.368748824438676737e+00 3.104670166015625000e+03
1.372183576821208062e+00 3.098613037109375000e+03
1.375618329203739165e+00 3.107980224609375000e+03
1.379053081586270491e+00 3.107744628906250000e+03
1.382487833968801594e+00 3.108392089843750000e+03
1.385922586351332919e+00 3.109227783203125000e+03
1.389357338733864022e+00 3.118230224609375000e+03
1.392792091116395126e+00 3.117521484375000000e+03
1.396226843498926229e+00 3.103846435546875000e+03
1.399661595881457332e+00 3.087257080078125000e+03
1.403096348263988657e+00 3.075915527343750000e+03
1.406531100646519761e+00 3.062992675781250000e+03
1.409965853029051086e+00 3.042208984375000000e+03
1.413400605411582189e+00 3.047945800781250000e+03
1.416835357794113515e+00 3.045105712890625000e+03
1.420270110176644618e+00 3.056218017578125000e+03
1.423704862559175943e+00 3.065122802734375000e+03
1.427139614941707046e+00 3.087696289062500000e+03
1.430574367324238150e+00 3.097746826171875000e+03
1.434009119706769253e+00 3.096351562500000000e+03
1.437443872089300356e+00 3.084833251953125000e+03
1.440878624471831682e+00 3.072688476562500000e+03
1.444313376854362785e+00 3.068343017578125000e+03
1.447748129236894110e+00 3.087003662109375000e+03
1.451182881619425213e+00 3.092561279296875000e+03
1.454617634001956539e+00 3.095029296875000000e+03
1.458052386384487642e+00 3.079869140625000000e+03
1.461487138767018967e+00 3.061426025390625000e+03
1.464921891149550071e+00 3.053908447265625000e+03
1.468356643532081174e+00 3.056544189453125000e+03
1.471791395914612277e+00 3.065535400390625000e+03
1.475226148297143380e+00 3.071231445312500000e+03
1.478660900679674706e+00 3.077589355468750000e+03
1.482095653062205809e+00 3.075013427734375000e+03
1.485530405444737134e+00 3.063550781250000000e+03
1.488965157827268238e+00 3.039239257812500000e+03
1.492399910209799563e+00 3.024524658203125000e+03
1.495834662592330666e+00 3.034313476562500000e+03
1.499269414974861991e+00 3.038642089843750000e+03
1.502704167357393095e+00 3.039101074218750000e+03
1.506138919739924198e+00 3.036326416015625000e+03
1.509573672122455301e+00 3.056671142578125000e+03
1.513008424504986404e+00 3.072591552734375000e+03
1.516443176887517730e+00 3.082098388671875000e+03
1.519877929270048833e+00 3.074451660156250000e+03
1.523312681652580158e+00 3.072746826171875000e+03
1.526747434035111262e+00 3.062631347656250000e+03
1.530182186417642587e+00 3.049736328125000000e+03
1.533616938800173690e+00 3.040931396484375000e+03
1.537051691182705015e+00 3.044332519531250000e+03
1.540486443565236119e+00 3.036624511718750000e+03
1.543921195947767222e+00 3.027455078125000000e+03
1.547355948330298325e+00 3.019482910156250000e+03
1.550790700712829429e+00 3.017685058593750000e+03
1.554225453095360754e+00 3.029190673828125000e+03
1.557660205477891857e+00 3.040911376953125000e+03
1.561094957860423182e+00 3.040707519531250000e+03
1.564529710242954286e+00 3.042568847656250000e+03
1.567964462625485611e+00 3.041826416015625000e+03
1.571399215008016714e+00 3.057145751953125000e+03
1.574833967390548040e+00 3.055246582031250000e+03
1.578268719773079143e+00 3.058745117187500000e+03
1.581703472155610246e+00 3.054281982421875000e+03
1.585138224538141349e+00 3.060001708984375000e+03
1.588572976920672453e+00 3.056767089843750000e+03
1.592007729303203778e+00 3.068018310546875000e+03
1.595442481685734881e+00 3.088314208984375000e+03
1.598877234068266207e+00 3.108257568359375000e+03
1.602311986450797310e+00 3.124295166015625000e+03
1.605746738833328635e+00 3.127215820312500000e+03
1.609181491215859738e+00 3.124955810546875000e+03
1.612616243598391064e+00 3.111692138671875000e+03
1.616050995980922167e+00 3.121019287109375000e+03
1.619485748363453270e+00 3.140349121093750000e+03
1.622920500745984373e+00 3.175749267578125000e+03
1.626355253128515477e+00 3.198628417968750000e+03
1.629790005511046802e+00 3.227221435546875000e+03
1.633224757893577905e+00 3.253046875000000000e+03
1.636659510276109231e+00 3.289991943359375000e+03
1.640094262658640334e+00 3.322905273437500000e+03
1.643529015041171659e+00 3.370727294921875000e+03
1.646963767423702762e+00 3.421287841796875000e+03
1.650398519806234088e+00 3.499397216796875000e+03
1.653833272188765191e+00 3.649507568359375000e+03
1.657268024571296294e+00 3.927672363281250000e+03
1.660702776953827398e+00 4.455338867187500000e+03
1.664137529336358501e+00 5.621098632812500000e+03
1.667572281718889826e+00 8.325628906250000000e+03
1.671007034101420929e+00 1.349906542968750000e+04
1.674441786483952255e+00 2.368172656250000000e+04
1.677876538866483358e+00 3.479296484375000000e+04
1.681311291249014683e+00 4.809463281250000000e+04
1.684746043631545787e+00 5.282439843750000000e+04
1.688180796014076890e+00 4.933175000000000000e+04
1.691615548396608215e+00 3.720182031250000000e+04
1.695050300779139318e+00 2.452365039062500000e+04
1.698485053161670422e+00 1.537755859375000000e+04
1.701919805544201525e+00 9.802750976562500000e+03
1.705354557926732850e+00 6.579804687500000000e+03
1.708789310309263954e+00 4.953539550781250000e+03
1.712224062691795279e+00 4.117518066406250000e+03
1.715658815074326382e+00 3.727334228515625000e+03
1.719093567456857707e+00 3.518354736328125000e+03
1.722528319839388811e+00 3.397532470703125000e+03
1.725963072221919914e+00 3.317937500000000000e+03
1.729397824604451239e+00 3.263139648437500000e+03
1.732832576986982343e+00 3.210122558593750000e+03
1.736267329369513446e+00 3.163401123046875000e+03
1.739702081752044549e+00 3.124783691406250000e+03
1.743136834134575874e+00 3.104153320312500000e+03
1.746571586517106978e+00 3.096115234375000000e+03
1.750006338899638303e+00 3.089333984375000000e+03
1.753441091282169406e+00 3.058218261718750000e+03
1.756875843664700731e+00 3.031970458984375000e+03
1.760310596047231835e+00 3.009079345703125000e+03
1.763745348429762938e+00 3.000746582031250000e+03
1.767180100812294263e+00 2.991363281250000000e+03
1.770614853194825367e+00 2.977156494140625000e+03
1.774049605577356470e+00 2.954124023437500000e+03
1.777484357959887573e+00 2.930247558593750000e+03
1.780919110342418898e+00 2.933068359375000000e+03
1.784353862724950002e+00 2.923970458984375000e+03
1.787788615107481327e+00 2.900268066406250000e+03
1.791223367490012208e+00 2.857056152343750000e+03
1.794658119872543534e+00 2.837755126953125000e+03
1.798092872255074859e+00 2.831295898437500000e+03
1.801527624637606184e+00 2.827171386718750000e+03
1.804962377020137065e+00 2.825670410156250000e+03
1.808397129402668391e+00 2.806427978515625000e+03
1.811831881785199494e+00 2.780577392578125000e+03
1.815266634167730819e+00 2.776033691406250000e+03
1.818701386550261700e+00 2.791864501953125000e+03
1.822136138932793026e+00 2.794347900390625000e+03
1.825570891315324351e+00 2.779618408203125000e+03
1.829005643697855676e+00 2.745052490234375000e+03
1.832440396080386558e+00 2.728775146484375000e+03
1.835875148462917883e+00 2.728166015625000000e+03
1.839309900845449208e+00 2.744741210937500000e+03
1.842744653227980089e+00 2.752046386718750000e+03
1.846179405610511415e+00 2.751023193359375000e+03
1.849614157993042740e+00 2.744777587890625000e+03
1.853048910375573843e+00 2.729463867187500000e+03
1.856483662758104725e+00 2.713508789062500000e+03
1.859918415140636050e+00 2.703406005859375000e+03
1.863353167523167375e+00 2.706766601562500000e+03
1.866787919905698701e+00 2.706200195312500000e+03
1.870222672288229582e+00 2.695962890625000000e+03
1.873657424670760907e+00 2.680489746093750000e+03
1.877092177053292232e+00 2.668284912109375000e+03
1.880526929435823114e+00 2.652944824218750000e+03
1.883961681818354439e+00 2.641126220703125000e+03
1.887396434200885764e+00 2.633969970703125000e+03
1.890831186583416867e+00 2.634817626953125000e+03
1.894265938965947749e+00 2.640132568359375000e+03
1.897700691348479074e+00 2.650058105468750000e+03
1.901135443731010399e+00 2.646589111328125000e+03
1.904570196113541725e+00 2.645647949218750000e+03
1.908004948496072606e+00 2.641358154296875000e+03
1.911439700878603931e+00 2.649072265625000000e+03
1.914874453261135256e+00 2.637820068359375000e+03
1.918309205643666138e+00 2.630309570312500000e+03
1.921743958026197463e+00 2.611645263671875000e+03
1.925178710408728788e+00 2.607675048828125000e+03
1.928613462791259892e+00 2.614527587890625000e+03
1.932048215173790773e+00 2.610914550781250000e+03
1.935482967556322098e+00 2.606433105468750000e+03
1.938917719938853423e+00 2.589593505859375000e+03
1.942352472321384749e+00 2.581988037109375000e+03
1.945787224703915630e+00 2.571325439453125000e+03
1.949221977086446955e+00 2.573861572265625000e+03
1.952656729468978281e+00 2.585921142578125000e+03
1.956091481851509162e+00 2.589232910156250000e+03
1.959526234234040487e+00 2.581240966796875000e+03
1.962960986616571812e+00 2.578531250000000000e+03
1.966395738999102916e+00 2.570083496093750000e+03
1.969830491381633797e+00 2.566475585937500000e+03
1.973265243764165122e+00 2.553092041015625000e+03
1.976699996146696447e+00 2.545920898437500000e+03
1.980134748529227329e+00 2.542120849609375000e+03
1.983569500911758654e+00 2.547618164062500000e+03
1.987004253294289979e+00 2.545197265625000000e+03
1.990439005676821305e+00 2.532262695312500000e+03
1.993873758059352186e+00 2.521687255859375000e+03
1.997308510441883511e+00 2.521922363281250000e+03
2.000743262824414614e+00 2.503751708984375000e+03
2.004178015206945940e+00 2.495787109375000000e+03
2.007612767589476821e+00 2.490956054687500000e+03
2.011047519972008146e+00 2.500336914062500000e+03
2.014482272354539472e+00 2.497162841796875000e+03
2.017917024737070353e+00 2.480229492187500000e+03
2.021351777119601678e+00 2.468956054687500000e+03
2.024786529502133003e+00 2.462137695312500000e+03
2.028221281884664329e+00 2.462246337890625000e+03
2.031656034267195210e+00 2.461307128906250000e+03
2.035090786649726535e+00 2.470933349609375000e+03
2.038525539032257861e+00 2.478122314453125000e+03
2.041960291414789186e+00 2.472429687500000000e+03
2.045395043797320067e+00 2.451098144531250000e+03
2.048829796179851392e+00 2.429766601562500000e+03
2.052264548562382718e+00 2.423869873046875000e+03
2.055699300944913599e+00 2.422146484375000000e+03
2.059134053327444924e+00 2.421679443359375000e+03
2.062568805709975805e+00 2.414275878906250000e+03
2.066003558092507131e+00 2.416343261718750000e+03
2.069438310475038012e+00 2.411612548828125000e+03
2.072873062857569337e+00 2.407299072265625000e+03
2.076307815240100663e+00 2.398455566406250000e+03
2.079742567622631988e+00 2.399199951171875000e+03
2.083177320005162869e+00 2.394345458984375000e+03
2.086612072387694194e+00 2.388430419921875000e+03
2.090046824770225520e+00 2.366924804687500000e+03
2.093481577152756401e+00 2.360245849609375000e+03
2.096916329535287726e+00 2.355342529296875000e+03
2.100351081917819052e+00 2.360591308593750000e+03
2.103785834300350377e+00 2.356038574218750000e+03
2.107220586682881258e+00 2.356347412109375000e+03
2.110655339065412583e+00 2.356214355468750000e+03
2.114090091447943909e+00 2.356111816406250000e+03
2.117524843830475234e+00 2.343144775390625000e+03
2.120959596213006115e+00 2.339930664062500000e+03
2.124394348595537441e+00 2.333102294921875000e+03
2.127829100978068766e+00 2.320579833984375000e+03
2.131263853360599647e+00 2.306943115234375000e+03
2.134698605743130972e+00 2.299894042968750000e+03
2.138133358125661854e+00 2.298069335937500000e+03
2.141568110508193179e+00 2.297624755859375000e+03
2.145002862890724060e+00 2.303702636718750000e+03
2.148437615273255386e+00 2.303324218750000000e+03
2.151872367655786711e+00 2.300674804687500000e+03
2.155307120038318036e+00 2.298726074218750000e+03
2.158741872420848917e+00 2.296561767578125000e+03
2.162176624803380243e+00 2.288736572265625000e+03
2.165611377185911568e+00 2.290090576171875000e+03
2.169046129568442449e+00 2.292887451171875000e+03
2.172480881950973775e+00 2.295276855468750000e+03
2.175915634333505100e+00 2.286706542968750000e+03
2.179350386716036425e+00 2.283182861328125000e+03
2.182785139098567306e+00 2.274090576171875000e+03
2.186219891481098632e+00 2.277707031250000000e+03
2.189654643863629957e+00 2.275053466796875000e+03
2.193089396246161282e+00 2.279553466796875000e+03
2.196524148628692163e+00 2.269434082031250000e+03
2.199958901011223489e+00 2.272164306640625000e+03
2.203393653393754814e+00 2.261746093750000000e+03
2.206828405776285695e+00 2.265306884765625000e+03
2.210263158158817021e+00 2.252198486328125000e+03
2.213697910541347902e+00 2.240493896484375000e+03
2.217132662923879227e+00 2.217873046875000000e+03
2.220567415306410108e+00 2.224315185546875000e+03
2.224002167688941434e+00 2.240216796875000000e+03
2.227436920071472759e+00 2.259446777343750000e+03
2.230871672454004084e+00 2.263799316406250000e+03
2.234306424836534966e+00 2.258521240234375000e+03
2.237741177219066291e+00 2.252490478515625000e+03
2.241175929601597616e+00 2.254568603515625000e+03
2.244610681984128497e+00 2.259747558593750000e+03
2.248045434366659823e+00 2.266166503906250000e+03
2.251480186749191148e+00 2.254522216796875000e+03
2.254914939131722473e+00 2.247988769531250000e+03
2.258349691514253355e+00 2.245080322265625000e+03
2.261784443896784680e+00 2.253467041015625000e+03
2.265219196279316005e+00 2.267431640625000000e+03
2.268653948661847330e+00 2.280787597656250000e+03
2.272088701044378212e+00 2.283734863281250000e+03
2.275523453426909537e+00 2.285474853515625000e+03
2.278958205809440862e+00 2.278297607421875000e+03
2.282392958191971744e+00 2.281659179687500000e+03
2.285827710574503069e+00 2.290382080078125000e+03
2.289262462957033950e+00 2.304311523437500000e+03
2.292697215339565275e+00 2.317639892578125000e+03
2.296131967722096157e+00 2.325518798828125000e+03
2.299566720104627482e+00 2.330258544921875000e+03
2.303001472487158807e+00 2.340908935546875000e+03
2.306436224869690133e+00 2.358546142578125000e+03
2.309870977252221014e+00 2.390725830078125000e+03
2.313305729634752339e+00 2.418947265625000000e+03
2.316740482017283664e+00 2.430828125000000000e+03
2.320175234399814546e+00 2.446513427734375000e+03
2.323609986782345871e+00 2.473590332031250000e+03
2.327044739164877196e+00 2.514946289062500000e+03
2.330479491547408522e+00 2.565544433593750000e+03
2.333914243929939403e+00 2.620990966796875000e+03
2.337348996312470728e+00 2.681942138671875000e+03
2.340783748695002053e+00 2.751328125000000000e+03
2.344218501077533379e+00 2.842682128906250000e+03
2.347653253460064260e+00 2.984039306640625000e+03
2.351088005842595585e+00 3.181028320312500000e+03
2.354522758225126911e+00 3.517806396484375000e+03
2.357957510607657792e+00 4.174963378906250000e+03
2.361392262990189117e+00 5.591018066406250000e+03
2.364827015372720442e+00 8.682470703125000000e+03
2.368261767755251324e+00 1.502788378906250000e+04
2.371696520137782205e+00 2.618914257812500000e+04
2.375131272520313530e+00 4.104526562500000000e+04
2.378566024902844855e+00 5.762191015625000000e+04
2.382000777285376181e+00 6.806434375000000000e+04
2.385435529667907062e+00 7.098235937500000000e+04
2.388870282050438387e+00 6.139554687500000000e+04
2.392305034432969713e+00 4.561055078125000000e+04
2.395739786815500594e+00 2.968131835937500000e+04
2.399174539198031919e+00 1.775687890625000000e+04
2.402609291580563244e+00 1.046727343750000000e+04
2.406044043963094570e+00 6.607618652343750000e+03
2.409478796345625451e+00 4.583907714843750000e+03
2.412913548728156776e+00 3.696434814453125000e+03
2.416348301110688102e+00 3.233709472656250000e+03
2.419783053493219427e+00 2.969934326171875000e+03
2.423217805875750308e+00 2.802026123046875000e+03
2.426652558258281633e+00 2.686395507812500000e+03
2.430087310640812959e+00 2.598136230468750000e+03
2.433522063023343840e+00 2.535933593750000000e+03
2.436956815405875165e+00 2.487690429687500000e+03
2.440391567788406491e+00 2.445760253906250000e+03
2.443826320170937372e+00 2.405883300781250000e+03
2.447261072553468253e+00 2.365152099609375000e+03
2.450695824935999578e+00 2.322064941406250000e+03
2.454130577318530904e+00 2.281523437500000000e+03
2.457565329701061785e+00 2.253751464843750000e+03
2.461000082083593110e+00 2.228064941406250000e+03
2.464434834466124435e+00 2.195466308593750000e+03
2.467869586848655761e+00 2.161677246093750000e+03
2.471304339231186642e+00 2.146168457031250000e+03
2.474739091613717967e+00 2.137622802734375000e+03
2.478173843996249293e+00 2.122674560546875000e+03
2.481608596378780618e+00 2.097063964843750000e+03
2.485043348761311499e+00 2.071286376953125000e+03
2.488478101143842824e+00 2.051876220703125000e+03
2.491912853526374150e+00 2.043630493164062500e+03
2.495347605908905031e+00 2.024302856445312500e+03
2.498782358291436356e+00 2.007180664062500000e+03
2.502217110673967682e+00 1.988990600585937500e+03
2.505651863056499007e+00 1.969176635742187500e+03
2.509086615439029888e+00 1.954767578125000000e+03
2.512521367821561213e+00 1.950582885742187500e+03
2.515956120204092539e+00 1.961469970703125000e+03
2.519390872586623420e+00 1.962882080078125000e+03
2.522825624969154301e+00 1.955262084960937500e+03
2.526260377351685626e+00 1.939121948242187500e+03
2.529695129734216952e+00 1.919956542968750000e+03
2.533129882116747833e+00 1.898004882812500000e+03
2.536564634499279158e+00 1.899619995117187500e+03
2.539999386881810484e+00 1.890489135742187500e+03
2.543434139264341809e+00 1.885374389648437500e+03
2.546868891646872690e+00 1.871930053710937500e+03
2.550303644029404015e+00 1.866220092773437500e+03
2.553738396411935341e+00 1.860346923828125000e+03
2.557173148794466666e+00 1.849220703125000000e+03
2.560607901176997547e+00 1.833205200195312500e+03
2.564042653559528873e+00 1.823168334960937500e+03
2.567477405942060198e+00 1.815294555664062500e+03
2.570912158324591079e+00 1.816630859375000000e+03
2.574346910707122404e+00 1.816890502929687500e+03
2.577781663089653730e+00 1.820369018554687500e+03
2.581216415472185055e+00 1.816318847656250000e+03
2.584651167854715936e+00 1.810941040039062500e+03
2.588085920237247262e+00 1.810187744140625000e+03
2.591520672619778587e+00 1.810916625976562500e+03
2.594955425002309468e+00 1.819730834960937500e+03
2.598390177384840349e+00 1.816196289062500000e+03
2.601824929767371675e+00 1.803300537109375000e+03
2.605259682149903000e+00 1.787531250000000000e+03
2.608694434532433881e+00 1.772683349609375000e+03
2.612129186914965207e+00 1.768178222656250000e+03
2.615563939297496532e+00 1.754909179687500000e+03
2.618998691680027857e+00 1.739908081054687500e+03
2.622433444062558738e+00 1.739662231445312500e+03
2.625868196445090064e+00 1.745830444335937500e+03
2.629302948827621389e+00 1.758155029296875000e+03
2.632737701210152714e+00 1.754618896484375000e+03
2.636172453592683596e+00 1.751971191406250000e+03
2.639607205975214921e+00 1.749319335937500000e+03
2.643041958357746246e+00 1.743250610351562500e+03
2.646476710740277127e+00 1.736826416015625000e+03
2.649911463122808453e+00 1.738326782226562500e+03
2.653346215505339778e+00 1.735201538085937500e+03
2.656780967887871103e+00 1.722654296875000000e+03
2.660215720270401984e+00 1.713006591796875000e+03
2.663650472652933310e+00 1.717622558593750000e+03
2.667085225035464635e+00 1.716952514648437500e+03
2.670519977417995516e+00 1.710077636718750000e+03
2.673954729800526398e+00 1.701370239257812500e+03
2.677389482183057723e+00 1.698703125000000000e+03
2.680824234565589048e+00 1.705363769531250000e+03
2.684258986948119929e+00 1.706316772460937500e+03
2.687693739330651255e+00 1.707902587890625000e+03
2.691128491713182580e+00 1.693932373046875000e+03
2.694563244095713905e+00 1.687882568359375000e+03
2.697997996478244787e+00 1.687517089843750000e+03
2.701432748860776112e+00 1.693984252929687500e+03
2.704867501243307437e+00 1.696814697265625000e+03
2.708302253625838762e+00 1.696109863281250000e+03
2.711737006008369644e+00 1.691792724609375000e+03
2.715171758390900969e+00 1.682636352539062500e+03
2.718606510773432294e+00 1.671322265625000000e+03
2.722041263155963176e+00 1.668197387695312500e+03
2.725476015538494501e+00 1.664536132812500000e+03
2.728910767921025826e+00 1.662297241210937500e+03
2.732345520303557151e+00 1.665192016601562500e+03
2.735780272686088033e+00 1.667653320312500000e+03
2.739215025068619358e+00 1.669364868164062500e+03
2.742649777451150683e+00 1.656909790039062500e+03
2.746084529833681565e+00 1.649306518554687500e+03
2.749519282216212890e+00 1.648284790039062500e+03
2.752954034598743771e+00 1.650987182617187500e+03
2.756388786981275096e+00 1.649131835937500000e+03
2.759823539363805978e+00 1.649317382812500000e+03
2.763258291746337303e+00 1.649671264648437500e+03
2.766693044128868628e+00 1.645792846679687500e+03
2.770127796511399954e+00 1.647417968750000000e+03
2.773562548893930835e+00 1.660531250000000000e+03
2.776997301276462160e+00 1.665751220703125000e+03
2.780432053658993485e+00 1.657622802734375000e+03
2.783866806041524811e+00 1.646575195312500000e+03
2.787301558424055692e+00 1.647431518554687500e+03
2.790736310806587017e+00 1.662983398437500000e+03
2.794171063189118343e+00 1.666708129882812500e+03
2.797605815571649224e+00 1.668790405273437500e+03
2.801040567954180549e+00 1.656167968750000000e+03
2.804475320336711874e+00 1.645104370117187500e+03
2.807910072719243200e+00 1.633829345703125000e+03
2.811344825101774081e+00 1.636672607421875000e+03
2.814779577484305406e+00 1.638592285156250000e+03
2.818214329866836731e+00 1.641448242187500000e+03
2.821649082249367613e+00 1.647927612304687500e+03
2.825083834631898938e+00 1.661533081054687500e+03
2.828518587014429819e+00 1.675248901367187500e+03
2.831953339396961145e+00 1.690623413085937500e+03
2.835388091779492026e+00 1.700717285156250000e+03
2.838822844162023351e+00 1.709157226562500000e+03
2.842257596544554676e+00 1.712031738281250000e+03
2.845692348927086002e+00 1.721728515625000000e+03
2.849127101309616883e+00 1.726869995117187500e+03
2.852561853692148208e+00 1.731164184570312500e+03
2.855996606074679534e+00 1.734539062500000000e+03
2.859431358457210415e+00 1.744792724609375000e+03
2.862866110839741740e+00 1.764445922851562500e+03
2.866300863222273065e+00 1.791603149414062500e+03
2.869735615604804391e+00 1.812330200195312500e+03
2.873170367987335272e+00 1.839392944335937500e+03
2.876605120369866597e+00 1.873312988281250000e+03
2.880039872752397923e+00 1.921657104492187500e+03
2.883474625134929248e+00 1.986728881835937500e+03
2.886909377517460129e+00 2.096395751953125000e+03
2.890344129899991454e+00 2.295035644531250000e+03
2.893778882282522780e+00 2.670597167968750000e+03
2.897213634665053661e+00 3.454430175781250000e+03
2.900648387047584986e+00 5.215002929687500000e+03
2.904083139430115867e+00 8.511887695312500000e+03
2.907517891812647193e+00 1.409104687500000000e+04
2.910952644195178074e+00 2.040560742187500000e+04
2.914387396577709399e+00 2.639750195312500000e+04
2.917822148960240725e+00 2.862450000000000000e+04
2.921256901342772050e+00 2.875203906250000000e+04
2.924691653725302931e+00 2.554872265625000000e+04
2.928126406107834256e+00 2.065607226562500000e+04
2.931561158490365582e+00 1.506769531250000000e+04
2.934995910872896463e+00 1.022935449218750000e+04
2.938430663255427788e+00 6.810282714843750000e+03
2.941865415637959114e+00 4.438151367187500000e+03
2.945300168020490439e+00 3.230549316406250000e+03
2.948734920403021320e+00 2.525994140625000000e+03
2.952169672785552645e+00 2.200877685546875000e+03
2.955604425168083971e+00 2.032442504882812500e+03
2.959039177550615296e+00 1.918963623046875000e+03
2.962473929933146177e+00 1.844389770507812500e+03
2.965908682315677503e+00 1.793762695312500000e+03
2.969343434698208828e+00 1.769468139648437500e+03
2.972778187080739709e+00 1.726782714843750000e+03
2.976212939463271034e+00 1.694728881835937500e+03
2.979647691845801916e+00 1.659505981445312500e+03
2.983082444228333241e+00 1.643954223632812500e+03
2.986517196610864122e+00 1.631714599609375000e+03
2.989951948993395447e+00 1.622293579101562500e+03
2.993386701375926773e+00 1.614562866210937500e+03
2.996821453758458098e+00 1.593005371093750000e+03
3.000256206140988979e+00 1.578657592773437500e+03
3.003690958523520305e+00 1.561663452148437500e+03
3.007125710906051630e+00 1.547400878906250000e+03
3.010560463288582511e+00 1.532914184570312500e+03
3.013995215671113836e+00 1.518105102539062500e+03
3.017429968053645162e+00 1.510855102539062500e+03
3.020864720436176487e+00 1.506890136718750000e+03
3.024299472818707368e+00 1.508381958007812500e+03
3.027734225201238694e+00 1.499780639648437500e+03
3.031168977583770019e+00 1.483282714843750000e+03
3.034603729966301344e+00 1.469887817382812500e+03
3.038038482348832225e+00 1.467690307617187500e+03
3.041473234731363551e+00 1.468428222656250000e+03
3.044907987113894876e+00 1.467123413085937500e+03
3.048342739496425757e+00 1.457609985351562500e+03
3.051777491878957083e+00 1.453670532226562500e+03
3.055212244261487964e+00 1.446967041015625000e+03
3.058646996644019289e+00 1.443639038085937500e+03
3.062081749026550170e+00 1.434820312500000000e+03
3.065516501409081496e+00 1.421065063476562500e+03
3.068951253791612821e+00 1.413019653320312500e+03
3.072386006174144146e+00 1.406669311523437500e+03
3.075820758556675028e+00 1.407236328125000000e+03
3.079255510939206353e+00 1.413163574218750000e+03
3.082690263321737678e+00 1.417096923828125000e+03
3.086125015704268559e+00 1.413212402343750000e+03
3.089559768086799885e+00 1.405772827148437500e+03
3.092994520469331210e+00 1.403721801757812500e+03
3.096429272851862535e+00 1.408918823242187500e+03
3.099864025234393416e+00 1.403189453125000000e+03
3.103298777616924742e+00 1.404452392578125000e+03
3.106733529999456067e+00 1.402752319335937500e+03
3.110168282381987392e+00 1.405361206054687500e+03
3.113603034764518274e+00 1.397102172851562500e+03
3.117037787147049599e+00 1.398521362304687500e+03
3.120472539529580924e+00 1.390144165039062500e+03
3.123907291912111805e+00 1.393069824218750000e+03
3.127342044294643131e+00 1.387411987304687500e+03
3.130776796677174012e+00 1.391598388671875000e+03
3.134211549059705337e+00 1.380994628906250000e+03
3.137646301442236219e+00 1.372535034179687500e+03
3.141081053824767544e+00 1.363053710937500000e+03
3.144515806207298869e+00 1.365824707031250000e+03
3.147950558589830194e+00 1.358746337890625000e+03
3.151385310972361076e+00 1.354127807617187500e+03
3.154820063354892401e+00 1.343838745117187500e+03
3.158254815737423726e+00 1.342374389648437500e+03
3.161689568119954608e+00 1.343190551757812500e+03
3.165124320502485933e+00 1.347896484375000000e+03
3.168559072885017258e+00 1.346298950195312500e+03
3.171993825267548583e+00 1.347684814453125000e+03
3.175428577650079465e+00 1.351067016601562500e+03
3.178863330032610790e+00 1.345710571289062500e+03
3.182298082415142115e+00 1.333785766601562500e+03
3.185732834797673441e+00 1.325005493164062500e+03
3.189167587180204322e+00 1.326389648437500000e+03
3.192602339562735647e+00 1.338282714843750000e+03
3.196037091945266972e+00 1.347238159179687500e+03
3.199471844327797854e+00 1.349314697265625000e+03
3.202906596710329179e+00 1.345493530273437500e+03
3.206341349092860060e+00 1.339597412109375000e+03
3.209776101475391386e+00 1.333762207031250000e+03
3.213210853857922267e+00 1.327971679687500000e+03
3.216645606240453592e+00 1.325911010742187500e+03
3.220080358622984917e+00 1.321722534179687500e+03
3.223515111005516243e+00 1.318953369140625000e+03
3.226949863388047124e+00 1.318802856445312500e+03
3.230384615770578449e+00 1.319828002929687500e+03
3.233819368153109775e+00 1.311960815429687500e+03
3.237254120535640656e+00 1.309805419921875000e+03
3.240688872918171981e+00 1.313730590820312500e+03
3.244123625300703306e+00 1.328064575195312500e+03
3.247558377683234632e+00 1.331477905273437500e+03
3.250993130065765513e+00 1.336367919921875000e+03
3.254427882448296838e+00 1.323698852539062500e+03
3.257862634830828164e+00 1.324797607421875000e+03
3.261297387213359489e+00 1.327593872070312500e+03
3.264732139595890370e+00 1.334355468750000000e+03
3.268166891978421695e+00 1.333156250000000000e+03
3.271601644360953021e+00 1.337178100585937500e+03
3.275036396743483902e+00 1.344536743164062500e+03
3.278471149126015227e+00 1.354741455078125000e+03
3.281905901508546108e+00 1.349552001953125000e+03
3.285340653891077434e+00 1.347472290039062500e+03
3.288775406273608315e+00 1.345003784179687500e+03
3.292210158656139640e+00 1.349269775390625000e+03
3.295644911038670966e+00 1.348223388671875000e+03
3.299079663421202291e+00 1.359914428710937500e+03
3.302514415803733172e+00 1.371540649414062500e+03
3.305949168186264497e+00 1.381799926757812500e+03
3.309383920568795823e+00 1.373902221679687500e+03
3.312818672951326704e+00 1.375441162109375000e+03
3.316253425333858029e+00 1.392200805664062500e+03
3.319688177716389355e+00 1.410973266601562500e+03
3.323122930098920680e+00 1.431421264648437500e+03
3.326557682481451561e+00 1.449716674804687500e+03
3.329992434863982886e+00 1.469762329101562500e+03
3.333427187246514212e+00 1.498672119140625000e+03
3.336861939629045093e+00 1.554422119140625000e+03
3.340296692011576418e+00 1.646830566406250000e+03
3.343731444394107744e+00 1.817247802734375000e+03
3.347166196776639069e+00 2.161072753906250000e+03
3.350600949159169950e+00 2.974944335937500000e+03
3.354035701541701275e+00 4.568747558593750000e+03
3.357470453924232601e+00 7.341963378906250000e+03
3.360905206306763482e+00 1.097594140625000000e+04
3.364339958689294363e+00 1.499657324218750000e+04
3.367774711071825688e+00 1.854267968750000000e+04
3.371209463454357014e+00 1.980121679687500000e+04
3.374644215836887895e+00 1.831928125000000000e+04
3.378078968219419220e+00 1.470761816406250000e+04
3.381513720601950546e+00 1.046826855468750000e+04
3.384948472984481871e+00 6.571696289062500000e+03
3.388383225367012752e+00 4.288781250000000000e+03
3.391817977749544077e+00 2.941838378906250000e+03
3.395252730132075403e+00 2.214184082031250000e+03
3.398687482514606728e+00 1.836573974609375000e+03
3.402122234897137609e+00 1.649485717773437500e+03
3.405556987279668935e+00 1.561000488281250000e+03
3.408991739662200260e+00 1.505914062500000000e+03
3.412426492044731141e+00 1.468779663085937500e+03
3.415861244427262466e+00 1.445923828125000000e+03
3.419295996809793792e+00 1.424189941406250000e+03
3.422730749192325117e+00 1.407507568359375000e+03
3.426165501574855998e+00 1.392076660156250000e+03
3.429600253957387324e+00 1.381132568359375000e+03
3.433035006339918649e+00 1.368698852539062500e+03
3.436469758722449530e+00 1.350639648437500000e+03
3.439904511104980411e+00 1.337241821289062500e+03
3.443339263487511737e+00 1.330431274414062500e+03
3.446774015870043062e+00 1.318218627929687500e+03
3.450208768252573943e+00 1.307879760742187500e+03
3.453643520635105268e+00 1.296880249023437500e+03
3.457078273017636594e+00 1.288730224609375000e+03
3.460513025400167919e+00 1.276199462890625000e+03
3.463947777782698800e+00 1.269374023437500000e+03
3.467382530165230126e+00 1.265829833984375000e+03
3.470817282547761451e+00 1.259180541992187500e+03
3.474252034930292776e+00 1.249466674804687500e+03
3.477686787312823657e+00 1.254364624023437500e+03
3.481121539695354983e+00 1.251382934570312500e+03
3.484556292077886308e+00 1.253239379882812500e+03
3.487991044460417189e+00 1.244940673828125000e+03
3.491425796842948515e+00 1.243803833007812500e+03
3.494860549225479840e+00 1.233222534179687500e+03
3.498295301608011165e+00 1.237816284179687500e+03
3.501730053990542046e+00 1.226509155273437500e+03
3.505164806373073372e+00 1.213355346679687500e+03
3.508599558755604697e+00 1.207685180664062500e+03
3.512034311138135578e+00 1.212582763671875000e+03
3.515469063520666460e+00 1.220862915039062500e+03
3.518903815903197785e+00 1.216879760742187500e+03
3.522338568285729110e+00 1.211792236328125000e+03
3.525773320668259991e+00 1.201181518554687500e+03
3.529208073050791317e+00 1.204675048828125000e+03
3.532642825433322642e+00 1.201003417968750000e+03
3.536077577815853967e+00 1.197316040039062500e+03
3.539512330198384849e+00 1.190668212890625000e+03
3.542947082580916174e+00 1.193207885742187500e+03
3.546381834963447499e+00 1.198183105468750000e+03
3.549816587345978824e+00 1.212575561523437500e+03
3.553251339728509706e+00 1.217397460937500000e+03
3.556686092111041031e+00 1.212675537109375000e+03
3.560120844493572356e+00 1.206654785156250000e+03
3.563555596876103237e+00 1.206610839843750000e+03
3.566990349258634563e+00 1.201926757812500000e+03
3.570425101641165888e+00 1.197021728515625000e+03
3.573859854023697213e+00 1.198814208984375000e+03
3.577294606406228095e+00 1.210989013671875000e+03
3.580729358788759420e+00 1.215496704101562500e+03
3.584164111171290301e+00 1.214477050781250000e+03
3.587598863553821626e+00 1.205946289062500000e+03
3.591033615936352508e+00 1.193957031250000000e+03
3.594468368318883833e+00 1.187882446289062500e+03
3.597903120701415158e+00 1.189431518554687500e+03
3.601337873083946484e+00 1.195012695312500000e+03
3.604772625466477809e+00 1.194985839843750000e+03
3.608207377849008246e+00 1.202751953125000000e+03
3.611642130231539571e+00 1.197059448242187500e+03
3.615076882614070897e+00 1.197034912109375000e+03
3.618511634996602222e+00 1.199767089843750000e+03
3.621946387379133547e+00 1.205579711914062500e+03
3.625381139761664873e+00 1.203369628906250000e+03
3.628815892144196198e+00 1.202959228515625000e+03
3.632250644526726635e+00 1.201270019531250000e+03
3.635685396909257960e+00 1.201955444335937500e+03
3.639120149291789286e+00 1.211612182617187500e+03
3.642554901674320611e+00 1.216140380859375000e+03
3.645989654056851936e+00 1.209636230468750000e+03
3.649424406439383262e+00 1.210736328125000000e+03
3.652859158821914587e+00 1.219620971679687500e+03
3.656293911204445912e+00 1.230036132812500000e+03
3.659728663586976349e+00 1.233255249023437500e+03
3.663163415969507675e+00 1.238843872070312500e+03
3.666598168352038556e+00 1.248953613281250000e+03
3.670032920734569881e+00 1.258474365234375000e+03
3.673467673117101207e+00 1.267286743164062500e+03
3.676902425499632532e+00 1.268887573242187500e+03
3.680337177882163857e+00 1.268051269531250000e+03
3.683771930264694294e+00 1.278390014648437500e+03
3.687206682647225620e+00 1.283023681640625000e+03
3.690641435029756945e+00 1.295712524414062500e+03
3.694076187412288270e+00 1.309069580078125000e+03
3.697510939794819596e+00 1.324053222656250000e+03
3.700945692177350921e+00 1.342277221679687500e+03
3.704380444559882246e+00 1.363882080078125000e+03
3.707815196942412683e+00 1.378593872070312500e+03
3.711249949324944009e+00 1.392651611328125000e+03
3.714684701707475334e+00 1.406664550781250000e+03
3.718119454090006659e+00 1.427578979492187500e+03
3.721554206472537984e+00 1.460675537109375000e+03
3.724988958855069310e+00 1.511242065429687500e+03
3.728423711237600635e+00 1.573897338867187500e+03
3.731858463620131960e+00 1.645144775390625000e+03
3.735293216002662398e+00 1.756079956054687500e+03
3.738727968385193723e+00 1.953331054687500000e+03
3.742162720767725048e+00 2.329345214843750000e+03
3.745597473150255929e+00 3.107996582031250000e+03
3.749032225532787255e+00 4.793523925781250000e+03
3.752466977915318580e+00 8.074748535156250000e+03
3.755901730297849905e+00 1.355645703125000000e+04
3.759336482680380342e+00 2.100242773437500000e+04
3.762771235062911668e+00 2.846976171875000000e+04
3.766205987445442993e+00 3.368131250000000000e+04
3.769640739827974318e+00 3.477598828125000000e+04
3.773075492210505644e+00 3.195847656250000000e+04
3.776510244593036969e+00 2.601084375000000000e+04
3.779944996975568294e+00 1.938494726562500000e+04
3.783379749358098731e+00 1.326201171875000000e+04
3.786814501740630057e+00 8.704189453125000000e+03
3.790249254123161382e+00 5.557499023437500000e+03
3.793684006505692707e+00 3.671322753906250000e+03
3.797118758888224033e+00 2.608733886718750000e+03
3.800553511270755358e+00 2.070635253906250000e+03
3.803988263653286683e+00 1.790339111328125000e+03
3.807423016035818009e+00 1.649467895507812500e+03
3.810857768418348446e+00 1.566175781250000000e+03
3.814292520800879771e+00 1.515771606445312500e+03
3.817727273183411096e+00 1.465735839843750000e+03
3.821162025565941978e+00 1.421303710937500000e+03
3.824596777948473303e+00 1.390482299804687500e+03
3.828031530331004628e+00 1.373907470703125000e+03
3.831466282713535954e+00 1.350888305664062500e+03
3.834901035096066391e+00 1.328068359375000000e+03
3.838335787478597716e+00 1.301312011718750000e+03
3.841770539861129041e+00 1.281724243164062500e+03
3.845205292243660367e+00 1.260454956054687500e+03
3.848640044626191692e+00 1.249967529296875000e+03
3.852074797008723017e+00 1.239430419921875000e+03
3.855509549391254343e+00 1.230452880859375000e+03
3.858944301773784780e+00 1.215421875000000000e+03
3.862379054156316105e+00 1.208790039062500000e+03
3.865813806538847430e+00 1.198951171875000000e+03
3.869248558921378756e+00 1.186380737304687500e+03
3.872683311303910081e+00 1.172554809570312500e+03
3.876118063686441406e+00 1.159248535156250000e+03
3.879552816068972732e+00 1.149671020507812500e+03
3.882987568451504057e+00 1.140770629882812500e+03
3.886422320834034494e+00 1.139039672851562500e+03
3.889857073216565819e+00 1.135959716796875000e+03
3.893291825599097145e+00 1.137460205078125000e+03
3.896726577981628026e+00 1.132861206054687500e+03
3.900161330364159351e+00 1.125467163085937500e+03
3.903596082746690676e+00 1.122188110351562500e+03
3.907030835129222002e+00 1.117834716796875000e+03
3.910465587511752439e+00 1.112834594726562500e+03
3.913900339894283764e+00 1.107187255859375000e+03
3.917335092276815089e+00 1.100547851562500000e+03
3.920769844659346415e+00 1.100685791015625000e+03
3.924204597041877740e+00 1.094347534179687500e+03
3.927639349424409065e+00 1.094069213867187500e+03
3.931074101806940391e+00 1.091572998046875000e+03
3.934508854189470828e+00 1.088696899414062500e+03
3.937943606572002153e+00 1.086744506835937500e+03
3.941378358954533478e+00 1.075442138671875000e+03
3.944813111337064804e+00 1.072277099609375000e+03
3.948247863719596129e+00 1.069176513671875000e+03
3.951682616102127454e+00 1.065438354492187500e+03
3.955117368484658780e+00 1.063779052734375000e+03
3.958552120867189217e+00 1.067519531250000000e+03
3.961986873249720542e+00 1.076059326171875000e+03
3.965421625632251867e+00 1.083026123046875000e+03
3.968856378014783193e+00 1.090715576171875000e+03
3.972291130397314074e+00 1.093157470703125000e+03
3.975725882779845399e+00 1.096560424804687500e+03
3.979160635162376725e+00 1.096203979492187500e+03
3.982595387544908050e+00 1.091662963867187500e+03
3.986030139927438487e+00 1.083820434570312500e+03
3.989464892309969812e+00 1.076063110351562500e+03
3.992899644692501138e+00 1.076931884765625000e+03
3.996334397075032463e+00 1.077789672851562500e+03
3.999769149457563788e+00 1.081234863281250000e+03
4.003203901840095114e+00 1.078653320312500000e+03
4.006638654222625995e+00 1.075725341796875000e+03
4.010073406605156876e+00 1.076586425781250000e+03
4.013508158987687757e+00 1.077069702148437500e+03
4.016942911370219527e+00 1.083995483398437500e+03
4.020377663752750408e+00 1.092855468750000000e+03
4.023812416135282177e+00 1.104881958007812500e+03
4.027247168517813058e+00 1.104209350585937500e+03
4.030681920900344828e+00 1.100628295898437500e+03
4.034116673282874821e+00 1.095664550781250000e+03
4.037551425665406590e+00 1.100568481445312500e+03
4.040986178047937472e+00 1.108255859375000000e+03
4.044420930430469241e+00 1.117442138671875000e+03
4.047855682813000122e+00 1.116995117187500000e+03
4.051290435195531892e+00 1.120899169921875000e+03
4.054725187578062773e+00 1.127086181640625000e+03
4.058159939960594542e+00 1.139295288085937500e+03
4.061594692343124535e+00 1.154725219726562500e+03
4.065029444725656305e+00 1.164406738281250000e+03
4.068464197108187186e+00 1.176682495117187500e+03
4.071898949490718955e+00 1.190155639648437500e+03
4.075333701873249836e+00 1.213249145507812500e+03
4.078768454255781606e+00 1.228064331054687500e+03
4.082203206638312487e+00 1.238148315429687500e+03
4.085637959020843368e+00 1.255350585937500000e+03
4.089072711403374250e+00 1.295344116210937500e+03
4.092507463785905131e+00 1.344858032226562500e+03
4.095942216168436900e+00 1.425671264648437500e+03
4.099376968550967781e+00 1.558985229492187500e+03
4.102811720933499551e+00 1.834114990234375000e+03
4.106246473316030432e+00 2.392157714843750000e+03
4.109681225698561313e+00 3.635870361328125000e+03
4.113115978081092194e+00 5.972505859375000000e+03
4.116550730463623964e+00 9.531786132812500000e+03
4.119985482846154845e+00 1.443766992187500000e+04
4.123420235228686614e+00 1.852685546875000000e+04
4.126854987611217496e+00 2.187096484375000000e+04
4.130289739993749265e+00 2.197712500000000000e+04
4.133724492376280146e+00 1.997172656250000000e+04
4.137159244758811028e+00 1.588966601562500000e+04
4.140593997141341909e+00 1.164690429687500000e+04
4.144028749523873678e+00 7.906311523437500000e+03
4.147463501906404559e+00 5.143979003906250000e+03
4.150898254288936329e+00 3.429798095703125000e+03
4.154333006671467210e+00 2.380185791015625000e+03
4.157767759053998091e+00 1.834685424804687500e+03
4.161202511436528972e+00 1.553533203125000000e+03
4.164637263819060742e+00 1.410399902343750000e+03
4.168072016201591623e+00 1.332069335937500000e+03
4.171506768584122504e+00 1.278133544921875000e+03
4.174941520966654274e+00 1.243037719726562500e+03
4.178376273349185155e+00 1.215071044921875000e+03
4.181811025731716924e+00 1.183986694335937500e+03
4.185245778114246917e+00 1.158877563476562500e+03
4.188680530496778687e+00 1.141077880859375000e+03
4.192115282879309568e+00 1.132411254882812500e+03
4.195550035261841337e+00 1.118446289062500000e+03
4.198984787644372219e+00 1.103150878906250000e+03
4.202419540026903988e+00 1.093156616210937500e+03
4.205854292409434869e+00 1.093029174804687500e+03
4.209289044791966639e+00 1.086341186523437500e+03
4.212723797174496632e+00 1.079222534179687500e+03
4.216158549557028401e+00 1.067662597656250000e+03
4.219593301939559282e+00 1.063455810546875000e+03
4.223028054322091052e+00 1.054607666015625000e+03
4.226462806704621933e+00 1.043122802734375000e+03
4.229897559087153702e+00 1.035688354492187500e+03
4.233332311469684583e+00 1.031866088867187500e+03
4.236767063852215465e+00 1.032882446289062500e+03
4.240201816234746346e+00 1.032744628906250000e+03
4.243636568617277227e+00 1.030978759765625000e+03
4.247071320999808997e+00 1.022224975585937500e+03
4.250506073382339878e+00 1.012856140136718750e+03
4.253940825764871647e+00 1.011859497070312500e+03
4.257375578147402528e+00 1.008511901855468750e+03
4.260810330529933410e+00 1.002325622558593750e+03
4.264245082912464291e+00 9.988497924804687500e+02
4.267679835294996060e+00 9.982151489257812500e+02
4.271114587677526941e+00 9.978927001953125000e+02
4.274549340060058711e+00 9.970303344726562500e+02
4.277984092442589592e+00 9.928292236328125000e+02
4.281418844825121361e+00 9.925558471679687500e+02
4.284853597207652243e+00 9.859662475585937500e+02
4.288288349590183124e+00 9.802973632812500000e+02
4.291723101972714005e+00 9.776078491210937500e+02
4.295157854355245775e+00 9.729891967773437500e+02
4.298592606737776656e+00 9.713197631835937500e+02
4.302027359120308425e+00 9.629878540039062500e+02
4.305462111502839306e+00 9.679729003906250000e+02
4.308896863885370188e+00 9.685136718750000000e+02
4.312331616267901069e+00 9.717153930664062500e+02
4.315766368650432838e+00 9.651419067382812500e+02
4.319201121032963719e+00 9.634669799804687500e+02
4.322635873415494601e+00 9.609928588867187500e+02
4.326070625798026370e+00 9.534747924804687500e+02
4.329505378180557251e+00 9.472122192382812500e+02
4.332940130563089021e+00 9.441551513671875000e+02
4.336374882945619014e+00 9.529844970703125000e+02
4.339809635328150783e+00 9.612611694335937500e+02
4.343244387710681664e+00 9.643507690429687500e+02
4.346679140093213434e+00 9.572118530273437500e+02
4.350113892475744315e+00 9.446597900390625000e+02
4.353548644858276084e+00 9.374443359375000000e+02
4.356983397240806966e+00 9.345504760742187500e+02
4.360418149623338735e+00 9.419249877929687500e+02
4.363852902005868728e+00 9.415591430664062500e+02
4.367287654388400497e+00 9.426356201171875000e+02
4.370722406770931379e+00 9.411068115234375000e+02
4.374157159153463148e+00 9.377669677734375000e+02
4.377591911535994029e+00 9.318797607421875000e+02
4.381026663918525799e+00 9.374735717773437500e+02
4.384461416301056680e+00 9.457703247070312500e+02
4.387896168683587561e+00 9.516589355468750000e+02
4.391330921066118442e+00 9.460668334960937500e+02
4.394765673448649324e+00 9.385049438476562500e+02
4.398200425831181093e+00 9.332307739257812500e+02
4.401635178213711974e+00 9.317184448242187500e+02
4.405069930596243744e+00 9.318489990234375000e+02
4.408504682978774625e+00 9.322768554687500000e+02
4.411939435361305506e+00 9.384815673828125000e+02
4.415374187743836387e+00 9.403894653320312500e+02
4.418808940126368157e+00 9.355788574218750000e+02
4.422243692508899038e+00 9.329620971679687500e+02
4.425678444891430807e+00 9.371772460937500000e+02
4.429113197273961688e+00 9.403197021484375000e+02
4.432547949656493458e+00 9.336751708984375000e+02
4.435982702039023451e+00 9.294815673828125000e+02
4.439417454421555220e+00 9.298925781250000000e+02
4.442852206804086101e+00 9.309832153320312500e+02
4.446286959186617871e+00 9.291644897460937500e+02
4.449721711569148752e+00 9.321212158203125000e+02
4.453156463951680522e+00 9.323958740234375000e+02
4.456591216334211403e+00 9.286056518554687500e+02
4.460025968716742284e+00 9.175088500976562500e+02
4.463460721099273165e+00 9.195435180664062500e+02
4.466895473481804935e+00 9.271121215820312500e+02
4.470330225864335816e+00 9.350394897460937500e+02
4.473764978246866697e+00 9.265381469726562500e+02
4.477199730629398466e+00 9.237605590820312500e+02
4.480634483011929348e+00 9.225255737304687500e+02
4.484069235394461117e+00 9.266541748046875000e+02
4.487503987776991110e+00 9.157315673828125000e+02
4.490938740159522879e+00 9.145012207031250000e+02
4.494373492542053761e+00 9.139628295898437500e+02
4.497808244924585530e+00 9.194600830078125000e+02
4.501242997307116411e+00 9.192669677734375000e+02
4.504677749689648181e+00 9.214215698242187500e+02
4.508112502072179062e+00 9.146499633789062500e+02
4.511547254454709943e+00 9.125432739257812500e+02
4.514982006837240824e+00 9.057174682617187500e+02
4.518416759219772594e+00 9.065943603515625000e+02
4.521851511602303475e+00 9.081978149414062500e+02
4.525286263984835244e+00 9.166271972656250000e+02
4.528721016367366126e+00 9.231218261718750000e+02
4.532155768749897895e+00 9.221758422851562500e+02
4.535590521132428776e+00 9.155653686523437500e+02
4.539025273514959657e+00 9.133269653320312500e+02
4.542460025897490539e+00 9.134520263671875000e+02
4.545894778280021420e+00 9.135594482421875000e+02
4.549329530662553189e+00 9.074266357421875000e+02
4.552764283045084071e+00 9.071105346679687500e+02
4.556199035427615840e+00 9.080147705078125000e+02
4.559633787810146721e+00 9.151520385742187500e+02
4.563068540192677602e+00 9.091656494140625000e+02
4.566503292575208484e+00 9.034649658203125000e+02
4.569938044957740253e+00 9.027138671875000000e+02
4.573372797340271134e+00 9.052344970703125000e+02
4.576807549722802904e+00 9.042379760742187500e+02
4.580242302105333785e+00 8.997020263671875000e+02
4.583677054487865554e+00 9.033891601562500000e+02
4.587111806870395547e+00 9.084155883789062500e+02
4.590546559252927317e+00 9.145432739257812500e+02
4.593981311635458198e+00 9.213507080078125000e+02
4.597416064017989967e+00 9.229202880859375000e+02
4.600850816400520849e+00 9.198417968750000000e+02
4.604285568783052618e+00 9.141315307617187500e+02
4.607720321165583499e+00 8.941486816406250000e+02
4.611155073548115269e+00 8.724278564453125000e+02
4.614589825930645262e+00 8.743896484375000000e+02
4.618024578313177031e+00 9.017169799804687500e+02
4.621459330695707912e+00 9.127490234375000000e+02
4.624894083078238793e+00 9.074157714843750000e+02
4.628328835460770563e+00 9.139361572265625000e+02
4.631763587843301444e+00 9.232570190429687500e+02
4.635198340225833213e+00 9.217904663085937500e+02
4.638633092608363206e+00 9.143844604492187500e+02
4.642067844990894976e+00 9.115989379882812500e+02
4.645502597373425857e+00 9.135599365234375000e+02
4.648937349755957626e+00 9.176311645507812500e+02
4.652372102138488508e+00 9.249398803710937500e+02
4.655806854521020277e+00 9.290377807617187500e+02
4.659241606903551158e+00 9.308019409179687500e+02
4.662676359286082040e+00 9.324217529296875000e+02
4.666111111668612921e+00 9.302202758789062500e+02
4.669545864051144690e+00 9.287517700195312500e+02
4.672980616433675571e+00 9.264967651367187500e+02
4.676415368816207341e+00 9.312955932617187500e+02
4.679850121198738222e+00 9.330416259765625000e+02
4.683284873581269991e+00 9.369550781250000000e+02
4.686719625963800873e+00 9.285079345703125000e+02
4.690154378346331754e+00 9.201419677734375000e+02
4.693589130728862635e+00 9.157823486328125000e+02
4.697023883111393516e+00 9.238726806640625000e+02
4.700458635493925286e+00 9.332868652343750000e+02
4.703893387876456167e+00 9.385588989257812500e+02
4.707328140258987936e+00 9.442108764648437500e+02
4.710762892641518818e+00 9.536289062500000000e+02
4.714197645024049699e+00 9.627045288085937500e+02
4.717632397406580580e+00 9.620000610351562500e+02
4.721067149789112349e+00 9.679859008789062500e+02
4.724501902171643231e+00 9.808643798828125000e+02
4.727936654554175000e+00 1.001386718750000000e+03
4.731371406936705881e+00 1.012979553222656250e+03
4.734806159319237651e+00 1.043463378906250000e+03
4.738240911701767644e+00 1.088206054687500000e+03
4.741675664084299413e+00 1.181814819335937500e+03
4.745110416466830294e+00 1.382788452148437500e+03
4.748545168849362064e+00 1.792981811523437500e+03
4.751979921231892945e+00 2.592478271484375000e+03
4.755414673614424714e+00 3.778441894531250000e+03
4.758849425996955596e+00 5.312710937500000000e+03
4.762284178379487365e+00 6.523903808593750000e+03
4.765718930762017358e+00 7.071661132812500000e+03
4.769153683144549127e+00 6.689640136718750000e+03
4.772588435527080009e+00 5.782817382812500000e+03
4.776023187909610890e+00 4.588979980468750000e+03
4.779457940292142659e+00 3.470194335937500000e+03
4.782892692674673540e+00 2.581668701171875000e+03
4.786327445057205310e+00 1.951183837890625000e+03
4.789762197439735303e+00 1.548460449218750000e+03
4.793196949822267072e+00 1.309052001953125000e+03
4.796631702204797953e+00 1.159741943359375000e+03
4.800066454587329723e+00 1.074206420898437500e+03
4.803501206969860604e+00 1.030856323242187500e+03
4.806935959352392373e+00 1.002899353027343750e+03
4.810370711734923255e+00 9.848270874023437500e+02
4.813805464117454136e+00 9.686055908203125000e+02
4.817240216499985017e+00 9.627003784179687500e+02
4.820674968882516787e+00 9.529316406250000000e+02
4.824109721265047668e+00 9.442518920898437500e+02
4.827544473647579437e+00 9.376279907226562500e+02
4.830979226030110318e+00 9.371601562500000000e+02
4.834413978412642088e+00 9.409717407226562500e+02
4.837848730795172969e+00 9.455725708007812500e+02
4.841283483177703850e+00 9.441845092773437500e+02
4.844718235560234731e+00 9.317510986328125000e+02
4.848152987942766501e+00 9.245690917968750000e+02
4.851587740325297382e+00 9.313206787109375000e+02
4.855022492707828263e+00 9.355420532226562500e+02
4.858457245090360033e+00 9.343564453125000000e+02
4.861891997472890914e+00 9.348742065429687500e+02
4.865326749855421795e+00 9.351290283203125000e+02
4.868761502237952676e+00 9.290257568359375000e+02
4.872196254620484446e+00 9.249668579101562500e+02
4.875631007003015327e+00 9.281275024414062500e+02
4.879065759385547096e+00 9.242973022460937500e+02
4.882500511768077978e+00 9.173136596679687500e+02
4.885935264150609747e+00 9.164617919921875000e+02
4.889370016533139740e+00 9.230606079101562500e+02
4.892804768915671509e+00 9.249754028320312500e+02
4.896239521298202391e+00 9.279100341796875000e+02
4.899674273680734160e+00 9.318718261718750000e+02
4.903109026063265041e+00 9.316998291015625000e+02
4.906543778445796811e+00 9.290622558593750000e+02
4.909978530828327692e+00 9.324761962890625000e+02
4.913413283210858573e+00 9.286361083984375000e+02
4.916848035593389454e+00 9.321900024414062500e+02
4.920282787975921224e+00 9.262764282226562500e+02
4.923717540358452105e+00 9.270515747070312500e+02
4.927152292740982986e+00 9.280712280273437500e+02
4.930587045123514756e+00 9.345894165039062500e+02
4.934021797506045637e+00 9.338662109375000000e+02
4.937456549888577406e+00 9.293403320312500000e+02
4.940891302271107399e+00 9.364974365234375000e+02
4.944326054653639169e+00 9.499003906250000000e+02
4.947760807036170050e+00 9.629741210937500000e+02
4.951195559418701819e+00 9.657912597656250000e+02
4.954630311801232700e+00 9.565571289062500000e+02
4.958065064183764470e+00 9.570490722656250000e+02
4.961499816566295351e+00 9.665700073242187500e+02
4.964934568948826232e+00 9.720715332031250000e+02
4.968369321331357114e+00 9.757332763671875000e+02
4.971804073713888883e+00 9.779541015625000000e+02
4.975238826096419764e+00 9.894749145507812500e+02
4.978673578478951534e+00 9.941657104492187500e+02
4.982108330861482415e+00 9.981604003906250000e+02
4.985543083244014184e+00 1.003701416015625000e+03
4.988977835626544177e+00 1.010049926757812500e+03
4.992412588009075947e+00 1.028129638671875000e+03
4.995847340391606828e+00 1.041445068359375000e+03
4.999282092774138597e+00 1.051044555664062500e+03
5.002716845156669478e+00 1.062277221679687500e+03
5.006151597539200360e+00 1.083716186523437500e+03
5.009586349921732129e+00 1.109905273437500000e+03
5.013021102304263010e+00 1.139839477539062500e+03
5.016455854686793892e+00 1.171364624023437500e+03
5.019890607069324773e+00 1.210487182617187500e+03
5.023325359451856542e+00 1.284780639648437500e+03
5.026760111834387423e+00 1.426268188476562500e+03
5.030194864216919193e+00 1.694648193359375000e+03
5.033629616599450074e+00 2.246708740234375000e+03
5.037064368981981843e+00 3.431592285156250000e+03
5.040499121364511836e+00 5.513514648437500000e+03
5.043933873747043606e+00 8.663830078125000000e+03
5.047368626129574487e+00 1.239560742187500000e+04
5.050803378512106256e+00 1.558094140625000000e+04
5.054238130894637138e+00 1.773704882812500000e+04
5.057672883277168907e+00 1.811501367187500000e+04
5.061107635659699788e+00 1.713471093750000000e+04
5.064542388042230669e+00 1.470045507812500000e+04
5.067977140424761551e+00 1.188200488281250000e+04
5.071411892807293320e+00 8.927581054687500000e+03
5.074846645189824201e+00 6.380700195312500000e+03
5.078281397572355083e+00 4.504093750000000000e+03
5.081716149954886852e+00 3.091254638671875000e+03
5.085150902337417733e+00 2.217937255859375000e+03
5.088585654719949503e+00 1.694008178710937500e+03
5.092020407102479496e+00 1.436811645507812500e+03
5.095455159485011265e+00 1.299031005859375000e+03
5.098889911867542146e+00 1.213486206054687500e+03
5.102324664250073916e+00 1.164887329101562500e+03
5.105759416632604797e+00 1.133892089843750000e+03
5.109194169015136566e+00 1.113188354492187500e+03
5.112628921397667447e+00 1.094340942382812500e+03
5.116063673780198329e+00 1.077769897460937500e+03
5.119498426162729210e+00 1.061320190429687500e+03
5.122933178545260979e+00 1.047561157226562500e+03
5.126367930927791861e+00 1.034284790039062500e+03
5.129802683310323630e+00 1.018473754882812500e+03
5.133237435692854511e+00 1.010958496093750000e+03
5.136672188075386281e+00 1.001804443359375000e+03
5.140106940457916274e+00 9.886492919921875000e+02
5.143541692840448043e+00 9.769301147460937500e+02
5.146976445222978924e+00 9.794405517578125000e+02
5.150411197605510694e+00 9.829711303710937500e+02
5.153845949988041575e+00 9.809617309570312500e+02
5.157280702370572456e+00 9.760261840820312500e+02
5.160715454753104225e+00 9.712915649414062500e+02
5.164150207135635107e+00 9.600632934570312500e+02
5.167584959518165988e+00 9.532177124023437500e+02
5.171019711900696869e+00 9.489055175781250000e+02
5.174454464283228639e+00 9.466339721679687500e+02
5.177889216665759520e+00 9.399524536132812500e+02
5.181323969048291289e+00 9.378663940429687500e+02
5.184758721430822170e+00 9.412030639648437500e+02
5.188193473813353940e+00 9.451334228515625000e+02
5.191628226195883933e+00 9.476987915039062500e+02
5.195062978578415702e+00 9.496733398437500000e+02
5.198497730960946583e+00 9.481749267578125000e+02
5.201932483343478353e+00 9.448592529296875000e+02
5.205367235726009234e+00 9.427251586914062500e+02
5.208801988108541003e+00 9.493820190429687500e+02
5.212236740491071885e+00 9.582475585937500000e+02
5.215671492873602766e+00 9.501803588867187500e+02
5.219106245256133647e+00 9.397135620117187500e+02
5.222540997638665417e+00 9.345537109375000000e+02
5.225975750021196298e+00 9.388833007812500000e+02
5.229410502403727179e+00 9.452279052734375000e+02
5.232845254786258948e+00 9.547268066406250000e+02
5.236280007168789830e+00 9.665302734375000000e+02
5.239714759551321599e+00 9.703348999023437500e+02
5.243149511933851592e+00 9.637874145507812500e+02
5.246584264316383361e+00 9.704118041992187500e+02
5.250019016698914243e+00 9.850106201171875000e+02
5.253453769081446012e+00 9.946208496093750000e+02
5.256888521463976893e+00 9.963204345703125000e+02
5.260323273846508663e+00 9.938820190429687500e+02
5.263758026229039544e+00 9.969321289062500000e+02
5.267192778611570425e+00 1.000511413574218750e+03
5.270627530994101306e+00 1.015709350585937500e+03
5.274062283376633076e+00 1.029748657226562500e+03
5.277497035759163957e+00 1.033614379882812500e+03
5.280931788141695726e+00 1.041996948242187500e+03
5.284366540524226608e+00 1.054198242187500000e+03
5.287801292906758377e+00 1.088427856445312500e+03
5.291236045289288370e+00 1.123858276367187500e+03
5.294670797671820139e+00 1.171814086914062500e+03
5.298105550054351021e+00 1.243293090820312500e+03
5.301540302436882790e+00 1.364502197265625000e+03
5.304975054819413671e+00 1.598150512695312500e+03
5.308409807201944552e+00 2.089918212890625000e+03
5.311844559584476322e+00 3.137569824218750000e+03
5.315279311967006315e+00 5.131585937500000000e+03
5.318714064349538084e+00 8.161274414062500000e+03
5.322148816732068966e+00 1.186987304687500000e+04
5.325583569114600735e+00 1.524230273437500000e+04
5.329018321497131616e+00 1.709872460937500000e+04
5.332453073879663386e+00 1.731951757812500000e+04
5.335887826262194267e+00 1.531501562500000000e+04
5.339322578644726036e+00 1.258561230468750000e+04
5.342757331027256029e+00 9.155625000000000000e+03
5.346192083409787799e+00 6.679943359375000000e+03
5.349626835792318680e+00 4.697097167968750000e+03
5.353061588174850449e+00 3.357390380859375000e+03
5.356496340557381330e+00 2.390985595703125000e+03
5.359931092939913100e+00 1.782636596679687500e+03
5.363365845322443981e+00 1.432159790039062500e+03
5.366800597704974862e+00 1.269241699218750000e+03
5.370235350087505743e+00 1.179688720703125000e+03
5.373670102470037513e+00 1.127412597656250000e+03
5.377104854852568394e+00 1.097092529296875000e+03
5.380539607235100164e+00 1.076593994140625000e+03
5.383974359617631045e+00 1.058756347656250000e+03
5.387409112000161926e+00 1.041582763671875000e+03
5.390843864382692807e+00 1.033373168945312500e+03
5.394278616765223688e+00 1.022095825195312500e+03
5.397713369147755458e+00 1.012094787597656250e+03
5.401148121530286339e+00 9.982520751953125000e+02
5.404582873912818108e+00 9.854618530273437500e+02
5.408017626295348990e+00 9.797653198242187500e+02
5.411452378677880759e+00 9.764158935546875000e+02
5.414887131060411640e+00 9.747756347656250000e+02
5.418321883442942521e+00 9.673535156250000000e+02
5.421756635825473403e+00 9.601491699218750000e+02
5.425191388208005172e+00 9.537620849609375000e+02
5.428626140590536053e+00 9.495688476562500000e+02
5.432060892973067823e+00 9.518805541992187500e+02
5.435495645355598704e+00 9.545560913085937500e+02
5.438930397738130473e+00 9.522199096679687500e+02
5.442365150120660466e+00 9.386066894531250000e+02
5.445799902503192236e+00 9.294428100585937500e+02
5.449234654885723117e+00 9.263132324218750000e+02
5.452669407268254886e+00 9.287386474609375000e+02
5.456104159650785768e+00 9.242468261718750000e+02
5.459538912033316649e+00 9.191719360351562500e+02
5.462973664415848418e+00 9.169862060546875000e+02
5.466408416798379299e+00 9.179440307617187500e+02
5.469843169180910181e+00 9.186466064453125000e+02
5.473277921563441062e+00 9.201822509765625000e+02
5.476712673945972831e+00 9.221336669921875000e+02
5.480147426328503713e+00 9.232282714843750000e+02
5.483582178711035482e+00 9.295117797851562500e+02
5.487016931093566363e+00 9.302035522460937500e+02
5.490451683476098133e+00 9.312935791015625000e+02
5.493886435858628126e+00 9.323104248046875000e+02
5.497321188241159895e+00 9.338015136718750000e+02
5.500755940623690776e+00 9.371048583984375000e+02
5.504190693006222546e+00 9.403807983398437500e+02
5.507625445388753427e+00 9.414921264648437500e+02
5.511060197771285196e+00 9.441487426757812500e+02
5.514494950153816077e+00 9.522283325195312500e+02
5.517929702536346959e+00 9.572277832031250000e+02
5.521364454918877840e+00 9.650718994140625000e+02
5.524799207301409609e+00 9.663356323242187500e+02
5.528233959683940490e+00 9.669329833984375000e+02
5.531668712066472260e+00 9.578740844726562500e+02
5.535103464449003141e+00 9.614848632812500000e+02
5.538538216831534022e+00 9.723924560546875000e+02
5.541972969214064904e+00 9.816376342773437500e+02
5.545407721596595785e+00 9.911968994140625000e+02
5.548842473979127554e+00 1.004200012207031250e+03
5.552277226361658435e+00 1.034262329101562500e+03
5.555711978744190205e+00 1.072108642578125000e+03
5.559146731126721086e+00 1.130772705078125000e+03
5.562581483509252855e+00 1.235286132812500000e+03
5.566016235891783737e+00 1.436690185546875000e+03
5.569450988274314618e+00 1.840760253906250000e+03
5.572885740656845499e+00 2.719098876953125000e+03
5.576320493039377268e+00 4.360649414062500000e+03
5.579755245421908150e+00 6.754989257812500000e+03
5.583189997804439919e+00 1.028595996093750000e+04
5.586624750186970800e+00 1.278330761718750000e+04
5.590059502569502570e+00 1.460887207031250000e+04
5.593494254952032563e+00 1.415927050781250000e+04
5.596929007334564332e+00 1.261576171875000000e+04
5.600363759717095213e+00 9.828260742187500000e+03
5.603798512099626983e+00 7.432383789062500000e+03
5.607233264482157864e+00 5.156214355468750000e+03
5.610668016864688745e+00 3.661061523437500000e+03
5.614102769247220515e+00 2.509101806640625000e+03
5.617537521629751396e+00 1.839928833007812500e+03
5.620972274012282277e+00 1.464234008789062500e+03
5.624407026394813158e+00 1.254684570312500000e+03
5.627841778777344928e+00 1.152271728515625000e+03
5.631276531159875809e+00 1.094555541992187500e+03
5.634711283542407578e+00 1.059540405273437500e+03
5.638146035924938460e+00 1.025816650390625000e+03
5.641580788307470229e+00 1.002086547851562500e+03
5.645015540690000222e+00 9.864328002929687500e+02
5.648450293072531991e+00 9.826677246093750000e+02
5.651885045455062873e+00 9.776273803710937500e+02
5.655319797837594642e+00 9.682219848632812500e+02
5.658754550220125523e+00 9.582653198242187500e+02
5.662189302602657293e+00 9.492090454101562500e+02
5.665624054985188174e+00 9.421352539062500000e+02
5.669058807367719055e+00 9.342731323242187500e+02
5.672493559750249936e+00 9.286248779296875000e+02
5.675928312132781706e+00 9.197713623046875000e+02
5.679363064515312587e+00 9.191242065429687500e+02
5.682797816897844356e+00 9.179247436523437500e+02
5.686232569280375237e+00 9.152469482421875000e+02
5.689667321662906119e+00 9.068611450195312500e+02
5.693102074045437000e+00 9.018380126953125000e+02
5.696536826427967881e+00 9.007969970703125000e+02
5.699971578810499651e+00 8.975617675781250000e+02
5.703406331193030532e+00 8.957864379882812500e+02
5.706841083575562301e+00 8.866591796875000000e+02
5.710275835958093182e+00 8.792928466796875000e+02
5.713710588340624952e+00 8.681217651367187500e+02
5.717145340723154945e+00 8.699111938476562500e+02
5.720580093105686714e+00 8.704655761718750000e+02
5.724014845488217595e+00 8.739288940429687500e+02
5.727449597870749365e+00 8.735552978515625000e+02
5.730884350253280246e+00 8.777601928710937500e+02
5.734319102635812015e+00 8.779656372070312500e+02
5.737753855018342897e+00 8.776535034179687500e+02
5.741188607400874666e+00 8.760159301757812500e+02
5.744623359783404659e+00 8.785156860351562500e+02
5.748058112165936429e+00 8.712052001953125000e+02
5.751492864548467310e+00 8.638286132812500000e+02
5.754927616930999079e+00 8.571610717773437500e+02
5.758362369313529960e+00 8.614096679687500000e+02
5.761797121696060842e+00 8.744318237304687500e+02
5.765231874078592611e+00 8.850633544921875000e+02
5.768666626461123492e+00 8.864130859375000000e+02
5.772101378843654373e+00 8.751976928710937500e+02
5.775536131226185255e+00 8.664074096679687500e+02
5.778970883608717024e+00 8.643364257812500000e+02
5.782405635991247905e+00 8.595153198242187500e+02
5.785840388373779675e+00 8.562155761718750000e+02
5.789275140756310556e+00 8.525413818359375000e+02
5.792709893138841437e+00 8.572207031250000000e+02
5.796144645521372318e+00 8.607487792968750000e+02
5.799579397903904088e+00 8.707990722656250000e+02
5.803014150286434969e+00 8.787044677734375000e+02
5.806448902668966738e+00 8.811220092773437500e+02
5.809883655051497620e+00 8.863734741210937500e+02
5.813318407434029389e+00 9.109128417968750000e+02
5.816753159816560270e+00 9.550986938476562500e+02
5.820187912199091151e+00 1.041427246093750000e+03
5.823622664581622033e+00 1.196092529296875000e+03
5.827057416964153802e+00 1.423614013671875000e+03
5.830492169346684683e+00 1.691123901367187500e+03
5.833926921729216453e+00 1.903556274414062500e+03
5.837361674111747334e+00 2.025332275390625000e+03
5.840796426494278215e+00 1.968660400390625000e+03
5.844231178876809096e+00 1.828596191406250000e+03
5.847665931259339978e+00 1.606127807617187500e+03
5.851100683641871747e+00 1.423060058593750000e+03
5.854535436024402628e+00 1.265170410156250000e+03
5.857970188406934398e+00 1.141024780273437500e+03
5.861404940789465279e+00 1.051409179687500000e+03
5.864839693171997048e+00 9.827241821289062500e+02
5.868274445554527041e+00 9.321741943359375000e+02
5.871709197937058811e+00 8.946736450195312500e+02
5.875143950319589692e+00 8.757578735351562500e+02
5.878578702702121461e+00 8.623028564453125000e+02
5.882013455084652342e+00 8.593264770507812500e+02
5.885448207467184112e+00 8.577740478515625000e+02
5.888882959849714993e+00 8.581312866210937500e+02
5.892317712232246762e+00 8.577404174804687500e+02
5.895752464614776756e+00 8.585350341796875000e+02
5.899187216997308525e+00 8.518125610351562500e+02
5.902621969379839406e+00 8.517941894531250000e+02
5.906056721762371176e+00 8.550032958984375000e+02
5.909491474144902057e+00 8.634849243164062500e+02
5.912926226527432938e+00 8.618411254882812500e+02
5.916360978909964707e+00 8.570254516601562500e+02
5.919795731292495589e+00 8.538128662109375000e+02
5.923230483675026470e+00 8.487915039062500000e+02
5.926665236057557351e+00 8.499547729492187500e+02
5.930099988440089120e+00 8.502807006835937500e+02
5.933534740822620002e+00 8.540720825195312500e+02
5.936969493205151771e+00 8.508092651367187500e+02
5.940404245587682652e+00 8.505706787109375000e+02
5.943838997970213534e+00 8.571550292968750000e+02
5.947273750352744415e+00 8.642227172851562500e+02
5.950708502735276184e+00 8.662501220703125000e+02
5.954143255117807065e+00 8.689901733398437500e+02
5.957578007500338835e+00 8.714960327148437500e+02
5.961012759882869716e+00 8.698526000976562500e+02
5.964447512265401485e+00 8.652245483398437500e+02
5.967882264647932367e+00 8.674151000976562500e+02
5.971317017030463248e+00 8.680959472656250000e+02
5.974751769412994129e+00 8.685197753906250000e+02
5.978186521795525898e+00 8.658602905273437500e+02
5.981621274178056780e+00 8.630520019531250000e+02
5.985056026560588549e+00 8.575988159179687500e+02
5.988490778943119430e+00 8.518450927734375000e+02
5.991925531325650311e+00 8.525762939453125000e+02
5.995360283708181193e+00 8.624216918945312500e+02
5.998795036090712074e+00 8.737022094726562500e+02
6.002229788473243843e+00 8.768713378906250000e+02
6.005664540855774725e+00 8.790931396484375000e+02
6.009099293238306494e+00 8.759971313476562500e+02
6.012534045620837375e+00 8.827744140625000000e+02
6.015968798003369145e+00 8.852230834960937500e+02
6.019403550385899138e+00 8.908569335937500000e+02
6.022838302768430907e+00 8.895656738281250000e+02
6.026273055150961788e+00 8.984638061523437500e+02
6.029707807533493558e+00 9.114410400390625000e+02
6.033142559916024439e+00 9.236502685546875000e+02
6.036577312298556208e+00 9.313154296875000000e+02
6.040012064681087089e+00 9.453718872070312500e+02
6.043446817063618859e+00 9.649807128906250000e+02
6.046881569446148852e+00 9.966701660156250000e+02
6.050316321828680621e+00 1.056181640625000000e+03
6.053751074211211503e+00 1.177503784179687500e+03
6.057185826593743272e+00 1.447561767578125000e+03
6.060620578976274153e+00 1.974520874023437500e+03
6.064055331358805923e+00 2.930594238281250000e+03
6.067490083741336804e+00 4.338344238281250000e+03
6.070924836123867685e+00 5.669135742187500000e+03
6.074359588506398566e+00 6.835141113281250000e+03
6.077794340888929447e+00 7.080547851562500000e+03
6.081229093271461217e+00 6.803199707031250000e+03
6.084663845653992098e+00 5.852931152343750000e+03
6.088098598036523867e+00 4.853633789062500000e+03
6.091533350419054749e+00 3.738210937500000000e+03
6.094968102801585630e+00 2.843620117187500000e+03
6.098402855184116511e+00 2.138953857421875000e+03
6.101837607566648281e+00 1.688525634765625000e+03
6.105272359949179162e+00 1.382215209960937500e+03
6.108707112331710931e+00 1.192665161132812500e+03
6.112141864714241812e+00 1.069131713867187500e+03
6.115576617096773582e+00 1.006167236328125000e+03
6.119011369479304463e+00 9.696197509765625000e+02
6.122446121861835344e+00 9.428205566406250000e+02
6.125880874244366225e+00 9.274163818359375000e+02
6.129315626626897995e+00 9.286517944335937500e+02
6.132750379009428876e+00 9.367260131835937500e+02
6.136185131391960645e+00 9.327766723632812500e+02
6.139619883774491527e+00 9.274875488281250000e+02
6.143054636157022408e+00 9.158452758789062500e+02
6.146489388539553289e+00 9.073083496093750000e+02
6.149924140922085058e+00 8.923897705078125000e+02
6.153358893304615940e+00 8.871464233398437500e+02
6.156793645687146821e+00 8.876578979492187500e+02
6.160228398069678590e+00 8.944976806640625000e+02
6.163663150452209472e+00 8.943497314453125000e+02
6.167097902834741241e+00 8.970344848632812500e+02
6.170532655217271234e+00 9.014008789062500000e+02
6.173967407599803003e+00 9.047460937500000000e+02
6.177402159982333885e+00 9.022291259765625000e+02
6.180836912364865654e+00 8.977324218750000000e+02
6.184271664747396535e+00 8.964083862304687500e+02
6.187706417129928305e+00 8.932609863281250000e+02
6.191141169512459186e+00 8.944322509765625000e+02
6.194575921894990067e+00 9.029654541015625000e+02
6.198010674277520948e+00 9.089631958007812500e+02
6.201445426660052718e+00 9.088623657226562500e+02
6.204880179042583599e+00 9.008877563476562500e+02
6.208314931425115368e+00 9.018063354492187500e+02
6.211749683807646250e+00 9.006416625976562500e+02
6.215184436190178019e+00 9.036962280273437500e+02
6.218619188572708900e+00 9.034439697265625000e+02
6.222053940955239781e+00 9.118933105468750000e+02
6.225488693337770663e+00 9.250209960937500000e+02
6.228923445720301544e+00 9.302719726562500000e+02
6.232358198102833313e+00 9.359779052734375000e+02
6.235792950485364194e+00 9.375220336914062500e+02
6.239227702867895964e+00 9.396075439453125000e+02
6.242662455250426845e+00 9.484877929687500000e+02
6.246097207632957726e+00 9.552482299804687500e+02
6.249531960015488607e+00 9.674018554687500000e+02
6.252966712398020377e+00 9.759479370117187500e+02
6.256401464780551258e+00 9.945489501953125000e+02
6.259836217163083028e+00 1.010084533691406250e+03
6.263270969545613909e+00 1.031876342773437500e+03
6.266705721928145678e+00 1.046005737304687500e+03
6.270140474310675671e+00 1.076659301757812500e+03
6.273575226693207441e+00 1.119825439453125000e+03
6.277009979075738322e+00 1.204255981445312500e+03
6.280444731458270091e+00 1.347447875976562500e+03
6.283879483840800972e+00 1.626127929687500000e+03
6.287314236223332742e+00 2.185988281250000000e+03
6.290748988605863623e+00 3.306771240234375000e+03
6.294183740988394504e+00 5.368308593750000000e+03
6.297618493370925385e+00 8.078013183593750000e+03
6.301053245753457155e+00 1.134312500000000000e+04
6.304487998135988036e+00 1.432637011718750000e+04
6.307922750518518917e+00 1.571435253906250000e+04
6.311357502901050687e+00 1.576275976562500000e+04
6.314792255283581568e+00 1.382580957031250000e+04
6.318227007666113337e+00 1.139861914062500000e+04
6.321661760048643330e+00 8.490654296875000000e+03
6.325096512431175100e+00 6.312094726562500000e+03
6.328531264813705981e+00 4.456014160156250000e+03
6.331966017196237750e+00 3.254639892578125000e+03
6.335400769578768632e+00 2.365094482421875000e+03
6.338835521961300401e+00 1.784538330078125000e+03
6.342270274343831282e+00 1.416358764648437500e+03
6.345705026726362163e+00 1.229878540039062500e+03
6.349139779108893045e+00 1.136600097656250000e+03
6.352574531491424814e+00 1.083595581054687500e+03
6.356009283873955695e+00 1.055331420898437500e+03
6.359444036256487465e+00 1.035505615234375000e+03
6.362878788639018346e+00 1.015832275390625000e+03
6.366313541021550115e+00 1.000760253906250000e+03
6.369748293404080997e+00 9.875980224609375000e+02
6.373183045786611878e+00 9.732805786132812500e+02
6.376617798169142759e+00 9.598149414062500000e+02
6.380052550551673640e+00 9.491680908203125000e+02
6.383487302934205410e+00 9.336899414062500000e+02
6.386922055316736291e+00 9.257655639648437500e+02
6.390356807699268060e+00 9.169812622070312500e+02
6.393791560081798941e+00 9.106567382812500000e+02
6.397226312464329823e+00 9.011876220703125000e+02
6.400661064846860704e+00 8.986370239257812500e+02
6.404095817229392473e+00 8.965820312500000000e+02
6.407530569611923355e+00 8.979041137695312500e+02
6.410965321994455124e+00 8.982500000000000000e+02
6.414400074376986005e+00 8.937385864257812500e+02
6.417834826759517775e+00 8.906807861328125000e+02
6.421269579142047768e+00 8.827527465820312500e+02
6.424704331524579537e+00 8.777872314453125000e+02
6.428139083907110418e+00 8.670249023437500000e+02
6.431573836289642188e+00 8.663636474609375000e+02
6.435008588672173069e+00 8.675853271484375000e+02
6.438443341054704838e+00 8.692089233398437500e+02
6.441878093437235719e+00 8.680019531250000000e+02
6.445312845819766601e+00 8.642832641601562500e+02
6.448747598202297482e+00 8.626224975585937500e+02
6.452182350584829251e+00 8.617103271484375000e+02
6.455617102967360132e+00 8.592005004882812500e+02
6.459051855349891014e+00 8.545227661132812500e+02
6.462486607732422783e+00 8.549863281250000000e+02
6.465921360114953664e+00 8.505757446289062500e+02
6.469356112497485434e+00 8.460057983398437500e+02
6.472790864880015427e+00 8.451962280273437500e+02
6.476225617262547196e+00 8.469830322265625000e+02
6.479660369645078077e+00 8.475479736328125000e+02
6.483095122027609847e+00 8.354514770507812500e+02
6.486529874410140728e+00 8.293991088867187500e+02
6.489964626792672497e+00 8.320501098632812500e+02
6.493399379175203379e+00 8.406926879882812500e+02
6.496834131557734260e+00 8.416313476562500000e+02
6.500268883940265141e+00 8.353847656250000000e+02
6.503703636322796910e+00 8.312725219726562500e+02
6.507138388705327792e+00 8.303340454101562500e+02
6.510573141087859561e+00 8.322051391601562500e+02
6.514007893470390442e+00 8.357651367187500000e+02
6.517442645852922212e+00 8.341543579101562500e+02
6.520877398235453093e+00 8.337333984375000000e+02
6.524312150617983974e+00 8.260050659179687500e+02
6.527746903000514855e+00 8.268806762695312500e+02
6.531181655383045737e+00 8.275946044921875000e+02
6.534616407765577506e+00 8.321305541992187500e+02
6.538051160148108387e+00 8.281361694335937500e+02
6.541485912530640157e+00 8.345384521484375000e+02
6.544920664913171038e+00 8.387792358398437500e+02
6.548355417295701919e+00 8.465856933593750000e+02
6.551790169678232800e+00 8.413158569335937500e+02
6.555224922060764570e+00 8.359982910156250000e+02
6.558659674443295451e+00 8.340656738281250000e+02
6.562094426825827220e+00 8.398901367187500000e+02
6.565529179208358102e+00 8.399016723632812500e+02
6.568963931590889871e+00 8.337252197265625000e+02
6.572398683973419864e+00 8.306831054687500000e+02
6.575833436355951633e+00 8.306558837890625000e+02
6.579268188738482515e+00 8.294603881835937500e+02
6.582702941121014284e+00 8.316588134765625000e+02
6.586137693503545165e+00 1.237329223632812500e+03
6.589572445886076935e+00 1.406322265625000000e+03
6.593007198268607816e+00 1.370682861328125000e+03
6.596441950651138697e+00 8.358063964843750000e+02
6.599876703033669578e+00 8.353355102539062500e+02
6.603311455416201348e+00 8.320604248046875000e+02
6.606746207798732229e+00 8.363668212890625000e+02
6.610180960181263110e+00 8.376090698242187500e+02
6.613615712563794879e+00 8.379080200195312500e+02
6.617050464946325761e+00 8.356214599609375000e+02
6.620485217328857530e+00 8.324585571289062500e+02
6.623919969711387523e+00 8.336272583007812500e+02
6.627354722093919293e+00 8.312634277343750000e+02
6.630789474476450174e+00 8.329849853515625000e+02
6.634224226858981943e+00 8.333937377929687500e+02
6.637658979241512824e+00 8.338333740234375000e+02
6.641093731624044594e+00 8.316932373046875000e+02
6.644528484006575475e+00 8.318676147460937500e+02
6.647963236389106356e+00 8.345280151367187500e+02
6.651397988771637237e+00 8.395007324218750000e+02
6.654832741154169007e+00 8.402507324218750000e+02
6.658267493536699888e+00 8.359197387695312500e+02
6.661702245919231657e+00 8.333396606445312500e+02
6.665136998301762539e+00 8.339201660156250000e+02
6.668571750684294308e+00 8.374000244140625000e+02
6.672006503066824301e+00 8.331791992187500000e+02
6.675441255449356071e+00 8.327409057617187500e+02
6.678876007831886952e+00 8.356182861328125000e+02
6.682310760214417833e+00 8.363007812500000000e+02
6.685745512596949602e+00 8.411386718750000000e+02
6.689180264979480484e+00 8.470046997070312500e+02
6.692615017362012253e+00 8.565482788085937500e+02
6.696049769744543134e+00 8.575499267578125000e+02
6.699484522127074015e+00 8.564797973632812500e+02
6.702919274509604897e+00 8.581022949218750000e+02
6.706354026892136666e+00 8.685946044921875000e+02
6.709788779274667547e+00 8.830944824218750000e+02
6.713223531657199317e+00 8.898309326171875000e+02
6.716658284039730198e+00 9.010959472656250000e+02
6.720093036422261967e+00 9.388123779296875000e+02
6.723527788804791960e+00 1.025585327148437500e+03
6.726962541187323730e+00 1.184453857421875000e+03
6.730397293569854611e+00 1.526499267578125000e+03
6.733832045952386380e+00 1.932210693359375000e+03
6.737266798334917262e+00 2.472211914062500000e+03
6.740701550717449031e+00 2.813496093750000000e+03
6.744136303099979912e+00 2.935593261718750000e+03
6.747571055482510793e+00 2.649762939453125000e+03
6.751005807865041675e+00 2.342700439453125000e+03
6.754440560247573444e+00 1.939063476562500000e+03
6.757875312630104325e+00 1.646434814453125000e+03
6.761310065012635206e+00 1.414380615234375000e+03
6.764744817395166976e+00 1.226101196289062500e+03
6.768179569777697857e+00 1.100594848632812500e+03
6.771614322160229626e+00 1.004668457031250000e+03
6.775049074542759620e+00 9.514459838867187500e+02
6.778483826925291389e+00 9.196224365234375000e+02
6.781918579307822270e+00 9.049284057617187500e+02
6.785353331690354040e+00 8.932965087890625000e+02
6.788788084072884921e+00 8.801145629882812500e+02
6.792222836455416690e+00 8.665315551757812500e+02
6.795657588837947571e+00 8.587929077148437500e+02
6.799092341220478453e+00 8.595223999023437500e+02
6.802527093603009334e+00 8.651868896484375000e+02
6.805961845985541103e+00 8.668928833007812500e+02
6.809396598368071984e+00 8.687572631835937500e+02
6.812831350750603754e+00 8.679585571289062500e+02
6.816266103133134635e+00 8.637686767578125000e+02
6.819700855515666404e+00 8.571738281250000000e+02
6.823135607898196398e+00 8.611894531250000000e+02
6.826570360280728167e+00 8.652519531250000000e+02
6.830005112663259048e+00 8.731596069335937500e+02
6.833439865045790818e+00 8.714351806640625000e+02
6.836874617428321699e+00 8.674127197265625000e+02
6.840309369810852580e+00 8.625446166992187500e+02
6.843744122193384349e+00 8.636693115234375000e+02
6.847178874575915231e+00 8.651080322265625000e+02
6.850613626958446112e+00 8.626567382812500000e+02
6.854048379340976993e+00 8.661810302734375000e+02
6.857483131723508762e+00 8.672978515625000000e+02
6.860917884106039644e+00 8.659298095703125000e+02
6.864352636488571413e+00 8.706701049804687500e+02
6.867787388871102294e+00 8.795236206054687500e+02
6.871222141253634064e+00 8.914130249023437500e+02
6.874656893636164057e+00 8.954851074218750000e+02
6.878091646018695826e+00 8.964460449218750000e+02
6.881526398401226707e+00 9.013203125000000000e+02
6.884961150783758477e+00 9.079488525390625000e+02
6.888395903166289358e+00 9.172733764648437500e+02
6.891830655548821127e+00 9.168250122070312500e+02
6.895265407931352009e+00 9.157218627929687500e+02
6.898700160313882890e+00 9.197900390625000000e+02
6.902134912696413771e+00 9.314691162109375000e+02
6.905569665078945540e+00 9.476196899414062500e+02
6.909004417461476422e+00 9.598321533203125000e+02
6.912439169844007303e+00 9.802341308593750000e+02
6.915873922226539072e+00 1.011486389160156250e+03
6.919308674609069953e+00 1.058070556640625000e+03
6.922743426991601723e+00 1.134515136718750000e+03
6.926178179374131716e+00 1.272830688476562500e+03
6.929612931756663485e+00 1.549890380859375000e+03
6.933047684139194367e+00 2.108766601562500000e+03
6.936482436521726136e+00 3.133584472656250000e+03
6.939917188904257017e+00 4.802302246093750000e+03
6.943351941286788787e+00 6.747877441406250000e+03
6.946786693669319668e+00 8.991354492187500000e+03
6.950221446051850549e+00 1.026870410156250000e+04
6.953656198434381430e+00 1.053606640625000000e+04
6.957090950816913200e+00 9.752542968750000000e+03
6.960525703199444081e+00 8.284944335937500000e+03
6.963960455581975850e+00 6.627565917968750000e+03
6.967395207964506731e+00 5.021922851562500000e+03
6.970829960347038501e+00 3.932404541015625000e+03
6.974264712729568494e+00 2.909202636718750000e+03
6.977699465112100263e+00 2.282391113281250000e+03
6.981134217494631145e+00 1.763115234375000000e+03
6.984568969877162914e+00 1.453697265625000000e+03
6.988003722259693795e+00 1.228365600585937500e+03
6.991438474642224676e+00 1.109080444335937500e+03
6.994873227024756446e+00 1.042506958007812500e+03
6.998307979407287327e+00 1.005074951171875000e+03
7.001742731789818208e+00 9.851455688476562500e+02
7.005177484172349089e+00 9.715386352539062500e+02
7.008612236554880859e+00 9.598489379882812500e+02
7.012046988937411740e+00 9.428732299804687500e+02
7.015481741319943509e+00 9.333439941406250000e+02
7.018916493702474391e+00 9.352700805664062500e+02
7.022351246085006160e+00 9.321133422851562500e+02
7.025785998467536153e+00 9.240216064453125000e+02
7.029220750850067922e+00 9.115653686523437500e+02
7.032655503232598804e+00 9.077222290039062500e+02
7.036090255615130573e+00 9.077962646484375000e+02
7.039525007997661454e+00 9.094401245117187500e+02
7.042959760380193224e+00 9.100263671875000000e+02
7.046394512762724105e+00 9.032299194335937500e+02
7.049829265145254986e+00 8.998590698242187500e+02
7.053264017527785867e+00 8.948797607421875000e+02
7.056698769910317637e+00 8.960587768554687500e+02
7.060133522292848518e+00 8.956359252929687500e+02
7.063568274675379399e+00 8.943342895507812500e+02
7.067003027057911169e+00 8.924584960937500000e+02
7.070437779440442050e+00 8.961909179687500000e+02
7.073872531822972931e+00 9.004075927734375000e+02
7.077307284205503812e+00 9.073005371093750000e+02
7.080742036588035582e+00 9.107783203125000000e+02
7.084176788970566463e+00 9.100056152343750000e+02
7.087611541353098232e+00 9.141058959960937500e+02
7.091046293735629114e+00 9.196756591796875000e+02
7.094481046118160883e+00 9.240310668945312500e+02
7.097915798500691764e+00 9.250333251953125000e+02
7.101350550883222645e+00 9.262424316406250000e+02
7.104785303265753527e+00 9.304763793945312500e+02
7.108220055648285296e+00 9.364458618164062500e+02
7.111654808030816177e+00 9.503928833007812500e+02
7.115089560413347947e+00 9.639949951171875000e+02
7.118524312795878828e+00 9.767380371093750000e+02
7.121959065178410597e+00 1.011633605957031250e+03
7.125393817560940590e+00 1.081344360351562500e+03
7.128828569943472360e+00 1.210229492187500000e+03
7.132263322326003241e+00 1.472607543945312500e+03
7.135698074708535010e+00 1.969985961914062500e+03
7.139132827091065892e+00 2.839218017578125000e+03
7.142567579473596773e+00 4.063672607421875000e+03
7.146002331856128542e+00 5.465606445312500000e+03
7.149437084238658535e+00 6.673388183593750000e+03
7.152871836621190305e+00 7.450944824218750000e+03
7.156306589003721186e+00 7.479836425781250000e+03
7.159741341386252955e+00 7.013561523437500000e+03
7.163176093768782948e+00 5.945419433593750000e+03
7.166610846151314718e+00 4.865921386718750000e+03
7.170045598533845599e+00 3.725222900390625000e+03
7.173480350916377368e+00 2.901835449218750000e+03
7.176915103298908249e+00 2.237004882812500000e+03
7.180349855681440019e+00 1.782609375000000000e+03
7.183784608063970900e+00 1.455240356445312500e+03
7.187219360446502670e+00 1.231645141601562500e+03
7.190654112829033551e+00 1.092859741210937500e+03
7.194088865211565320e+00 1.016189086914062500e+03
7.197523617594096201e+00 9.732890014648437500e+02
7.200958369976627971e+00 9.513792724609375000e+02
7.204393122359158852e+00 9.373075561523437500e+02
7.207827874741689733e+00 9.298582153320312500e+02
7.211262627124221503e+00 9.264260864257812500e+02
7.214697379506751496e+00 9.147724609375000000e+02
7.218132131889282377e+00 9.008848876953125000e+02
7.221566884271814146e+00 8.917628784179687500e+02
7.225001636654345027e+00 8.905897827148437500e+02
7.228436389036875909e+00 8.867169189453125000e+02
7.231871141419407678e+00 8.820195922851562500e+02
7.235305893801938559e+00 8.782321777343750000e+02
7.238740646184470329e+00 8.802984619140625000e+02
7.242175398567001210e+00 8.802350463867187500e+02
7.245610150949532979e+00 8.737633056640625000e+02
7.249044903332063861e+00 8.739809570312500000e+02
7.252479655714595630e+00 8.742411499023437500e+02
7.255914408097126511e+00 8.710807495117187500e+02
7.259349160479658281e+00 8.587404785156250000e+02
7.262783912862187385e+00 8.513276367187500000e+02
7.266218665244719155e+00 8.482430419921875000e+02
7.269653417627250036e+00 8.473931274414062500e+02
7.273088170009781805e+00 8.529891357421875000e+02
7.276522922392312687e+00 8.595714111328125000e+02
7.279957674774844456e+00 8.600260620117187500e+02
7.283392427157375337e+00 8.562357177734375000e+02
7.286827179539907107e+00 8.557961425781250000e+02
7.290261931922437988e+00 8.614282226562500000e+02
7.293696684304968869e+00 8.647225341796875000e+02
7.297131436687500639e+00 8.617571411132812500e+02
7.300566189070031520e+00 8.661718750000000000e+02
7.304000941452563289e+00 8.693224487304687500e+02
7.307435693835094170e+00 8.768411865234375000e+02
7.310870446217625940e+00 8.824514160156250000e+02
7.314305198600155045e+00 8.970148315429687500e+02
7.317739950982686814e+00 9.089769897460937500e+02
7.321174703365217695e+00 9.337100219726562500e+02
7.324609455747749465e+00 9.841274414062500000e+02
7.328044208130280346e+00 1.093438232421875000e+03
7.331478960512812115e+00 1.327636474609375000e+03
7.334913712895342996e+00 1.697462524414062500e+03
7.338348465277874766e+00 2.283705078125000000e+03
7.341783217660405647e+00 2.961509521484375000e+03
7.345217970042937417e+00 3.565929687500000000e+03
7.348652722425468298e+00 3.906617919921875000e+03
7.352087474808000067e+00 3.943573730468750000e+03
7.355522227190530948e+00 3.660721435546875000e+03
7.358956979573061830e+00 3.228139892578125000e+03
7.362391731955593599e+00 2.690917236328125000e+03
7.365826484338123592e+00 2.215649658203125000e+03
7.369261236720654473e+00 1.803312744140625000e+03
7.372695989103186243e+00 1.486076660156250000e+03
7.376130741485717124e+00 1.267832885742187500e+03
7.379565493868248005e+00 1.112594116210937500e+03
7.383000246250779774e+00 1.020492187500000000e+03
7.386434998633310656e+00 9.519436035156250000e+02
7.389869751015842425e+00 9.166938476562500000e+02
7.393304503398373306e+00 8.949812011718750000e+02
7.396739255780905076e+00 8.830083618164062500e+02
7.400174008163435957e+00 8.731455078125000000e+02
7.403608760545967726e+00 8.723201904296875000e+02
7.407043512928498608e+00 8.722233276367187500e+02
7.410478265311030377e+00 8.716237792968750000e+02
7.413913017693559482e+00 8.669902343750000000e+02
7.417347770076091251e+00 8.602174072265625000e+02
7.420782522458622132e+00 8.527769165039062500e+02
7.424217274841153902e+00 8.470707397460937500e+02
7.427652027223684783e+00 8.497307128906250000e+02
7.431086779606216552e+00 8.512809448242187500e+02
7.434521531988747434e+00 8.507276000976562500e+02
7.437956284371279203e+00 8.477875976562500000e+02
