# # sector 11: chi = -65.01 deg (range [-70, -60))
# # columns: 2theta(deg)  intensity
9.943608147427778210e-01 3.218884033203125000e+03
9.977955671253089243e-01 3.192930175781250000e+03
1.001230319507840250e+00 3.194699707031250000e+03
1.004665071890371353e+00 3.198511230468750000e+03
1.008099824272902678e+00 3.206617431640625000e+03
1.011534576655433781e+00 3.214400878906250000e+03
1.014969329037964885e+00 3.227816650390625000e+03
1.018404081420495988e+00 3.225296630859375000e+03
1.021838833803027313e+00 3.224104980468750000e+03
1.025273586185558417e+00 3.208009277343750000e+03
1.028708338568089520e+00 3.207311767578125000e+03
1.032143090950620845e+00 3.190530761718750000e+03
1.035577843333151948e+00 3.187267578125000000e+03
1.039012595715683274e+00 3.182567382812500000e+03
1.042447348098214377e+00 3.184296386718750000e+03
1.045882100480745702e+00 3.179100585937500000e+03
1.049316852863276806e+00 3.184947509765625000e+03
1.052751605245807909e+00 3.199520507812500000e+03
1.056186357628339012e+00 3.199733642578125000e+03
1.059621110010870337e+00 3.197965332031250000e+03
1.063055862393401441e+00 3.189628173828125000e+03
1.066490614775932544e+00 3.201650878906250000e+03
1.069925367158463869e+00 3.187667724609375000e+03
1.073360119540994972e+00 3.177407470703125000e+03
1.076794871923526298e+00 3.157878906250000000e+03
1.080229624306057401e+00 3.174877929687500000e+03
1.083664376688588726e+00 3.187772949218750000e+03
1.087099129071119830e+00 3.205318115234375000e+03
1.090533881453650933e+00 3.197629150390625000e+03
1.093968633836182036e+00 3.193954101562500000e+03
1.097403386218713361e+00 3.186214355468750000e+03
1.100838138601244465e+00 3.183631103515625000e+03
1.104272890983775568e+00 3.185378417968750000e+03
1.107707643366306893e+00 3.182235351562500000e+03
1.111142395748837997e+00 3.175968261718750000e+03
1.114577148131369322e+00 3.170773437500000000e+03
1.118011900513900425e+00 3.176211914062500000e+03
1.121446652896431750e+00 3.170853271484375000e+03
1.124881405278962854e+00 3.165638671875000000e+03
1.128316157661493957e+00 3.178354003906250000e+03
1.131750910044025060e+00 3.178604248046875000e+03
1.135185662426556386e+00 3.173934082031250000e+03
1.138620414809087489e+00 3.165678222656250000e+03
1.142055167191618592e+00 3.176720703125000000e+03
1.145489919574149917e+00 3.164542968750000000e+03
1.148924671956681021e+00 3.132630371093750000e+03
1.152359424339212346e+00 3.133163574218750000e+03
1.155794176721743449e+00 3.137525390625000000e+03
1.159228929104274775e+00 3.165996093750000000e+03
1.162663681486805878e+00 3.154851562500000000e+03
1.166098433869336981e+00 3.152074951171875000e+03
1.169533186251868084e+00 3.152134521484375000e+03
1.172967938634399410e+00 3.176906005859375000e+03
1.176402691016930513e+00 3.194145751953125000e+03
1.179837443399461616e+00 3.185931640625000000e+03
1.183272195781992941e+00 3.166743896484375000e+03
1.186706948164524045e+00 3.136149414062500000e+03
1.190141700547055370e+00 3.119337402343750000e+03
1.193576452929586473e+00 3.117673339843750000e+03
1.197011205312117799e+00 3.119057128906250000e+03
1.200445957694648902e+00 3.132863281250000000e+03
1.203880710077180005e+00 3.144469482421875000e+03
1.207315462459711108e+00 3.155083740234375000e+03
1.210750214842242434e+00 3.164777587890625000e+03
1.214184967224773537e+00 3.181623779296875000e+03
1.217619719607304640e+00 3.195929199218750000e+03
1.221054471989835966e+00 3.184702392578125000e+03
1.224489224372367069e+00 3.167316894531250000e+03
1.227923976754898394e+00 3.144100341796875000e+03
1.231358729137429497e+00 3.122730224609375000e+03
1.234793481519960823e+00 3.124382812500000000e+03
1.238228233902491926e+00 3.149277587890625000e+03
1.241662986285023029e+00 3.166491210937500000e+03
1.245097738667554133e+00 3.174905273437500000e+03
1.248532491050085236e+00 3.169173339843750000e+03
1.251967243432616561e+00 3.144034179687500000e+03
1.255401995815147664e+00 3.124405517578125000e+03
1.258836748197678990e+00 3.124645751953125000e+03
1.262271500580210093e+00 3.123775878906250000e+03
1.265706252962741418e+00 3.129668945312500000e+03
1.269141005345272522e+00 3.135721923828125000e+03
1.272575757727803847e+00 3.149566406250000000e+03
1.276010510110334950e+00 3.145085937500000000e+03
1.279445262492866053e+00 3.136804931640625000e+03
1.282880014875397157e+00 3.129353515625000000e+03
1.286314767257928260e+00 3.122769287109375000e+03
1.289749519640459585e+00 3.113778808593750000e+03
1.293184272022990688e+00 3.104033447265625000e+03
1.296619024405522014e+00 3.089483398437500000e+03
1.300053776788053117e+00 3.082826904296875000e+03
1.303488529170584442e+00 3.059081298828125000e+03
1.306923281553115546e+00 3.060910644531250000e+03
1.310358033935646871e+00 3.086599365234375000e+03
1.313792786318177974e+00 3.115744628906250000e+03
1.317227538700709077e+00 3.134303466796875000e+03
1.320662291083240181e+00 3.130504150390625000e+03
1.324097043465771284e+00 3.123400878906250000e+03
1.327531795848302609e+00 3.112165283203125000e+03
1.330966548230833713e+00 3.111413818359375000e+03
1.334401300613365038e+00 3.113831787109375000e+03
1.337836052995896141e+00 3.131863525390625000e+03
1.341270805378427466e+00 3.138630371093750000e+03
1.344705557760958570e+00 3.136740966796875000e+03
1.348140310143489895e+00 3.105605712890625000e+03
1.351575062526020998e+00 3.096229980468750000e+03
1.355009814908552102e+00 3.090371093750000000e+03
1.358444567291083205e+00 3.086865722656250000e+03
1.361879319673614308e+00 3.076970458984375000e+03
1.365314072056145633e+00 3.074631103515625000e+03
1.368748824438676737e+00 3.077010253906250000e+03
1.372183576821208062e+00 3.080825927734375000e+03
1.375618329203739165e+00 3.080143310546875000e+03
1.379053081586270491e+00 3.070104736328125000e+03
1.382487833968801594e+00 3.067928222656250000e+03
1.385922586351332919e+00 3.066378662109375000e+03
1.389357338733864022e+00 3.075369384765625000e+03
1.392792091116395126e+00 3.071572753906250000e+03
1.396226843498926229e+00 3.079321044921875000e+03
1.399661595881457332e+00 3.074343261718750000e+03
1.403096348263988657e+00 3.056635009765625000e+03
1.406531100646519761e+00 3.046924072265625000e+03
1.409965853029051086e+00 3.050671630859375000e+03
1.413400605411582189e+00 3.074676025390625000e+03
1.416835357794113515e+00 3.087369384765625000e+03
1.420270110176644618e+00 3.091182128906250000e+03
1.423704862559175943e+00 3.075518310546875000e+03
1.427139614941707046e+00 3.054824951171875000e+03
1.430574367324238150e+00 3.026448974609375000e+03
1.434009119706769253e+00 3.005692382812500000e+03
1.437443872089300356e+00 2.994070068359375000e+03
1.440878624471831682e+00 2.999077636718750000e+03
1.444313376854362785e+00 3.014062988281250000e+03
1.447748129236894110e+00 3.028364013671875000e+03
1.451182881619425213e+00 3.027826416015625000e+03
1.454617634001956539e+00 3.024650634765625000e+03
1.458052386384487642e+00 3.014031005859375000e+03
1.461487138767018967e+00 3.000831054687500000e+03
1.464921891149550071e+00 2.987007324218750000e+03
1.468356643532081174e+00 2.976896484375000000e+03
1.471791395914612277e+00 2.974766357421875000e+03
1.475226148297143380e+00 2.986777832031250000e+03
1.478660900679674706e+00 3.001542236328125000e+03
1.482095653062205809e+00 3.007958251953125000e+03
1.485530405444737134e+00 3.003703369140625000e+03
1.488965157827268238e+00 3.008251953125000000e+03
1.492399910209799563e+00 2.999269531250000000e+03
1.495834662592330666e+00 2.988435058593750000e+03
1.499269414974861991e+00 2.982324951171875000e+03
1.502704167357393095e+00 2.989989990234375000e+03
1.506138919739924198e+00 2.992226074218750000e+03
1.509573672122455301e+00 2.982272460937500000e+03
1.513008424504986404e+00 2.973548095703125000e+03
1.516443176887517730e+00 2.972584472656250000e+03
1.519877929270048833e+00 2.959686767578125000e+03
1.523312681652580158e+00 2.956386230468750000e+03
1.526747434035111262e+00 2.956799560546875000e+03
1.530182186417642587e+00 2.959165039062500000e+03
1.533616938800173690e+00 2.959483642578125000e+03
1.537051691182705015e+00 2.962427001953125000e+03
1.540486443565236119e+00 2.952987548828125000e+03
1.543921195947767222e+00 2.943709472656250000e+03
1.547355948330298325e+00 2.942599853515625000e+03
1.550790700712829429e+00 2.954734619140625000e+03
1.554225453095360754e+00 2.959057861328125000e+03
1.557660205477891857e+00 2.965345947265625000e+03
1.561094957860423182e+00 2.968109863281250000e+03
1.564529710242954286e+00 2.949542724609375000e+03
1.567964462625485611e+00 2.926080566406250000e+03
1.571399215008016714e+00 2.918156982421875000e+03
1.574833967390548040e+00 2.922511474609375000e+03
1.578268719773079143e+00 2.920170654296875000e+03
1.581703472155610246e+00 2.913981933593750000e+03
1.585138224538141349e+00 2.913017822265625000e+03
1.588572976920672453e+00 2.920308837890625000e+03
1.592007729303203778e+00 2.919891357421875000e+03
1.595442481685734881e+00 2.919238769531250000e+03
1.598877234068266207e+00 2.929347656250000000e+03
1.602311986450797310e+00 2.938127929687500000e+03
1.605746738833328635e+00 2.950549072265625000e+03
1.609181491215859738e+00 2.965068603515625000e+03
1.612616243598391064e+00 2.988747314453125000e+03
1.616050995980922167e+00 3.005989746093750000e+03
1.619485748363453270e+00 3.021921630859375000e+03
1.622920500745984373e+00 3.014651855468750000e+03
1.626355253128515477e+00 2.998176513671875000e+03
1.629790005511046802e+00 2.989871582031250000e+03
1.633224757893577905e+00 2.991119384765625000e+03
1.636659510276109231e+00 3.004511962890625000e+03
1.640094262658640334e+00 3.032134765625000000e+03
1.643529015041171659e+00 3.079846191406250000e+03
1.646963767423702762e+00 3.132578369140625000e+03
1.650398519806234088e+00 3.171084716796875000e+03
1.653833272188765191e+00 3.226457763671875000e+03
1.657268024571296294e+00 3.337399902343750000e+03
1.660702776953827398e+00 3.562097412109375000e+03
1.664137529336358501e+00 3.985807373046875000e+03
1.667572281718889826e+00 4.898762695312500000e+03
1.671007034101420929e+00 7.020261718750000000e+03
1.674441786483952255e+00 1.129922070312500000e+04
1.677876538866483358e+00 1.849959570312500000e+04
1.681311291249014683e+00 2.548746093750000000e+04
1.684746043631545787e+00 3.007394335937500000e+04
1.688180796014076890e+00 2.951550781250000000e+04
1.691615548396608215e+00 2.459526757812500000e+04
1.695050300779139318e+00 1.695045703125000000e+04
1.698485053161670422e+00 1.049448632812500000e+04
1.701919805544201525e+00 6.484283691406250000e+03
1.705354557926732850e+00 4.597814941406250000e+03
1.708789310309263954e+00 3.816538330078125000e+03
1.712224062691795279e+00 3.430587402343750000e+03
1.715658815074326382e+00 3.243072021484375000e+03
1.719093567456857707e+00 3.135442138671875000e+03
1.722528319839388811e+00 3.061611083984375000e+03
1.725963072221919914e+00 3.010089111328125000e+03
1.729397824604451239e+00 2.968828125000000000e+03
1.732832576986982343e+00 2.953831298828125000e+03
1.736267329369513446e+00 2.945774658203125000e+03
1.739702081752044549e+00 2.936258056640625000e+03
1.743136834134575874e+00 2.925544433593750000e+03
1.746571586517106978e+00 2.913045410156250000e+03
1.750006338899638303e+00 2.893619873046875000e+03
1.753441091282169406e+00 2.874980957031250000e+03
1.756875843664700731e+00 2.850715820312500000e+03
1.760310596047231835e+00 2.830939697265625000e+03
1.763745348429762938e+00 2.821443115234375000e+03
1.767180100812294263e+00 2.814444580078125000e+03
1.770614853194825367e+00 2.814970214843750000e+03
1.774049605577356470e+00 2.805299072265625000e+03
1.777484357959887573e+00 2.794438476562500000e+03
1.780919110342418898e+00 2.771488037109375000e+03
1.784353862724950002e+00 2.758089111328125000e+03
1.787788615107481327e+00 2.737666503906250000e+03
1.791223367490012208e+00 2.721460937500000000e+03
1.794658119872543534e+00 2.701756591796875000e+03
1.798092872255074859e+00 2.703125488281250000e+03
1.801527624637606184e+00 2.697538330078125000e+03
1.804962377020137065e+00 2.696795898437500000e+03
1.808397129402668391e+00 2.690752685546875000e+03
1.811831881785199494e+00 2.693809570312500000e+03
1.815266634167730819e+00 2.698902099609375000e+03
1.818701386550261700e+00 2.693495849609375000e+03
1.822136138932793026e+00 2.686925537109375000e+03
1.825570891315324351e+00 2.683927734375000000e+03
1.829005643697855676e+00 2.687494384765625000e+03
1.832440396080386558e+00 2.675575195312500000e+03
1.835875148462917883e+00 2.662850585937500000e+03
1.839309900845449208e+00 2.666006591796875000e+03
1.842744653227980089e+00 2.666548339843750000e+03
1.846179405610511415e+00 2.654808593750000000e+03
1.849614157993042740e+00 2.638781738281250000e+03
1.853048910375573843e+00 2.622889404296875000e+03
1.856483662758104725e+00 2.607503417968750000e+03
1.859918415140636050e+00 2.592898925781250000e+03
1.863353167523167375e+00 2.592163330078125000e+03
1.866787919905698701e+00 2.593301269531250000e+03
1.870222672288229582e+00 2.600768798828125000e+03
1.873657424670760907e+00 2.596714843750000000e+03
1.877092177053292232e+00 2.588197021484375000e+03
1.880526929435823114e+00 2.575741210937500000e+03
1.883961681818354439e+00 2.566112792968750000e+03
1.887396434200885764e+00 2.565888183593750000e+03
1.890831186583416867e+00 2.566020751953125000e+03
1.894265938965947749e+00 2.562221435546875000e+03
1.897700691348479074e+00 2.562847167968750000e+03
1.901135443731010399e+00 2.545508544921875000e+03
1.904570196113541725e+00 2.538830810546875000e+03
1.908004948496072606e+00 2.533775146484375000e+03
1.911439700878603931e+00 2.542166259765625000e+03
1.914874453261135256e+00 2.544518798828125000e+03
1.918309205643666138e+00 2.545248046875000000e+03
1.921743958026197463e+00 2.544172851562500000e+03
1.925178710408728788e+00 2.537768798828125000e+03
1.928613462791259892e+00 2.520196044921875000e+03
1.932048215173790773e+00 2.516513183593750000e+03
1.935482967556322098e+00 2.526099365234375000e+03
1.938917719938853423e+00 2.542556640625000000e+03
1.942352472321384749e+00 2.532684814453125000e+03
1.945787224703915630e+00 2.511234619140625000e+03
1.949221977086446955e+00 2.508337890625000000e+03
1.952656729468978281e+00 2.496499267578125000e+03
1.956091481851509162e+00 2.479705078125000000e+03
1.959526234234040487e+00 2.461447265625000000e+03
1.962960986616571812e+00 2.466580078125000000e+03
1.966395738999102916e+00 2.467618164062500000e+03
1.969830491381633797e+00 2.458883544921875000e+03
1.973265243764165122e+00 2.459735839843750000e+03
1.976699996146696447e+00 2.462985839843750000e+03
1.980134748529227329e+00 2.474592285156250000e+03
1.983569500911758654e+00 2.472349365234375000e+03
1.987004253294289979e+00 2.480006835937500000e+03
1.990439005676821305e+00 2.482583740234375000e+03
1.993873758059352186e+00 2.488239501953125000e+03
1.997308510441883511e+00 2.472219970703125000e+03
2.000743262824414614e+00 2.457647460937500000e+03
2.004178015206945940e+00 2.450535644531250000e+03
2.007612767589476821e+00 2.442545166015625000e+03
2.011047519972008146e+00 2.434258300781250000e+03
2.014482272354539472e+00 2.431199218750000000e+03
2.017917024737070353e+00 2.433430175781250000e+03
2.021351777119601678e+00 2.446074462890625000e+03
2.024786529502133003e+00 2.447999023437500000e+03
2.028221281884664329e+00 2.452854003906250000e+03
2.031656034267195210e+00 2.457311767578125000e+03
2.035090786649726535e+00 2.462618652343750000e+03
2.038525539032257861e+00 2.446196289062500000e+03
2.041960291414789186e+00 2.435715820312500000e+03
2.045395043797320067e+00 2.432856445312500000e+03
2.048829796179851392e+00 2.438454101562500000e+03
2.052264548562382718e+00 2.435423828125000000e+03
2.055699300944913599e+00 2.437454589843750000e+03
2.059134053327444924e+00 2.432185791015625000e+03
2.062568805709975805e+00 2.423874511718750000e+03
2.066003558092507131e+00 2.425773925781250000e+03
2.069438310475038012e+00 2.423426513671875000e+03
2.072873062857569337e+00 2.420509277343750000e+03
2.076307815240100663e+00 2.414741943359375000e+03
2.079742567622631988e+00 2.402236083984375000e+03
2.083177320005162869e+00 2.383268066406250000e+03
2.086612072387694194e+00 2.373368652343750000e+03
2.090046824770225520e+00 2.367191162109375000e+03
2.093481577152756401e+00 2.372571533203125000e+03
2.096916329535287726e+00 2.379523925781250000e+03
2.100351081917819052e+00 2.381948486328125000e+03
2.103785834300350377e+00 2.383642089843750000e+03
2.107220586682881258e+00 2.372092773437500000e+03
2.110655339065412583e+00 2.375180908203125000e+03
2.114090091447943909e+00 2.364590332031250000e+03
2.117524843830475234e+00 2.360706298828125000e+03
2.120959596213006115e+00 2.352949951171875000e+03
2.124394348595537441e+00 2.338663330078125000e+03
2.127829100978068766e+00 2.327672607421875000e+03
2.131263853360599647e+00 2.330121826171875000e+03
2.134698605743130972e+00 2.339405273437500000e+03
2.138133358125661854e+00 2.339613037109375000e+03
2.141568110508193179e+00 2.339370849609375000e+03
2.145002862890724060e+00 2.337982910156250000e+03
2.148437615273255386e+00 2.331176757812500000e+03
2.151872367655786711e+00 2.322792968750000000e+03
2.155307120038318036e+00 2.318767822265625000e+03
2.158741872420848917e+00 2.314697265625000000e+03
2.162176624803380243e+00 2.312164062500000000e+03
2.165611377185911568e+00 2.319534667968750000e+03
2.169046129568442449e+00 2.331821289062500000e+03
2.172480881950973775e+00 2.336159423828125000e+03
2.175915634333505100e+00 2.334408691406250000e+03
2.179350386716036425e+00 2.324996093750000000e+03
2.182785139098567306e+00 2.322022705078125000e+03
2.186219891481098632e+00 2.308763427734375000e+03
2.189654643863629957e+00 2.303056884765625000e+03
2.193089396246161282e+00 2.293080810546875000e+03
2.196524148628692163e+00 2.288598388671875000e+03
2.199958901011223489e+00 2.289184082031250000e+03
2.203393653393754814e+00 2.310418212890625000e+03
2.206828405776285695e+00 2.314354980468750000e+03
2.210263158158817021e+00 2.314605224609375000e+03
2.213697910541347902e+00 2.302964355468750000e+03
2.217132662923879227e+00 2.312387451171875000e+03
2.220567415306410108e+00 2.312703125000000000e+03
2.224002167688941434e+00 2.299761474609375000e+03
2.227436920071472759e+00 2.289316406250000000e+03
2.230871672454004084e+00 2.291709228515625000e+03
2.234306424836534966e+00 2.313736083984375000e+03
2.237741177219066291e+00 2.319072753906250000e+03
2.241175929601597616e+00 2.328340820312500000e+03
2.244610681984128497e+00 2.334526611328125000e+03
2.248045434366659823e+00 2.357699951171875000e+03
2.251480186749191148e+00 2.365549804687500000e+03
2.254914939131722473e+00 2.366109375000000000e+03
2.258349691514253355e+00 2.360521972656250000e+03
2.261784443896784680e+00 2.357832031250000000e+03
2.265219196279316005e+00 2.356258056640625000e+03
2.268653948661847330e+00 2.356844726562500000e+03
2.272088701044378212e+00 2.373765869140625000e+03
2.275523453426909537e+00 2.393283691406250000e+03
2.278958205809440862e+00 2.406002685546875000e+03
2.282392958191971744e+00 2.417433349609375000e+03
2.285827710574503069e+00 2.429584228515625000e+03
2.289262462957033950e+00 2.456039306640625000e+03
2.292697215339565275e+00 2.476378173828125000e+03
2.296131967722096157e+00 2.497359375000000000e+03
2.299566720104627482e+00 2.513325439453125000e+03
2.303001472487158807e+00 2.528435791015625000e+03
2.306436224869690133e+00 2.549162597656250000e+03
2.309870977252221014e+00 2.579592041015625000e+03
2.313305729634752339e+00 2.624330810546875000e+03
2.316740482017283664e+00 2.655219726562500000e+03
2.320175234399814546e+00 2.697509765625000000e+03
2.323609986782345871e+00 2.741528076171875000e+03
2.327044739164877196e+00 2.792159667968750000e+03
2.330479491547408522e+00 2.845012451171875000e+03
2.333914243929939403e+00 2.908295166015625000e+03
2.337348996312470728e+00 2.976743652343750000e+03
2.340783748695002053e+00 3.057801513671875000e+03
2.344218501077533379e+00 3.170605957031250000e+03
2.347653253460064260e+00 3.326656738281250000e+03
2.351088005842595585e+00 3.565878662109375000e+03
2.354522758225126911e+00 3.927936523437500000e+03
2.357957510607657792e+00 4.561040527343750000e+03
2.361392262990189117e+00 5.781714843750000000e+03
2.364827015372720442e+00 8.477345703125000000e+03
2.368261767755251324e+00 1.478552539062500000e+04
2.371696520137782205e+00 2.826414257812500000e+04
2.375131272520313530e+00 5.345096484375000000e+04
2.378566024902844855e+00 8.674038281250000000e+04
2.382000777285376181e+00 1.226484140625000000e+05
2.385435529667907062e+00 1.463632187500000000e+05
2.388870282050438387e+00 1.299316171875000000e+05
2.392305034432969713e+00 8.855179687500000000e+04
2.395739786815500594e+00 4.681026562500000000e+04
2.399174539198031919e+00 2.388840429687500000e+04
2.402609291580563244e+00 1.227054296875000000e+04
2.406044043963094570e+00 7.496989746093750000e+03
2.409478796345625451e+00 5.341141113281250000e+03
2.412913548728156776e+00 4.308779296875000000e+03
2.416348301110688102e+00 3.761259277343750000e+03
2.419783053493219427e+00 3.438272949218750000e+03
2.423217805875750308e+00 3.224214111328125000e+03
2.426652558258281633e+00 3.078601806640625000e+03
2.430087310640812959e+00 2.958489013671875000e+03
2.433522063023343840e+00 2.866362792968750000e+03
2.436956815405875165e+00 2.790291015625000000e+03
2.440391567788406491e+00 2.736989501953125000e+03
2.443826320170937372e+00 2.686476074218750000e+03
2.447261072553468253e+00 2.635147216796875000e+03
2.450695824935999578e+00 2.577084960937500000e+03
2.454130577318530904e+00 2.523671630859375000e+03
2.457565329701061785e+00 2.481252685546875000e+03
2.461000082083593110e+00 2.441922607421875000e+03
2.464434834466124435e+00 2.400065185546875000e+03
2.467869586848655761e+00 2.365509033203125000e+03
2.471304339231186642e+00 2.329832519531250000e+03
2.474739091613717967e+00 2.304272949218750000e+03
2.478173843996249293e+00 2.274263183593750000e+03
2.481608596378780618e+00 2.250632568359375000e+03
2.485043348761311499e+00 2.220901855468750000e+03
2.488478101143842824e+00 2.187381103515625000e+03
2.491912853526374150e+00 2.158097900390625000e+03
2.495347605908905031e+00 2.133568115234375000e+03
2.498782358291436356e+00 2.126936767578125000e+03
2.502217110673967682e+00 2.117368408203125000e+03
2.505651863056499007e+00 2.111626464843750000e+03
2.509086615439029888e+00 2.084606201171875000e+03
2.512521367821561213e+00 2.061941162109375000e+03
2.515956120204092539e+00 2.047608032226562500e+03
2.519390872586623420e+00 2.034099609375000000e+03
2.522825624969154301e+00 2.018057739257812500e+03
2.526260377351685626e+00 2.002343872070312500e+03
2.529695129734216952e+00 1.985268066406250000e+03
2.533129882116747833e+00 1.969347534179687500e+03
2.536564634499279158e+00 1.957669921875000000e+03
2.539999386881810484e+00 1.946993774414062500e+03
2.543434139264341809e+00 1.943907226562500000e+03
2.546868891646872690e+00 1.946377075195312500e+03
2.550303644029404015e+00 1.929374389648437500e+03
2.553738396411935341e+00 1.906558349609375000e+03
2.557173148794466666e+00 1.896228881835937500e+03
2.560607901176997547e+00 1.898420166015625000e+03
2.564042653559528873e+00 1.896527465820312500e+03
2.567477405942060198e+00 1.879885620117187500e+03
2.570912158324591079e+00 1.862323486328125000e+03
2.574346910707122404e+00 1.857826049804687500e+03
2.577781663089653730e+00 1.851554077148437500e+03
2.581216415472185055e+00 1.839196655273437500e+03
2.584651167854715936e+00 1.828705810546875000e+03
2.588085920237247262e+00 1.830081054687500000e+03
2.591520672619778587e+00 1.831786010742187500e+03
2.594955425002309468e+00 1.827937377929687500e+03
2.598390177384840349e+00 1.832102661132812500e+03
2.601824929767371675e+00 1.830151489257812500e+03
2.605259682149903000e+00 1.810991455078125000e+03
2.608694434532433881e+00 1.795740966796875000e+03
2.612129186914965207e+00 1.790126220703125000e+03
2.615563939297496532e+00 1.790643554687500000e+03
2.618998691680027857e+00 1.778977416992187500e+03
2.622433444062558738e+00 1.773516967773437500e+03
2.625868196445090064e+00 1.768860595703125000e+03
2.629302948827621389e+00 1.772366699218750000e+03
2.632737701210152714e+00 1.763740600585937500e+03
2.636172453592683596e+00 1.750681518554687500e+03
2.639607205975214921e+00 1.754243896484375000e+03
2.643041958357746246e+00 1.757314819335937500e+03
2.646476710740277127e+00 1.762998779296875000e+03
2.649911463122808453e+00 1.752352783203125000e+03
2.653346215505339778e+00 1.741278930664062500e+03
2.656780967887871103e+00 1.739549194335937500e+03
2.660215720270401984e+00 1.740106201171875000e+03
2.663650472652933310e+00 1.740487792968750000e+03
2.667085225035464635e+00 1.728302124023437500e+03
2.670519977417995516e+00 1.710295898437500000e+03
2.673954729800526398e+00 1.704541503906250000e+03
2.677389482183057723e+00 1.706523803710937500e+03
2.680824234565589048e+00 1.710118408203125000e+03
2.684258986948119929e+00 1.694360473632812500e+03
2.687693739330651255e+00 1.686047973632812500e+03
2.691128491713182580e+00 1.685744628906250000e+03
2.694563244095713905e+00 1.696003906250000000e+03
2.697997996478244787e+00 1.693501098632812500e+03
2.701432748860776112e+00 1.697766479492187500e+03
2.704867501243307437e+00 1.698554321289062500e+03
2.708302253625838762e+00 1.691963378906250000e+03
2.711737006008369644e+00 1.680307128906250000e+03
2.715171758390900969e+00 1.670048461914062500e+03
2.718606510773432294e+00 1.666850219726562500e+03
2.722041263155963176e+00 1.669218017578125000e+03
2.725476015538494501e+00 1.669867065429687500e+03
2.728910767921025826e+00 1.662836425781250000e+03
2.732345520303557151e+00 1.661740600585937500e+03
2.735780272686088033e+00 1.662101684570312500e+03
2.739215025068619358e+00 1.657859497070312500e+03
2.742649777451150683e+00 1.650781860351562500e+03
2.746084529833681565e+00 1.643793334960937500e+03
2.749519282216212890e+00 1.642397705078125000e+03
2.752954034598743771e+00 1.641491699218750000e+03
2.756388786981275096e+00 1.638579345703125000e+03
2.759823539363805978e+00 1.646410278320312500e+03
2.763258291746337303e+00 1.645817871093750000e+03
2.766693044128868628e+00 1.646201782226562500e+03
2.770127796511399954e+00 1.631486694335937500e+03
2.773562548893930835e+00 1.623431396484375000e+03
2.776997301276462160e+00 1.620590576171875000e+03
2.780432053658993485e+00 1.617333862304687500e+03
2.783866806041524811e+00 1.626587768554687500e+03
2.787301558424055692e+00 1.628692871093750000e+03
2.790736310806587017e+00 1.634612426757812500e+03
2.794171063189118343e+00 1.626673706054687500e+03
2.797605815571649224e+00 1.614648803710937500e+03
2.801040567954180549e+00 1.614247802734375000e+03
2.804475320336711874e+00 1.611804809570312500e+03
2.807910072719243200e+00 1.616638916015625000e+03
2.811344825101774081e+00 1.618682373046875000e+03
2.814779577484305406e+00 1.626019287109375000e+03
2.818214329866836731e+00 1.637005371093750000e+03
2.821649082249367613e+00 1.640167846679687500e+03
2.825083834631898938e+00 1.644235351562500000e+03
2.828518587014429819e+00 1.645986083984375000e+03
2.831953339396961145e+00 1.657911010742187500e+03
2.835388091779492026e+00 1.652105712890625000e+03
2.838822844162023351e+00 1.650534301757812500e+03
2.842257596544554676e+00 1.655172119140625000e+03
2.845692348927086002e+00 1.665714111328125000e+03
2.849127101309616883e+00 1.670290649414062500e+03
2.852561853692148208e+00 1.673935180664062500e+03
2.855996606074679534e+00 1.683575439453125000e+03
2.859431358457210415e+00 1.686406738281250000e+03
2.862866110839741740e+00 1.681337036132812500e+03
2.866300863222273065e+00 1.694939819335937500e+03
2.869735615604804391e+00 1.707323608398437500e+03
2.873170367987335272e+00 1.731975830078125000e+03
2.876605120369866597e+00 1.742559448242187500e+03
2.880039872752397923e+00 1.777483642578125000e+03
2.883474625134929248e+00 1.814404663085937500e+03
2.886909377517460129e+00 1.874147827148437500e+03
2.890344129899991454e+00 1.960913208007812500e+03
2.893778882282522780e+00 2.112897216796875000e+03
2.897213634665053661e+00 2.422516113281250000e+03
2.900648387047584986e+00 3.098690673828125000e+03
2.904083139430115867e+00 4.620301757812500000e+03
2.907517891812647193e+00 7.712018066406250000e+03
2.910952644195178074e+00 1.238858691406250000e+04
2.914387396577709399e+00 1.690816796875000000e+04
2.917822148960240725e+00 2.126620117187500000e+04
2.921256901342772050e+00 2.304380468750000000e+04
2.924691653725302931e+00 2.157130859375000000e+04
2.928126406107834256e+00 1.629909765625000000e+04
2.931561158490365582e+00 1.037782910156250000e+04
2.934995910872896463e+00 5.977675781250000000e+03
2.938430663255427788e+00 3.590884765625000000e+03
2.941865415637959114e+00 2.668261962890625000e+03
2.945300168020490439e+00 2.229777343750000000e+03
2.948734920403021320e+00 2.011757812500000000e+03
2.952169672785552645e+00 1.888474487304687500e+03
2.955604425168083971e+00 1.824051147460937500e+03
2.959039177550615296e+00 1.779123046875000000e+03
2.962473929933146177e+00 1.730086425781250000e+03
2.965908682315677503e+00 1.696653320312500000e+03
2.969343434698208828e+00 1.677740478515625000e+03
2.972778187080739709e+00 1.659437377929687500e+03
2.976212939463271034e+00 1.630956665039062500e+03
2.979647691845801916e+00 1.605710083007812500e+03
2.983082444228333241e+00 1.590147583007812500e+03
2.986517196610864122e+00 1.582988647460937500e+03
2.989951948993395447e+00 1.588522094726562500e+03
2.993386701375926773e+00 1.589751342773437500e+03
2.996821453758458098e+00 1.573947021484375000e+03
3.000256206140988979e+00 1.550209106445312500e+03
3.003690958523520305e+00 1.533354614257812500e+03
3.007125710906051630e+00 1.534992797851562500e+03
3.010560463288582511e+00 1.525578002929687500e+03
3.013995215671113836e+00 1.520274658203125000e+03
3.017429968053645162e+00 1.506605468750000000e+03
3.020864720436176487e+00 1.507104858398437500e+03
3.024299472818707368e+00 1.495557983398437500e+03
3.027734225201238694e+00 1.488059570312500000e+03
3.031168977583770019e+00 1.471206420898437500e+03
3.034603729966301344e+00 1.466683715820312500e+03
3.038038482348832225e+00 1.459785522460937500e+03
3.041473234731363551e+00 1.455657104492187500e+03
3.044907987113894876e+00 1.450007324218750000e+03
3.048342739496425757e+00 1.442214599609375000e+03
3.051777491878957083e+00 1.440960083007812500e+03
3.055212244261487964e+00 1.439487304687500000e+03
3.058646996644019289e+00 1.439776245117187500e+03
3.062081749026550170e+00 1.435195800781250000e+03
3.065516501409081496e+00 1.441526123046875000e+03
3.068951253791612821e+00 1.445000000000000000e+03
3.072386006174144146e+00 1.436047363281250000e+03
3.075820758556675028e+00 1.422200317382812500e+03
3.079255510939206353e+00 1.409766357421875000e+03
3.082690263321737678e+00 1.404869873046875000e+03
3.086125015704268559e+00 1.406177978515625000e+03
3.089559768086799885e+00 1.410616210937500000e+03
3.092994520469331210e+00 1.413425781250000000e+03
3.096429272851862535e+00 1.409794555664062500e+03
3.099864025234393416e+00 1.403061767578125000e+03
3.103298777616924742e+00 1.395397460937500000e+03
3.106733529999456067e+00 1.396047607421875000e+03
3.110168282381987392e+00 1.402060180664062500e+03
3.113603034764518274e+00 1.403013061523437500e+03
3.117037787147049599e+00 1.407414062500000000e+03
3.120472539529580924e+00 1.417543579101562500e+03
3.123907291912111805e+00 1.420210937500000000e+03
3.127342044294643131e+00 1.428111450195312500e+03
3.130776796677174012e+00 1.427484252929687500e+03
3.134211549059705337e+00 1.419887695312500000e+03
3.137646301442236219e+00 1.410413330078125000e+03
3.141081053824767544e+00 1.402979614257812500e+03
3.144515806207298869e+00 1.402003906250000000e+03
3.147950558589830194e+00 1.399586547851562500e+03
3.151385310972361076e+00 1.395791381835937500e+03
3.154820063354892401e+00 1.391168090820312500e+03
3.158254815737423726e+00 1.384563964843750000e+03
3.161689568119954608e+00 1.389040771484375000e+03
3.165124320502485933e+00 1.383588256835937500e+03
3.168559072885017258e+00 1.378740844726562500e+03
3.171993825267548583e+00 1.370699218750000000e+03
3.175428577650079465e+00 1.363601928710937500e+03
3.178863330032610790e+00 1.361865966796875000e+03
3.182298082415142115e+00 1.353902465820312500e+03
3.185732834797673441e+00 1.359827514648437500e+03
3.189167587180204322e+00 1.361448486328125000e+03
3.192602339562735647e+00 1.361761718750000000e+03
3.196037091945266972e+00 1.358728881835937500e+03
3.199471844327797854e+00 1.354326293945312500e+03
3.202906596710329179e+00 1.354993408203125000e+03
3.206341349092860060e+00 1.350523559570312500e+03
3.209776101475391386e+00 1.351605957031250000e+03
3.213210853857922267e+00 1.341818969726562500e+03
3.216645606240453592e+00 1.335122070312500000e+03
3.220080358622984917e+00 1.339326660156250000e+03
3.223515111005516243e+00 1.345225219726562500e+03
3.226949863388047124e+00 1.350976806640625000e+03
3.230384615770578449e+00 1.351142089843750000e+03
3.233819368153109775e+00 1.348972656250000000e+03
3.237254120535640656e+00 1.341079223632812500e+03
3.240688872918171981e+00 1.344749389648437500e+03
3.244123625300703306e+00 1.357988281250000000e+03
3.247558377683234632e+00 1.364303833007812500e+03
3.250993130065765513e+00 1.363675170898437500e+03
3.254427882448296838e+00 1.362450561523437500e+03
3.257862634830828164e+00 1.360115722656250000e+03
3.261297387213359489e+00 1.362397460937500000e+03
3.264732139595890370e+00 1.370324951171875000e+03
3.268166891978421695e+00 1.379938110351562500e+03
3.271601644360953021e+00 1.384379516601562500e+03
3.275036396743483902e+00 1.382315307617187500e+03
3.278471149126015227e+00 1.378980468750000000e+03
3.281905901508546108e+00 1.371883300781250000e+03
3.285340653891077434e+00 1.379815429687500000e+03
3.288775406273608315e+00 1.395474853515625000e+03
3.292210158656139640e+00 1.412176757812500000e+03
3.295644911038670966e+00 1.413007812500000000e+03
3.299079663421202291e+00 1.421484375000000000e+03
3.302514415803733172e+00 1.429183227539062500e+03
3.305949168186264497e+00 1.434895385742187500e+03
3.309383920568795823e+00 1.432231201171875000e+03
3.312818672951326704e+00 1.443759399414062500e+03
3.316253425333858029e+00 1.455892944335937500e+03
3.319688177716389355e+00 1.467439819335937500e+03
3.323122930098920680e+00 1.484599731445312500e+03
3.326557682481451561e+00 1.509254760742187500e+03
3.329992434863982886e+00 1.544116333007812500e+03
3.333427187246514212e+00 1.576514892578125000e+03
3.336861939629045093e+00 1.626656616210937500e+03
3.340296692011576418e+00 1.709342407226562500e+03
3.343731444394107744e+00 1.870692016601562500e+03
3.347166196776639069e+00 2.216672119140625000e+03
3.350600949159169950e+00 3.029446777343750000e+03
3.354035701541701275e+00 4.932344238281250000e+03
3.357470453924232601e+00 9.801478515625000000e+03
3.360905206306763482e+00 1.607975683593750000e+04
3.364339958689294363e+00 2.292025390625000000e+04
3.367774711071825688e+00 2.607840820312500000e+04
3.371209463454357014e+00 2.625694531250000000e+04
3.374644215836887895e+00 2.304657812500000000e+04
3.378078968219419220e+00 1.780539843750000000e+04
3.381513720601950546e+00 1.123331933593750000e+04
3.384948472984481871e+00 6.401183105468750000e+03
3.388383225367012752e+00 3.755922119140625000e+03
3.391817977749544077e+00 2.546008056640625000e+03
3.395252730132075403e+00 2.034262817382812500e+03
3.398687482514606728e+00 1.798636108398437500e+03
3.402122234897137609e+00 1.676520629882812500e+03
3.405556987279668935e+00 1.604747436523437500e+03
3.408991739662200260e+00 1.546416992187500000e+03
3.412426492044731141e+00 1.504313842773437500e+03
3.415861244427262466e+00 1.465297607421875000e+03
3.419295996809793792e+00 1.440937500000000000e+03
3.422730749192325117e+00 1.428575317382812500e+03
3.426165501574855998e+00 1.413435913085937500e+03
3.429600253957387324e+00 1.404644897460937500e+03
3.433035006339918649e+00 1.390516723632812500e+03
3.436469758722449530e+00 1.380885253906250000e+03
3.439904511104980411e+00 1.367100341796875000e+03
3.443339263487511737e+00 1.358313964843750000e+03
3.446774015870043062e+00 1.349767333984375000e+03
3.450208768252573943e+00 1.337128906250000000e+03
3.453643520635105268e+00 1.322359619140625000e+03
3.457078273017636594e+00 1.309904541015625000e+03
3.460513025400167919e+00 1.305713500976562500e+03
3.463947777782698800e+00 1.301519653320312500e+03
3.467382530165230126e+00 1.300093627929687500e+03
3.470817282547761451e+00 1.300912841796875000e+03
3.474252034930292776e+00 1.296364868164062500e+03
3.477686787312823657e+00 1.289730102539062500e+03
3.481121539695354983e+00 1.279898559570312500e+03
3.484556292077886308e+00 1.279589355468750000e+03
3.487991044460417189e+00 1.273464721679687500e+03
3.491425796842948515e+00 1.261424438476562500e+03
3.494860549225479840e+00 1.254590209960937500e+03
3.498295301608011165e+00 1.240632202148437500e+03
3.501730053990542046e+00 1.233148681640625000e+03
3.505164806373073372e+00 1.225468017578125000e+03
3.508599558755604697e+00 1.226839477539062500e+03
3.512034311138135578e+00 1.232786621093750000e+03
3.515469063520666460e+00 1.241236816406250000e+03
3.518903815903197785e+00 1.246237182617187500e+03
3.522338568285729110e+00 1.236301635742187500e+03
3.525773320668259991e+00 1.224085327148437500e+03
3.529208073050791317e+00 1.220477416992187500e+03
3.532642825433322642e+00 1.218998291015625000e+03
3.536077577815853967e+00 1.215562988281250000e+03
3.539512330198384849e+00 1.212231811523437500e+03
3.542947082580916174e+00 1.208105102539062500e+03
3.546381834963447499e+00 1.205111816406250000e+03
3.549816587345978824e+00 1.199188232421875000e+03
3.553251339728509706e+00 1.198328613281250000e+03
3.556686092111041031e+00 1.201822021484375000e+03
3.560120844493572356e+00 1.209245239257812500e+03
3.563555596876103237e+00 1.213836914062500000e+03
3.566990349258634563e+00 1.213071655273437500e+03
3.570425101641165888e+00 1.209090820312500000e+03
3.573859854023697213e+00 1.210317749023437500e+03
3.577294606406228095e+00 1.209909057617187500e+03
3.580729358788759420e+00 1.210613403320312500e+03
3.584164111171290301e+00 1.211363403320312500e+03
3.587598863553821626e+00 1.214401977539062500e+03
3.591033615936352508e+00 1.207635498046875000e+03
3.594468368318883833e+00 1.204105834960937500e+03
3.597903120701415158e+00 1.201820068359375000e+03
3.601337873083946484e+00 1.209667358398437500e+03
3.604772625466477809e+00 1.205882446289062500e+03
3.608207377849008246e+00 1.203751831054687500e+03
3.611642130231539571e+00 1.199061401367187500e+03
3.615076882614070897e+00 1.206561157226562500e+03
3.618511634996602222e+00 1.211189575195312500e+03
3.621946387379133547e+00 1.217329589843750000e+03
3.625381139761664873e+00 1.218593139648437500e+03
3.628815892144196198e+00 1.219965209960937500e+03
3.632250644526726635e+00 1.220556152343750000e+03
3.635685396909257960e+00 1.224864990234375000e+03
3.639120149291789286e+00 1.220259643554687500e+03
3.642554901674320611e+00 1.220197509765625000e+03
3.645989654056851936e+00 1.214319091796875000e+03
3.649424406439383262e+00 1.216291870117187500e+03
3.652859158821914587e+00 1.211782104492187500e+03
3.656293911204445912e+00 1.213712402343750000e+03
3.659728663586976349e+00 1.220741821289062500e+03
3.663163415969507675e+00 1.230574707031250000e+03
3.666598168352038556e+00 1.239654541015625000e+03
3.670032920734569881e+00 1.238297241210937500e+03
3.673467673117101207e+00 1.243434326171875000e+03
3.676902425499632532e+00 1.239646728515625000e+03
3.680337177882163857e+00 1.243958129882812500e+03
3.683771930264694294e+00 1.255833374023437500e+03
3.687206682647225620e+00 1.276814453125000000e+03
3.690641435029756945e+00 1.298382690429687500e+03
3.694076187412288270e+00 1.309998657226562500e+03
3.697510939794819596e+00 1.320890258789062500e+03
3.700945692177350921e+00 1.338653930664062500e+03
3.704380444559882246e+00 1.353105957031250000e+03
3.707815196942412683e+00 1.369369506835937500e+03
3.711249949324944009e+00 1.389318237304687500e+03
3.714684701707475334e+00 1.412675781250000000e+03
3.718119454090006659e+00 1.434465332031250000e+03
3.721554206472537984e+00 1.464238159179687500e+03
3.724988958855069310e+00 1.497800048828125000e+03
3.728423711237600635e+00 1.545428588867187500e+03
3.731858463620131960e+00 1.609900878906250000e+03
3.735293216002662398e+00 1.701581176757812500e+03
3.738727968385193723e+00 1.833750244140625000e+03
3.742162720767725048e+00 2.056353759765625000e+03
3.745597473150255929e+00 2.475458984375000000e+03
3.749032225532787255e+00 3.352456542968750000e+03
3.752466977915318580e+00 5.372485839843750000e+03
3.755901730297849905e+00 9.733344726562500000e+03
3.759336482680380342e+00 1.824120117187500000e+04
3.762771235062911668e+00 2.985668554687500000e+04
3.766205987445442993e+00 4.031703906250000000e+04
3.769640739827974318e+00 4.502115234375000000e+04
3.773075492210505644e+00 4.165937500000000000e+04
3.776510244593036969e+00 3.194442187500000000e+04
3.779944996975568294e+00 1.987506445312500000e+04
3.783379749358098731e+00 1.067595605468750000e+04
3.786814501740630057e+00 5.587027832031250000e+03
3.790249254123161382e+00 3.507378417968750000e+03
3.793684006505692707e+00 2.535185546875000000e+03
3.797118758888224033e+00 2.087988037109375000e+03
3.800553511270755358e+00 1.851829711914062500e+03
3.803988263653286683e+00 1.715578979492187500e+03
3.807423016035818009e+00 1.634745483398437500e+03
3.810857768418348446e+00 1.569279541015625000e+03
3.814292520800879771e+00 1.506543334960937500e+03
3.817727273183411096e+00 1.456146728515625000e+03
3.821162025565941978e+00 1.415716308593750000e+03
3.824596777948473303e+00 1.389381958007812500e+03
3.828031530331004628e+00 1.357379882812500000e+03
3.831466282713535954e+00 1.334716796875000000e+03
3.834901035096066391e+00 1.314167114257812500e+03
3.838335787478597716e+00 1.298989257812500000e+03
3.841770539861129041e+00 1.289135253906250000e+03
3.845205292243660367e+00 1.273778808593750000e+03
3.848640044626191692e+00 1.262605224609375000e+03
3.852074797008723017e+00 1.243449707031250000e+03
3.855509549391254343e+00 1.229688110351562500e+03
3.858944301773784780e+00 1.215246704101562500e+03
3.862379054156316105e+00 1.204884887695312500e+03
3.865813806538847430e+00 1.195220703125000000e+03
3.869248558921378756e+00 1.180726684570312500e+03
3.872683311303910081e+00 1.162964477539062500e+03
3.876118063686441406e+00 1.149073364257812500e+03
3.879552816068972732e+00 1.144754150390625000e+03
3.882987568451504057e+00 1.141282104492187500e+03
3.886422320834034494e+00 1.142921752929687500e+03
3.889857073216565819e+00 1.137444824218750000e+03
3.893291825599097145e+00 1.131809570312500000e+03
3.896726577981628026e+00 1.122915039062500000e+03
3.900161330364159351e+00 1.112832275390625000e+03
3.903596082746690676e+00 1.103423583984375000e+03
3.907030835129222002e+00 1.108670410156250000e+03
3.910465587511752439e+00 1.110831054687500000e+03
3.913900339894283764e+00 1.105464965820312500e+03
3.917335092276815089e+00 1.093575561523437500e+03
3.920769844659346415e+00 1.090023925781250000e+03
3.924204597041877740e+00 1.088206787109375000e+03
3.927639349424409065e+00 1.089141235351562500e+03
3.931074101806940391e+00 1.091075683593750000e+03
3.934508854189470828e+00 1.090328491210937500e+03
3.937943606572002153e+00 1.087769531250000000e+03
3.941378358954533478e+00 1.087867553710937500e+03
3.944813111337064804e+00 1.080127075195312500e+03
3.948247863719596129e+00 1.075756225585937500e+03
3.951682616102127454e+00 1.070697875976562500e+03
3.955117368484658780e+00 1.070541992187500000e+03
3.958552120867189217e+00 1.068725097656250000e+03
3.961986873249720542e+00 1.068834472656250000e+03
3.965421625632251867e+00 1.072274780273437500e+03
3.968856378014783193e+00 1.075757812500000000e+03
3.972291130397314074e+00 1.075628906250000000e+03
3.975725882779845399e+00 1.067065307617187500e+03
3.979160635162376725e+00 1.062550781250000000e+03
3.982595387544908050e+00 1.061438842773437500e+03
3.986030139927438487e+00 1.066354492187500000e+03
3.989464892309969812e+00 1.067966796875000000e+03
3.992899644692501138e+00 1.066093994140625000e+03
3.996334397075032463e+00 1.062909912109375000e+03
3.999769149457563788e+00 1.055463867187500000e+03
4.003203901840095114e+00 1.054350463867187500e+03
4.006638654222625995e+00 1.051909667968750000e+03
4.010073406605156876e+00 1.066725830078125000e+03
4.013508158987687757e+00 1.071921752929687500e+03
4.016942911370219527e+00 1.070425659179687500e+03
4.020377663752750408e+00 1.063164550781250000e+03
4.023812416135282177e+00 1.068355346679687500e+03
4.027247168517813058e+00 1.081175537109375000e+03
4.030681920900344828e+00 1.083660888671875000e+03
4.034116673282874821e+00 1.077228393554687500e+03
4.037551425665406590e+00 1.078675903320312500e+03
4.040986178047937472e+00 1.084199096679687500e+03
4.044420930430469241e+00 1.087530639648437500e+03
4.047855682813000122e+00 1.086486694335937500e+03
4.051290435195531892e+00 1.090086791992187500e+03
4.054725187578062773e+00 1.101681640625000000e+03
4.058159939960594542e+00 1.112082885742187500e+03
4.061594692343124535e+00 1.117395874023437500e+03
4.065029444725656305e+00 1.113151611328125000e+03
4.068464197108187186e+00 1.113118896484375000e+03
4.071898949490718955e+00 1.118908447265625000e+03
4.075333701873249836e+00 1.139836791992187500e+03
4.078768454255781606e+00 1.165372314453125000e+03
4.082203206638312487e+00 1.189616943359375000e+03
4.085637959020843368e+00 1.208158203125000000e+03
4.089072711403374250e+00 1.231752929687500000e+03
4.092507463785905131e+00 1.267571533203125000e+03
4.095942216168436900e+00 1.317453857421875000e+03
4.099376968550967781e+00 1.395404785156250000e+03
4.102811720933499551e+00 1.531249389648437500e+03
4.106246473316030432e+00 1.792804931640625000e+03
4.109681225698561313e+00 2.344939941406250000e+03
4.113115978081092194e+00 3.599397705078125000e+03
4.116550730463623964e+00 6.294706542968750000e+03
4.119985482846154845e+00 1.074095703125000000e+04
4.123420235228686614e+00 1.583832128906250000e+04
4.126854987611217496e+00 1.977348242187500000e+04
4.130289739993749265e+00 2.167151171875000000e+04
4.133724492376280146e+00 2.002237109375000000e+04
4.137159244758811028e+00 1.579331933593750000e+04
4.140593997141341909e+00 9.748396484375000000e+03
4.144028749523873678e+00 5.546919921875000000e+03
4.147463501906404559e+00 3.166127929687500000e+03
4.150898254288936329e+00 2.156086181640625000e+03
4.154333006671467210e+00 1.709692016601562500e+03
4.157767759053998091e+00 1.489059936523437500e+03
4.161202511436528972e+00 1.375788574218750000e+03
4.164637263819060742e+00 1.309712036132812500e+03
4.168072016201591623e+00 1.264922119140625000e+03
4.171506768584122504e+00 1.223224853515625000e+03
4.174941520966654274e+00 1.193804443359375000e+03
4.178376273349185155e+00 1.171786376953125000e+03
4.181811025731716924e+00 1.158480712890625000e+03
4.185245778114246917e+00 1.142377563476562500e+03
4.188680530496778687e+00 1.129046997070312500e+03
4.192115282879309568e+00 1.108283081054687500e+03
4.195550035261841337e+00 1.093701171875000000e+03
4.198984787644372219e+00 1.079838256835937500e+03
4.202419540026903988e+00 1.065584960937500000e+03
4.205854292409434869e+00 1.057061279296875000e+03
4.209289044791966639e+00 1.044582031250000000e+03
4.212723797174496632e+00 1.045961547851562500e+03
4.216158549557028401e+00 1.035869384765625000e+03
4.219593301939559282e+00 1.029177124023437500e+03
4.223028054322091052e+00 1.024642211914062500e+03
4.226462806704621933e+00 1.032829223632812500e+03
4.229897559087153702e+00 1.032822021484375000e+03
4.233332311469684583e+00 1.023066467285156250e+03
4.236767063852215465e+00 1.004137207031250000e+03
4.240201816234746346e+00 9.900650634765625000e+02
4.243636568617277227e+00 9.849758300781250000e+02
4.247071320999808997e+00 9.808929443359375000e+02
4.250506073382339878e+00 9.774725341796875000e+02
4.253940825764871647e+00 9.763735351562500000e+02
4.257375578147402528e+00 9.880504760742187500e+02
4.260810330529933410e+00 9.905000000000000000e+02
4.264245082912464291e+00 9.894157104492187500e+02
4.267679835294996060e+00 9.778065185546875000e+02
4.271114587677526941e+00 9.703482666015625000e+02
4.274549340060058711e+00 9.690318603515625000e+02
4.277984092442589592e+00 9.703674316406250000e+02
4.281418844825121361e+00 9.726769409179687500e+02
4.284853597207652243e+00 9.702527465820312500e+02
4.288288349590183124e+00 9.686885375976562500e+02
4.291723101972714005e+00 9.702533569335937500e+02
4.295157854355245775e+00 9.716182250976562500e+02
4.298592606737776656e+00 9.715916137695312500e+02
4.302027359120308425e+00 9.634528808593750000e+02
4.305462111502839306e+00 9.565487670898437500e+02
4.308896863885370188e+00 9.482723388671875000e+02
4.312331616267901069e+00 9.417112426757812500e+02
4.315766368650432838e+00 9.412749023437500000e+02
4.319201121032963719e+00 9.422567749023437500e+02
4.322635873415494601e+00 9.517031250000000000e+02
4.326070625798026370e+00 9.483626708984375000e+02
4.329505378180557251e+00 9.464239501953125000e+02
4.332940130563089021e+00 9.411513671875000000e+02
4.336374882945619014e+00 9.381945800781250000e+02
4.339809635328150783e+00 9.270390014648437500e+02
4.343244387710681664e+00 9.205636596679687500e+02
4.346679140093213434e+00 9.272483520507812500e+02
4.350113892475744315e+00 9.346546630859375000e+02
4.353548644858276084e+00 9.385938110351562500e+02
4.356983397240806966e+00 9.414023437500000000e+02
4.360418149623338735e+00 9.389586791992187500e+02
4.363852902005868728e+00 9.389060058593750000e+02
4.367287654388400497e+00 9.346127929687500000e+02
4.370722406770931379e+00 9.298517456054687500e+02
4.374157159153463148e+00 9.248672485351562500e+02
4.377591911535994029e+00 9.290538330078125000e+02
4.381026663918525799e+00 9.352514648437500000e+02
4.384461416301056680e+00 9.273703002929687500e+02
4.387896168683587561e+00 9.167996215820312500e+02
4.391330921066118442e+00 9.132708740234375000e+02
4.394765673448649324e+00 9.156635131835937500e+02
4.398200425831181093e+00 9.218102416992187500e+02
4.401635178213711974e+00 9.239474487304687500e+02
4.405069930596243744e+00 9.201269531250000000e+02
4.408504682978774625e+00 9.149399414062500000e+02
4.411939435361305506e+00 9.206203002929687500e+02
4.415374187743836387e+00 9.256696166992187500e+02
4.418808940126368157e+00 9.247736816406250000e+02
4.422243692508899038e+00 9.270893554687500000e+02
4.425678444891430807e+00 9.288266601562500000e+02
4.429113197273961688e+00 9.329694213867187500e+02
4.432547949656493458e+00 9.316864013671875000e+02
4.435982702039023451e+00 9.305905151367187500e+02
4.439417454421555220e+00 9.282067260742187500e+02
4.442852206804086101e+00 9.229275512695312500e+02
4.446286959186617871e+00 9.147133178710937500e+02
4.449721711569148752e+00 9.125101928710937500e+02
4.453156463951680522e+00 9.093261108398437500e+02
4.456591216334211403e+00 9.089510498046875000e+02
4.460025968716742284e+00 9.052913818359375000e+02
4.463460721099273165e+00 9.039683837890625000e+02
4.466895473481804935e+00 9.022010498046875000e+02
4.470330225864335816e+00 9.023273925781250000e+02
4.473764978246866697e+00 8.979875488281250000e+02
4.477199730629398466e+00 9.039428710937500000e+02
4.480634483011929348e+00 9.050816650390625000e+02
4.484069235394461117e+00 9.062962036132812500e+02
4.487503987776991110e+00 8.963442382812500000e+02
4.490938740159522879e+00 9.014865112304687500e+02
4.494373492542053761e+00 9.047087402343750000e+02
4.497808244924585530e+00 9.047429809570312500e+02
4.501242997307116411e+00 8.972926635742187500e+02
4.504677749689648181e+00 8.956528930664062500e+02
4.508112502072179062e+00 8.884016113281250000e+02
4.511547254454709943e+00 8.924509887695312500e+02
4.514982006837240824e+00 8.897502441406250000e+02
4.518416759219772594e+00 8.893722534179687500e+02
4.521851511602303475e+00 8.896643676757812500e+02
4.525286263984835244e+00 8.934083862304687500e+02
4.528721016367366126e+00 9.007270507812500000e+02
4.532155768749897895e+00 9.062826538085937500e+02
4.535590521132428776e+00 9.123737792968750000e+02
4.539025273514959657e+00 9.058259887695312500e+02
4.542460025897490539e+00 9.001665649414062500e+02
4.545894778280021420e+00 8.917067260742187500e+02
4.549329530662553189e+00 8.903576660156250000e+02
4.552764283045084071e+00 8.847362060546875000e+02
4.556199035427615840e+00 8.864586791992187500e+02
4.559633787810146721e+00 8.908735961914062500e+02
4.563068540192677602e+00 8.909340820312500000e+02
4.566503292575208484e+00 8.940460815429687500e+02
4.569938044957740253e+00 8.998449707031250000e+02
4.573372797340271134e+00 9.072957763671875000e+02
4.576807549722802904e+00 9.107942504882812500e+02
4.580242302105333785e+00 9.001081542968750000e+02
4.583677054487865554e+00 8.949142456054687500e+02
4.587111806870395547e+00 8.878888549804687500e+02
4.590546559252927317e+00 8.922827148437500000e+02
4.593981311635458198e+00 8.953271484375000000e+02
4.597416064017989967e+00 9.002921142578125000e+02
4.600850816400520849e+00 9.014506225585937500e+02
4.604285568783052618e+00 8.999774780273437500e+02
4.607720321165583499e+00 9.026797485351562500e+02
4.611155073548115269e+00 8.954546508789062500e+02
4.614589825930645262e+00 8.878699951171875000e+02
4.618024578313177031e+00 8.794442138671875000e+02
4.621459330695707912e+00 8.824624633789062500e+02
4.624894083078238793e+00 8.855004882812500000e+02
4.628328835460770563e+00 8.906080322265625000e+02
4.631763587843301444e+00 8.976526489257812500e+02
4.635198340225833213e+00 9.019672241210937500e+02
4.638633092608363206e+00 9.009168090820312500e+02
4.642067844990894976e+00 8.973614501953125000e+02
4.645502597373425857e+00 9.040610351562500000e+02
4.648937349755957626e+00 9.091412963867187500e+02
4.652372102138488508e+00 9.082428588867187500e+02
4.655806854521020277e+00 9.096458740234375000e+02
4.659241606903551158e+00 9.121710815429687500e+02
4.662676359286082040e+00 9.125630493164062500e+02
4.666111111668612921e+00 9.159100952148437500e+02
4.669545864051144690e+00 9.231833496093750000e+02
4.672980616433675571e+00 9.304375610351562500e+02
4.676415368816207341e+00 9.285738525390625000e+02
4.679850121198738222e+00 9.280491333007812500e+02
4.683284873581269991e+00 9.230045166015625000e+02
4.686719625963800873e+00 9.247318115234375000e+02
4.690154378346331754e+00 9.273249511718750000e+02
4.693589130728862635e+00 9.296256103515625000e+02
4.697023883111393516e+00 9.353214721679687500e+02
4.700458635493925286e+00 9.367339477539062500e+02
4.703893387876456167e+00 9.406987915039062500e+02
4.707328140258987936e+00 9.461515502929687500e+02
4.710762892641518818e+00 9.564498291015625000e+02
4.714197645024049699e+00 9.609026489257812500e+02
4.717632397406580580e+00 9.690578002929687500e+02
4.721067149789112349e+00 9.784507446289062500e+02
4.724501902171643231e+00 9.943399047851562500e+02
4.727936654554175000e+00 1.004219482421875000e+03
4.731371406936705881e+00 1.013525634765625000e+03
4.734806159319237651e+00 1.030318237304687500e+03
4.738240911701767644e+00 1.067856201171875000e+03
4.741675664084299413e+00 1.136101806640625000e+03
4.745110416466830294e+00 1.271120483398437500e+03
4.748545168849362064e+00 1.547457153320312500e+03
4.751979921231892945e+00 2.185620361328125000e+03
4.755414673614424714e+00 3.505540039062500000e+03
4.758849425996955596e+00 5.646996582031250000e+03
4.762284178379487365e+00 7.985348632812500000e+03
4.765718930762017358e+00 9.570613281250000000e+03
4.769153683144549127e+00 9.931009765625000000e+03
4.772588435527080009e+00 9.148235351562500000e+03
4.776023187909610890e+00 7.554791503906250000e+03
4.779457940292142659e+00 5.184987304687500000e+03
4.782892692674673540e+00 3.295735839843750000e+03
4.786327445057205310e+00 2.015442993164062500e+03
4.789762197439735303e+00 1.494726562500000000e+03
4.793196949822267072e+00 1.263010009765625000e+03
4.796631702204797953e+00 1.144357055664062500e+03
4.800066454587329723e+00 1.078261840820312500e+03
4.803501206969860604e+00 1.035052734375000000e+03
4.806935959352392373e+00 1.015040039062500000e+03
4.810370711734923255e+00 1.004595153808593750e+03
4.813805464117454136e+00 1.003036865234375000e+03
4.817240216499985017e+00 9.945932006835937500e+02
4.820674968882516787e+00 9.833912353515625000e+02
4.824109721265047668e+00 9.760631713867187500e+02
4.827544473647579437e+00 9.674503173828125000e+02
4.830979226030110318e+00 9.581794433593750000e+02
4.834413978412642088e+00 9.534489135742187500e+02
4.837848730795172969e+00 9.552340698242187500e+02
4.841283483177703850e+00 9.532005615234375000e+02
4.844718235560234731e+00 9.412035522460937500e+02
4.848152987942766501e+00 9.335216064453125000e+02
4.851587740325297382e+00 9.351739501953125000e+02
4.855022492707828263e+00 9.361477050781250000e+02
4.858457245090360033e+00 9.320281372070312500e+02
4.861891997472890914e+00 9.311123657226562500e+02
4.865326749855421795e+00 9.361804809570312500e+02
4.868761502237952676e+00 9.349274902343750000e+02
4.872196254620484446e+00 9.260891723632812500e+02
4.875631007003015327e+00 9.203864746093750000e+02
4.879065759385547096e+00 9.249847412109375000e+02
4.882500511768077978e+00 9.258663940429687500e+02
4.885935264150609747e+00 9.196657104492187500e+02
4.889370016533139740e+00 9.147593383789062500e+02
4.892804768915671509e+00 9.186263427734375000e+02
4.896239521298202391e+00 9.249864501953125000e+02
4.899674273680734160e+00 9.300574951171875000e+02
4.903109026063265041e+00 9.311000976562500000e+02
4.906543778445796811e+00 9.307074584960937500e+02
4.909978530828327692e+00 9.326868286132812500e+02
4.913413283210858573e+00 9.391164550781250000e+02
4.916848035593389454e+00 9.441857299804687500e+02
4.920282787975921224e+00 9.426261596679687500e+02
4.923717540358452105e+00 9.407821044921875000e+02
4.927152292740982986e+00 9.367379760742187500e+02
4.930587045123514756e+00 9.401928710937500000e+02
4.934021797506045637e+00 9.384707641601562500e+02
4.937456549888577406e+00 9.383447875976562500e+02
4.940891302271107399e+00 9.398598022460937500e+02
4.944326054653639169e+00 9.450304565429687500e+02
4.947760807036170050e+00 9.457774658203125000e+02
4.951195559418701819e+00 9.410688476562500000e+02
4.954630311801232700e+00 9.504566040039062500e+02
4.958065064183764470e+00 9.625903320312500000e+02
4.961499816566295351e+00 9.712756347656250000e+02
4.964934568948826232e+00 9.722849731445312500e+02
4.968369321331357114e+00 9.737938232421875000e+02
4.971804073713888883e+00 9.813566284179687500e+02
4.975238826096419764e+00 9.904026489257812500e+02
4.978673578478951534e+00 1.001960388183593750e+03
4.982108330861482415e+00 1.010878479003906250e+03
4.985543083244014184e+00 1.018952148437500000e+03
4.988977835626544177e+00 1.030184326171875000e+03
4.992412588009075947e+00 1.047520874023437500e+03
4.995847340391606828e+00 1.067856933593750000e+03
4.999282092774138597e+00 1.080798095703125000e+03
5.002716845156669478e+00 1.085979614257812500e+03
5.006151597539200360e+00 1.096775634765625000e+03
5.009586349921732129e+00 1.125201171875000000e+03
5.013021102304263010e+00 1.161651611328125000e+03
5.016455854686793892e+00 1.203703002929687500e+03
5.019890607069324773e+00 1.245770141601562500e+03
5.023325359451856542e+00 1.303876464843750000e+03
5.026760111834387423e+00 1.384249755859375000e+03
5.030194864216919193e+00 1.533336303710937500e+03
5.033629616599450074e+00 1.803433837890625000e+03
5.037064368981981843e+00 2.367901367187500000e+03
5.040499121364511836e+00 3.586030273437500000e+03
5.043933873747043606e+00 6.360448730468750000e+03
5.047368626129574487e+00 1.176070800781250000e+04
5.050803378512106256e+00 1.980831640625000000e+04
5.054238130894637138e+00 2.842007031250000000e+04
5.057672883277168907e+00 3.334757812500000000e+04
5.061107635659699788e+00 3.165521093750000000e+04
5.064542388042230669e+00 2.509030273437500000e+04
5.067977140424761551e+00 1.594816699218750000e+04
5.071411892807293320e+00 9.236043945312500000e+03
5.074846645189824201e+00 4.879280273437500000e+03
5.078281397572355083e+00 2.962793457031250000e+03
5.081716149954886852e+00 2.103558349609375000e+03
5.085150902337417733e+00 1.712334716796875000e+03
5.088585654719949503e+00 1.501517333984375000e+03
5.092020407102479496e+00 1.374173461914062500e+03
5.095455159485011265e+00 1.293191406250000000e+03
5.098889911867542146e+00 1.238416992187500000e+03
5.102324664250073916e+00 1.201245849609375000e+03
5.105759416632604797e+00 1.178252807617187500e+03
5.109194169015136566e+00 1.159388671875000000e+03
5.112628921397667447e+00 1.140371582031250000e+03
5.116063673780198329e+00 1.117995483398437500e+03
5.119498426162729210e+00 1.099194458007812500e+03
5.122933178545260979e+00 1.084876098632812500e+03
5.126367930927791861e+00 1.070537353515625000e+03
5.129802683310323630e+00 1.051056762695312500e+03
5.133237435692854511e+00 1.036534667968750000e+03
5.136672188075386281e+00 1.029750000000000000e+03
5.140106940457916274e+00 1.019871276855468750e+03
5.143541692840448043e+00 1.012132812500000000e+03
5.146976445222978924e+00 1.008296997070312500e+03
5.150411197605510694e+00 9.955673828125000000e+02
5.153845949988041575e+00 9.852030029296875000e+02
5.157280702370572456e+00 9.823648681640625000e+02
5.160715454753104225e+00 9.833880615234375000e+02
5.164150207135635107e+00 9.778939208984375000e+02
5.167584959518165988e+00 9.701842651367187500e+02
5.171019711900696869e+00 9.640032348632812500e+02
5.174454464283228639e+00 9.584606323242187500e+02
5.177889216665759520e+00 9.574758300781250000e+02
5.181323969048291289e+00 9.580624389648437500e+02
5.184758721430822170e+00 9.553537597656250000e+02
5.188193473813353940e+00 9.485689086914062500e+02
5.191628226195883933e+00 9.433106079101562500e+02
5.195062978578415702e+00 9.428049926757812500e+02
5.198497730960946583e+00 9.442685546875000000e+02
5.201932483343478353e+00 9.458092041015625000e+02
5.205367235726009234e+00 9.396819458007812500e+02
5.208801988108541003e+00 9.287527465820312500e+02
5.212236740491071885e+00 9.287846679687500000e+02
5.215671492873602766e+00 9.406217041015625000e+02
5.219106245256133647e+00 9.426765747070312500e+02
5.222540997638665417e+00 9.394985351562500000e+02
5.225975750021196298e+00 9.330767211914062500e+02
5.229410502403727179e+00 9.351569213867187500e+02
5.232845254786258948e+00 9.334094848632812500e+02
5.236280007168789830e+00 9.350097045898437500e+02
5.239714759551321599e+00 9.399824829101562500e+02
5.243149511933851592e+00 9.542577514648437500e+02
5.246584264316383361e+00 9.556061401367187500e+02
5.250019016698914243e+00 9.632730102539062500e+02
5.253453769081446012e+00 9.695642089843750000e+02
5.256888521463976893e+00 9.798681640625000000e+02
5.260323273846508663e+00 9.886079101562500000e+02
5.263758026229039544e+00 9.967548828125000000e+02
5.267192778611570425e+00 1.004366088867187500e+03
5.270627530994101306e+00 1.007735290527343750e+03
5.274062283376633076e+00 1.007483825683593750e+03
5.277497035759163957e+00 1.009460083007812500e+03
5.280931788141695726e+00 1.011178588867187500e+03
5.284366540524226608e+00 1.022660583496093750e+03
5.287801292906758377e+00 1.043786376953125000e+03
5.291236045289288370e+00 1.069739379882812500e+03
5.294670797671820139e+00 1.100881347656250000e+03
5.298105550054351021e+00 1.147821777343750000e+03
5.301540302436882790e+00 1.209420776367187500e+03
5.304975054819413671e+00 1.316888183593750000e+03
5.308409807201944552e+00 1.516422729492187500e+03
5.311844559584476322e+00 1.951377441406250000e+03
5.315279311967006315e+00 2.934531494140625000e+03
5.318714064349538084e+00 4.950221191406250000e+03
5.322148816732068966e+00 8.654728515625000000e+03
5.325583569114600735e+00 1.317920019531250000e+04
5.329018321497131616e+00 1.726616992187500000e+04
5.332453073879663386e+00 1.949157617187500000e+04
5.335887826262194267e+00 1.895439648437500000e+04
5.339322578644726036e+00 1.557204882812500000e+04
5.342757331027256029e+00 1.073450488281250000e+04
5.346192083409787799e+00 6.340187500000000000e+03
5.349626835792318680e+00 3.467780517578125000e+03
5.353061588174850449e+00 2.206344726562500000e+03
5.356496340557381330e+00 1.656577880859375000e+03
5.359931092939913100e+00 1.391370239257812500e+03
5.363365845322443981e+00 1.263825683593750000e+03
5.366800597704974862e+00 1.192894897460937500e+03
5.370235350087505743e+00 1.148325683593750000e+03
5.373670102470037513e+00 1.113187866210937500e+03
5.377104854852568394e+00 1.085979370117187500e+03
5.380539607235100164e+00 1.069675903320312500e+03
5.383974359617631045e+00 1.051575439453125000e+03
5.387409112000161926e+00 1.036275390625000000e+03
5.390843864382692807e+00 1.012424743652343750e+03
5.394278616765223688e+00 9.992949829101562500e+02
5.397713369147755458e+00 9.883189697265625000e+02
5.401148121530286339e+00 9.873222045898437500e+02
5.404582873912818108e+00 9.842414550781250000e+02
5.408017626295348990e+00 9.792746582031250000e+02
5.411452378677880759e+00 9.776209106445312500e+02
5.414887131060411640e+00 9.714217529296875000e+02
5.418321883442942521e+00 9.680080566406250000e+02
5.421756635825473403e+00 9.608941040039062500e+02
5.425191388208005172e+00 9.575329589843750000e+02
5.428626140590536053e+00 9.528255615234375000e+02
5.432060892973067823e+00 9.455725097656250000e+02
5.435495645355598704e+00 9.350765991210937500e+02
5.438930397738130473e+00 9.295959472656250000e+02
5.442365150120660466e+00 9.305056762695312500e+02
5.445799902503192236e+00 9.273869018554687500e+02
5.449234654885723117e+00 9.210292358398437500e+02
5.452669407268254886e+00 9.141542968750000000e+02
5.456104159650785768e+00 9.167175292968750000e+02
5.459538912033316649e+00 9.071541137695312500e+02
5.462973664415848418e+00 9.054561157226562500e+02
5.466408416798379299e+00 9.008710327148437500e+02
5.469843169180910181e+00 9.058681640625000000e+02
5.473277921563441062e+00 9.073542480468750000e+02
5.476712673945972831e+00 9.094965209960937500e+02
5.480147426328503713e+00 9.104869384765625000e+02
5.483582178711035482e+00 9.126083984375000000e+02
5.487016931093566363e+00 9.120536499023437500e+02
5.490451683476098133e+00 9.100200195312500000e+02
5.493886435858628126e+00 9.102352294921875000e+02
5.497321188241159895e+00 9.132011718750000000e+02
5.500755940623690776e+00 9.155192260742187500e+02
5.504190693006222546e+00 9.205608520507812500e+02
5.507625445388753427e+00 9.239910888671875000e+02
5.511060197771285196e+00 9.242689208984375000e+02
5.514494950153816077e+00 9.269307861328125000e+02
5.517929702536346959e+00 9.282777709960937500e+02
5.521364454918877840e+00 9.391567993164062500e+02
5.524799207301409609e+00 9.480450439453125000e+02
5.528233959683940490e+00 9.595172119140625000e+02
5.531668712066472260e+00 9.616664428710937500e+02
5.535103464449003141e+00 9.673334350585937500e+02
5.538538216831534022e+00 9.756179199218750000e+02
5.541972969214064904e+00 9.890645751953125000e+02
5.545407721596595785e+00 1.002798278808593750e+03
5.548842473979127554e+00 1.019125915527343750e+03
5.552277226361658435e+00 1.038355957031250000e+03
5.555711978744190205e+00 1.058115356445312500e+03
5.559146731126721086e+00 1.090728027343750000e+03
5.562581483509252855e+00 1.146848510742187500e+03
5.566016235891783737e+00 1.243930786132812500e+03
5.569450988274314618e+00 1.420136108398437500e+03
5.572885740656845499e+00 1.817878295898437500e+03
5.576320493039377268e+00 2.764920166015625000e+03
5.579755245421908150e+00 4.644362304687500000e+03
5.583189997804439919e+00 8.646118164062500000e+03
5.586624750186970800e+00 1.252839160156250000e+04
5.590059502569502570e+00 1.715009765625000000e+04
5.593494254952032563e+00 1.797088281250000000e+04
5.596929007334564332e+00 1.692158203125000000e+04
5.600363759717095213e+00 1.290826074218750000e+04
5.603798512099626983e+00 8.764232421875000000e+03
5.607233264482157864e+00 5.065240234375000000e+03
5.610668016864688745e+00 2.771615234375000000e+03
5.614102769247220515e+00 1.855917236328125000e+03
5.617537521629751396e+00 1.448338500976562500e+03
5.620972274012282277e+00 1.262769653320312500e+03
5.624407026394813158e+00 1.167307250976562500e+03
5.627841778777344928e+00 1.109281372070312500e+03
5.631276531159875809e+00 1.071542968750000000e+03
5.634711283542407578e+00 1.044073120117187500e+03
5.638146035924938460e+00 1.023049804687500000e+03
5.641580788307470229e+00 9.970372924804687500e+02
5.645015540690000222e+00 9.779974365234375000e+02
5.648450293072531991e+00 9.731605834960937500e+02
5.651885045455062873e+00 9.639763793945312500e+02
5.655319797837594642e+00 9.521011962890625000e+02
5.658754550220125523e+00 9.387714843750000000e+02
5.662189302602657293e+00 9.355875854492187500e+02
5.665624054985188174e+00 9.326190795898437500e+02
5.669058807367719055e+00 9.212234497070312500e+02
5.672493559750249936e+00 9.106365356445312500e+02
5.675928312132781706e+00 9.036954956054687500e+02
5.679363064515312587e+00 9.039379272460937500e+02
5.682797816897844356e+00 8.986947021484375000e+02
5.686232569280375237e+00 8.962456665039062500e+02
5.689667321662906119e+00 8.908785400390625000e+02
5.693102074045437000e+00 8.938047485351562500e+02
5.696536826427967881e+00 8.916775512695312500e+02
5.699971578810499651e+00 8.907041625976562500e+02
5.703406331193030532e+00 8.850993652343750000e+02
5.706841083575562301e+00 8.831755981445312500e+02
5.710275835958093182e+00 8.854216308593750000e+02
5.713710588340624952e+00 8.892651367187500000e+02
5.717145340723154945e+00 8.888508911132812500e+02
5.720580093105686714e+00 8.841080932617187500e+02
5.724014845488217595e+00 8.759934692382812500e+02
5.727449597870749365e+00 8.660138549804687500e+02
5.730884350253280246e+00 8.567294921875000000e+02
5.734319102635812015e+00 8.541034545898437500e+02
5.737753855018342897e+00 8.516306152343750000e+02
5.741188607400874666e+00 8.472484741210937500e+02
5.744623359783404659e+00 8.467926025390625000e+02
5.748058112165936429e+00 8.527076416015625000e+02
5.751492864548467310e+00 8.554637451171875000e+02
5.754927616930999079e+00 8.544436645507812500e+02
5.758362369313529960e+00 8.558847045898437500e+02
5.761797121696060842e+00 8.628629760742187500e+02
5.765231874078592611e+00 8.594053955078125000e+02
5.768666626461123492e+00 8.546046142578125000e+02
5.772101378843654373e+00 8.514795532226562500e+02
5.775536131226185255e+00 8.571616210937500000e+02
5.778970883608717024e+00 8.667756347656250000e+02
5.782405635991247905e+00 8.708236083984375000e+02
5.785840388373779675e+00 8.634534912109375000e+02
5.789275140756310556e+00 8.528417968750000000e+02
5.792709893138841437e+00 8.506571655273437500e+02
5.796144645521372318e+00 8.552551879882812500e+02
5.799579397903904088e+00 8.609443969726562500e+02
5.803014150286434969e+00 8.680172119140625000e+02
5.806448902668966738e+00 8.671452026367187500e+02
5.809883655051497620e+00 8.673494262695312500e+02
5.813318407434029389e+00 8.779408569335937500e+02
5.816753159816560270e+00 9.034486694335937500e+02
5.820187912199091151e+00 9.384389648437500000e+02
5.823622664581622033e+00 1.015204284667968750e+03
5.827057416964153802e+00 1.188805175781250000e+03
5.830492169346684683e+00 1.504251220703125000e+03
5.833926921729216453e+00 1.972467041015625000e+03
5.837361674111747334e+00 2.440210449218750000e+03
5.840796426494278215e+00 2.740929443359375000e+03
5.844231178876809096e+00 2.717392089843750000e+03
5.847665931259339978e+00 2.409316894531250000e+03
5.851100683641871747e+00 1.887252197265625000e+03
5.854535436024402628e+00 1.439583740234375000e+03
5.857970188406934398e+00 1.141442626953125000e+03
5.861404940789465279e+00 9.979587402343750000e+02
5.864839693171997048e+00 9.224094238281250000e+02
5.868274445554527041e+00 8.788502807617187500e+02
5.871709197937058811e+00 8.627340087890625000e+02
5.875143950319589692e+00 8.621677856445312500e+02
5.878578702702121461e+00 8.656755371093750000e+02
5.882013455084652342e+00 8.612772827148437500e+02
5.885448207467184112e+00 8.574585571289062500e+02
5.888882959849714993e+00 8.537579956054687500e+02
5.892317712232246762e+00 8.567081298828125000e+02
5.895752464614776756e+00 8.530131225585937500e+02
5.899187216997308525e+00 8.483875122070312500e+02
5.902621969379839406e+00 8.368085327148437500e+02
5.906056721762371176e+00 8.315894165039062500e+02
5.909491474144902057e+00 8.299828491210937500e+02
5.912926226527432938e+00 8.325061035156250000e+02
5.916360978909964707e+00 8.344986572265625000e+02
5.919795731292495589e+00 8.350827026367187500e+02
5.923230483675026470e+00 8.347402954101562500e+02
5.926665236057557351e+00 8.400081176757812500e+02
5.930099988440089120e+00 8.373150024414062500e+02
5.933534740822620002e+00 8.294885253906250000e+02
5.936969493205151771e+00 8.211921386718750000e+02
5.940404245587682652e+00 8.304671630859375000e+02
5.943838997970213534e+00 8.310147705078125000e+02
5.947273750352744415e+00 8.351065673828125000e+02
5.950708502735276184e+00 8.366340332031250000e+02
5.954143255117807065e+00 8.414509277343750000e+02
5.957578007500338835e+00 8.455819091796875000e+02
5.961012759882869716e+00 8.479142456054687500e+02
5.964447512265401485e+00 8.431711425781250000e+02
5.967882264647932367e+00 8.398458862304687500e+02
5.971317017030463248e+00 8.397687988281250000e+02
5.974751769412994129e+00 8.453175048828125000e+02
5.978186521795525898e+00 8.493670043945312500e+02
5.981621274178056780e+00 8.500635375976562500e+02
5.985056026560588549e+00 8.506470336914062500e+02
5.988490778943119430e+00 8.538746948242187500e+02
5.991925531325650311e+00 8.588966064453125000e+02
5.995360283708181193e+00 8.584982910156250000e+02
5.998795036090712074e+00 8.542568969726562500e+02
6.002229788473243843e+00 8.579355468750000000e+02
6.005664540855774725e+00 8.598400268554687500e+02
6.009099293238306494e+00 8.684099121093750000e+02
6.012534045620837375e+00 8.735424194335937500e+02
6.015968798003369145e+00 8.833953247070312500e+02
6.019403550385899138e+00 8.832498779296875000e+02
6.022838302768430907e+00 8.863181152343750000e+02
6.026273055150961788e+00 8.877156372070312500e+02
6.029707807533493558e+00 8.961275634765625000e+02
6.033142559916024439e+00 9.003140869140625000e+02
6.036577312298556208e+00 9.059062500000000000e+02
6.040012064681087089e+00 9.172038574218750000e+02
6.043446817063618859e+00 9.272227783203125000e+02
6.046881569446148852e+00 9.357019653320312500e+02
6.050316321828680621e+00 9.605120849609375000e+02
6.053751074211211503e+00 1.007563354492187500e+03
6.057185826593743272e+00 1.100439086914062500e+03
6.060620578976274153e+00 1.297409545898437500e+03
6.064055331358805923e+00 1.716012084960937500e+03
6.067490083741336804e+00 2.567202392578125000e+03
6.070924836123867685e+00 3.833708007812500000e+03
6.074359588506398566e+00 5.546901855468750000e+03
6.077794340888929447e+00 6.941038574218750000e+03
6.081229093271461217e+00 7.721585937500000000e+03
6.084663845653992098e+00 7.265376464843750000e+03
6.088098598036523867e+00 5.893952148437500000e+03
6.091533350419054749e+00 4.105144531250000000e+03
6.094968102801585630e+00 2.633134033203125000e+03
6.098402855184116511e+00 1.738793823242187500e+03
6.101837607566648281e+00 1.299571044921875000e+03
6.105272359949179162e+00 1.106266235351562500e+03
6.108707112331710931e+00 1.022432556152343750e+03
6.112141864714241812e+00 9.764137573242187500e+02
6.115576617096773582e+00 9.500806274414062500e+02
6.119011369479304463e+00 9.302585449218750000e+02
6.122446121861835344e+00 9.167752685546875000e+02
6.125880874244366225e+00 9.094108886718750000e+02
6.129315626626897995e+00 9.062057495117187500e+02
6.132750379009428876e+00 9.047712402343750000e+02
6.136185131391960645e+00 8.957052001953125000e+02
6.139619883774491527e+00 8.877125854492187500e+02
6.143054636157022408e+00 8.859286499023437500e+02
6.146489388539553289e+00 8.916088256835937500e+02
6.149924140922085058e+00 8.851427612304687500e+02
6.153358893304615940e+00 8.800540161132812500e+02
6.156793645687146821e+00 8.777265014648437500e+02
6.160228398069678590e+00 8.826901855468750000e+02
6.163663150452209472e+00 8.845913696289062500e+02
6.167097902834741241e+00 8.782447509765625000e+02
6.170532655217271234e+00 8.720578002929687500e+02
6.173967407599803003e+00 8.685649414062500000e+02
6.177402159982333885e+00 8.690216674804687500e+02
6.180836912364865654e+00 8.683010864257812500e+02
6.184271664747396535e+00 8.689270629882812500e+02
6.187706417129928305e+00 8.665588378906250000e+02
6.191141169512459186e+00 8.683610839843750000e+02
6.194575921894990067e+00 8.726774902343750000e+02
6.198010674277520948e+00 8.780067138671875000e+02
6.201445426660052718e+00 8.733789672851562500e+02
6.204880179042583599e+00 8.692069091796875000e+02
6.208314931425115368e+00 8.670176391601562500e+02
6.211749683807646250e+00 8.744766845703125000e+02
6.215184436190178019e+00 8.820589599609375000e+02
6.218619188572708900e+00 8.818900756835937500e+02
6.222053940955239781e+00 8.785255126953125000e+02
6.225488693337770663e+00 8.787973632812500000e+02
6.228923445720301544e+00 8.831789550781250000e+02
6.232358198102833313e+00 8.910530395507812500e+02
6.235792950485364194e+00 9.008804321289062500e+02
6.239227702867895964e+00 9.014044799804687500e+02
6.242662455250426845e+00 9.048466796875000000e+02
6.246097207632957726e+00 9.106725463867187500e+02
6.249531960015488607e+00 9.157249755859375000e+02
6.252966712398020377e+00 9.204656372070312500e+02
6.256401464780551258e+00 9.251056518554687500e+02
6.259836217163083028e+00 9.356411743164062500e+02
6.263270969545613909e+00 9.537352294921875000e+02
6.266705721928145678e+00 9.760347900390625000e+02
6.270140474310675671e+00 9.980960083007812500e+02
6.273575226693207441e+00 1.027441406250000000e+03
6.277009979075738322e+00 1.073288208007812500e+03
6.280444731458270091e+00 1.142777587890625000e+03
6.283879483840800972e+00 1.261160400390625000e+03
6.287314236223332742e+00 1.498891479492187500e+03
6.290748988605863623e+00 1.981703369140625000e+03
6.294183740988394504e+00 3.067531494140625000e+03
6.297618493370925385e+00 5.011821777343750000e+03
6.301053245753457155e+00 8.268681640625000000e+03
6.304487998135988036e+00 1.148230468750000000e+04
6.307922750518518917e+00 1.414902734375000000e+04
6.311357502901050687e+00 1.505313964843750000e+04
6.314792255283581568e+00 1.401489550781250000e+04
6.318227007666113337e+00 1.124120312500000000e+04
6.321661760048643330e+00 7.589349609375000000e+03
6.325096512431175100e+00 4.655200683593750000e+03
6.328531264813705981e+00 2.727990478515625000e+03
6.331966017196237750e+00 1.835088500976562500e+03
6.335400769578768632e+00 1.429894287109375000e+03
6.338835521961300401e+00 1.241813110351562500e+03
6.342270274343831282e+00 1.134781494140625000e+03
6.345705026726362163e+00 1.072331054687500000e+03
6.349139779108893045e+00 1.032094848632812500e+03
6.352574531491424814e+00 1.007707580566406250e+03
6.356009283873955695e+00 9.845274047851562500e+02
6.359444036256487465e+00 9.667866821289062500e+02
6.362878788639018346e+00 9.561019287109375000e+02
6.366313541021550115e+00 9.442752685546875000e+02
6.369748293404080997e+00 9.362937011718750000e+02
6.373183045786611878e+00 9.294218750000000000e+02
6.376617798169142759e+00 9.203494262695312500e+02
6.380052550551673640e+00 9.136710815429687500e+02
6.383487302934205410e+00 9.103391113281250000e+02
6.386922055316736291e+00 8.992633056640625000e+02
6.390356807699268060e+00 8.817851562500000000e+02
6.393791560081798941e+00 8.704038085937500000e+02
6.397226312464329823e+00 8.719287719726562500e+02
6.400661064846860704e+00 8.766912231445312500e+02
6.404095817229392473e+00 8.756937866210937500e+02
6.407530569611923355e+00 8.707506713867187500e+02
6.410965321994455124e+00 8.621223144531250000e+02
6.414400074376986005e+00 8.603281860351562500e+02
6.417834826759517775e+00 8.596199951171875000e+02
6.421269579142047768e+00 8.541603393554687500e+02
6.424704331524579537e+00 8.494984741210937500e+02
6.428139083907110418e+00 8.471303100585937500e+02
6.431573836289642188e+00 8.462489013671875000e+02
6.435008588672173069e+00 8.450444946289062500e+02
6.438443341054704838e+00 8.402505493164062500e+02
6.441878093437235719e+00 8.409572143554687500e+02
6.445312845819766601e+00 8.363606567382812500e+02
6.448747598202297482e+00 8.292030029296875000e+02
6.452182350584829251e+00 8.269931030273437500e+02
6.455617102967360132e+00 8.332095336914062500e+02
6.459051855349891014e+00 8.289050903320312500e+02
6.462486607732422783e+00 8.347537231445312500e+02
6.465921360114953664e+00 8.355802001953125000e+02
6.469356112497485434e+00 8.358023071289062500e+02
6.472790864880015427e+00 8.265382080078125000e+02
6.476225617262547196e+00 8.218532104492187500e+02
6.479660369645078077e+00 8.196967163085937500e+02
6.483095122027609847e+00 8.220349731445312500e+02
6.486529874410140728e+00 8.205028686523437500e+02
6.489964626792672497e+00 8.158671875000000000e+02
6.493399379175203379e+00 8.108162841796875000e+02
6.496834131557734260e+00 8.131060791015625000e+02
6.500268883940265141e+00 8.136546020507812500e+02
6.503703636322796910e+00 8.186287231445312500e+02
6.507138388705327792e+00 8.206764526367187500e+02
6.510573141087859561e+00 8.171974487304687500e+02
6.514007893470390442e+00 8.160554199218750000e+02
6.517442645852922212e+00 8.159726562500000000e+02
6.520877398235453093e+00 8.204511108398437500e+02
6.524312150617983974e+00 8.178503417968750000e+02
6.527746903000514855e+00 8.172444458007812500e+02
6.531181655383045737e+00 8.172703857421875000e+02
6.534616407765577506e+00 8.181366577148437500e+02
6.538051160148108387e+00 8.129595947265625000e+02
6.541485912530640157e+00 8.108455200195312500e+02
6.544920664913171038e+00 8.135652465820312500e+02
6.548355417295701919e+00 8.140850830078125000e+02
6.551790169678232800e+00 8.067102661132812500e+02
6.555224922060764570e+00 8.012941894531250000e+02
6.558659674443295451e+00 8.095792846679687500e+02
6.562094426825827220e+00 8.124129638671875000e+02
6.565529179208358102e+00 8.107912597656250000e+02
6.568963931590889871e+00 8.082108764648437500e+02
6.572398683973419864e+00 8.107634277343750000e+02
6.575833436355951633e+00 8.090955810546875000e+02
6.579268188738482515e+00 8.117254638671875000e+02
6.582702941121014284e+00 8.108164672851562500e+02
6.586137693503545165e+00 8.111118164062500000e+02
6.589572445886076935e+00 8.090359497070312500e+02
6.593007198268607816e+00 8.136758422851562500e+02
6.596441950651138697e+00 8.152774047851562500e+02
6.599876703033669578e+00 8.130692749023437500e+02
6.603311455416201348e+00 8.132493896484375000e+02
6.606746207798732229e+00 8.104298095703125000e+02
6.610180960181263110e+00 8.110839233398437500e+02
6.613615712563794879e+00 8.126497192382812500e+02
6.617050464946325761e+00 8.147225952148437500e+02
6.620485217328857530e+00 8.118009033203125000e+02
6.623919969711387523e+00 8.067843627929687500e+02
6.627354722093919293e+00 8.075364379882812500e+02
6.630789474476450174e+00 8.160410766601562500e+02
6.634224226858981943e+00 8.219689941406250000e+02
6.637658979241512824e+00 8.235335693359375000e+02
6.641093731624044594e+00 8.129288330078125000e+02
6.644528484006575475e+00 8.076320190429687500e+02
6.647963236389106356e+00 8.039365234375000000e+02
6.651397988771637237e+00 8.096592407226562500e+02
6.654832741154169007e+00 8.124100952148437500e+02
6.658267493536699888e+00 8.132162475585937500e+02
6.661702245919231657e+00 8.083856201171875000e+02
6.665136998301762539e+00 8.095324707031250000e+02
6.668571750684294308e+00 8.123718261718750000e+02
6.672006503066824301e+00 8.148496093750000000e+02
6.675441255449356071e+00 8.156738891601562500e+02
6.678876007831886952e+00 8.219958496093750000e+02
6.682310760214417833e+00 8.219797973632812500e+02
6.685745512596949602e+00 8.206330566406250000e+02
6.689180264979480484e+00 8.210853881835937500e+02
6.692615017362012253e+00 8.282761840820312500e+02
6.696049769744543134e+00 8.362741088867187500e+02
6.699484522127074015e+00 8.433273315429687500e+02
6.702919274509604897e+00 8.469046020507812500e+02
6.706354026892136666e+00 8.470853881835937500e+02
6.709788779274667547e+00 8.491654663085937500e+02
6.713223531657199317e+00 8.441645507812500000e+02
6.716658284039730198e+00 8.202836303710937500e+02
6.720093036422261967e+00 7.783107910156250000e+02
6.723527788804791960e+00 7.871989135742187500e+02
6.726962541187323730e+00 9.003529052734375000e+02
6.730397293569854611e+00 1.089248413085937500e+03
6.733832045952386380e+00 1.343625610351562500e+03
6.737266798334917262e+00 1.693524658203125000e+03
6.740701550717449031e+00 2.038442749023437500e+03
6.744136303099979912e+00 2.371014404296875000e+03
6.747571055482510793e+00 2.481389160156250000e+03
6.751005807865041675e+00 2.437478271484375000e+03
6.754440560247573444e+00 2.055082763671875000e+03
6.757875312630104325e+00 1.670273071289062500e+03
6.761310065012635206e+00 1.250508178710937500e+03
6.764744817395166976e+00 1.046355590820312500e+03
6.768179569777697857e+00 9.390371704101562500e+02
6.771614322160229626e+00 8.980977783203125000e+02
6.775049074542759620e+00 8.755808105468750000e+02
6.778483826925291389e+00 8.591704101562500000e+02
6.781918579307822270e+00 8.498595581054687500e+02
6.785353331690354040e+00 8.413894042968750000e+02
6.788788084072884921e+00 8.397069091796875000e+02
6.792222836455416690e+00 8.354785156250000000e+02
6.795657588837947571e+00 8.378606567382812500e+02
6.799092341220478453e+00 8.427424316406250000e+02
6.802527093603009334e+00 8.501588134765625000e+02
6.805961845985541103e+00 8.522328491210937500e+02
6.809396598368071984e+00 8.460820922851562500e+02
6.812831350750603754e+00 8.419961547851562500e+02
6.816266103133134635e+00 8.451004028320312500e+02
6.819700855515666404e+00 8.475968017578125000e+02
6.823135607898196398e+00 8.531381835937500000e+02
6.826570360280728167e+00 8.662374267578125000e+02
6.830005112663259048e+00 8.644627685546875000e+02
6.833439865045790818e+00 8.488857421875000000e+02
6.836874617428321699e+00 8.313361206054687500e+02
6.840309369810852580e+00 8.313056030273437500e+02
6.843744122193384349e+00 8.403479614257812500e+02
6.847178874575915231e+00 8.488557128906250000e+02
6.850613626958446112e+00 8.509054565429687500e+02
6.854048379340976993e+00 8.568053588867187500e+02
6.857483131723508762e+00 8.611083984375000000e+02
6.860917884106039644e+00 8.598388061523437500e+02
6.864352636488571413e+00 8.532432250976562500e+02
6.867787388871102294e+00 8.569128417968750000e+02
6.871222141253634064e+00 8.657602539062500000e+02
6.874656893636164057e+00 8.751989135742187500e+02
6.878091646018695826e+00 8.736755371093750000e+02
6.881526398401226707e+00 8.727388916015625000e+02
6.884961150783758477e+00 8.735211791992187500e+02
6.888395903166289358e+00 8.785090332031250000e+02
6.891830655548821127e+00 8.817864990234375000e+02
6.895265407931352009e+00 8.896669921875000000e+02
6.898700160313882890e+00 9.007537841796875000e+02
6.902134912696413771e+00 9.084220581054687500e+02
6.905569665078945540e+00 9.179918212890625000e+02
6.909004417461476422e+00 9.301442871093750000e+02
6.912439169844007303e+00 9.434951782226562500e+02
6.915873922226539072e+00 9.682540283203125000e+02
6.919308674609069953e+00 9.992212524414062500e+02
6.922743426991601723e+00 1.042273559570312500e+03
6.926178179374131716e+00 1.107200805664062500e+03
6.929612931756663485e+00 1.235303344726562500e+03
6.933047684139194367e+00 1.504370117187500000e+03
6.936482436521726136e+00 2.099308105468750000e+03
6.939917188904257017e+00 3.266085449218750000e+03
6.943351941286788787e+00 5.365123046875000000e+03
6.946786693669319668e+00 7.664374511718750000e+03
6.950221446051850549e+00 9.765973632812500000e+03
6.953656198434381430e+00 1.063491699218750000e+04
6.957090950816913200e+00 1.069648144531250000e+04
6.960525703199444081e+00 9.283441406250000000e+03
6.963960455581975850e+00 7.276687011718750000e+03
6.967395207964506731e+00 4.807774902343750000e+03
6.970829960347038501e+00 3.035336914062500000e+03
6.974264712729568494e+00 1.945133178710937500e+03
6.977699465112100263e+00 1.455326049804687500e+03
6.981134217494631145e+00 1.216545288085937500e+03
6.984568969877162914e+00 1.100010498046875000e+03
6.988003722259693795e+00 1.034648437500000000e+03
6.991438474642224676e+00 9.951094360351562500e+02
6.994873227024756446e+00 9.719287719726562500e+02
6.998307979407287327e+00 9.582797851562500000e+02
7.001742731789818208e+00 9.459544677734375000e+02
7.005177484172349089e+00 9.334515380859375000e+02
7.008612236554880859e+00 9.256647338867187500e+02
7.012046988937411740e+00 9.211781005859375000e+02
7.015481741319943509e+00 9.157693481445312500e+02
7.018916493702474391e+00 9.110191040039062500e+02
7.022351246085006160e+00 9.032410278320312500e+02
7.025785998467536153e+00 8.982824096679687500e+02
7.029220750850067922e+00 8.924883422851562500e+02
7.032655503232598804e+00 8.854225463867187500e+02
7.036090255615130573e+00 8.795029907226562500e+02
7.039525007997661454e+00 8.825269165039062500e+02
7.042959760380193224e+00 8.794896240234375000e+02
7.046394512762724105e+00 8.760361328125000000e+02
7.049829265145254986e+00 8.739099731445312500e+02
7.053264017527785867e+00 8.741775512695312500e+02
7.056698769910317637e+00 8.741654663085937500e+02
7.060133522292848518e+00 8.724601440429687500e+02
7.063568274675379399e+00 8.762627563476562500e+02
7.067003027057911169e+00 8.770055541992187500e+02
7.070437779440442050e+00 8.740299682617187500e+02
7.073872531822972931e+00 8.669541015625000000e+02
7.077307284205503812e+00 8.680562744140625000e+02
7.080742036588035582e+00 8.707045898437500000e+02
7.084176788970566463e+00 8.754952392578125000e+02
7.087611541353098232e+00 8.757642211914062500e+02
7.091046293735629114e+00 8.794934692382812500e+02
7.094481046118160883e+00 8.769769287109375000e+02
7.097915798500691764e+00 8.750427246093750000e+02
7.101350550883222645e+00 8.823508911132812500e+02
7.104785303265753527e+00 8.897792358398437500e+02
7.108220055648285296e+00 9.011134033203125000e+02
7.111654808030816177e+00 9.024841918945312500e+02
7.115089560413347947e+00 9.154447021484375000e+02
7.118524312795878828e+00 9.313747558593750000e+02
7.121959065178410597e+00 9.573245849609375000e+02
7.125393817560940590e+00 9.863149414062500000e+02
7.128828569943472360e+00 1.044041259765625000e+03
7.132263322326003241e+00 1.151549804687500000e+03
7.135698074708535010e+00 1.385144897460937500e+03
7.139132827091065892e+00 1.854088134765625000e+03
7.142567579473596773e+00 2.753811035156250000e+03
7.146002331856128542e+00 4.142911132812500000e+03
7.149437084238658535e+00 5.909697753906250000e+03
7.152871836621190305e+00 7.539000976562500000e+03
7.156306589003721186e+00 8.540076171875000000e+03
7.159741341386252955e+00 8.436292968750000000e+03
7.163176093768782948e+00 7.214852050781250000e+03
7.166610846151314718e+00 5.349764648437500000e+03
7.170045598533845599e+00 3.541749267578125000e+03
7.173480350916377368e+00 2.291671875000000000e+03
7.176915103298908249e+00 1.594591918945312500e+03
7.180349855681440019e+00 1.258921875000000000e+03
7.183784608063970900e+00 1.093006225585937500e+03
7.187219360446502670e+00 1.011454711914062500e+03
7.190654112829033551e+00 9.722096557617187500e+02
7.194088865211565320e+00 9.490443725585937500e+02
7.197523617594096201e+00 9.347034301757812500e+02
7.200958369976627971e+00 9.196422729492187500e+02
7.204393122359158852e+00 9.105858154296875000e+02
7.207827874741689733e+00 9.006135864257812500e+02
7.211262627124221503e+00 8.981281127929687500e+02
7.214697379506751496e+00 8.842149047851562500e+02
7.218132131889282377e+00 8.716259765625000000e+02
7.221566884271814146e+00 8.598464355468750000e+02
7.225001636654345027e+00 8.548193969726562500e+02
7.228436389036875909e+00 8.524686279296875000e+02
7.231871141419407678e+00 8.510847167968750000e+02
7.235305893801938559e+00 8.546503295898437500e+02
7.238740646184470329e+00 8.555664062500000000e+02
7.242175398567001210e+00 8.587696533203125000e+02
7.245610150949532979e+00 8.629293212890625000e+02
7.249044903332063861e+00 8.611892700195312500e+02
7.252479655714595630e+00 8.508959350585937500e+02
7.255914408097126511e+00 8.419269409179687500e+02
7.259349160479658281e+00 8.373676147460937500e+02
7.262783912862187385e+00 8.414472045898437500e+02
7.266218665244719155e+00 8.450927734375000000e+02
7.269653417627250036e+00 8.467605590820312500e+02
7.273088170009781805e+00 8.487720336914062500e+02
7.276522922392312687e+00 8.494561767578125000e+02
7.279957674774844456e+00 8.426289672851562500e+02
7.283392427157375337e+00 8.382105712890625000e+02
7.286827179539907107e+00 8.362695312500000000e+02
7.290261931922437988e+00 8.446979980468750000e+02
7.293696684304968869e+00 8.399572143554687500e+02
7.297131436687500639e+00 8.393911132812500000e+02
7.300566189070031520e+00 8.422444458007812500e+02
7.304000941452563289e+00 8.542435302734375000e+02
7.307435693835094170e+00 8.485465698242187500e+02
7.310870446217625940e+00 8.460833129882812500e+02
7.314305198600155045e+00 8.521652832031250000e+02
7.317739950982686814e+00 8.639630126953125000e+02
7.321174703365217695e+00 8.731105957031250000e+02
7.324609455747749465e+00 8.929616699218750000e+02
7.328044208130280346e+00 9.401980590820312500e+02
7.331478960512812115e+00 1.027471435546875000e+03
7.334913712895342996e+00 1.204247070312500000e+03
7.338348465277874766e+00 1.551408081054687500e+03
7.341783217660405647e+00 2.090867431640625000e+03
7.345217970042937417e+00 2.800486572265625000e+03
7.348652722425468298e+00 3.434329101562500000e+03
7.352087474808000067e+00 3.928463623046875000e+03
7.355522227190530948e+00 4.006871093750000000e+03
7.358956979573061830e+00 3.638323730468750000e+03
7.362391731955593599e+00 2.898377197265625000e+03
7.365826484338123592e+00 2.137645751953125000e+03
7.369261236720654473e+00 1.502050292968750000e+03
7.372695989103186243e+00 1.158969726562500000e+03
7.376130741485717124e+00 1.006365905761718750e+03
7.379565493868248005e+00 9.336005249023437500e+02
7.383000246250779774e+00 8.992047119140625000e+02
7.386434998633310656e+00 8.809840698242187500e+02
7.389869751015842425e+00 8.766042480468750000e+02
7.393304503398373306e+00 8.656171264648437500e+02
7.396739255780905076e+00 8.529704589843750000e+02
7.400174008163435957e+00 8.456594848632812500e+02
7.403608760545967726e+00 8.485741577148437500e+02
7.407043512928498608e+00 8.498450927734375000e+02
7.410478265311030377e+00 8.498085937500000000e+02
7.413913017693559482e+00 8.464547119140625000e+02
7.417347770076091251e+00 8.485121459960937500e+02
7.420782522458622132e+00 8.455105590820312500e+02
7.424217274841153902e+00 8.408577270507812500e+02
7.427652027223684783e+00 8.386948242187500000e+02
7.431086779606216552e+00 8.457539062500000000e+02
7.434521531988747434e+00 8.483795166015625000e+02
7.437956284371279203e+00 8.398388061523437500e+02
