# # sector 23: chi = 54.98 deg (range [50, 60))
# # columns: 2theta(deg)  intensity
9.943608147427778210e-01 3.223868164062500000e+03
9.977955671253089243e-01 3.232941162109375000e+03
1.001230319507840250e+00 3.244656982421875000e+03
1.004665071890371353e+00 3.228088378906250000e+03
1.008099824272902678e+00 3.209231201171875000e+03
1.011534576655433781e+00 3.193592529296875000e+03
1.014969329037964885e+00 3.186512207031250000e+03
1.018404081420495988e+00 3.182059570312500000e+03
1.021838833803027313e+00 3.174432373046875000e+03
1.025273586185558417e+00 3.176764648437500000e+03
1.028708338568089520e+00 3.190365966796875000e+03
1.032143090950620845e+00 3.198023681640625000e+03
1.035577843333151948e+00 3.207728759765625000e+03
1.039012595715683274e+00 3.202977539062500000e+03
1.042447348098214377e+00 3.222821777343750000e+03
1.045882100480745702e+00 3.226569824218750000e+03
1.049316852863276806e+00 3.221533203125000000e+03
1.052751605245807909e+00 3.195791503906250000e+03
1.056186357628339012e+00 3.182437011718750000e+03
1.059621110010870337e+00 3.187926025390625000e+03
1.063055862393401441e+00 3.198492919921875000e+03
1.066490614775932544e+00 3.202602050781250000e+03
1.069925367158463869e+00 3.189660156250000000e+03
1.073360119540994972e+00 3.192753173828125000e+03
1.076794871923526298e+00 3.205860595703125000e+03
1.080229624306057401e+00 3.224309814453125000e+03
1.083664376688588726e+00 3.213988525390625000e+03
1.087099129071119830e+00 3.202673339843750000e+03
1.090533881453650933e+00 3.201114013671875000e+03
1.093968633836182036e+00 3.208673828125000000e+03
1.097403386218713361e+00 3.218651367187500000e+03
1.100838138601244465e+00 3.195119873046875000e+03
1.104272890983775568e+00 3.167900390625000000e+03
1.107707643366306893e+00 3.147670654296875000e+03
1.111142395748837997e+00 3.165715820312500000e+03
1.114577148131369322e+00 3.190374511718750000e+03
1.118011900513900425e+00 3.195153320312500000e+03
1.121446652896431750e+00 3.199242919921875000e+03
1.124881405278962854e+00 3.214100830078125000e+03
1.128316157661493957e+00 3.220432128906250000e+03
1.131750910044025060e+00 3.206974121093750000e+03
1.135185662426556386e+00 3.179544433593750000e+03
1.138620414809087489e+00 3.168301269531250000e+03
1.142055167191618592e+00 3.185786865234375000e+03
1.145489919574149917e+00 3.196235107421875000e+03
1.148924671956681021e+00 3.202388427734375000e+03
1.152359424339212346e+00 3.188659423828125000e+03
1.155794176721743449e+00 3.178582031250000000e+03
1.159228929104274775e+00 3.172857177734375000e+03
1.162663681486805878e+00 3.169322265625000000e+03
1.166098433869336981e+00 3.155182128906250000e+03
1.169533186251868084e+00 3.146643554687500000e+03
1.172967938634399410e+00 3.146113037109375000e+03
1.176402691016930513e+00 3.160996582031250000e+03
1.179837443399461616e+00 3.175739013671875000e+03
1.183272195781992941e+00 3.182624023437500000e+03
1.186706948164524045e+00 3.177981933593750000e+03
1.190141700547055370e+00 3.180204833984375000e+03
1.193576452929586473e+00 3.171986816406250000e+03
1.197011205312117799e+00 3.186678710937500000e+03
1.200445957694648902e+00 3.183414794921875000e+03
1.203880710077180005e+00 3.183359619140625000e+03
1.207315462459711108e+00 3.173694580078125000e+03
1.210750214842242434e+00 3.170401123046875000e+03
1.214184967224773537e+00 3.174142089843750000e+03
1.217619719607304640e+00 3.173609375000000000e+03
1.221054471989835966e+00 3.166066894531250000e+03
1.224489224372367069e+00 3.168509033203125000e+03
1.227923976754898394e+00 3.160059326171875000e+03
1.231358729137429497e+00 3.151875244140625000e+03
1.234793481519960823e+00 3.144070312500000000e+03
1.238228233902491926e+00 3.162234375000000000e+03
1.241662986285023029e+00 3.171419677734375000e+03
1.245097738667554133e+00 3.180194824218750000e+03
1.248532491050085236e+00 3.177115234375000000e+03
1.251967243432616561e+00 3.182707031250000000e+03
1.255401995815147664e+00 3.171275634765625000e+03
1.258836748197678990e+00 3.164909667968750000e+03
1.262271500580210093e+00 3.148173828125000000e+03
1.265706252962741418e+00 3.133060546875000000e+03
1.269141005345272522e+00 3.131265869140625000e+03
1.272575757727803847e+00 3.137002441406250000e+03
1.276010510110334950e+00 3.146812500000000000e+03
1.279445262492866053e+00 3.156570068359375000e+03
1.282880014875397157e+00 3.149555419921875000e+03
1.286314767257928260e+00 3.140855957031250000e+03
1.289749519640459585e+00 3.121917480468750000e+03
1.293184272022990688e+00 3.124804687500000000e+03
1.296619024405522014e+00 3.129006835937500000e+03
1.300053776788053117e+00 3.129899169921875000e+03
1.303488529170584442e+00 3.130666503906250000e+03
1.306923281553115546e+00 3.130102539062500000e+03
1.310358033935646871e+00 3.137365234375000000e+03
1.313792786318177974e+00 3.138919921875000000e+03
1.317227538700709077e+00 3.137237792968750000e+03
1.320662291083240181e+00 3.130224609375000000e+03
1.324097043465771284e+00 3.120745849609375000e+03
1.327531795848302609e+00 3.112355224609375000e+03
1.330966548230833713e+00 3.104473632812500000e+03
1.334401300613365038e+00 3.099993408203125000e+03
1.337836052995896141e+00 3.094795166015625000e+03
1.341270805378427466e+00 3.092739990234375000e+03
1.344705557760958570e+00 3.094205566406250000e+03
1.348140310143489895e+00 3.097933593750000000e+03
1.351575062526020998e+00 3.100177490234375000e+03
1.355009814908552102e+00 3.092274169921875000e+03
1.358444567291083205e+00 3.088519287109375000e+03
1.361879319673614308e+00 3.085110107421875000e+03
1.365314072056145633e+00 3.087020019531250000e+03
1.368748824438676737e+00 3.080510742187500000e+03
1.372183576821208062e+00 3.067862304687500000e+03
1.375618329203739165e+00 3.056866699218750000e+03
1.379053081586270491e+00 3.063875244140625000e+03
1.382487833968801594e+00 3.066997070312500000e+03
1.385922586351332919e+00 3.055726562500000000e+03
1.389357338733864022e+00 3.039888916015625000e+03
1.392792091116395126e+00 3.038839599609375000e+03
1.396226843498926229e+00 3.039593505859375000e+03
1.399661595881457332e+00 3.034752441406250000e+03
1.403096348263988657e+00 3.025720703125000000e+03
1.406531100646519761e+00 3.014344482421875000e+03
1.409965853029051086e+00 3.009445312500000000e+03
1.413400605411582189e+00 2.996736816406250000e+03
1.416835357794113515e+00 3.001579833984375000e+03
1.420270110176644618e+00 2.996197265625000000e+03
1.423704862559175943e+00 2.995259033203125000e+03
1.427139614941707046e+00 2.987248291015625000e+03
1.430574367324238150e+00 2.985921875000000000e+03
1.434009119706769253e+00 2.973235595703125000e+03
1.437443872089300356e+00 2.966380859375000000e+03
1.440878624471831682e+00 2.970724609375000000e+03
1.444313376854362785e+00 2.977973876953125000e+03
1.447748129236894110e+00 2.977378906250000000e+03
1.451182881619425213e+00 2.978442382812500000e+03
1.454617634001956539e+00 2.979127197265625000e+03
1.458052386384487642e+00 2.975892333984375000e+03
1.461487138767018967e+00 2.966089111328125000e+03
1.464921891149550071e+00 2.948481689453125000e+03
1.468356643532081174e+00 2.947075195312500000e+03
1.471791395914612277e+00 2.948443603515625000e+03
1.475226148297143380e+00 2.969532714843750000e+03
1.478660900679674706e+00 2.971964599609375000e+03
1.482095653062205809e+00 2.975091796875000000e+03
1.485530405444737134e+00 2.973418457031250000e+03
1.488965157827268238e+00 2.971150878906250000e+03
1.492399910209799563e+00 2.957132324218750000e+03
1.495834662592330666e+00 2.936957031250000000e+03
1.499269414974861991e+00 2.938365966796875000e+03
1.502704167357393095e+00 2.935742187500000000e+03
1.506138919739924198e+00 2.926387939453125000e+03
1.509573672122455301e+00 2.920375976562500000e+03
1.513008424504986404e+00 2.919327392578125000e+03
1.516443176887517730e+00 2.920658935546875000e+03
1.519877929270048833e+00 2.913065429687500000e+03
1.523312681652580158e+00 2.903412353515625000e+03
1.526747434035111262e+00 2.893796386718750000e+03
1.530182186417642587e+00 2.912996337890625000e+03
1.533616938800173690e+00 2.922687255859375000e+03
1.537051691182705015e+00 2.933714111328125000e+03
1.540486443565236119e+00 2.918541259765625000e+03
1.543921195947767222e+00 2.914399414062500000e+03
1.547355948330298325e+00 2.920441406250000000e+03
1.550790700712829429e+00 2.920258056640625000e+03
1.554225453095360754e+00 2.921642578125000000e+03
1.557660205477891857e+00 2.925322021484375000e+03
1.561094957860423182e+00 2.934580322265625000e+03
1.564529710242954286e+00 2.950404296875000000e+03
1.567964462625485611e+00 2.939728271484375000e+03
1.571399215008016714e+00 2.925949707031250000e+03
1.574833967390548040e+00 2.915515625000000000e+03
1.578268719773079143e+00 2.918161132812500000e+03
1.581703472155610246e+00 2.945310791015625000e+03
1.585138224538141349e+00 2.955766113281250000e+03
1.588572976920672453e+00 2.967924316406250000e+03
1.592007729303203778e+00 2.961864501953125000e+03
1.595442481685734881e+00 2.977945312500000000e+03
1.598877234068266207e+00 3.005247070312500000e+03
1.602311986450797310e+00 3.019088134765625000e+03
1.605746738833328635e+00 3.034458740234375000e+03
1.609181491215859738e+00 3.032432373046875000e+03
1.612616243598391064e+00 3.052977539062500000e+03
1.616050995980922167e+00 3.067412353515625000e+03
1.619485748363453270e+00 3.092721923828125000e+03
1.622920500745984373e+00 3.096156494140625000e+03
1.626355253128515477e+00 3.089264404296875000e+03
1.629790005511046802e+00 3.110607910156250000e+03
1.633224757893577905e+00 3.151158935546875000e+03
1.636659510276109231e+00 3.218745605468750000e+03
1.640094262658640334e+00 3.264901611328125000e+03
1.643529015041171659e+00 3.338592285156250000e+03
1.646963767423702762e+00 3.441991699218750000e+03
1.650398519806234088e+00 3.598449951171875000e+03
1.653833272188765191e+00 3.842640869140625000e+03
1.657268024571296294e+00 4.265259765625000000e+03
1.660702776953827398e+00 5.191833984375000000e+03
1.664137529336358501e+00 7.403300292968750000e+03
1.667572281718889826e+00 1.205076660156250000e+04
1.671007034101420929e+00 2.259553515625000000e+04
1.674441786483952255e+00 3.636444140625000000e+04
1.677876538866483358e+00 5.152642968750000000e+04
1.681311291249014683e+00 6.091973828125000000e+04
1.684746043631545787e+00 8.108672656250000000e+04
1.688180796014076890e+00 8.238535937500000000e+04
1.691615548396608215e+00 7.736635156250000000e+04
1.695050300779139318e+00 4.891508984375000000e+04
1.698485053161670422e+00 2.765336718750000000e+04
1.701919805544201525e+00 1.319862890625000000e+04
1.705354557926732850e+00 7.294017089843750000e+03
1.708789310309263954e+00 5.390128906250000000e+03
1.712224062691795279e+00 4.388888671875000000e+03
1.715658815074326382e+00 3.844218261718750000e+03
1.719093567456857707e+00 3.579394775390625000e+03
1.722528319839388811e+00 3.428315429687500000e+03
1.725963072221919914e+00 3.305321044921875000e+03
1.729397824604451239e+00 3.205082031250000000e+03
1.732832576986982343e+00 3.136987304687500000e+03
1.736267329369513446e+00 3.081807373046875000e+03
1.739702081752044549e+00 3.031526611328125000e+03
1.743136834134575874e+00 2.976922607421875000e+03
1.746571586517106978e+00 2.943687255859375000e+03
1.750006338899638303e+00 2.868563476562500000e+03
1.753441091282169406e+00 2.841168212890625000e+03
1.756875843664700731e+00 2.817243652343750000e+03
1.760310596047231835e+00 2.841748291015625000e+03
1.763745348429762938e+00 2.816916992187500000e+03
1.767180100812294263e+00 2.803303222656250000e+03
1.770614853194825367e+00 2.793755615234375000e+03
1.774049605577356470e+00 2.776725585937500000e+03
1.777484357959887573e+00 2.757047119140625000e+03
1.780919110342418898e+00 2.735916259765625000e+03
1.784353862724950002e+00 2.725978759765625000e+03
1.787788615107481327e+00 2.701355224609375000e+03
1.791223367490012208e+00 2.679844726562500000e+03
1.794658119872543534e+00 2.659739990234375000e+03
1.798092872255074859e+00 2.640135498046875000e+03
1.801527624637606184e+00 2.627942138671875000e+03
1.804962377020137065e+00 2.620985107421875000e+03
1.808397129402668391e+00 2.608738525390625000e+03
1.811831881785199494e+00 2.594842773437500000e+03
1.815266634167730819e+00 2.576413574218750000e+03
1.818701386550261700e+00 2.578760009765625000e+03
1.822136138932793026e+00 2.574041992187500000e+03
1.825570891315324351e+00 2.565709228515625000e+03
1.829005643697855676e+00 2.543554199218750000e+03
1.832440396080386558e+00 2.518954589843750000e+03
1.835875148462917883e+00 2.496860351562500000e+03
1.839309900845449208e+00 2.490105712890625000e+03
1.842744653227980089e+00 2.488425292968750000e+03
1.846179405610511415e+00 2.493973388671875000e+03
1.849614157993042740e+00 2.495125000000000000e+03
1.853048910375573843e+00 2.493461425781250000e+03
1.856483662758104725e+00 2.472610351562500000e+03
1.859918415140636050e+00 2.452262451171875000e+03
1.863353167523167375e+00 2.441259033203125000e+03
1.866787919905698701e+00 2.428960693359375000e+03
1.870222672288229582e+00 2.423179931640625000e+03
1.873657424670760907e+00 2.410670654296875000e+03
1.877092177053292232e+00 2.412409912109375000e+03
1.880526929435823114e+00 2.404145263671875000e+03
1.883961681818354439e+00 2.402204101562500000e+03
1.887396434200885764e+00 2.403490966796875000e+03
1.890831186583416867e+00 2.404263427734375000e+03
1.894265938965947749e+00 2.403266601562500000e+03
1.897700691348479074e+00 2.388931884765625000e+03
1.901135443731010399e+00 2.372620605468750000e+03
1.904570196113541725e+00 2.345548828125000000e+03
1.908004948496072606e+00 2.324363037109375000e+03
1.911439700878603931e+00 2.309479248046875000e+03
1.914874453261135256e+00 2.314468261718750000e+03
1.918309205643666138e+00 2.320559082031250000e+03
1.921743958026197463e+00 2.319650390625000000e+03
1.925178710408728788e+00 2.311306152343750000e+03
1.928613462791259892e+00 2.303701171875000000e+03
1.932048215173790773e+00 2.293542236328125000e+03
1.935482967556322098e+00 2.288003417968750000e+03
1.938917719938853423e+00 2.280419921875000000e+03
1.942352472321384749e+00 2.291913574218750000e+03
1.945787224703915630e+00 2.285709716796875000e+03
1.949221977086446955e+00 2.281854492187500000e+03
1.952656729468978281e+00 2.271402343750000000e+03
1.956091481851509162e+00 2.281212646484375000e+03
1.959526234234040487e+00 2.285010742187500000e+03
1.962960986616571812e+00 2.289725341796875000e+03
1.966395738999102916e+00 2.279841796875000000e+03
1.969830491381633797e+00 2.281630371093750000e+03
1.973265243764165122e+00 2.267455566406250000e+03
1.976699996146696447e+00 2.261780517578125000e+03
1.980134748529227329e+00 2.245076171875000000e+03
1.983569500911758654e+00 2.227974609375000000e+03
1.987004253294289979e+00 2.226748535156250000e+03
1.990439005676821305e+00 2.230767089843750000e+03
1.993873758059352186e+00 2.237484130859375000e+03
1.997308510441883511e+00 2.225446044921875000e+03
2.000743262824414614e+00 2.215446533203125000e+03
2.004178015206945940e+00 2.198093750000000000e+03
2.007612767589476821e+00 2.201865478515625000e+03
2.011047519972008146e+00 2.200833007812500000e+03
2.014482272354539472e+00 2.218254150390625000e+03
2.017917024737070353e+00 2.220379394531250000e+03
2.021351777119601678e+00 2.223618896484375000e+03
2.024786529502133003e+00 2.214456054687500000e+03
2.028221281884664329e+00 2.210212158203125000e+03
2.031656034267195210e+00 2.215121093750000000e+03
2.035090786649726535e+00 2.208490478515625000e+03
2.038525539032257861e+00 2.196993896484375000e+03
2.041960291414789186e+00 2.188449707031250000e+03
2.045395043797320067e+00 2.193191894531250000e+03
2.048829796179851392e+00 2.193998046875000000e+03
2.052264548562382718e+00 2.185020507812500000e+03
2.055699300944913599e+00 2.183260253906250000e+03
2.059134053327444924e+00 2.181354980468750000e+03
2.062568805709975805e+00 2.176567626953125000e+03
2.066003558092507131e+00 2.168386230468750000e+03
2.069438310475038012e+00 2.164094970703125000e+03
2.072873062857569337e+00 2.162002441406250000e+03
2.076307815240100663e+00 2.151437988281250000e+03
2.079742567622631988e+00 2.142539794921875000e+03
2.083177320005162869e+00 2.131635253906250000e+03
2.086612072387694194e+00 2.127822998046875000e+03
2.090046824770225520e+00 2.119243408203125000e+03
2.093481577152756401e+00 2.123849365234375000e+03
2.096916329535287726e+00 2.121192138671875000e+03
2.100351081917819052e+00 2.128808593750000000e+03
2.103785834300350377e+00 2.110617919921875000e+03
2.107220586682881258e+00 2.103451660156250000e+03
2.110655339065412583e+00 2.102493896484375000e+03
2.114090091447943909e+00 2.116077636718750000e+03
2.117524843830475234e+00 2.118342041015625000e+03
2.120959596213006115e+00 2.093197998046875000e+03
2.124394348595537441e+00 2.075753662109375000e+03
2.127829100978068766e+00 2.064300781250000000e+03
2.131263853360599647e+00 2.064331787109375000e+03
2.134698605743130972e+00 2.075257812500000000e+03
2.138133358125661854e+00 2.083244873046875000e+03
2.141568110508193179e+00 2.098083740234375000e+03
2.145002862890724060e+00 2.100364013671875000e+03
2.148437615273255386e+00 2.091447998046875000e+03
2.151872367655786711e+00 2.084369384765625000e+03
2.155307120038318036e+00 2.084113525390625000e+03
2.158741872420848917e+00 2.091361328125000000e+03
2.162176624803380243e+00 2.092233642578125000e+03
2.165611377185911568e+00 2.084708740234375000e+03
2.169046129568442449e+00 2.081390869140625000e+03
2.172480881950973775e+00 2.081987792968750000e+03
2.175915634333505100e+00 2.077031250000000000e+03
2.179350386716036425e+00 2.068675048828125000e+03
2.182785139098567306e+00 2.065202636718750000e+03
2.186219891481098632e+00 2.056485351562500000e+03
2.189654643863629957e+00 2.059669433593750000e+03
2.193089396246161282e+00 2.052825195312500000e+03
2.196524148628692163e+00 2.055143310546875000e+03
2.199958901011223489e+00 2.053560546875000000e+03
2.203393653393754814e+00 2.049617187500000000e+03
2.206828405776285695e+00 2.047151367187500000e+03
2.210263158158817021e+00 2.054355224609375000e+03
2.213697910541347902e+00 2.069795166015625000e+03
2.217132662923879227e+00 2.075041748046875000e+03
2.220567415306410108e+00 2.059395996093750000e+03
2.224002167688941434e+00 2.049750244140625000e+03
2.227436920071472759e+00 2.055078613281250000e+03
2.230871672454004084e+00 2.066835937500000000e+03
2.234306424836534966e+00 2.069018310546875000e+03
2.237741177219066291e+00 2.058966796875000000e+03
2.241175929601597616e+00 2.056155029296875000e+03
2.244610681984128497e+00 2.061072753906250000e+03
2.248045434366659823e+00 2.065131103515625000e+03
2.251480186749191148e+00 2.067809814453125000e+03
2.254914939131722473e+00 2.060849365234375000e+03
2.258349691514253355e+00 2.061378417968750000e+03
2.261784443896784680e+00 2.068483642578125000e+03
2.265219196279316005e+00 2.087660888671875000e+03
2.268653948661847330e+00 2.102914794921875000e+03
2.272088701044378212e+00 2.117895751953125000e+03
2.275523453426909537e+00 2.124715087890625000e+03
2.278958205809440862e+00 2.131871337890625000e+03
2.282392958191971744e+00 2.140800292968750000e+03
2.285827710574503069e+00 2.147567382812500000e+03
2.289262462957033950e+00 2.157420166015625000e+03
2.292697215339565275e+00 2.156866210937500000e+03
2.296131967722096157e+00 2.170249511718750000e+03
2.299566720104627482e+00 2.189789794921875000e+03
2.303001472487158807e+00 2.216428466796875000e+03
2.306436224869690133e+00 2.234793212890625000e+03
2.309870977252221014e+00 2.258657470703125000e+03
2.313305729634752339e+00 2.288476562500000000e+03
2.316740482017283664e+00 2.310718261718750000e+03
2.320175234399814546e+00 2.332943847656250000e+03
2.323609986782345871e+00 2.368281738281250000e+03
2.327044739164877196e+00 2.430142822265625000e+03
2.330479491547408522e+00 2.487539062500000000e+03
2.333914243929939403e+00 2.537910400390625000e+03
2.337348996312470728e+00 2.586222167968750000e+03
2.340783748695002053e+00 2.659423339843750000e+03
2.344218501077533379e+00 2.772046386718750000e+03
2.347653253460064260e+00 2.940637939453125000e+03
2.351088005842595585e+00 3.210509277343750000e+03
2.354522758225126911e+00 3.672687500000000000e+03
2.357957510607657792e+00 4.541868164062500000e+03
2.361392262990189117e+00 6.448566894531250000e+03
2.364827015372720442e+00 1.088347070312500000e+04
2.368261767755251324e+00 2.067410351562500000e+04
2.371696520137782205e+00 3.769816796875000000e+04
2.375131272520313530e+00 6.307399218750000000e+04
2.378566024902844855e+00 8.274033593750000000e+04
2.382000777285376181e+00 8.601499218750000000e+04
2.385435529667907062e+00 6.979441406250000000e+04
2.388870282050438387e+00 4.779816015625000000e+04
2.392305034432969713e+00 2.922183789062500000e+04
2.395739786815500594e+00 1.604669531250000000e+04
2.399174539198031919e+00 9.067345703125000000e+03
2.402609291580563244e+00 5.690223144531250000e+03
2.406044043963094570e+00 4.222158691406250000e+03
2.409478796345625451e+00 3.517501953125000000e+03
2.412913548728156776e+00 3.107132568359375000e+03
2.416348301110688102e+00 2.845658935546875000e+03
2.419783053493219427e+00 2.685367187500000000e+03
2.423217805875750308e+00 2.567148925781250000e+03
2.426652558258281633e+00 2.482613037109375000e+03
2.430087310640812959e+00 2.414567138671875000e+03
2.433522063023343840e+00 2.357541503906250000e+03
2.436956815405875165e+00 2.306603515625000000e+03
2.440391567788406491e+00 2.269719238281250000e+03
2.443826320170937372e+00 2.228147705078125000e+03
2.447261072553468253e+00 2.185129394531250000e+03
2.450695824935999578e+00 2.150319824218750000e+03
2.454130577318530904e+00 2.130537109375000000e+03
2.457565329701061785e+00 2.106822753906250000e+03
2.461000082083593110e+00 2.071885986328125000e+03
2.464434834466124435e+00 2.033332763671875000e+03
2.467869586848655761e+00 2.007610717773437500e+03
2.471304339231186642e+00 1.986273559570312500e+03
2.474739091613717967e+00 1.968655639648437500e+03
2.478173843996249293e+00 1.942525268554687500e+03
2.481608596378780618e+00 1.919708862304687500e+03
2.485043348761311499e+00 1.903743041992187500e+03
2.488478101143842824e+00 1.890393554687500000e+03
2.491912853526374150e+00 1.880745849609375000e+03
2.495347605908905031e+00 1.865505249023437500e+03
2.498782358291436356e+00 1.849391357421875000e+03
2.502217110673967682e+00 1.832265869140625000e+03
2.505651863056499007e+00 1.819697875976562500e+03
2.509086615439029888e+00 1.809183837890625000e+03
2.512521367821561213e+00 1.795981079101562500e+03
2.515956120204092539e+00 1.792314208984375000e+03
2.519390872586623420e+00 1.795638916015625000e+03
2.522825624969154301e+00 1.785903686523437500e+03
2.526260377351685626e+00 1.770420654296875000e+03
2.529695129734216952e+00 1.745880249023437500e+03
2.533129882116747833e+00 1.752623413085937500e+03
2.536564634499279158e+00 1.751496093750000000e+03
2.539999386881810484e+00 1.757106689453125000e+03
2.543434139264341809e+00 1.745139282226562500e+03
2.546868891646872690e+00 1.741682495117187500e+03
2.550303644029404015e+00 1.731088012695312500e+03
2.553738396411935341e+00 1.722163574218750000e+03
2.557173148794466666e+00 1.714491699218750000e+03
2.560607901176997547e+00 1.707477661132812500e+03
2.564042653559528873e+00 1.697987060546875000e+03
2.567477405942060198e+00 1.680498168945312500e+03
2.570912158324591079e+00 1.671402343750000000e+03
2.574346910707122404e+00 1.666227783203125000e+03
2.577781663089653730e+00 1.665251464843750000e+03
2.581216415472185055e+00 1.656888183593750000e+03
2.584651167854715936e+00 1.658839965820312500e+03
2.588085920237247262e+00 1.661472900390625000e+03
2.591520672619778587e+00 1.662325317382812500e+03
2.594955425002309468e+00 1.647981201171875000e+03
2.598390177384840349e+00 1.640416992187500000e+03
2.601824929767371675e+00 1.634951904296875000e+03
2.605259682149903000e+00 1.631191040039062500e+03
2.608694434532433881e+00 1.626053955078125000e+03
2.612129186914965207e+00 1.622573852539062500e+03
2.615563939297496532e+00 1.616336181640625000e+03
2.618998691680027857e+00 1.612198120117187500e+03
2.622433444062558738e+00 1.610499267578125000e+03
2.625868196445090064e+00 1.616097778320312500e+03
2.629302948827621389e+00 1.614648315429687500e+03
2.632737701210152714e+00 1.610709350585937500e+03
2.636172453592683596e+00 1.603264770507812500e+03
2.639607205975214921e+00 1.595954345703125000e+03
2.643041958357746246e+00 1.590236328125000000e+03
2.646476710740277127e+00 1.576648925781250000e+03
2.649911463122808453e+00 1.569835693359375000e+03
2.653346215505339778e+00 1.571361816406250000e+03
2.656780967887871103e+00 1.575196655273437500e+03
2.660215720270401984e+00 1.569888305664062500e+03
2.663650472652933310e+00 1.564341674804687500e+03
2.667085225035464635e+00 1.565409179687500000e+03
2.670519977417995516e+00 1.562473632812500000e+03
2.673954729800526398e+00 1.557363281250000000e+03
2.677389482183057723e+00 1.547828125000000000e+03
2.680824234565589048e+00 1.544760986328125000e+03
2.684258986948119929e+00 1.543614990234375000e+03
2.687693739330651255e+00 1.536087280273437500e+03
2.691128491713182580e+00 1.531446655273437500e+03
2.694563244095713905e+00 1.534074707031250000e+03
2.697997996478244787e+00 1.540243286132812500e+03
2.701432748860776112e+00 1.533245483398437500e+03
2.704867501243307437e+00 1.527170288085937500e+03
2.708302253625838762e+00 1.529145629882812500e+03
2.711737006008369644e+00 1.534983276367187500e+03
2.715171758390900969e+00 1.535256958007812500e+03
2.718606510773432294e+00 1.530989379882812500e+03
2.722041263155963176e+00 1.532042236328125000e+03
2.725476015538494501e+00 1.521009521484375000e+03
2.728910767921025826e+00 1.518343627929687500e+03
2.732345520303557151e+00 1.503238525390625000e+03
2.735780272686088033e+00 1.508982788085937500e+03
2.739215025068619358e+00 1.502375976562500000e+03
2.742649777451150683e+00 1.508438110351562500e+03
2.746084529833681565e+00 1.502459350585937500e+03
2.749519282216212890e+00 1.507251586914062500e+03
2.752954034598743771e+00 1.512686767578125000e+03
2.756388786981275096e+00 1.515080444335937500e+03
2.759823539363805978e+00 1.502879638671875000e+03
2.763258291746337303e+00 1.492027099609375000e+03
2.766693044128868628e+00 1.490408691406250000e+03
2.770127796511399954e+00 1.500468383789062500e+03
2.773562548893930835e+00 1.498260253906250000e+03
2.776997301276462160e+00 1.494678833007812500e+03
2.780432053658993485e+00 1.487640869140625000e+03
2.783866806041524811e+00 1.484876220703125000e+03
2.787301558424055692e+00 1.477042602539062500e+03
2.790736310806587017e+00 1.476346923828125000e+03
2.794171063189118343e+00 1.483035766601562500e+03
2.797605815571649224e+00 1.485826049804687500e+03
2.801040567954180549e+00 1.486424926757812500e+03
2.804475320336711874e+00 1.486386840820312500e+03
2.807910072719243200e+00 1.494469604492187500e+03
2.811344825101774081e+00 1.505658813476562500e+03
2.814779577484305406e+00 1.508234008789062500e+03
2.818214329866836731e+00 1.515507080078125000e+03
2.821649082249367613e+00 1.513240722656250000e+03
2.825083834631898938e+00 1.519706542968750000e+03
2.828518587014429819e+00 1.518676269531250000e+03
2.831953339396961145e+00 1.527741333007812500e+03
2.835388091779492026e+00 1.534000732421875000e+03
2.838822844162023351e+00 1.537000854492187500e+03
2.842257596544554676e+00 1.545131347656250000e+03
2.845692348927086002e+00 1.547955810546875000e+03
2.849127101309616883e+00 1.557897583007812500e+03
2.852561853692148208e+00 1.570923828125000000e+03
2.855996606074679534e+00 1.593041870117187500e+03
2.859431358457210415e+00 1.614387084960937500e+03
2.862866110839741740e+00 1.630580932617187500e+03
2.866300863222273065e+00 1.642852294921875000e+03
2.869735615604804391e+00 1.661620239257812500e+03
2.873170367987335272e+00 1.698279663085937500e+03
2.876605120369866597e+00 1.739321777343750000e+03
2.880039872752397923e+00 1.797415649414062500e+03
2.883474625134929248e+00 1.869451416015625000e+03
2.886909377517460129e+00 1.983006225585937500e+03
2.890344129899991454e+00 2.169114990234375000e+03
2.893778882282522780e+00 2.526097656250000000e+03
2.897213634665053661e+00 3.270910644531250000e+03
2.900648387047584986e+00 4.910504882812500000e+03
2.904083139430115867e+00 8.522837890625000000e+03
2.907517891812647193e+00 1.461585937500000000e+04
2.910952644195178074e+00 2.300263281250000000e+04
2.914387396577709399e+00 3.096965234375000000e+04
2.917822148960240725e+00 3.609389843750000000e+04
2.921256901342772050e+00 3.505508593750000000e+04
2.924691653725302931e+00 2.902380273437500000e+04
2.928126406107834256e+00 1.958475781250000000e+04
2.931561158490365582e+00 1.137229980468750000e+04
2.934995910872896463e+00 5.890893066406250000e+03
2.938430663255427788e+00 3.724102050781250000e+03
2.941865415637959114e+00 2.727583007812500000e+03
2.945300168020490439e+00 2.235267822265625000e+03
2.948734920403021320e+00 2.003633544921875000e+03
2.952169672785552645e+00 1.873751098632812500e+03
2.955604425168083971e+00 1.796911621093750000e+03
2.959039177550615296e+00 1.734272583007812500e+03
2.962473929933146177e+00 1.682372070312500000e+03
2.965908682315677503e+00 1.642807128906250000e+03
2.969343434698208828e+00 1.618524291992187500e+03
2.972778187080739709e+00 1.609783813476562500e+03
2.976212939463271034e+00 1.591340698242187500e+03
2.979647691845801916e+00 1.556078002929687500e+03
2.983082444228333241e+00 1.521078979492187500e+03
2.986517196610864122e+00 1.494773681640625000e+03
2.989951948993395447e+00 1.491860595703125000e+03
2.993386701375926773e+00 1.481227783203125000e+03
2.996821453758458098e+00 1.475524291992187500e+03
3.000256206140988979e+00 1.459065063476562500e+03
3.003690958523520305e+00 1.440356933593750000e+03
3.007125710906051630e+00 1.416909790039062500e+03
3.010560463288582511e+00 1.398834716796875000e+03
3.013995215671113836e+00 1.390199707031250000e+03
3.017429968053645162e+00 1.391838134765625000e+03
3.020864720436176487e+00 1.395035644531250000e+03
3.024299472818707368e+00 1.386322021484375000e+03
3.027734225201238694e+00 1.378770263671875000e+03
3.031168977583770019e+00 1.372558105468750000e+03
3.034603729966301344e+00 1.367977539062500000e+03
3.038038482348832225e+00 1.362457397460937500e+03
3.041473234731363551e+00 1.351529174804687500e+03
3.044907987113894876e+00 1.343588623046875000e+03
3.048342739496425757e+00 1.335983398437500000e+03
3.051777491878957083e+00 1.328741210937500000e+03
3.055212244261487964e+00 1.320971435546875000e+03
3.058646996644019289e+00 1.312233520507812500e+03
3.062081749026550170e+00 1.311816528320312500e+03
3.065516501409081496e+00 1.314724853515625000e+03
3.068951253791612821e+00 1.313279785156250000e+03
3.072386006174144146e+00 1.311538574218750000e+03
3.075820758556675028e+00 1.304183593750000000e+03
3.079255510939206353e+00 1.297898681640625000e+03
3.082690263321737678e+00 1.282837524414062500e+03
3.086125015704268559e+00 1.282343505859375000e+03
3.089559768086799885e+00 1.285819702148437500e+03
3.092994520469331210e+00 1.289771972656250000e+03
3.096429272851862535e+00 1.288477050781250000e+03
3.099864025234393416e+00 1.283786621093750000e+03
3.103298777616924742e+00 1.289134521484375000e+03
3.106733529999456067e+00 1.296716918945312500e+03
3.110168282381987392e+00 1.306344726562500000e+03
3.113603034764518274e+00 1.308895629882812500e+03
3.117037787147049599e+00 1.308493652343750000e+03
3.120472539529580924e+00 1.312609375000000000e+03
3.123907291912111805e+00 1.310482910156250000e+03
3.127342044294643131e+00 1.309178833007812500e+03
3.130776796677174012e+00 1.301890014648437500e+03
3.134211549059705337e+00 1.291477416992187500e+03
3.137646301442236219e+00 1.282829345703125000e+03
3.141081053824767544e+00 1.269923217773437500e+03
3.144515806207298869e+00 1.265686889648437500e+03
3.147950558589830194e+00 1.261870727539062500e+03
3.151385310972361076e+00 1.266203613281250000e+03
3.154820063354892401e+00 1.266361450195312500e+03
3.158254815737423726e+00 1.257913940429687500e+03
3.161689568119954608e+00 1.251890747070312500e+03
3.165124320502485933e+00 1.248469116210937500e+03
3.168559072885017258e+00 1.249337280273437500e+03
3.171993825267548583e+00 1.244562011718750000e+03
3.175428577650079465e+00 1.246192871093750000e+03
3.178863330032610790e+00 1.247315673828125000e+03
3.182298082415142115e+00 1.246361694335937500e+03
3.185732834797673441e+00 1.239571411132812500e+03
3.189167587180204322e+00 1.243614868164062500e+03
3.192602339562735647e+00 1.253411865234375000e+03
3.196037091945266972e+00 1.256667236328125000e+03
3.199471844327797854e+00 1.251246215820312500e+03
3.202906596710329179e+00 1.238406372070312500e+03
3.206341349092860060e+00 1.235391235351562500e+03
3.209776101475391386e+00 1.231541381835937500e+03
3.213210853857922267e+00 1.232692138671875000e+03
3.216645606240453592e+00 1.232764038085937500e+03
3.220080358622984917e+00 1.227854248046875000e+03
3.223515111005516243e+00 1.222043090820312500e+03
3.226949863388047124e+00 1.217347534179687500e+03
3.230384615770578449e+00 1.224100341796875000e+03
3.233819368153109775e+00 1.221308471679687500e+03
3.237254120535640656e+00 1.215869262695312500e+03
3.240688872918171981e+00 1.214664428710937500e+03
3.244123625300703306e+00 1.222188598632812500e+03
3.247558377683234632e+00 1.223818603515625000e+03
3.250993130065765513e+00 1.222944335937500000e+03
3.254427882448296838e+00 1.231001953125000000e+03
3.257862634830828164e+00 1.240528442382812500e+03
3.261297387213359489e+00 1.249169555664062500e+03
3.264732139595890370e+00 1.246611938476562500e+03
3.268166891978421695e+00 1.241771118164062500e+03
3.271601644360953021e+00 1.223888549804687500e+03
3.275036396743483902e+00 1.217495971679687500e+03
3.278471149126015227e+00 1.215383911132812500e+03
3.281905901508546108e+00 1.228015380859375000e+03
3.285340653891077434e+00 1.232589355468750000e+03
3.288775406273608315e+00 1.240989990234375000e+03
3.292210158656139640e+00 1.244091430664062500e+03
3.295644911038670966e+00 1.248490966796875000e+03
3.299079663421202291e+00 1.245553222656250000e+03
3.302514415803733172e+00 1.245324462890625000e+03
3.305949168186264497e+00 1.247262451171875000e+03
3.309383920568795823e+00 1.256824829101562500e+03
3.312818672951326704e+00 1.262671142578125000e+03
3.316253425333858029e+00 1.272050537109375000e+03
3.319688177716389355e+00 1.287270996093750000e+03
3.323122930098920680e+00 1.299270141601562500e+03
3.326557682481451561e+00 1.317213134765625000e+03
3.329992434863982886e+00 1.327166259765625000e+03
3.333427187246514212e+00 1.346353881835937500e+03
3.336861939629045093e+00 1.376740722656250000e+03
3.340296692011576418e+00 1.442438964843750000e+03
3.343731444394107744e+00 1.564428833007812500e+03
3.347166196776639069e+00 1.785383422851562500e+03
3.350600949159169950e+00 2.250436523437500000e+03
3.354035701541701275e+00 3.310990478515625000e+03
3.357470453924232601e+00 5.410157226562500000e+03
3.360905206306763482e+00 8.889917968750000000e+03
3.364339958689294363e+00 1.272138574218750000e+04
3.367774711071825688e+00 1.568432812500000000e+04
3.371209463454357014e+00 1.606255761718750000e+04
3.374644215836887895e+00 1.451752539062500000e+04
3.378078968219419220e+00 1.089591406250000000e+04
3.381513720601950546e+00 7.077362304687500000e+03
3.384948472984481871e+00 4.078902099609375000e+03
3.388383225367012752e+00 2.561725097656250000e+03
3.391817977749544077e+00 1.929783203125000000e+03
3.395252730132075403e+00 1.632365600585937500e+03
3.398687482514606728e+00 1.476225708007812500e+03
3.402122234897137609e+00 1.396260253906250000e+03
3.405556987279668935e+00 1.349553710937500000e+03
3.408991739662200260e+00 1.321893798828125000e+03
3.412426492044731141e+00 1.305208374023437500e+03
3.415861244427262466e+00 1.292031738281250000e+03
3.419295996809793792e+00 1.270381225585937500e+03
3.422730749192325117e+00 1.256436035156250000e+03
3.426165501574855998e+00 1.252051391601562500e+03
3.429600253957387324e+00 1.247718261718750000e+03
3.433035006339918649e+00 1.245732177734375000e+03
3.436469758722449530e+00 1.239263549804687500e+03
3.439904511104980411e+00 1.239921630859375000e+03
3.443339263487511737e+00 1.241216064453125000e+03
3.446774015870043062e+00 1.233132934570312500e+03
3.450208768252573943e+00 1.221880615234375000e+03
3.453643520635105268e+00 1.207065551757812500e+03
3.457078273017636594e+00 1.208942382812500000e+03
3.460513025400167919e+00 1.202506713867187500e+03
3.463947777782698800e+00 1.195039062500000000e+03
3.467382530165230126e+00 1.189563964843750000e+03
3.470817282547761451e+00 1.184705078125000000e+03
3.474252034930292776e+00 1.176521972656250000e+03
3.477686787312823657e+00 1.167915039062500000e+03
3.481121539695354983e+00 1.165741577148437500e+03
3.484556292077886308e+00 1.161460083007812500e+03
3.487991044460417189e+00 1.153961181640625000e+03
3.491425796842948515e+00 1.151801147460937500e+03
3.494860549225479840e+00 1.157737426757812500e+03
3.498295301608011165e+00 1.160934326171875000e+03
3.501730053990542046e+00 1.158338989257812500e+03
3.505164806373073372e+00 1.152213989257812500e+03
3.508599558755604697e+00 1.145630737304687500e+03
3.512034311138135578e+00 1.144032836914062500e+03
3.515469063520666460e+00 1.139385864257812500e+03
3.518903815903197785e+00 1.140469482421875000e+03
3.522338568285729110e+00 1.135298339843750000e+03
3.525773320668259991e+00 1.132970336914062500e+03
3.529208073050791317e+00 1.131426147460937500e+03
3.532642825433322642e+00 1.135566528320312500e+03
3.536077577815853967e+00 1.140751708984375000e+03
3.539512330198384849e+00 1.141983154296875000e+03
3.542947082580916174e+00 1.141920532226562500e+03
3.546381834963447499e+00 1.136158447265625000e+03
3.549816587345978824e+00 1.133359130859375000e+03
3.553251339728509706e+00 1.132401733398437500e+03
3.556686092111041031e+00 1.136771850585937500e+03
3.560120844493572356e+00 1.143175537109375000e+03
3.563555596876103237e+00 1.140841674804687500e+03
3.566990349258634563e+00 1.135862548828125000e+03
3.570425101641165888e+00 1.128134765625000000e+03
3.573859854023697213e+00 1.130835205078125000e+03
3.577294606406228095e+00 1.131478393554687500e+03
3.580729358788759420e+00 1.137207885742187500e+03
3.584164111171290301e+00 1.138365844726562500e+03
3.587598863553821626e+00 1.141509399414062500e+03
3.591033615936352508e+00 1.140821777343750000e+03
3.594468368318883833e+00 1.140016113281250000e+03
3.597903120701415158e+00 1.142754028320312500e+03
3.601337873083946484e+00 1.141983520507812500e+03
3.604772625466477809e+00 1.144511108398437500e+03
3.608207377849008246e+00 1.140113769531250000e+03
3.611642130231539571e+00 1.146788696289062500e+03
3.615076882614070897e+00 1.152188476562500000e+03
3.618511634996602222e+00 1.157558471679687500e+03
3.621946387379133547e+00 1.151600341796875000e+03
3.625381139761664873e+00 1.150626220703125000e+03
3.628815892144196198e+00 1.151690307617187500e+03
3.632250644526726635e+00 1.151281982421875000e+03
3.635685396909257960e+00 1.147346801757812500e+03
3.639120149291789286e+00 1.144681518554687500e+03
3.642554901674320611e+00 1.147613037109375000e+03
3.645989654056851936e+00 1.153855346679687500e+03
3.649424406439383262e+00 1.157579711914062500e+03
3.652859158821914587e+00 1.165184448242187500e+03
3.656293911204445912e+00 1.166474365234375000e+03
3.659728663586976349e+00 1.163717895507812500e+03
3.663163415969507675e+00 1.164368530273437500e+03
3.666598168352038556e+00 1.177047119140625000e+03
3.670032920734569881e+00 1.202335693359375000e+03
3.673467673117101207e+00 1.215402343750000000e+03
3.676902425499632532e+00 1.220183959960937500e+03
3.680337177882163857e+00 1.229684570312500000e+03
3.683771930264694294e+00 1.235880493164062500e+03
3.687206682647225620e+00 1.246918334960937500e+03
3.690641435029756945e+00 1.252985473632812500e+03
3.694076187412288270e+00 1.266606445312500000e+03
3.697510939794819596e+00 1.279805786132812500e+03
3.700945692177350921e+00 1.297513916015625000e+03
3.704380444559882246e+00 1.316599243164062500e+03
3.707815196942412683e+00 1.341434814453125000e+03
3.711249949324944009e+00 1.364928955078125000e+03
3.714684701707475334e+00 1.398494262695312500e+03
3.718119454090006659e+00 1.424659790039062500e+03
3.721554206472537984e+00 1.454372558593750000e+03
3.724988958855069310e+00 1.497602050781250000e+03
3.728423711237600635e+00 1.569683105468750000e+03
3.731858463620131960e+00 1.660871704101562500e+03
3.735293216002662398e+00 1.782479980468750000e+03
3.738727968385193723e+00 1.996172241210937500e+03
3.742162720767725048e+00 2.410369628906250000e+03
3.745597473150255929e+00 3.260684082031250000e+03
3.749032225532787255e+00 5.156696777343750000e+03
3.752466977915318580e+00 9.505706054687500000e+03
3.755901730297849905e+00 1.778162109375000000e+04
3.759336482680380342e+00 3.071978125000000000e+04
3.762771235062911668e+00 4.295221875000000000e+04
3.766205987445442993e+00 4.874361718750000000e+04
3.769640739827974318e+00 4.536123828125000000e+04
3.773075492210505644e+00 3.580835546875000000e+04
3.776510244593036969e+00 2.433237890625000000e+04
3.779944996975568294e+00 1.408582714843750000e+04
3.783379749358098731e+00 7.400155761718750000e+03
3.786814501740630057e+00 4.245961914062500000e+03
3.790249254123161382e+00 2.886086425781250000e+03
3.793684006505692707e+00 2.238517578125000000e+03
3.797118758888224033e+00 1.908627075195312500e+03
3.800553511270755358e+00 1.733793945312500000e+03
3.803988263653286683e+00 1.620604980468750000e+03
3.807423016035818009e+00 1.542543945312500000e+03
3.810857768418348446e+00 1.477120239257812500e+03
3.814292520800879771e+00 1.433080444335937500e+03
3.817727273183411096e+00 1.396854492187500000e+03
3.821162025565941978e+00 1.366616699218750000e+03
3.824596777948473303e+00 1.337368041992187500e+03
3.828031530331004628e+00 1.316249389648437500e+03
3.831466282713535954e+00 1.291982543945312500e+03
3.834901035096066391e+00 1.273085815429687500e+03
3.838335787478597716e+00 1.258906982421875000e+03
3.841770539861129041e+00 1.240520019531250000e+03
3.845205292243660367e+00 1.220107543945312500e+03
3.848640044626191692e+00 1.197053100585937500e+03
3.852074797008723017e+00 1.183670410156250000e+03
3.855509549391254343e+00 1.164766235351562500e+03
3.858944301773784780e+00 1.158835327148437500e+03
3.862379054156316105e+00 1.153315551757812500e+03
3.865813806538847430e+00 1.144263427734375000e+03
3.869248558921378756e+00 1.136042846679687500e+03
3.872683311303910081e+00 1.128688476562500000e+03
3.876118063686441406e+00 1.123724731445312500e+03
3.879552816068972732e+00 1.114322265625000000e+03
3.882987568451504057e+00 1.108200683593750000e+03
3.886422320834034494e+00 1.100519897460937500e+03
3.889857073216565819e+00 1.087740966796875000e+03
3.893291825599097145e+00 1.078906982421875000e+03
3.896726577981628026e+00 1.072706909179687500e+03
3.900161330364159351e+00 1.064094116210937500e+03
3.903596082746690676e+00 1.062296386718750000e+03
3.907030835129222002e+00 1.058648925781250000e+03
3.910465587511752439e+00 1.052068603515625000e+03
3.913900339894283764e+00 1.041335937500000000e+03
3.917335092276815089e+00 1.041478759765625000e+03
3.920769844659346415e+00 1.042408569335937500e+03
3.924204597041877740e+00 1.041001220703125000e+03
3.927639349424409065e+00 1.034604492187500000e+03
3.931074101806940391e+00 1.031643310546875000e+03
3.934508854189470828e+00 1.028328613281250000e+03
3.937943606572002153e+00 1.022576110839843750e+03
3.941378358954533478e+00 1.016931213378906250e+03
3.944813111337064804e+00 1.014414978027343750e+03
3.948247863719596129e+00 1.014768188476562500e+03
3.951682616102127454e+00 1.018546569824218750e+03
3.955117368484658780e+00 1.024164794921875000e+03
3.958552120867189217e+00 1.027428710937500000e+03
3.961986873249720542e+00 1.019329589843750000e+03
3.965421625632251867e+00 1.012579223632812500e+03
3.968856378014783193e+00 1.010793518066406250e+03
3.972291130397314074e+00 1.018296081542968750e+03
3.975725882779845399e+00 1.020162475585937500e+03
3.979160635162376725e+00 1.025032470703125000e+03
3.982595387544908050e+00 1.020901062011718750e+03
3.986030139927438487e+00 1.022915771484375000e+03
3.989464892309969812e+00 1.024323730468750000e+03
3.992899644692501138e+00 1.025363159179687500e+03
3.996334397075032463e+00 1.024173950195312500e+03
3.999769149457563788e+00 1.024830078125000000e+03
4.003203901840095114e+00 1.022508239746093750e+03
4.006638654222625995e+00 1.019653198242187500e+03
4.010073406605156876e+00 1.019256835937500000e+03
4.013508158987687757e+00 1.024972656250000000e+03
4.016942911370219527e+00 1.028247924804687500e+03
4.020377663752750408e+00 1.036013305664062500e+03
4.023812416135282177e+00 1.038461669921875000e+03
4.027247168517813058e+00 1.038611206054687500e+03
4.030681920900344828e+00 1.040580566406250000e+03
4.034116673282874821e+00 1.054902709960937500e+03
4.037551425665406590e+00 1.060802124023437500e+03
4.040986178047937472e+00 1.059177978515625000e+03
4.044420930430469241e+00 1.054819580078125000e+03
4.047855682813000122e+00 1.048672973632812500e+03
4.051290435195531892e+00 1.050746093750000000e+03
4.054725187578062773e+00 1.058798950195312500e+03
4.058159939960594542e+00 1.069733764648437500e+03
4.061594692343124535e+00 1.078958129882812500e+03
4.065029444725656305e+00 1.090758666992187500e+03
4.068464197108187186e+00 1.109466918945312500e+03
4.071898949490718955e+00 1.122744018554687500e+03
4.075333701873249836e+00 1.135814941406250000e+03
4.078768454255781606e+00 1.157267211914062500e+03
4.082203206638312487e+00 1.174300048828125000e+03
4.085637959020843368e+00 1.198447387695312500e+03
4.089072711403374250e+00 1.230099121093750000e+03
4.092507463785905131e+00 1.285752075195312500e+03
4.095942216168436900e+00 1.358198364257812500e+03
4.099376968550967781e+00 1.473770263671875000e+03
4.102811720933499551e+00 1.709664794921875000e+03
4.106246473316030432e+00 2.210692138671875000e+03
4.109681225698561313e+00 3.311560546875000000e+03
4.113115978081092194e+00 5.632446289062500000e+03
4.116550730463623964e+00 1.043679101562500000e+04
4.119985482846154845e+00 1.788263281250000000e+04
4.123420235228686614e+00 2.512430273437500000e+04
4.126854987611217496e+00 2.808329882812500000e+04
4.130289739993749265e+00 2.468763671875000000e+04
4.133724492376280146e+00 1.817601367187500000e+04
4.137159244758811028e+00 1.139416699218750000e+04
4.140593997141341909e+00 6.569556152343750000e+03
4.144028749523873678e+00 3.763301025390625000e+03
4.147463501906404559e+00 2.401474121093750000e+03
4.150898254288936329e+00 1.819835449218750000e+03
4.154333006671467210e+00 1.527825683593750000e+03
4.157767759053998091e+00 1.384070922851562500e+03
4.161202511436528972e+00 1.306667724609375000e+03
4.164637263819060742e+00 1.250588989257812500e+03
4.168072016201591623e+00 1.201636108398437500e+03
4.171506768584122504e+00 1.163638305664062500e+03
4.174941520966654274e+00 1.148549316406250000e+03
4.178376273349185155e+00 1.136827026367187500e+03
4.181811025731716924e+00 1.121918945312500000e+03
4.185245778114246917e+00 1.106266235351562500e+03
4.188680530496778687e+00 1.088803100585937500e+03
4.192115282879309568e+00 1.075367919921875000e+03
4.195550035261841337e+00 1.060422241210937500e+03
4.198984787644372219e+00 1.054168090820312500e+03
4.202419540026903988e+00 1.050788818359375000e+03
4.205854292409434869e+00 1.041730468750000000e+03
4.209289044791966639e+00 1.035139038085937500e+03
4.212723797174496632e+00 1.019535888671875000e+03
4.216158549557028401e+00 1.007604492187500000e+03
4.219593301939559282e+00 9.966637573242187500e+02
4.223028054322091052e+00 9.899681396484375000e+02
4.226462806704621933e+00 9.840155029296875000e+02
4.229897559087153702e+00 9.838555297851562500e+02
4.233332311469684583e+00 9.854641113281250000e+02
4.236767063852215465e+00 9.719707641601562500e+02
4.240201816234746346e+00 9.577179565429687500e+02
4.243636568617277227e+00 9.508729858398437500e+02
4.247071320999808997e+00 9.565084838867187500e+02
4.250506073382339878e+00 9.580272827148437500e+02
4.253940825764871647e+00 9.459866333007812500e+02
4.257375578147402528e+00 9.327626953125000000e+02
4.260810330529933410e+00 9.240593872070312500e+02
4.264245082912464291e+00 9.260922241210937500e+02
4.267679835294996060e+00 9.285264282226562500e+02
4.271114587677526941e+00 9.268039550781250000e+02
4.274549340060058711e+00 9.216701660156250000e+02
4.277984092442589592e+00 9.185985107421875000e+02
4.281418844825121361e+00 9.164084472656250000e+02
4.284853597207652243e+00 9.184385375976562500e+02
4.288288349590183124e+00 9.168486328125000000e+02
4.291723101972714005e+00 9.240207519531250000e+02
4.295157854355245775e+00 9.318787231445312500e+02
4.298592606737776656e+00 9.276754760742187500e+02
4.302027359120308425e+00 9.186523437500000000e+02
4.305462111502839306e+00 9.141832885742187500e+02
4.308896863885370188e+00 9.234968261718750000e+02
4.312331616267901069e+00 9.261384277343750000e+02
4.315766368650432838e+00 9.240671997070312500e+02
4.319201121032963719e+00 9.195759277343750000e+02
4.322635873415494601e+00 9.136287231445312500e+02
4.326070625798026370e+00 9.036216430664062500e+02
4.329505378180557251e+00 8.975086669921875000e+02
4.332940130563089021e+00 9.000606689453125000e+02
4.336374882945619014e+00 8.998808593750000000e+02
4.339809635328150783e+00 8.959742431640625000e+02
4.343244387710681664e+00 8.840631103515625000e+02
4.346679140093213434e+00 8.849357910156250000e+02
4.350113892475744315e+00 8.902887573242187500e+02
4.353548644858276084e+00 8.994194946289062500e+02
4.356983397240806966e+00 8.966726074218750000e+02
4.360418149623338735e+00 8.878300781250000000e+02
4.363852902005868728e+00 8.810115966796875000e+02
4.367287654388400497e+00 8.918236694335937500e+02
4.370722406770931379e+00 9.010874023437500000e+02
4.374157159153463148e+00 9.062081298828125000e+02
4.377591911535994029e+00 9.010671997070312500e+02
4.381026663918525799e+00 9.004216308593750000e+02
4.384461416301056680e+00 8.982432861328125000e+02
4.387896168683587561e+00 8.822300415039062500e+02
4.391330921066118442e+00 8.730635986328125000e+02
4.394765673448649324e+00 8.607846069335937500e+02
4.398200425831181093e+00 8.664025268554687500e+02
4.401635178213711974e+00 8.728339233398437500e+02
4.405069930596243744e+00 8.809207153320312500e+02
4.408504682978774625e+00 8.811904296875000000e+02
4.411939435361305506e+00 8.768012084960937500e+02
4.415374187743836387e+00 8.786232299804687500e+02
4.418808940126368157e+00 8.822551269531250000e+02
4.422243692508899038e+00 8.771775512695312500e+02
4.425678444891430807e+00 8.728859252929687500e+02
4.429113197273961688e+00 8.665388793945312500e+02
4.432547949656493458e+00 8.752555541992187500e+02
4.435982702039023451e+00 8.820601196289062500e+02
4.439417454421555220e+00 8.830127563476562500e+02
4.442852206804086101e+00 8.799994506835937500e+02
4.446286959186617871e+00 8.821599121093750000e+02
4.449721711569148752e+00 8.911148071289062500e+02
4.453156463951680522e+00 8.838835449218750000e+02
4.456591216334211403e+00 8.733461914062500000e+02
4.460025968716742284e+00 8.608435058593750000e+02
4.463460721099273165e+00 8.651988525390625000e+02
4.466895473481804935e+00 8.662885742187500000e+02
4.470330225864335816e+00 8.645555419921875000e+02
4.473764978246866697e+00 8.675796508789062500e+02
4.477199730629398466e+00 8.707282714843750000e+02
4.480634483011929348e+00 8.704199829101562500e+02
4.484069235394461117e+00 8.704561157226562500e+02
4.487503987776991110e+00 8.747393188476562500e+02
4.490938740159522879e+00 8.772824096679687500e+02
4.494373492542053761e+00 8.759898071289062500e+02
4.497808244924585530e+00 8.766272583007812500e+02
4.501242997307116411e+00 8.768734130859375000e+02
4.504677749689648181e+00 8.712226562500000000e+02
4.508112502072179062e+00 8.641439819335937500e+02
4.511547254454709943e+00 8.675699462890625000e+02
4.514982006837240824e+00 8.739721679687500000e+02
4.518416759219772594e+00 8.709295654296875000e+02
4.521851511602303475e+00 8.631198730468750000e+02
4.525286263984835244e+00 8.593898315429687500e+02
4.528721016367366126e+00 8.636274414062500000e+02
4.532155768749897895e+00 8.621537475585937500e+02
4.535590521132428776e+00 8.588352050781250000e+02
4.539025273514959657e+00 8.600440673828125000e+02
4.542460025897490539e+00 8.584326782226562500e+02
4.545894778280021420e+00 8.615190429687500000e+02
4.549329530662553189e+00 8.545764160156250000e+02
4.552764283045084071e+00 8.593596801757812500e+02
4.556199035427615840e+00 8.554481201171875000e+02
4.559633787810146721e+00 8.565001220703125000e+02
4.563068540192677602e+00 8.543947753906250000e+02
4.566503292575208484e+00 8.563339233398437500e+02
4.569938044957740253e+00 8.581785278320312500e+02
4.573372797340271134e+00 8.629436645507812500e+02
4.576807549722802904e+00 8.675346679687500000e+02
4.580242302105333785e+00 8.694807128906250000e+02
4.583677054487865554e+00 8.716236572265625000e+02
4.587111806870395547e+00 8.693599243164062500e+02
4.590546559252927317e+00 8.682156372070312500e+02
4.593981311635458198e+00 8.641276855468750000e+02
4.597416064017989967e+00 8.662561645507812500e+02
4.600850816400520849e+00 8.654370727539062500e+02
4.604285568783052618e+00 8.652548828125000000e+02
4.607720321165583499e+00 8.613666992187500000e+02
4.611155073548115269e+00 8.650029907226562500e+02
4.614589825930645262e+00 8.657657470703125000e+02
4.618024578313177031e+00 8.747498168945312500e+02
4.621459330695707912e+00 8.720688476562500000e+02
4.624894083078238793e+00 8.654362182617187500e+02
4.628328835460770563e+00 8.619384765625000000e+02
4.631763587843301444e+00 8.595634155273437500e+02
4.635198340225833213e+00 8.670257568359375000e+02
4.638633092608363206e+00 8.694741821289062500e+02
4.642067844990894976e+00 8.773978881835937500e+02
4.645502597373425857e+00 8.777120361328125000e+02
4.648937349755957626e+00 8.800161132812500000e+02
4.652372102138488508e+00 8.757706909179687500e+02
4.655806854521020277e+00 8.732068481445312500e+02
4.659241606903551158e+00 8.754541625976562500e+02
4.662676359286082040e+00 8.754794921875000000e+02
4.666111111668612921e+00 8.783446655273437500e+02
4.669545864051144690e+00 8.729456176757812500e+02
4.672980616433675571e+00 8.830695190429687500e+02
4.676415368816207341e+00 8.846461791992187500e+02
4.679850121198738222e+00 8.891533203125000000e+02
4.683284873581269991e+00 8.861448974609375000e+02
4.686719625963800873e+00 8.873538208007812500e+02
4.690154378346331754e+00 8.900902099609375000e+02
4.693589130728862635e+00 8.975184936523437500e+02
4.697023883111393516e+00 9.056001586914062500e+02
4.700458635493925286e+00 9.099979858398437500e+02
4.703893387876456167e+00 9.137964477539062500e+02
4.707328140258987936e+00 9.240542602539062500e+02
4.710762892641518818e+00 9.323284912109375000e+02
4.714197645024049699e+00 9.354533081054687500e+02
4.717632397406580580e+00 9.397514038085937500e+02
4.721067149789112349e+00 9.453566284179687500e+02
4.724501902171643231e+00 9.578760375976562500e+02
4.727936654554175000e+00 9.716514282226562500e+02
4.731371406936705881e+00 9.907124023437500000e+02
4.734806159319237651e+00 1.016014404296875000e+03
4.738240911701767644e+00 1.061423706054687500e+03
4.741675664084299413e+00 1.156288696289062500e+03
4.745110416466830294e+00 1.343043945312500000e+03
4.748545168849362064e+00 1.765867187500000000e+03
4.751979921231892945e+00 2.670546386718750000e+03
4.755414673614424714e+00 4.533696289062500000e+03
4.758849425996955596e+00 6.873903320312500000e+03
4.762284178379487365e+00 8.967999023437500000e+03
4.765718930762017358e+00 9.813864257812500000e+03
4.769153683144549127e+00 9.297240234375000000e+03
4.772588435527080009e+00 7.694399414062500000e+03
4.776023187909610890e+00 5.476360351562500000e+03
4.779457940292142659e+00 3.464304199218750000e+03
4.782892692674673540e+00 2.175103759765625000e+03
4.786327445057205310e+00 1.538221435546875000e+03
4.789762197439735303e+00 1.259287719726562500e+03
4.793196949822267072e+00 1.126667846679687500e+03
4.796631702204797953e+00 1.057699340820312500e+03
4.800066454587329723e+00 1.020796020507812500e+03
4.803501206969860604e+00 9.926829223632812500e+02
4.806935959352392373e+00 9.771958007812500000e+02
4.810370711734923255e+00 9.627377929687500000e+02
4.813805464117454136e+00 9.545057373046875000e+02
4.817240216499985017e+00 9.422636108398437500e+02
4.820674968882516787e+00 9.343194580078125000e+02
4.824109721265047668e+00 9.311557617187500000e+02
4.827544473647579437e+00 9.242810058593750000e+02
4.830979226030110318e+00 9.174953613281250000e+02
4.834413978412642088e+00 9.112010498046875000e+02
4.837848730795172969e+00 9.094675903320312500e+02
4.841283483177703850e+00 9.073708496093750000e+02
4.844718235560234731e+00 9.093538208007812500e+02
4.848152987942766501e+00 9.113479614257812500e+02
4.851587740325297382e+00 9.098783569335937500e+02
4.855022492707828263e+00 9.030618896484375000e+02
4.858457245090360033e+00 8.953811035156250000e+02
4.861891997472890914e+00 8.920544433593750000e+02
4.865326749855421795e+00 8.895709228515625000e+02
4.868761502237952676e+00 8.985449829101562500e+02
4.872196254620484446e+00 8.962386474609375000e+02
4.875631007003015327e+00 8.967659912109375000e+02
4.879065759385547096e+00 8.899682617187500000e+02
4.882500511768077978e+00 8.915765991210937500e+02
4.885935264150609747e+00 8.912188720703125000e+02
4.889370016533139740e+00 8.932319946289062500e+02
4.892804768915671509e+00 8.932492065429687500e+02
4.896239521298202391e+00 8.871572875976562500e+02
4.899674273680734160e+00 8.890579223632812500e+02
4.903109026063265041e+00 8.862303466796875000e+02
4.906543778445796811e+00 8.915039672851562500e+02
4.909978530828327692e+00 8.890695800781250000e+02
4.913413283210858573e+00 8.931378784179687500e+02
4.916848035593389454e+00 8.919061279296875000e+02
4.920282787975921224e+00 8.945284423828125000e+02
4.923717540358452105e+00 8.957354125976562500e+02
4.927152292740982986e+00 9.005316162109375000e+02
4.930587045123514756e+00 9.037877197265625000e+02
4.934021797506045637e+00 9.098684692382812500e+02
4.937456549888577406e+00 9.105044555664062500e+02
4.940891302271107399e+00 9.144298706054687500e+02
4.944326054653639169e+00 9.193237915039062500e+02
4.947760807036170050e+00 9.246638793945312500e+02
4.951195559418701819e+00 9.270209350585937500e+02
4.954630311801232700e+00 9.284310913085937500e+02
4.958065064183764470e+00 9.291802978515625000e+02
4.961499816566295351e+00 9.315564575195312500e+02
4.964934568948826232e+00 9.330194702148437500e+02
4.968369321331357114e+00 9.442192993164062500e+02
4.971804073713888883e+00 9.574462280273437500e+02
4.975238826096419764e+00 9.687869262695312500e+02
4.978673578478951534e+00 9.783032226562500000e+02
4.982108330861482415e+00 9.846410522460937500e+02
4.985543083244014184e+00 1.000593017578125000e+03
4.988977835626544177e+00 1.003155944824218750e+03
4.992412588009075947e+00 1.008835937500000000e+03
4.995847340391606828e+00 1.013529113769531250e+03
4.999282092774138597e+00 1.027632690429687500e+03
5.002716845156669478e+00 1.045121704101562500e+03
5.006151597539200360e+00 1.066521240234375000e+03
5.009586349921732129e+00 1.091164550781250000e+03
5.013021102304263010e+00 1.118584228515625000e+03
5.016455854686793892e+00 1.157955810546875000e+03
5.019890607069324773e+00 1.212038085937500000e+03
5.023325359451856542e+00 1.284639160156250000e+03
5.026760111834387423e+00 1.399765136718750000e+03
5.030194864216919193e+00 1.608294189453125000e+03
5.033629616599450074e+00 2.027062133789062500e+03
5.037064368981981843e+00 2.951142822265625000e+03
5.040499121364511836e+00 5.112238281250000000e+03
5.043933873747043606e+00 8.865656250000000000e+03
5.047368626129574487e+00 1.578768457031250000e+04
5.050803378512106256e+00 2.181127734375000000e+04
5.054238130894637138e+00 2.601335156250000000e+04
5.057672883277168907e+00 2.476682031250000000e+04
5.061107635659699788e+00 2.093158203125000000e+04
5.064542388042230669e+00 1.498749511718750000e+04
5.067977140424761551e+00 9.371931640625000000e+03
5.071411892807293320e+00 5.357673339843750000e+03
5.074846645189824201e+00 3.133500244140625000e+03
5.078281397572355083e+00 2.115181884765625000e+03
5.081716149954886852e+00 1.659320556640625000e+03
5.085150902337417733e+00 1.434224609375000000e+03
5.088585654719949503e+00 1.311363891601562500e+03
5.092020407102479496e+00 1.231580078125000000e+03
5.095455159485011265e+00 1.176331298828125000e+03
5.098889911867542146e+00 1.143210327148437500e+03
5.102324664250073916e+00 1.115747558593750000e+03
5.105759416632604797e+00 1.091589721679687500e+03
5.109194169015136566e+00 1.073608398437500000e+03
5.112628921397667447e+00 1.055980102539062500e+03
5.116063673780198329e+00 1.046794189453125000e+03
5.119498426162729210e+00 1.038739013671875000e+03
5.122933178545260979e+00 1.027929443359375000e+03
5.126367930927791861e+00 1.011832946777343750e+03
5.129802683310323630e+00 9.988026733398437500e+02
5.133237435692854511e+00 9.897603759765625000e+02
5.136672188075386281e+00 9.780569458007812500e+02
5.140106940457916274e+00 9.692470703125000000e+02
5.143541692840448043e+00 9.587052612304687500e+02
5.146976445222978924e+00 9.572415771484375000e+02
5.150411197605510694e+00 9.470886840820312500e+02
5.153845949988041575e+00 9.414165039062500000e+02
5.157280702370572456e+00 9.383257446289062500e+02
5.160715454753104225e+00 9.387093505859375000e+02
5.164150207135635107e+00 9.398297729492187500e+02
5.167584959518165988e+00 9.347447509765625000e+02
5.171019711900696869e+00 9.329169921875000000e+02
5.174454464283228639e+00 9.292587280273437500e+02
5.177889216665759520e+00 9.242717285156250000e+02
5.181323969048291289e+00 9.154321899414062500e+02
5.184758721430822170e+00 9.160651855468750000e+02
5.188193473813353940e+00 9.178632202148437500e+02
5.191628226195883933e+00 9.170713500976562500e+02
5.195062978578415702e+00 9.190254516601562500e+02
5.198497730960946583e+00 9.161865844726562500e+02
5.201932483343478353e+00 9.198887329101562500e+02
5.205367235726009234e+00 9.168090209960937500e+02
5.208801988108541003e+00 9.146466064453125000e+02
5.212236740491071885e+00 9.132889404296875000e+02
5.215671492873602766e+00 9.104954223632812500e+02
5.219106245256133647e+00 9.103184204101562500e+02
5.222540997638665417e+00 9.107583618164062500e+02
5.225975750021196298e+00 9.113071289062500000e+02
5.229410502403727179e+00 9.124578857421875000e+02
5.232845254786258948e+00 9.136256713867187500e+02
5.236280007168789830e+00 9.141507568359375000e+02
5.239714759551321599e+00 9.194400024414062500e+02
5.243149511933851592e+00 9.208903808593750000e+02
5.246584264316383361e+00 9.341520996093750000e+02
5.250019016698914243e+00 9.450291137695312500e+02
5.253453769081446012e+00 9.532499389648437500e+02
5.256888521463976893e+00 9.568001708984375000e+02
5.260323273846508663e+00 9.637831420898437500e+02
5.263758026229039544e+00 9.792598266601562500e+02
5.267192778611570425e+00 9.895913696289062500e+02
5.270627530994101306e+00 9.890851440429687500e+02
5.274062283376633076e+00 9.904335327148437500e+02
5.277497035759163957e+00 9.949780883789062500e+02
5.280931788141695726e+00 1.011903991699218750e+03
5.284366540524226608e+00 1.030596191406250000e+03
5.287801292906758377e+00 1.053002685546875000e+03
5.291236045289288370e+00 1.080501953125000000e+03
5.294670797671820139e+00 1.113513793945312500e+03
5.298105550054351021e+00 1.167275756835937500e+03
5.301540302436882790e+00 1.251637451171875000e+03
5.304975054819413671e+00 1.410952270507812500e+03
5.308409807201944552e+00 1.746572753906250000e+03
5.311844559584476322e+00 2.490586914062500000e+03
5.315279311967006315e+00 4.086370605468750000e+03
5.318714064349538084e+00 7.246679687500000000e+03
5.322148816732068966e+00 1.183350195312500000e+04
5.325583569114600735e+00 1.671237695312500000e+04
5.329018321497131616e+00 1.929744335937500000e+04
5.332453073879663386e+00 1.861684375000000000e+04
5.335887826262194267e+00 1.547398242187500000e+04
5.339322578644726036e+00 1.091024804687500000e+04
5.342757331027256029e+00 6.884770507812500000e+03
5.346192083409787799e+00 3.839849121093750000e+03
5.349626835792318680e+00 2.391382324218750000e+03
5.353061588174850449e+00 1.719854736328125000e+03
5.356496340557381330e+00 1.416274536132812500e+03
5.359931092939913100e+00 1.258213989257812500e+03
5.363365845322443981e+00 1.168047485351562500e+03
5.366800597704974862e+00 1.119121459960937500e+03
5.370235350087505743e+00 1.088726806640625000e+03
5.373670102470037513e+00 1.068098510742187500e+03
5.377104854852568394e+00 1.045660522460937500e+03
5.380539607235100164e+00 1.029891967773437500e+03
5.383974359617631045e+00 1.019053344726562500e+03
5.387409112000161926e+00 1.008071105957031250e+03
5.390843864382692807e+00 1.000444396972656250e+03
5.394278616765223688e+00 9.824715576171875000e+02
5.397713369147755458e+00 9.748980712890625000e+02
5.401148121530286339e+00 9.624370117187500000e+02
5.404582873912818108e+00 9.604509277343750000e+02
5.408017626295348990e+00 9.531268310546875000e+02
5.411452378677880759e+00 9.523459472656250000e+02
5.414887131060411640e+00 9.558068847656250000e+02
5.418321883442942521e+00 9.509516601562500000e+02
5.421756635825473403e+00 9.418689575195312500e+02
5.425191388208005172e+00 9.343809814453125000e+02
5.428626140590536053e+00 9.313018798828125000e+02
5.432060892973067823e+00 9.256630249023437500e+02
5.435495645355598704e+00 9.161355590820312500e+02
5.438930397738130473e+00 9.120906982421875000e+02
5.442365150120660466e+00 9.112681274414062500e+02
5.445799902503192236e+00 9.053922729492187500e+02
5.449234654885723117e+00 8.960069580078125000e+02
5.452669407268254886e+00 8.976148681640625000e+02
5.456104159650785768e+00 9.051667480468750000e+02
5.459538912033316649e+00 9.067507934570312500e+02
5.462973664415848418e+00 8.937454223632812500e+02
5.466408416798379299e+00 8.890174560546875000e+02
5.469843169180910181e+00 8.906803588867187500e+02
5.473277921563441062e+00 8.940360107421875000e+02
5.476712673945972831e+00 8.918549194335937500e+02
5.480147426328503713e+00 8.946368408203125000e+02
5.483582178711035482e+00 8.990502929687500000e+02
5.487016931093566363e+00 8.925862426757812500e+02
5.490451683476098133e+00 8.879649047851562500e+02
5.493886435858628126e+00 8.856187744140625000e+02
5.497321188241159895e+00 8.897881469726562500e+02
5.500755940623690776e+00 8.911209716796875000e+02
5.504190693006222546e+00 8.927409667968750000e+02
5.507625445388753427e+00 8.984663696289062500e+02
5.511060197771285196e+00 9.024652709960937500e+02
5.514494950153816077e+00 9.095571289062500000e+02
5.517929702536346959e+00 9.144481811523437500e+02
5.521364454918877840e+00 9.230548706054687500e+02
5.524799207301409609e+00 9.243772583007812500e+02
5.528233959683940490e+00 9.275890502929687500e+02
5.531668712066472260e+00 9.345394897460937500e+02
5.535103464449003141e+00 9.497738037109375000e+02
5.538538216831534022e+00 9.585284423828125000e+02
5.541972969214064904e+00 9.672769165039062500e+02
5.545407721596595785e+00 9.708070068359375000e+02
5.548842473979127554e+00 9.774241333007812500e+02
5.552277226361658435e+00 9.917649536132812500e+02
5.555711978744190205e+00 1.020201293945312500e+03
5.559146731126721086e+00 1.061296630859375000e+03
5.562581483509252855e+00 1.116750610351562500e+03
5.566016235891783737e+00 1.214589233398437500e+03
5.569450988274314618e+00 1.413383178710937500e+03
5.572885740656845499e+00 1.831021484375000000e+03
5.576320493039377268e+00 2.779242431640625000e+03
5.579755245421908150e+00 4.567047363281250000e+03
5.583189997804439919e+00 7.245064941406250000e+03
5.586624750186970800e+00 1.041488378906250000e+04
5.590059502569502570e+00 1.275657519531250000e+04
5.593494254952032563e+00 1.311818847656250000e+04
5.596929007334564332e+00 1.119835351562500000e+04
5.600363759717095213e+00 8.048657226562500000e+03
5.603798512099626983e+00 4.937330566406250000e+03
5.607233264482157864e+00 2.955771240234375000e+03
5.610668016864688745e+00 1.898777954101562500e+03
5.614102769247220515e+00 1.445225585937500000e+03
5.617537521629751396e+00 1.219276855468750000e+03
5.620972274012282277e+00 1.110646484375000000e+03
5.624407026394813158e+00 1.055525024414062500e+03
5.627841778777344928e+00 1.020632324218750000e+03
5.631276531159875809e+00 9.963858032226562500e+02
5.634711283542407578e+00 9.780121459960937500e+02
5.638146035924938460e+00 9.679196166992187500e+02
5.641580788307470229e+00 9.506687011718750000e+02
5.645015540690000222e+00 9.354790649414062500e+02
5.648450293072531991e+00 9.273748779296875000e+02
5.651885045455062873e+00 9.197567749023437500e+02
5.655319797837594642e+00 9.137444458007812500e+02
5.658754550220125523e+00 9.020124511718750000e+02
5.662189302602657293e+00 9.004456176757812500e+02
5.665624054985188174e+00 9.003317871093750000e+02
5.669058807367719055e+00 8.920807495117187500e+02
5.672493559750249936e+00 8.850838623046875000e+02
5.675928312132781706e+00 8.775958862304687500e+02
5.679363064515312587e+00 8.771820678710937500e+02
5.682797816897844356e+00 8.706096191406250000e+02
5.686232569280375237e+00 8.712414550781250000e+02
5.689667321662906119e+00 8.685877075195312500e+02
5.693102074045437000e+00 8.617243652343750000e+02
5.696536826427967881e+00 8.572139892578125000e+02
5.699971578810499651e+00 8.521170043945312500e+02
5.703406331193030532e+00 8.536816406250000000e+02
5.706841083575562301e+00 8.490826416015625000e+02
5.710275835958093182e+00 8.561302490234375000e+02
5.713710588340624952e+00 8.571535644531250000e+02
5.717145340723154945e+00 8.562947387695312500e+02
5.720580093105686714e+00 8.490205078125000000e+02
5.724014845488217595e+00 8.515678100585937500e+02
5.727449597870749365e+00 8.552610473632812500e+02
5.730884350253280246e+00 8.568056030273437500e+02
5.734319102635812015e+00 8.485564575195312500e+02
5.737753855018342897e+00 8.443432617187500000e+02
5.741188607400874666e+00 8.414412841796875000e+02
5.744623359783404659e+00 8.448614501953125000e+02
5.748058112165936429e+00 8.441426391601562500e+02
5.751492864548467310e+00 8.452034912109375000e+02
5.754927616930999079e+00 8.398895874023437500e+02
5.758362369313529960e+00 8.354462890625000000e+02
5.761797121696060842e+00 8.420835571289062500e+02
5.765231874078592611e+00 8.475820312500000000e+02
5.768666626461123492e+00 8.524318237304687500e+02
5.772101378843654373e+00 8.471248779296875000e+02
5.775536131226185255e+00 8.490693969726562500e+02
5.778970883608717024e+00 8.506094360351562500e+02
5.782405635991247905e+00 8.555638427734375000e+02
5.785840388373779675e+00 8.582801513671875000e+02
5.789275140756310556e+00 8.559407348632812500e+02
5.792709893138841437e+00 8.509293212890625000e+02
5.796144645521372318e+00 8.489635009765625000e+02
5.799579397903904088e+00 8.563824462890625000e+02
5.803014150286434969e+00 8.573093872070312500e+02
5.806448902668966738e+00 8.583251342773437500e+02
5.809883655051497620e+00 8.609608764648437500e+02
5.813318407434029389e+00 8.788293457031250000e+02
5.816753159816560270e+00 9.143506469726562500e+02
5.820187912199091151e+00 9.820711059570312500e+02
5.823622664581622033e+00 1.131431518554687500e+03
5.827057416964153802e+00 1.406493896484375000e+03
5.830492169346684683e+00 1.853497558593750000e+03
5.833926921729216453e+00 2.471009521484375000e+03
5.837361674111747334e+00 2.905780517578125000e+03
5.840796426494278215e+00 3.103980712890625000e+03
5.844231178876809096e+00 2.815759521484375000e+03
5.847665931259339978e+00 2.313191650390625000e+03
5.851100683641871747e+00 1.751342529296875000e+03
5.854535436024402628e+00 1.315913085937500000e+03
5.857970188406934398e+00 1.071846435546875000e+03
5.861404940789465279e+00 9.557982177734375000e+02
5.864839693171997048e+00 9.058282470703125000e+02
5.868274445554527041e+00 8.822327880859375000e+02
5.871709197937058811e+00 8.675823974609375000e+02
5.875143950319589692e+00 8.575092773437500000e+02
5.878578702702121461e+00 8.495338745117187500e+02
5.882013455084652342e+00 8.511820068359375000e+02
5.885448207467184112e+00 8.495119628906250000e+02
5.888882959849714993e+00 8.478947753906250000e+02
5.892317712232246762e+00 8.394165039062500000e+02
5.895752464614776756e+00 8.344619140625000000e+02
5.899187216997308525e+00 8.364177246093750000e+02
5.902621969379839406e+00 8.342718505859375000e+02
5.906056721762371176e+00 8.344513549804687500e+02
5.909491474144902057e+00 8.296771240234375000e+02
5.912926226527432938e+00 8.250687866210937500e+02
5.916360978909964707e+00 8.211064453125000000e+02
5.919795731292495589e+00 8.253176269531250000e+02
5.923230483675026470e+00 8.259110107421875000e+02
5.926665236057557351e+00 8.245448608398437500e+02
5.930099988440089120e+00 8.181000366210937500e+02
5.933534740822620002e+00 8.242445068359375000e+02
5.936969493205151771e+00 8.314306640625000000e+02
5.940404245587682652e+00 8.372680664062500000e+02
5.943838997970213534e+00 8.349041137695312500e+02
5.947273750352744415e+00 8.297674560546875000e+02
5.950708502735276184e+00 8.285614013671875000e+02
5.954143255117807065e+00 8.342445678710937500e+02
5.957578007500338835e+00 8.414363403320312500e+02
5.961012759882869716e+00 8.384296264648437500e+02
5.964447512265401485e+00 8.351040039062500000e+02
5.967882264647932367e+00 8.300635375976562500e+02
5.971317017030463248e+00 8.402679443359375000e+02
5.974751769412994129e+00 8.381493530273437500e+02
5.978186521795525898e+00 8.437467651367187500e+02
5.981621274178056780e+00 8.416724243164062500e+02
5.985056026560588549e+00 8.495815429687500000e+02
5.988490778943119430e+00 8.461304931640625000e+02
5.991925531325650311e+00 8.458480224609375000e+02
5.995360283708181193e+00 8.456604614257812500e+02
5.998795036090712074e+00 8.514088745117187500e+02
6.002229788473243843e+00 8.570949096679687500e+02
6.005664540855774725e+00 8.592653198242187500e+02
6.009099293238306494e+00 8.654562988281250000e+02
6.012534045620837375e+00 8.709963989257812500e+02
6.015968798003369145e+00 8.781906127929687500e+02
6.019403550385899138e+00 8.786554565429687500e+02
6.022838302768430907e+00 8.761608886718750000e+02
6.026273055150961788e+00 8.770638427734375000e+02
6.029707807533493558e+00 8.810294189453125000e+02
6.033142559916024439e+00 8.918121948242187500e+02
6.036577312298556208e+00 8.993189086914062500e+02
6.040012064681087089e+00 9.139787597656250000e+02
6.043446817063618859e+00 9.320159912109375000e+02
6.046881569446148852e+00 9.566704101562500000e+02
6.050316321828680621e+00 9.932362060546875000e+02
6.053751074211211503e+00 1.068791381835937500e+03
6.057185826593743272e+00 1.211866821289062500e+03
6.060620578976274153e+00 1.513416259765625000e+03
6.064055331358805923e+00 2.155632080078125000e+03
6.067490083741336804e+00 3.418910156250000000e+03
6.070924836123867685e+00 5.401761230468750000e+03
6.074359588506398566e+00 7.413638183593750000e+03
6.077794340888929447e+00 8.960186523437500000e+03
6.081229093271461217e+00 8.795130859375000000e+03
6.084663845653992098e+00 7.365218750000000000e+03
6.088098598036523867e+00 5.022502929687500000e+03
6.091533350419054749e+00 3.191085937500000000e+03
6.094968102801585630e+00 2.025014892578125000e+03
6.098402855184116511e+00 1.449244262695312500e+03
6.101837607566648281e+00 1.187426269531250000e+03
6.105272359949179162e+00 1.056853149414062500e+03
6.108707112331710931e+00 9.926904907226562500e+02
6.112141864714241812e+00 9.636578369140625000e+02
6.115576617096773582e+00 9.502570800781250000e+02
6.119011369479304463e+00 9.344718627929687500e+02
6.122446121861835344e+00 9.204221801757812500e+02
6.125880874244366225e+00 9.041704101562500000e+02
6.129315626626897995e+00 8.964382324218750000e+02
6.132750379009428876e+00 8.905782470703125000e+02
6.136185131391960645e+00 8.882500000000000000e+02
6.139619883774491527e+00 8.831111450195312500e+02
6.143054636157022408e+00 8.770438842773437500e+02
6.146489388539553289e+00 8.750369873046875000e+02
6.149924140922085058e+00 8.675831909179687500e+02
6.153358893304615940e+00 8.638305053710937500e+02
6.156793645687146821e+00 8.617373046875000000e+02
6.160228398069678590e+00 8.634491577148437500e+02
6.163663150452209472e+00 8.620947265625000000e+02
6.167097902834741241e+00 8.556516723632812500e+02
6.170532655217271234e+00 8.556998291015625000e+02
6.173967407599803003e+00 8.532859497070312500e+02
6.177402159982333885e+00 8.571719970703125000e+02
6.180836912364865654e+00 8.568234863281250000e+02
6.184271664747396535e+00 8.594868164062500000e+02
6.187706417129928305e+00 8.593723144531250000e+02
6.191141169512459186e+00 8.585711059570312500e+02
6.194575921894990067e+00 8.564238891601562500e+02
6.198010674277520948e+00 8.574837036132812500e+02
6.201445426660052718e+00 8.559039916992187500e+02
6.204880179042583599e+00 8.610090332031250000e+02
6.208314931425115368e+00 8.639057617187500000e+02
6.211749683807646250e+00 8.656468505859375000e+02
6.215184436190178019e+00 8.648652954101562500e+02
6.218619188572708900e+00 8.681806030273437500e+02
6.222053940955239781e+00 8.749818725585937500e+02
6.225488693337770663e+00 8.792470092773437500e+02
6.228923445720301544e+00 8.848109741210937500e+02
6.232358198102833313e+00 8.941634521484375000e+02
6.235792950485364194e+00 8.986675415039062500e+02
6.239227702867895964e+00 8.991734008789062500e+02
6.242662455250426845e+00 9.067583007812500000e+02
6.246097207632957726e+00 9.110124511718750000e+02
6.249531960015488607e+00 9.258972778320312500e+02
6.252966712398020377e+00 9.391079101562500000e+02
6.256401464780551258e+00 9.557054443359375000e+02
6.259836217163083028e+00 9.662991333007812500e+02
6.263270969545613909e+00 9.716677246093750000e+02
6.266705721928145678e+00 9.859674072265625000e+02
6.270140474310675671e+00 1.014317565917968750e+03
6.273575226693207441e+00 1.053661132812500000e+03
6.277009979075738322e+00 1.101632080078125000e+03
6.280444731458270091e+00 1.178626953125000000e+03
6.283879483840800972e+00 1.329531860351562500e+03
6.287314236223332742e+00 1.638146606445312500e+03
6.290748988605863623e+00 2.292639160156250000e+03
6.294183740988394504e+00 3.683803222656250000e+03
6.297618493370925385e+00 6.250356445312500000e+03
6.301053245753457155e+00 9.888135742187500000e+03
6.304487998135988036e+00 1.369627148437500000e+04
6.307922750518518917e+00 1.632421972656250000e+04
6.311357502901050687e+00 1.647717773437500000e+04
6.314792255283581568e+00 1.410057324218750000e+04
6.318227007666113337e+00 1.003279394531250000e+04
6.321661760048643330e+00 6.182500488281250000e+03
6.325096512431175100e+00 3.595855468750000000e+03
6.328531264813705981e+00 2.225054687500000000e+03
6.331966017196237750e+00 1.608967407226562500e+03
6.335400769578768632e+00 1.320533691406250000e+03
6.338835521961300401e+00 1.181912597656250000e+03
6.342270274343831282e+00 1.108354370117187500e+03
6.345705026726362163e+00 1.057701293945312500e+03
6.349139779108893045e+00 1.022476745605468750e+03
6.352574531491424814e+00 9.930631713867187500e+02
6.356009283873955695e+00 9.823546752929687500e+02
6.359444036256487465e+00 9.753379516601562500e+02
6.362878788639018346e+00 9.616464843750000000e+02
6.366313541021550115e+00 9.423730468750000000e+02
6.369748293404080997e+00 9.261324462890625000e+02
6.373183045786611878e+00 9.221162719726562500e+02
6.376617798169142759e+00 9.170540161132812500e+02
6.380052550551673640e+00 9.064367675781250000e+02
6.383487302934205410e+00 8.965167236328125000e+02
6.386922055316736291e+00 8.933289794921875000e+02
6.390356807699268060e+00 8.836661987304687500e+02
6.393791560081798941e+00 8.761422729492187500e+02
6.397226312464329823e+00 8.628462524414062500e+02
6.400661064846860704e+00 8.637598266601562500e+02
6.404095817229392473e+00 8.580036621093750000e+02
6.407530569611923355e+00 8.551367797851562500e+02
6.410965321994455124e+00 8.465654296875000000e+02
6.414400074376986005e+00 8.461197509765625000e+02
6.417834826759517775e+00 8.448293457031250000e+02
6.421269579142047768e+00 8.486869506835937500e+02
6.424704331524579537e+00 8.495477905273437500e+02
6.428139083907110418e+00 8.408313598632812500e+02
6.431573836289642188e+00 8.342405395507812500e+02
6.435008588672173069e+00 8.340099487304687500e+02
6.438443341054704838e+00 8.419770507812500000e+02
6.441878093437235719e+00 8.403905639648437500e+02
6.445312845819766601e+00 8.348959960937500000e+02
6.448747598202297482e+00 8.340087890625000000e+02
6.452182350584829251e+00 8.286737670898437500e+02
6.455617102967360132e+00 8.227262573242187500e+02
6.459051855349891014e+00 8.186306152343750000e+02
6.462486607732422783e+00 8.168334960937500000e+02
6.465921360114953664e+00 8.166746215820312500e+02
6.469356112497485434e+00 8.161137695312500000e+02
6.472790864880015427e+00 8.187862548828125000e+02
6.476225617262547196e+00 8.171722412109375000e+02
6.479660369645078077e+00 8.127470092773437500e+02
6.483095122027609847e+00 8.149234619140625000e+02
6.486529874410140728e+00 8.173600463867187500e+02
6.489964626792672497e+00 8.248944091796875000e+02
6.493399379175203379e+00 8.240166015625000000e+02
6.496834131557734260e+00 8.219021606445312500e+02
6.500268883940265141e+00 8.183071899414062500e+02
6.503703636322796910e+00 8.182790527343750000e+02
6.507138388705327792e+00 8.190858154296875000e+02
6.510573141087859561e+00 8.175522460937500000e+02
6.514007893470390442e+00 8.168237304687500000e+02
6.517442645852922212e+00 8.146238403320312500e+02
6.520877398235453093e+00 8.124382324218750000e+02
6.524312150617983974e+00 8.067137451171875000e+02
6.527746903000514855e+00 8.047993774414062500e+02
6.531181655383045737e+00 8.025500488281250000e+02
6.534616407765577506e+00 8.101808471679687500e+02
6.538051160148108387e+00 8.103297729492187500e+02
6.541485912530640157e+00 8.119869995117187500e+02
6.544920664913171038e+00 8.084534912109375000e+02
6.548355417295701919e+00 8.090305786132812500e+02
6.551790169678232800e+00 8.099473266601562500e+02
6.555224922060764570e+00 8.071871337890625000e+02
6.558659674443295451e+00 8.034302368164062500e+02
6.562094426825827220e+00 7.953880615234375000e+02
6.565529179208358102e+00 7.959703369140625000e+02
6.568963931590889871e+00 7.966624755859375000e+02
6.572398683973419864e+00 7.971679077148437500e+02
6.575833436355951633e+00 8.023339233398437500e+02
6.579268188738482515e+00 8.071577758789062500e+02
6.582702941121014284e+00 8.112980957031250000e+02
6.586137693503545165e+00 8.029127807617187500e+02
6.589572445886076935e+00 8.019797973632812500e+02
6.593007198268607816e+00 7.988524169921875000e+02
6.596441950651138697e+00 7.979825439453125000e+02
6.599876703033669578e+00 7.977622070312500000e+02
6.603311455416201348e+00 8.015067138671875000e+02
6.606746207798732229e+00 8.082924804687500000e+02
6.610180960181263110e+00 8.090730590820312500e+02
6.613615712563794879e+00 8.080021362304687500e+02
6.617050464946325761e+00 8.040997924804687500e+02
6.620485217328857530e+00 8.012446289062500000e+02
6.623919969711387523e+00 7.969309692382812500e+02
6.627354722093919293e+00 7.960145874023437500e+02
6.630789474476450174e+00 7.990472412109375000e+02
6.634224226858981943e+00 8.046219482421875000e+02
6.637658979241512824e+00 8.048694458007812500e+02
6.641093731624044594e+00 8.047791137695312500e+02
6.644528484006575475e+00 7.983475341796875000e+02
6.647963236389106356e+00 7.952718505859375000e+02
6.651397988771637237e+00 7.938250122070312500e+02
6.654832741154169007e+00 7.993966064453125000e+02
6.658267493536699888e+00 8.077195434570312500e+02
6.661702245919231657e+00 8.139622192382812500e+02
6.665136998301762539e+00 8.190922241210937500e+02
6.668571750684294308e+00 8.152437133789062500e+02
6.672006503066824301e+00 8.149486694335937500e+02
6.675441255449356071e+00 8.130241699218750000e+02
6.678876007831886952e+00 8.090278930664062500e+02
6.682310760214417833e+00 8.062084960937500000e+02
6.685745512596949602e+00 8.036541748046875000e+02
6.689180264979480484e+00 8.088301391601562500e+02
6.692615017362012253e+00 8.146229858398437500e+02
6.696049769744543134e+00 8.205650634765625000e+02
6.699484522127074015e+00 8.253201904296875000e+02
6.702919274509604897e+00 8.305494384765625000e+02
6.706354026892136666e+00 8.334183349609375000e+02
6.709788779274667547e+00 8.396228027343750000e+02
6.713223531657199317e+00 8.397935791015625000e+02
6.716658284039730198e+00 8.501337890625000000e+02
6.720093036422261967e+00 8.725654907226562500e+02
6.723527788804791960e+00 9.209648437500000000e+02
6.726962541187323730e+00 1.034129882812500000e+03
6.730397293569854611e+00 1.251373168945312500e+03
6.733832045952386380e+00 1.643226440429687500e+03
6.737266798334917262e+00 2.172913330078125000e+03
6.740701550717449031e+00 2.748338134765625000e+03
6.744136303099979912e+00 3.179132324218750000e+03
6.747571055482510793e+00 3.190122802734375000e+03
6.751005807865041675e+00 2.817326904296875000e+03
6.754440560247573444e+00 2.217824707031250000e+03
6.757875312630104325e+00 1.653529418945312500e+03
6.761310065012635206e+00 1.267150634765625000e+03
6.764744817395166976e+00 1.024190185546875000e+03
6.768179569777697857e+00 9.228386840820312500e+02
6.771614322160229626e+00 8.780947875976562500e+02
6.775049074542759620e+00 8.579426879882812500e+02
6.778483826925291389e+00 8.460647583007812500e+02
6.781918579307822270e+00 8.380614013671875000e+02
6.785353331690354040e+00 8.348458862304687500e+02
6.788788084072884921e+00 8.329742431640625000e+02
6.792222836455416690e+00 8.364896240234375000e+02
6.795657588837947571e+00 8.366871337890625000e+02
6.799092341220478453e+00 8.339532470703125000e+02
6.802527093603009334e+00 8.300156860351562500e+02
6.805961845985541103e+00 8.348335571289062500e+02
6.809396598368071984e+00 8.359426269531250000e+02
6.812831350750603754e+00 8.368850097656250000e+02
6.816266103133134635e+00 8.334600219726562500e+02
6.819700855515666404e+00 8.381112670898437500e+02
6.823135607898196398e+00 8.409455566406250000e+02
6.826570360280728167e+00 8.418294677734375000e+02
6.830005112663259048e+00 8.402224121093750000e+02
6.833439865045790818e+00 8.387793579101562500e+02
6.836874617428321699e+00 8.418769531250000000e+02
6.840309369810852580e+00 8.381256103515625000e+02
6.843744122193384349e+00 8.327749633789062500e+02
6.847178874575915231e+00 8.300667114257812500e+02
6.850613626958446112e+00 8.356856689453125000e+02
6.854048379340976993e+00 8.409857788085937500e+02
6.857483131723508762e+00 8.434361572265625000e+02
6.860917884106039644e+00 8.465855102539062500e+02
6.864352636488571413e+00 8.438815307617187500e+02
6.867787388871102294e+00 8.444782714843750000e+02
6.871222141253634064e+00 8.520722045898437500e+02
6.874656893636164057e+00 8.644355468750000000e+02
6.878091646018695826e+00 8.736752929687500000e+02
6.881526398401226707e+00 8.728026123046875000e+02
6.884961150783758477e+00 8.723576660156250000e+02
6.888395903166289358e+00 8.745605468750000000e+02
6.891830655548821127e+00 8.850449829101562500e+02
6.895265407931352009e+00 8.944733886718750000e+02
6.898700160313882890e+00 9.014882812500000000e+02
6.902134912696413771e+00 9.062608032226562500e+02
6.905569665078945540e+00 9.119854125976562500e+02
6.909004417461476422e+00 9.209644165039062500e+02
6.912439169844007303e+00 9.348918457031250000e+02
6.915873922226539072e+00 9.569796142578125000e+02
6.919308674609069953e+00 9.868255004882812500e+02
6.922743426991601723e+00 1.037032226562500000e+03
6.926178179374131716e+00 1.118080810546875000e+03
6.929612931756663485e+00 1.267751708984375000e+03
6.933047684139194367e+00 1.578020996093750000e+03
6.936482436521726136e+00 2.209809570312500000e+03
6.939917188904257017e+00 3.518942138671875000e+03
6.943351941286788787e+00 5.609090332031250000e+03
6.946786693669319668e+00 8.217002929687500000e+03
6.950221446051850549e+00 1.073073046875000000e+04
6.953656198434381430e+00 1.193830273437500000e+04
6.957090950816913200e+00 1.155103222656250000e+04
6.960525703199444081e+00 9.573641601562500000e+03
6.963960455581975850e+00 6.774407226562500000e+03
6.967395207964506731e+00 4.293432617187500000e+03
6.970829960347038501e+00 2.583195312500000000e+03
6.974264712729568494e+00 1.740243286132812500e+03
6.977699465112100263e+00 1.352786132812500000e+03
6.981134217494631145e+00 1.175088134765625000e+03
6.984568969877162914e+00 1.087041992187500000e+03
6.988003722259693795e+00 1.034677490234375000e+03
6.991438474642224676e+00 1.001523132324218750e+03
6.994873227024756446e+00 9.716979370117187500e+02
6.998307979407287327e+00 9.538713989257812500e+02
7.001742731789818208e+00 9.392684326171875000e+02
7.005177484172349089e+00 9.265814208984375000e+02
7.008612236554880859e+00 9.154054565429687500e+02
7.012046988937411740e+00 9.047756347656250000e+02
7.015481741319943509e+00 9.049381713867187500e+02
7.018916493702474391e+00 9.009251708984375000e+02
7.022351246085006160e+00 9.005983886718750000e+02
7.025785998467536153e+00 8.954713134765625000e+02
7.029220750850067922e+00 8.946667480468750000e+02
7.032655503232598804e+00 8.882814941406250000e+02
7.036090255615130573e+00 8.793668823242187500e+02
7.039525007997661454e+00 8.747496948242187500e+02
7.042959760380193224e+00 8.686463623046875000e+02
7.046394512762724105e+00 8.713724365234375000e+02
7.049829265145254986e+00 8.698677978515625000e+02
7.053264017527785867e+00 8.695950317382812500e+02
7.056698769910317637e+00 8.685197753906250000e+02
7.060133522292848518e+00 8.642802124023437500e+02
7.063568274675379399e+00 8.625102539062500000e+02
7.067003027057911169e+00 8.611996459960937500e+02
7.070437779440442050e+00 8.634701538085937500e+02
7.073872531822972931e+00 8.634960327148437500e+02
7.077307284205503812e+00 8.612556152343750000e+02
7.080742036588035582e+00 8.632379150390625000e+02
7.084176788970566463e+00 8.683646240234375000e+02
7.087611541353098232e+00 8.708275146484375000e+02
7.091046293735629114e+00 8.718248901367187500e+02
7.094481046118160883e+00 8.745321044921875000e+02
7.097915798500691764e+00 8.771851196289062500e+02
7.101350550883222645e+00 8.830319824218750000e+02
7.104785303265753527e+00 8.919426269531250000e+02
7.108220055648285296e+00 9.023609008789062500e+02
7.111654808030816177e+00 9.165334472656250000e+02
7.115089560413347947e+00 9.283315429687500000e+02
7.118524312795878828e+00 9.469243774414062500e+02
7.121959065178410597e+00 9.671822509765625000e+02
7.125393817560940590e+00 1.004113342285156250e+03
7.128828569943472360e+00 1.063909667968750000e+03
7.132263322326003241e+00 1.186130493164062500e+03
7.135698074708535010e+00 1.439715820312500000e+03
7.139132827091065892e+00 1.973859008789062500e+03
7.142567579473596773e+00 3.067097412109375000e+03
7.146002331856128542e+00 4.739265625000000000e+03
7.149437084238658535e+00 6.886098144531250000e+03
7.152871836621190305e+00 8.714076171875000000e+03
7.156306589003721186e+00 9.500124023437500000e+03
7.159741341386252955e+00 8.792375976562500000e+03
7.163176093768782948e+00 7.021409667968750000e+03
7.166610846151314718e+00 4.858318847656250000e+03
7.170045598533845599e+00 3.095405029296875000e+03
7.173480350916377368e+00 1.986513549804687500e+03
7.176915103298908249e+00 1.451420043945312500e+03
7.180349855681440019e+00 1.191665405273437500e+03
7.183784608063970900e+00 1.069136108398437500e+03
7.187219360446502670e+00 1.001374938964843750e+03
7.190654112829033551e+00 9.575513916015625000e+02
7.194088865211565320e+00 9.293243408203125000e+02
7.197523617594096201e+00 9.191430664062500000e+02
7.200958369976627971e+00 9.095010986328125000e+02
7.204393122359158852e+00 8.986918945312500000e+02
7.207827874741689733e+00 8.870364379882812500e+02
7.211262627124221503e+00 8.773267822265625000e+02
7.214697379506751496e+00 8.748240356445312500e+02
7.218132131889282377e+00 8.687114868164062500e+02
7.221566884271814146e+00 8.659483642578125000e+02
7.225001636654345027e+00 8.639957885742187500e+02
7.228436389036875909e+00 8.573360595703125000e+02
7.231871141419407678e+00 8.513491821289062500e+02
7.235305893801938559e+00 8.423826904296875000e+02
7.238740646184470329e+00 8.437918090820312500e+02
7.242175398567001210e+00 8.450955810546875000e+02
7.245610150949532979e+00 8.454904785156250000e+02
7.249044903332063861e+00 8.396508178710937500e+02
7.252479655714595630e+00 8.373038940429687500e+02
7.255914408097126511e+00 8.345839233398437500e+02
7.259349160479658281e+00 8.311491088867187500e+02
7.262783912862187385e+00 8.241361694335937500e+02
7.266218665244719155e+00 8.192401733398437500e+02
7.269653417627250036e+00 8.227859497070312500e+02
7.273088170009781805e+00 8.288820190429687500e+02
7.276522922392312687e+00 8.336541748046875000e+02
7.279957674774844456e+00 8.363533325195312500e+02
7.283392427157375337e+00 8.262292480468750000e+02
7.286827179539907107e+00 8.241663208007812500e+02
7.290261931922437988e+00 8.287932739257812500e+02
7.293696684304968869e+00 8.354911499023437500e+02
7.297131436687500639e+00 8.382684936523437500e+02
7.300566189070031520e+00 8.366649169921875000e+02
7.304000941452563289e+00 8.438453369140625000e+02
7.307435693835094170e+00 8.480228271484375000e+02
7.310870446217625940e+00 8.537838745117187500e+02
7.314305198600155045e+00 8.609867553710937500e+02
7.317739950982686814e+00 8.669966430664062500e+02
7.321174703365217695e+00 8.774393310546875000e+02
7.324609455747749465e+00 9.070249023437500000e+02
7.328044208130280346e+00 9.637831420898437500e+02
7.331478960512812115e+00 1.082708862304687500e+03
7.334913712895342996e+00 1.332413452148437500e+03
7.338348465277874766e+00 1.827125244140625000e+03
7.341783217660405647e+00 2.667141601562500000e+03
7.345217970042937417e+00 3.761412597656250000e+03
7.348652722425468298e+00 4.641833496093750000e+03
7.352087474808000067e+00 5.050906250000000000e+03
7.355522227190530948e+00 4.591709472656250000e+03
7.358956979573061830e+00 3.774603027343750000e+03
7.362391731955593599e+00 2.698716796875000000e+03
7.365826484338123592e+00 1.895514038085937500e+03
7.369261236720654473e+00 1.377510864257812500e+03
7.372695989103186243e+00 1.104459228515625000e+03
7.376130741485717124e+00 9.744558105468750000e+02
7.379565493868248005e+00 9.119089965820312500e+02
7.383000246250779774e+00 8.812735595703125000e+02
7.386434998633310656e+00 8.668317260742187500e+02
7.389869751015842425e+00 8.532473144531250000e+02
7.393304503398373306e+00 8.471649169921875000e+02
7.396739255780905076e+00 8.414581298828125000e+02
7.400174008163435957e+00 8.392442016601562500e+02
7.403608760545967726e+00 8.304432983398437500e+02
7.407043512928498608e+00 8.248814086914062500e+02
7.410478265311030377e+00 8.230121459960937500e+02
7.413913017693559482e+00 8.236453857421875000e+02
7.417347770076091251e+00 8.194710083007812500e+02
7.420782522458622132e+00 8.150560913085937500e+02
7.424217274841153902e+00 8.164999389648437500e+02
7.427652027223684783e+00 8.171308593750000000e+02
7.431086779606216552e+00 8.172824707031250000e+02
7.434521531988747434e+00 8.145251464843750000e+02
7.437956284371279203e+00 8.190867309570312500e+02
