# # sector 19: chi = 14.98 deg (range [10, 20))
# # columns: 2theta(deg)  intensity
9.943608147427778210e-01 3.203274658203125000e+03
9.977955671253089243e-01 3.203455078125000000e+03
1.001230319507840250e+00 3.228957031250000000e+03
1.004665071890371353e+00 3.245948730468750000e+03
1.008099824272902678e+00 3.237787353515625000e+03
1.011534576655433781e+00 3.236438476562500000e+03
1.014969329037964885e+00 3.225688720703125000e+03
1.018404081420495988e+00 3.222292968750000000e+03
1.021838833803027313e+00 3.210226806640625000e+03
1.025273586185558417e+00 3.206420898437500000e+03
1.028708338568089520e+00 3.191871093750000000e+03
1.032143090950620845e+00 3.204681396484375000e+03
1.035577843333151948e+00 3.215999755859375000e+03
1.039012595715683274e+00 3.238879394531250000e+03
1.042447348098214377e+00 3.243669433593750000e+03
1.045882100480745702e+00 3.231756835937500000e+03
1.049316852863276806e+00 3.196532226562500000e+03
1.052751605245807909e+00 3.192137939453125000e+03
1.056186357628339012e+00 3.218222167968750000e+03
1.059621110010870337e+00 3.242495605468750000e+03
1.063055862393401441e+00 3.241376464843750000e+03
1.066490614775932544e+00 3.239187500000000000e+03
1.069925367158463869e+00 3.224215087890625000e+03
1.073360119540994972e+00 3.206666015625000000e+03
1.076794871923526298e+00 3.186121093750000000e+03
1.080229624306057401e+00 3.174797363281250000e+03
1.083664376688588726e+00 3.179812744140625000e+03
1.087099129071119830e+00 3.196606933593750000e+03
1.090533881453650933e+00 3.218656738281250000e+03
1.093968633836182036e+00 3.214216064453125000e+03
1.097403386218713361e+00 3.194665771484375000e+03
1.100838138601244465e+00 3.190439941406250000e+03
1.104272890983775568e+00 3.199666259765625000e+03
1.107707643366306893e+00 3.196724609375000000e+03
1.111142395748837997e+00 3.200183837890625000e+03
1.114577148131369322e+00 3.195910400390625000e+03
1.118011900513900425e+00 3.197733886718750000e+03
1.121446652896431750e+00 3.211988525390625000e+03
1.124881405278962854e+00 3.217992675781250000e+03
1.128316157661493957e+00 3.196801025390625000e+03
1.131750910044025060e+00 3.176996582031250000e+03
1.135185662426556386e+00 3.152349853515625000e+03
1.138620414809087489e+00 3.143893310546875000e+03
1.142055167191618592e+00 3.140405517578125000e+03
1.145489919574149917e+00 3.148828369140625000e+03
1.148924671956681021e+00 3.146749755859375000e+03
1.152359424339212346e+00 3.143002685546875000e+03
1.155794176721743449e+00 3.136638183593750000e+03
1.159228929104274775e+00 3.140998535156250000e+03
1.162663681486805878e+00 3.133947998046875000e+03
1.166098433869336981e+00 3.149238281250000000e+03
1.169533186251868084e+00 3.169587646484375000e+03
1.172967938634399410e+00 3.171719238281250000e+03
1.176402691016930513e+00 3.157797363281250000e+03
1.179837443399461616e+00 3.146145996093750000e+03
1.183272195781992941e+00 3.154458496093750000e+03
1.186706948164524045e+00 3.161731689453125000e+03
1.190141700547055370e+00 3.175516357421875000e+03
1.193576452929586473e+00 3.178363769531250000e+03
1.197011205312117799e+00 3.175338623046875000e+03
1.200445957694648902e+00 3.160109619140625000e+03
1.203880710077180005e+00 3.150877441406250000e+03
1.207315462459711108e+00 3.149070800781250000e+03
1.210750214842242434e+00 3.148179199218750000e+03
1.214184967224773537e+00 3.145603271484375000e+03
1.217619719607304640e+00 3.139818847656250000e+03
1.221054471989835966e+00 3.162059814453125000e+03
1.224489224372367069e+00 3.154744628906250000e+03
1.227923976754898394e+00 3.148872070312500000e+03
1.231358729137429497e+00 3.136671630859375000e+03
1.234793481519960823e+00 3.157643798828125000e+03
1.238228233902491926e+00 3.162239501953125000e+03
1.241662986285023029e+00 3.161405761718750000e+03
1.245097738667554133e+00 3.151158935546875000e+03
1.248532491050085236e+00 3.155741943359375000e+03
1.251967243432616561e+00 3.156807861328125000e+03
1.255401995815147664e+00 3.145420166015625000e+03
1.258836748197678990e+00 3.129990722656250000e+03
1.262271500580210093e+00 3.136860351562500000e+03
1.265706252962741418e+00 3.136839843750000000e+03
1.269141005345272522e+00 3.128173339843750000e+03
1.272575757727803847e+00 3.114392333984375000e+03
1.276010510110334950e+00 3.114379882812500000e+03
1.279445262492866053e+00 3.115020507812500000e+03
1.282880014875397157e+00 3.109131347656250000e+03
1.286314767257928260e+00 3.114972900390625000e+03
1.289749519640459585e+00 3.112266845703125000e+03
1.293184272022990688e+00 3.118920898437500000e+03
1.296619024405522014e+00 3.120304687500000000e+03
1.300053776788053117e+00 3.133727294921875000e+03
1.303488529170584442e+00 3.130893554687500000e+03
1.306923281553115546e+00 3.136191650390625000e+03
1.310358033935646871e+00 3.114363525390625000e+03
1.313792786318177974e+00 3.115405517578125000e+03
1.317227538700709077e+00 3.116534912109375000e+03
1.320662291083240181e+00 3.118047607421875000e+03
1.324097043465771284e+00 3.124135009765625000e+03
1.327531795848302609e+00 3.134863769531250000e+03
1.330966548230833713e+00 3.124073730468750000e+03
1.334401300613365038e+00 3.108963623046875000e+03
1.337836052995896141e+00 3.106427490234375000e+03
1.341270805378427466e+00 3.100455566406250000e+03
1.344705557760958570e+00 3.080646728515625000e+03
1.348140310143489895e+00 3.064652832031250000e+03
1.351575062526020998e+00 3.068118652343750000e+03
1.355009814908552102e+00 3.067636962890625000e+03
1.358444567291083205e+00 3.066485107421875000e+03
1.361879319673614308e+00 3.066396728515625000e+03
1.365314072056145633e+00 3.065217041015625000e+03
1.368748824438676737e+00 3.056109863281250000e+03
1.372183576821208062e+00 3.042653808593750000e+03
1.375618329203739165e+00 3.049597412109375000e+03
1.379053081586270491e+00 3.067057128906250000e+03
1.382487833968801594e+00 3.067574218750000000e+03
1.385922586351332919e+00 3.057996826171875000e+03
1.389357338733864022e+00 3.060573730468750000e+03
1.392792091116395126e+00 3.050622314453125000e+03
1.396226843498926229e+00 3.045830566406250000e+03
1.399661595881457332e+00 3.022273437500000000e+03
1.403096348263988657e+00 3.028320556640625000e+03
1.406531100646519761e+00 3.036342041015625000e+03
1.409965853029051086e+00 3.041746826171875000e+03
1.413400605411582189e+00 3.036592285156250000e+03
1.416835357794113515e+00 3.035750976562500000e+03
1.420270110176644618e+00 3.055598144531250000e+03
1.423704862559175943e+00 3.047388427734375000e+03
1.427139614941707046e+00 3.030963623046875000e+03
1.430574367324238150e+00 3.009426269531250000e+03
1.434009119706769253e+00 3.014854248046875000e+03
1.437443872089300356e+00 3.018011962890625000e+03
1.440878624471831682e+00 3.021578613281250000e+03
1.444313376854362785e+00 3.020752929687500000e+03
1.447748129236894110e+00 3.014887451171875000e+03
1.451182881619425213e+00 3.011329345703125000e+03
1.454617634001956539e+00 3.019015380859375000e+03
1.458052386384487642e+00 3.041550781250000000e+03
1.461487138767018967e+00 3.049848144531250000e+03
1.464921891149550071e+00 3.043051513671875000e+03
1.468356643532081174e+00 3.049761474609375000e+03
1.471791395914612277e+00 3.049629882812500000e+03
1.475226148297143380e+00 3.049360839843750000e+03
1.478660900679674706e+00 3.033674804687500000e+03
1.482095653062205809e+00 3.018700439453125000e+03
1.485530405444737134e+00 3.005718750000000000e+03
1.488965157827268238e+00 3.004097167968750000e+03
1.492399910209799563e+00 3.010251464843750000e+03
1.495834662592330666e+00 3.008134033203125000e+03
1.499269414974861991e+00 3.023235107421875000e+03
1.502704167357393095e+00 3.040197998046875000e+03
1.506138919739924198e+00 3.020435302734375000e+03
1.509573672122455301e+00 2.981615966796875000e+03
1.513008424504986404e+00 2.956584228515625000e+03
1.516443176887517730e+00 2.970874755859375000e+03
1.519877929270048833e+00 2.968218505859375000e+03
1.523312681652580158e+00 2.988164062500000000e+03
1.526747434035111262e+00 2.992317871093750000e+03
1.530182186417642587e+00 3.004051025390625000e+03
1.533616938800173690e+00 3.003494873046875000e+03
1.537051691182705015e+00 3.010226562500000000e+03
1.540486443565236119e+00 2.990740722656250000e+03
1.543921195947767222e+00 2.984639160156250000e+03
1.547355948330298325e+00 2.987216552734375000e+03
1.550790700712829429e+00 3.013509277343750000e+03
1.554225453095360754e+00 3.000059326171875000e+03
1.557660205477891857e+00 2.990365966796875000e+03
1.561094957860423182e+00 2.992781494140625000e+03
1.564529710242954286e+00 3.006818115234375000e+03
1.567964462625485611e+00 3.013362548828125000e+03
1.571399215008016714e+00 2.997424804687500000e+03
1.574833967390548040e+00 2.984819580078125000e+03
1.578268719773079143e+00 2.983451660156250000e+03
1.581703472155610246e+00 3.005726562500000000e+03
1.585138224538141349e+00 3.017461914062500000e+03
1.588572976920672453e+00 3.011127197265625000e+03
1.592007729303203778e+00 3.010662597656250000e+03
1.595442481685734881e+00 3.034787109375000000e+03
1.598877234068266207e+00 3.064259765625000000e+03
1.602311986450797310e+00 3.077464355468750000e+03
1.605746738833328635e+00 3.075974853515625000e+03
1.609181491215859738e+00 3.093364746093750000e+03
1.612616243598391064e+00 3.129195556640625000e+03
1.616050995980922167e+00 3.164645751953125000e+03
1.619485748363453270e+00 3.172881591796875000e+03
1.622920500745984373e+00 3.166342773437500000e+03
1.626355253128515477e+00 3.179018310546875000e+03
1.629790005511046802e+00 3.201287597656250000e+03
1.633224757893577905e+00 3.221486328125000000e+03
1.636659510276109231e+00 3.262873535156250000e+03
1.640094262658640334e+00 3.330322509765625000e+03
1.643529015041171659e+00 3.411803710937500000e+03
1.646963767423702762e+00 3.487319580078125000e+03
1.650398519806234088e+00 3.594660156250000000e+03
1.653833272188765191e+00 3.789315429687500000e+03
1.657268024571296294e+00 4.165021484375000000e+03
1.660702776953827398e+00 4.868839355468750000e+03
1.664137529336358501e+00 6.533188476562500000e+03
1.667572281718889826e+00 9.814638671875000000e+03
1.671007034101420929e+00 1.879978906250000000e+04
1.674441786483952255e+00 3.375267187500000000e+04
1.677876538866483358e+00 6.156572265625000000e+04
1.681311291249014683e+00 7.948013281250000000e+04
1.684746043631545787e+00 8.401567968750000000e+04
1.688180796014076890e+00 5.962572656250000000e+04
1.691615548396608215e+00 4.098001171875000000e+04
1.695050300779139318e+00 2.195686718750000000e+04
1.698485053161670422e+00 1.224752246093750000e+04
1.701919805544201525e+00 7.403675292968750000e+03
1.705354557926732850e+00 5.266758300781250000e+03
1.708789310309263954e+00 4.315179199218750000e+03
1.712224062691795279e+00 3.813278564453125000e+03
1.715658815074326382e+00 3.574360351562500000e+03
1.719093567456857707e+00 3.435209716796875000e+03
1.722528319839388811e+00 3.330529785156250000e+03
1.725963072221919914e+00 3.241044921875000000e+03
1.729397824604451239e+00 3.179893798828125000e+03
1.732832576986982343e+00 3.114699218750000000e+03
1.736267329369513446e+00 3.051088867187500000e+03
1.739702081752044549e+00 3.005298339843750000e+03
1.743136834134575874e+00 2.981447753906250000e+03
1.746571586517106978e+00 2.957492675781250000e+03
1.750006338899638303e+00 2.928248046875000000e+03
1.753441091282169406e+00 2.910527343750000000e+03
1.756875843664700731e+00 2.886401123046875000e+03
1.760310596047231835e+00 2.862706542968750000e+03
1.763745348429762938e+00 2.835156738281250000e+03
1.767180100812294263e+00 2.816092529296875000e+03
1.770614853194825367e+00 2.787605957031250000e+03
1.774049605577356470e+00 2.760171630859375000e+03
1.777484357959887573e+00 2.736945068359375000e+03
1.780919110342418898e+00 2.712114257812500000e+03
1.784353862724950002e+00 2.692073486328125000e+03
1.787788615107481327e+00 2.690844238281250000e+03
1.791223367490012208e+00 2.691152343750000000e+03
1.794658119872543534e+00 2.675829345703125000e+03
1.798092872255074859e+00 2.649584716796875000e+03
1.801527624637606184e+00 2.642065185546875000e+03
1.804962377020137065e+00 2.633596679687500000e+03
1.808397129402668391e+00 2.636531005859375000e+03
1.811831881785199494e+00 2.627416015625000000e+03
1.815266634167730819e+00 2.624440429687500000e+03
1.818701386550261700e+00 2.615641113281250000e+03
1.822136138932793026e+00 2.595407470703125000e+03
1.825570891315324351e+00 2.567893066406250000e+03
1.829005643697855676e+00 2.541276367187500000e+03
1.832440396080386558e+00 2.541931396484375000e+03
1.835875148462917883e+00 2.553509033203125000e+03
1.839309900845449208e+00 2.556217285156250000e+03
1.842744653227980089e+00 2.547785400390625000e+03
1.846179405610511415e+00 2.540400390625000000e+03
1.849614157993042740e+00 2.537934326171875000e+03
1.853048910375573843e+00 2.539000732421875000e+03
1.856483662758104725e+00 2.537131347656250000e+03
1.859918415140636050e+00 2.514703613281250000e+03
1.863353167523167375e+00 2.488081298828125000e+03
1.866787919905698701e+00 2.458021484375000000e+03
1.870222672288229582e+00 2.423295410156250000e+03
1.873657424670760907e+00 2.403374511718750000e+03
1.877092177053292232e+00 2.410697021484375000e+03
1.880526929435823114e+00 2.439783203125000000e+03
1.883961681818354439e+00 2.449446533203125000e+03
1.887396434200885764e+00 2.447673339843750000e+03
1.890831186583416867e+00 2.432516357421875000e+03
1.894265938965947749e+00 2.423344482421875000e+03
1.897700691348479074e+00 2.425890136718750000e+03
1.901135443731010399e+00 2.429451171875000000e+03
1.904570196113541725e+00 2.425657470703125000e+03
1.908004948496072606e+00 2.412215576171875000e+03
1.911439700878603931e+00 2.405024169921875000e+03
1.914874453261135256e+00 2.404024414062500000e+03
1.918309205643666138e+00 2.400998046875000000e+03
1.921743958026197463e+00 2.410929687500000000e+03
1.925178710408728788e+00 2.413543212890625000e+03
1.928613462791259892e+00 2.408781982421875000e+03
1.932048215173790773e+00 2.407000732421875000e+03
1.935482967556322098e+00 2.396644042968750000e+03
1.938917719938853423e+00 2.397162841796875000e+03
1.942352472321384749e+00 2.392273437500000000e+03
1.945787224703915630e+00 2.389501953125000000e+03
1.949221977086446955e+00 2.385275634765625000e+03
1.952656729468978281e+00 2.377297119140625000e+03
1.956091481851509162e+00 2.382664550781250000e+03
1.959526234234040487e+00 2.379811035156250000e+03
1.962960986616571812e+00 2.371379882812500000e+03
1.966395738999102916e+00 2.369417236328125000e+03
1.969830491381633797e+00 2.364243652343750000e+03
1.973265243764165122e+00 2.353562988281250000e+03
1.976699996146696447e+00 2.345721435546875000e+03
1.980134748529227329e+00 2.342353515625000000e+03
1.983569500911758654e+00 2.334284179687500000e+03
1.987004253294289979e+00 2.340391357421875000e+03
1.990439005676821305e+00 2.351099365234375000e+03
1.993873758059352186e+00 2.354102050781250000e+03
1.997308510441883511e+00 2.356568847656250000e+03
2.000743262824414614e+00 2.349732421875000000e+03
2.004178015206945940e+00 2.335489013671875000e+03
2.007612767589476821e+00 2.326103515625000000e+03
2.011047519972008146e+00 2.332574707031250000e+03
2.014482272354539472e+00 2.342007568359375000e+03
2.017917024737070353e+00 2.331089843750000000e+03
2.021351777119601678e+00 2.312952880859375000e+03
2.024786529502133003e+00 2.300416748046875000e+03
2.028221281884664329e+00 2.294085937500000000e+03
2.031656034267195210e+00 2.283154785156250000e+03
2.035090786649726535e+00 2.288662353515625000e+03
2.038525539032257861e+00 2.301876708984375000e+03
2.041960291414789186e+00 2.307281738281250000e+03
2.045395043797320067e+00 2.297825195312500000e+03
2.048829796179851392e+00 2.272717529296875000e+03
2.052264548562382718e+00 2.273610595703125000e+03
2.055699300944913599e+00 2.283211914062500000e+03
2.059134053327444924e+00 2.286525634765625000e+03
2.062568805709975805e+00 2.278992187500000000e+03
2.066003558092507131e+00 2.275465332031250000e+03
2.069438310475038012e+00 2.264499267578125000e+03
2.072873062857569337e+00 2.259299560546875000e+03
2.076307815240100663e+00 2.249233886718750000e+03
2.079742567622631988e+00 2.253527832031250000e+03
2.083177320005162869e+00 2.240265136718750000e+03
2.086612072387694194e+00 2.246437255859375000e+03
2.090046824770225520e+00 2.238869140625000000e+03
2.093481577152756401e+00 2.237989746093750000e+03
2.096916329535287726e+00 2.225549072265625000e+03
2.100351081917819052e+00 2.215540527343750000e+03
2.103785834300350377e+00 2.198333984375000000e+03
2.107220586682881258e+00 2.195106201171875000e+03
2.110655339065412583e+00 2.201946777343750000e+03
2.114090091447943909e+00 2.202810058593750000e+03
2.117524843830475234e+00 2.198607177734375000e+03
2.120959596213006115e+00 2.188814697265625000e+03
2.124394348595537441e+00 2.171104248046875000e+03
2.127829100978068766e+00 2.165419677734375000e+03
2.131263853360599647e+00 2.170005615234375000e+03
2.134698605743130972e+00 2.171385986328125000e+03
2.138133358125661854e+00 2.172272705078125000e+03
2.141568110508193179e+00 2.170512451171875000e+03
2.145002862890724060e+00 2.156513916015625000e+03
2.148437615273255386e+00 2.147894042968750000e+03
2.151872367655786711e+00 2.153250732421875000e+03
2.155307120038318036e+00 2.161104492187500000e+03
2.158741872420848917e+00 2.157934570312500000e+03
2.162176624803380243e+00 2.161131591796875000e+03
2.165611377185911568e+00 2.165881591796875000e+03
2.169046129568442449e+00 2.178370117187500000e+03
2.172480881950973775e+00 2.184672119140625000e+03
2.175915634333505100e+00 2.173114501953125000e+03
2.179350386716036425e+00 2.169659423828125000e+03
2.182785139098567306e+00 2.163179199218750000e+03
2.186219891481098632e+00 2.156411621093750000e+03
2.189654643863629957e+00 2.138534667968750000e+03
2.193089396246161282e+00 2.133437744140625000e+03
2.196524148628692163e+00 2.139815185546875000e+03
2.199958901011223489e+00 2.150537353515625000e+03
2.203393653393754814e+00 2.154713867187500000e+03
2.206828405776285695e+00 2.147244384765625000e+03
2.210263158158817021e+00 2.140987060546875000e+03
2.213697910541347902e+00 2.132407958984375000e+03
2.217132662923879227e+00 2.139782226562500000e+03
2.220567415306410108e+00 2.146029541015625000e+03
2.224002167688941434e+00 2.162130615234375000e+03
2.227436920071472759e+00 2.175429687500000000e+03
2.230871672454004084e+00 2.179002197265625000e+03
2.234306424836534966e+00 2.165602294921875000e+03
2.237741177219066291e+00 2.164153076171875000e+03
2.241175929601597616e+00 2.158032470703125000e+03
2.244610681984128497e+00 2.150968750000000000e+03
2.248045434366659823e+00 2.165625976562500000e+03
2.251480186749191148e+00 2.176766601562500000e+03
2.254914939131722473e+00 2.172592285156250000e+03
2.258349691514253355e+00 2.169641845703125000e+03
2.261784443896784680e+00 2.174975830078125000e+03
2.265219196279316005e+00 2.170766845703125000e+03
2.268653948661847330e+00 2.178003906250000000e+03
2.272088701044378212e+00 2.199995605468750000e+03
2.275523453426909537e+00 2.227396484375000000e+03
2.278958205809440862e+00 2.245138427734375000e+03
2.282392958191971744e+00 2.250399658203125000e+03
2.285827710574503069e+00 2.273000732421875000e+03
2.289262462957033950e+00 2.286246582031250000e+03
2.292697215339565275e+00 2.306146240234375000e+03
2.296131967722096157e+00 2.315224853515625000e+03
2.299566720104627482e+00 2.330023681640625000e+03
2.303001472487158807e+00 2.345323486328125000e+03
2.306436224869690133e+00 2.358213623046875000e+03
2.309870977252221014e+00 2.381638671875000000e+03
2.313305729634752339e+00 2.416290527343750000e+03
2.316740482017283664e+00 2.448941406250000000e+03
2.320175234399814546e+00 2.475547119140625000e+03
2.323609986782345871e+00 2.519555664062500000e+03
2.327044739164877196e+00 2.563665283203125000e+03
2.330479491547408522e+00 2.624571777343750000e+03
2.333914243929939403e+00 2.689183105468750000e+03
2.337348996312470728e+00 2.764276367187500000e+03
2.340783748695002053e+00 2.849339355468750000e+03
2.344218501077533379e+00 2.988313232421875000e+03
2.347653253460064260e+00 3.196291259765625000e+03
2.351088005842595585e+00 3.506268066406250000e+03
2.354522758225126911e+00 4.009694580078125000e+03
2.357957510607657792e+00 5.007133300781250000e+03
2.361392262990189117e+00 6.980221191406250000e+03
2.364827015372720442e+00 1.159442968750000000e+04
2.368261767755251324e+00 2.205188085937500000e+04
2.371696520137782205e+00 4.257024218750000000e+04
2.375131272520313530e+00 7.497035156250000000e+04
2.378566024902844855e+00 1.070625234375000000e+05
2.382000777285376181e+00 1.173782421875000000e+05
2.385435529667907062e+00 9.867547656250000000e+04
2.388870282050438387e+00 7.168635937500000000e+04
2.392305034432969713e+00 4.306150781250000000e+04
2.395739786815500594e+00 2.131516210937500000e+04
2.399174539198031919e+00 1.146614550781250000e+04
2.402609291580563244e+00 6.951548339843750000e+03
2.406044043963094570e+00 4.912504394531250000e+03
2.409478796345625451e+00 3.983823242187500000e+03
2.412913548728156776e+00 3.466409423828125000e+03
2.416348301110688102e+00 3.163307617187500000e+03
2.419783053493219427e+00 2.958370117187500000e+03
2.423217805875750308e+00 2.806249511718750000e+03
2.426652558258281633e+00 2.679710205078125000e+03
2.430087310640812959e+00 2.598168945312500000e+03
2.433522063023343840e+00 2.536524414062500000e+03
2.436956815405875165e+00 2.482533447265625000e+03
2.440391567788406491e+00 2.430925781250000000e+03
2.443826320170937372e+00 2.385185058593750000e+03
2.447261072553468253e+00 2.344932373046875000e+03
2.450695824935999578e+00 2.301894042968750000e+03
2.454130577318530904e+00 2.265347656250000000e+03
2.457565329701061785e+00 2.247762207031250000e+03
2.461000082083593110e+00 2.228843750000000000e+03
2.464434834466124435e+00 2.196424560546875000e+03
2.467869586848655761e+00 2.143747070312500000e+03
2.471304339231186642e+00 2.099774902343750000e+03
2.474739091613717967e+00 2.058803955078125000e+03
2.478173843996249293e+00 2.038627929687500000e+03
2.481608596378780618e+00 2.023005371093750000e+03
2.485043348761311499e+00 2.016948242187500000e+03
2.488478101143842824e+00 2.006747192382812500e+03
2.491912853526374150e+00 1.989097900390625000e+03
2.495347605908905031e+00 1.967614990234375000e+03
2.498782358291436356e+00 1.945320922851562500e+03
2.502217110673967682e+00 1.925693359375000000e+03
2.505651863056499007e+00 1.901336791992187500e+03
2.509086615439029888e+00 1.886930175781250000e+03
2.512521367821561213e+00 1.870761352539062500e+03
2.515956120204092539e+00 1.870022705078125000e+03
2.519390872586623420e+00 1.867188964843750000e+03
2.522825624969154301e+00 1.860264526367187500e+03
2.526260377351685626e+00 1.849856079101562500e+03
2.529695129734216952e+00 1.846239501953125000e+03
2.533129882116747833e+00 1.837089233398437500e+03
2.536564634499279158e+00 1.830658569335937500e+03
2.539999386881810484e+00 1.825837036132812500e+03
2.543434139264341809e+00 1.820853149414062500e+03
2.546868891646872690e+00 1.809765014648437500e+03
2.550303644029404015e+00 1.801252197265625000e+03
2.553738396411935341e+00 1.794283569335937500e+03
2.557173148794466666e+00 1.787683471679687500e+03
2.560607901176997547e+00 1.777982666015625000e+03
2.564042653559528873e+00 1.757491577148437500e+03
2.567477405942060198e+00 1.745421142578125000e+03
2.570912158324591079e+00 1.737975219726562500e+03
2.574346910707122404e+00 1.738026855468750000e+03
2.577781663089653730e+00 1.735750610351562500e+03
2.581216415472185055e+00 1.741518676757812500e+03
2.584651167854715936e+00 1.754729858398437500e+03
2.588085920237247262e+00 1.747411376953125000e+03
2.591520672619778587e+00 1.728531860351562500e+03
2.594955425002309468e+00 1.712495727539062500e+03
2.598390177384840349e+00 1.695455810546875000e+03
2.601824929767371675e+00 1.688852905273437500e+03
2.605259682149903000e+00 1.692079589843750000e+03
2.608694434532433881e+00 1.691525634765625000e+03
2.612129186914965207e+00 1.685469848632812500e+03
2.615563939297496532e+00 1.692524047851562500e+03
2.618998691680027857e+00 1.687851684570312500e+03
2.622433444062558738e+00 1.679645874023437500e+03
2.625868196445090064e+00 1.666116821289062500e+03
2.629302948827621389e+00 1.664717163085937500e+03
2.632737701210152714e+00 1.657608886718750000e+03
2.636172453592683596e+00 1.654669799804687500e+03
2.639607205975214921e+00 1.653963989257812500e+03
2.643041958357746246e+00 1.646718627929687500e+03
2.646476710740277127e+00 1.630028930664062500e+03
2.649911463122808453e+00 1.627484008789062500e+03
2.653346215505339778e+00 1.628075439453125000e+03
2.656780967887871103e+00 1.627834716796875000e+03
2.660215720270401984e+00 1.622820678710937500e+03
2.663650472652933310e+00 1.611936523437500000e+03
2.667085225035464635e+00 1.606200683593750000e+03
2.670519977417995516e+00 1.601907836914062500e+03
2.673954729800526398e+00 1.613998413085937500e+03
2.677389482183057723e+00 1.610745605468750000e+03
2.680824234565589048e+00 1.595306518554687500e+03
2.684258986948119929e+00 1.592734252929687500e+03
2.687693739330651255e+00 1.590822143554687500e+03
2.691128491713182580e+00 1.590614624023437500e+03
2.694563244095713905e+00 1.593840576171875000e+03
2.697997996478244787e+00 1.599068481445312500e+03
2.701432748860776112e+00 1.599907348632812500e+03
2.704867501243307437e+00 1.598454956054687500e+03
2.708302253625838762e+00 1.593831542968750000e+03
2.711737006008369644e+00 1.581781005859375000e+03
2.715171758390900969e+00 1.580837036132812500e+03
2.718606510773432294e+00 1.577657348632812500e+03
2.722041263155963176e+00 1.579060913085937500e+03
2.725476015538494501e+00 1.572312866210937500e+03
2.728910767921025826e+00 1.576863891601562500e+03
2.732345520303557151e+00 1.564334472656250000e+03
2.735780272686088033e+00 1.542352172851562500e+03
2.739215025068619358e+00 1.525861572265625000e+03
2.742649777451150683e+00 1.531007446289062500e+03
2.746084529833681565e+00 1.545663696289062500e+03
2.749519282216212890e+00 1.556957885742187500e+03
2.752954034598743771e+00 1.559331176757812500e+03
2.756388786981275096e+00 1.554106567382812500e+03
2.759823539363805978e+00 1.555608642578125000e+03
2.763258291746337303e+00 1.562269775390625000e+03
2.766693044128868628e+00 1.564541137695312500e+03
2.770127796511399954e+00 1.559588012695312500e+03
2.773562548893930835e+00 1.560648925781250000e+03
2.776997301276462160e+00 1.557661010742187500e+03
2.780432053658993485e+00 1.558155883789062500e+03
2.783866806041524811e+00 1.549102783203125000e+03
2.787301558424055692e+00 1.544807983398437500e+03
2.790736310806587017e+00 1.558843505859375000e+03
2.794171063189118343e+00 1.566955810546875000e+03
2.797605815571649224e+00 1.569168457031250000e+03
2.801040567954180549e+00 1.563543823242187500e+03
2.804475320336711874e+00 1.562840087890625000e+03
2.807910072719243200e+00 1.563938964843750000e+03
2.811344825101774081e+00 1.573003173828125000e+03
2.814779577484305406e+00 1.584854492187500000e+03
2.818214329866836731e+00 1.590136230468750000e+03
2.821649082249367613e+00 1.592863037109375000e+03
2.825083834631898938e+00 1.595303710937500000e+03
2.828518587014429819e+00 1.584747802734375000e+03
2.831953339396961145e+00 1.585871826171875000e+03
2.835388091779492026e+00 1.591635131835937500e+03
2.838822844162023351e+00 1.617682128906250000e+03
2.842257596544554676e+00 1.633158325195312500e+03
2.845692348927086002e+00 1.638799560546875000e+03
2.849127101309616883e+00 1.646601684570312500e+03
2.852561853692148208e+00 1.660715087890625000e+03
2.855996606074679534e+00 1.662469970703125000e+03
2.859431358457210415e+00 1.680321044921875000e+03
2.862866110839741740e+00 1.708412475585937500e+03
2.866300863222273065e+00 1.732911865234375000e+03
2.869735615604804391e+00 1.750351196289062500e+03
2.873170367987335272e+00 1.775652465820312500e+03
2.876605120369866597e+00 1.808417480468750000e+03
2.880039872752397923e+00 1.857670776367187500e+03
2.883474625134929248e+00 1.924371826171875000e+03
2.886909377517460129e+00 2.018357666015625000e+03
2.890344129899991454e+00 2.167265625000000000e+03
2.893778882282522780e+00 2.430957763671875000e+03
2.897213634665053661e+00 2.945893798828125000e+03
2.900648387047584986e+00 4.074952392578125000e+03
2.904083139430115867e+00 6.478956054687500000e+03
2.907517891812647193e+00 1.218977441406250000e+04
2.910952644195178074e+00 2.101325195312500000e+04
2.914387396577709399e+00 3.467344140625000000e+04
2.917822148960240725e+00 4.545296875000000000e+04
2.921256901342772050e+00 4.410694531250000000e+04
2.924691653725302931e+00 3.053897851562500000e+04
2.928126406107834256e+00 1.699312890625000000e+04
2.931561158490365582e+00 9.077701171875000000e+03
2.934995910872896463e+00 4.978876953125000000e+03
2.938430663255427788e+00 3.377355224609375000e+03
2.941865415637959114e+00 2.607940429687500000e+03
2.945300168020490439e+00 2.248950195312500000e+03
2.948734920403021320e+00 2.045918090820312500e+03
2.952169672785552645e+00 1.915214111328125000e+03
2.955604425168083971e+00 1.834984497070312500e+03
2.959039177550615296e+00 1.779017089843750000e+03
2.962473929933146177e+00 1.736870849609375000e+03
2.965908682315677503e+00 1.711066406250000000e+03
2.969343434698208828e+00 1.688235473632812500e+03
2.972778187080739709e+00 1.663747070312500000e+03
2.976212939463271034e+00 1.629838134765625000e+03
2.979647691845801916e+00 1.609389770507812500e+03
2.983082444228333241e+00 1.594703613281250000e+03
2.986517196610864122e+00 1.573611328125000000e+03
2.989951948993395447e+00 1.551610595703125000e+03
2.993386701375926773e+00 1.535759521484375000e+03
2.996821453758458098e+00 1.519048461914062500e+03
3.000256206140988979e+00 1.501818969726562500e+03
3.003690958523520305e+00 1.491761230468750000e+03
3.007125710906051630e+00 1.480023681640625000e+03
3.010560463288582511e+00 1.463765380859375000e+03
3.013995215671113836e+00 1.450588378906250000e+03
3.017429968053645162e+00 1.440116210937500000e+03
3.020864720436176487e+00 1.439671997070312500e+03
3.024299472818707368e+00 1.439560424804687500e+03
3.027734225201238694e+00 1.427228271484375000e+03
3.031168977583770019e+00 1.409089965820312500e+03
3.034603729966301344e+00 1.403367675781250000e+03
3.038038482348832225e+00 1.404120849609375000e+03
3.041473234731363551e+00 1.403151733398437500e+03
3.044907987113894876e+00 1.391504638671875000e+03
3.048342739496425757e+00 1.389931274414062500e+03
3.051777491878957083e+00 1.379899291992187500e+03
3.055212244261487964e+00 1.377966674804687500e+03
3.058646996644019289e+00 1.378436035156250000e+03
3.062081749026550170e+00 1.374119873046875000e+03
3.065516501409081496e+00 1.367804321289062500e+03
3.068951253791612821e+00 1.356061157226562500e+03
3.072386006174144146e+00 1.345257324218750000e+03
3.075820758556675028e+00 1.344065307617187500e+03
3.079255510939206353e+00 1.349823364257812500e+03
3.082690263321737678e+00 1.352646728515625000e+03
3.086125015704268559e+00 1.356488281250000000e+03
3.089559768086799885e+00 1.347441894531250000e+03
3.092994520469331210e+00 1.343958374023437500e+03
3.096429272851862535e+00 1.334195068359375000e+03
3.099864025234393416e+00 1.328297485351562500e+03
3.103298777616924742e+00 1.324406250000000000e+03
3.106733529999456067e+00 1.333653442382812500e+03
3.110168282381987392e+00 1.336810546875000000e+03
3.113603034764518274e+00 1.335646240234375000e+03
3.117037787147049599e+00 1.336144897460937500e+03
3.120472539529580924e+00 1.330895507812500000e+03
3.123907291912111805e+00 1.324972167968750000e+03
3.127342044294643131e+00 1.315354980468750000e+03
3.130776796677174012e+00 1.316961547851562500e+03
3.134211549059705337e+00 1.314655273437500000e+03
3.137646301442236219e+00 1.318019775390625000e+03
3.141081053824767544e+00 1.311036376953125000e+03
3.144515806207298869e+00 1.303336669921875000e+03
3.147950558589830194e+00 1.287989868164062500e+03
3.151385310972361076e+00 1.298104614257812500e+03
3.154820063354892401e+00 1.306383178710937500e+03
3.158254815737423726e+00 1.306739257812500000e+03
3.161689568119954608e+00 1.297557128906250000e+03
3.165124320502485933e+00 1.289668945312500000e+03
3.168559072885017258e+00 1.297809814453125000e+03
3.171993825267548583e+00 1.306733032226562500e+03
3.175428577650079465e+00 1.308114013671875000e+03
3.178863330032610790e+00 1.292242675781250000e+03
3.182298082415142115e+00 1.289672241210937500e+03
3.185732834797673441e+00 1.302473510742187500e+03
3.189167587180204322e+00 1.314846435546875000e+03
3.192602339562735647e+00 1.301145874023437500e+03
3.196037091945266972e+00 1.278519775390625000e+03
3.199471844327797854e+00 1.268080200195312500e+03
3.202906596710329179e+00 1.265311767578125000e+03
3.206341349092860060e+00 1.262269165039062500e+03
3.209776101475391386e+00 1.259651123046875000e+03
3.213210853857922267e+00 1.261666503906250000e+03
3.216645606240453592e+00 1.270491943359375000e+03
3.220080358622984917e+00 1.274023803710937500e+03
3.223515111005516243e+00 1.274535888671875000e+03
3.226949863388047124e+00 1.265934082031250000e+03
3.230384615770578449e+00 1.263647827148437500e+03
3.233819368153109775e+00 1.255991943359375000e+03
3.237254120535640656e+00 1.259594848632812500e+03
3.240688872918171981e+00 1.260054443359375000e+03
3.244123625300703306e+00 1.268853881835937500e+03
3.247558377683234632e+00 1.269525390625000000e+03
3.250993130065765513e+00 1.273774169921875000e+03
3.254427882448296838e+00 1.267399169921875000e+03
3.257862634830828164e+00 1.267386718750000000e+03
3.261297387213359489e+00 1.265155273437500000e+03
3.264732139595890370e+00 1.260826660156250000e+03
3.268166891978421695e+00 1.271962768554687500e+03
3.271601644360953021e+00 1.272904907226562500e+03
3.275036396743483902e+00 1.273815795898437500e+03
3.278471149126015227e+00 1.268037597656250000e+03
3.281905901508546108e+00 1.272600585937500000e+03
3.285340653891077434e+00 1.275350708007812500e+03
3.288775406273608315e+00 1.275180786132812500e+03
3.292210158656139640e+00 1.294986572265625000e+03
3.295644911038670966e+00 1.305119873046875000e+03
3.299079663421202291e+00 1.325710083007812500e+03
3.302514415803733172e+00 1.326758422851562500e+03
3.305949168186264497e+00 1.330825561523437500e+03
3.309383920568795823e+00 1.321787597656250000e+03
3.312818672951326704e+00 1.336175903320312500e+03
3.316253425333858029e+00 1.339242187500000000e+03
3.319688177716389355e+00 1.355731079101562500e+03
3.323122930098920680e+00 1.372255737304687500e+03
3.326557682481451561e+00 1.389539550781250000e+03
3.329992434863982886e+00 1.397439331054687500e+03
3.333427187246514212e+00 1.416320922851562500e+03
3.336861939629045093e+00 1.460375366210937500e+03
3.340296692011576418e+00 1.536631225585937500e+03
3.343731444394107744e+00 1.651658447265625000e+03
3.347166196776639069e+00 1.857078613281250000e+03
3.350600949159169950e+00 2.332262451171875000e+03
3.354035701541701275e+00 3.298241210937500000e+03
3.357470453924232601e+00 5.895060546875000000e+03
3.360905206306763482e+00 9.951234375000000000e+03
3.364339958689294363e+00 1.615633593750000000e+04
3.367774711071825688e+00 2.140590820312500000e+04
3.371209463454357014e+00 2.276529296875000000e+04
3.374644215836887895e+00 1.732523437500000000e+04
3.378078968219419220e+00 1.128699414062500000e+04
3.381513720601950546e+00 6.609931152343750000e+03
3.384948472984481871e+00 3.706051025390625000e+03
3.388383225367012752e+00 2.469602294921875000e+03
3.391817977749544077e+00 1.926215576171875000e+03
3.395252730132075403e+00 1.662704711914062500e+03
3.398687482514606728e+00 1.524787353515625000e+03
3.402122234897137609e+00 1.446766113281250000e+03
3.405556987279668935e+00 1.410147583007812500e+03
3.408991739662200260e+00 1.389460083007812500e+03
3.412426492044731141e+00 1.370295654296875000e+03
3.415861244427262466e+00 1.346847656250000000e+03
3.419295996809793792e+00 1.322450439453125000e+03
3.422730749192325117e+00 1.295141845703125000e+03
3.426165501574855998e+00 1.290477050781250000e+03
3.429600253957387324e+00 1.284596435546875000e+03
3.433035006339918649e+00 1.280270019531250000e+03
3.436469758722449530e+00 1.273839599609375000e+03
3.439904511104980411e+00 1.262029052734375000e+03
3.443339263487511737e+00 1.257210937500000000e+03
3.446774015870043062e+00 1.262156494140625000e+03
3.450208768252573943e+00 1.276946655273437500e+03
3.453643520635105268e+00 1.269326049804687500e+03
3.457078273017636594e+00 1.255807495117187500e+03
3.460513025400167919e+00 1.239336303710937500e+03
3.463947777782698800e+00 1.220927734375000000e+03
3.467382530165230126e+00 1.202103027343750000e+03
3.470817282547761451e+00 1.195218017578125000e+03
3.474252034930292776e+00 1.195518310546875000e+03
3.477686787312823657e+00 1.194508056640625000e+03
3.481121539695354983e+00 1.191157348632812500e+03
3.484556292077886308e+00 1.188800415039062500e+03
3.487991044460417189e+00 1.190456542968750000e+03
3.491425796842948515e+00 1.187369384765625000e+03
3.494860549225479840e+00 1.185186767578125000e+03
3.498295301608011165e+00 1.178442138671875000e+03
3.501730053990542046e+00 1.169627807617187500e+03
3.505164806373073372e+00 1.167927490234375000e+03
3.508599558755604697e+00 1.165734252929687500e+03
3.512034311138135578e+00 1.166848632812500000e+03
3.515469063520666460e+00 1.171862670898437500e+03
3.518903815903197785e+00 1.171666870117187500e+03
3.522338568285729110e+00 1.165434326171875000e+03
3.525773320668259991e+00 1.161570312500000000e+03
3.529208073050791317e+00 1.155046142578125000e+03
3.532642825433322642e+00 1.152661743164062500e+03
3.536077577815853967e+00 1.151578247070312500e+03
3.539512330198384849e+00 1.154343017578125000e+03
3.542947082580916174e+00 1.152889282226562500e+03
3.546381834963447499e+00 1.148882812500000000e+03
3.549816587345978824e+00 1.142609985351562500e+03
3.553251339728509706e+00 1.141966430664062500e+03
3.556686092111041031e+00 1.135420166015625000e+03
3.560120844493572356e+00 1.129269653320312500e+03
3.563555596876103237e+00 1.126046386718750000e+03
3.566990349258634563e+00 1.129103637695312500e+03
3.570425101641165888e+00 1.134658813476562500e+03
3.573859854023697213e+00 1.147443725585937500e+03
3.577294606406228095e+00 1.159275878906250000e+03
3.580729358788759420e+00 1.162880981445312500e+03
3.584164111171290301e+00 1.161199951171875000e+03
3.587598863553821626e+00 1.153830688476562500e+03
3.591033615936352508e+00 1.149002075195312500e+03
3.594468368318883833e+00 1.144401367187500000e+03
3.597903120701415158e+00 1.153899414062500000e+03
3.601337873083946484e+00 1.164260131835937500e+03
3.604772625466477809e+00 1.160912231445312500e+03
3.608207377849008246e+00 1.149674072265625000e+03
3.611642130231539571e+00 1.139813354492187500e+03
3.615076882614070897e+00 1.140128906250000000e+03
3.618511634996602222e+00 1.138870849609375000e+03
3.621946387379133547e+00 1.146607788085937500e+03
3.625381139761664873e+00 1.160201049804687500e+03
3.628815892144196198e+00 1.167369262695312500e+03
3.632250644526726635e+00 1.162619750976562500e+03
3.635685396909257960e+00 1.161633422851562500e+03
3.639120149291789286e+00 1.165008911132812500e+03
3.642554901674320611e+00 1.178902099609375000e+03
3.645989654056851936e+00 1.182181152343750000e+03
3.649424406439383262e+00 1.183666870117187500e+03
3.652859158821914587e+00 1.176387207031250000e+03
3.656293911204445912e+00 1.176614990234375000e+03
3.659728663586976349e+00 1.176510375976562500e+03
3.663163415969507675e+00 1.187200439453125000e+03
3.666598168352038556e+00 1.201772583007812500e+03
3.670032920734569881e+00 1.222492309570312500e+03
3.673467673117101207e+00 1.230385864257812500e+03
3.676902425499632532e+00 1.235682617187500000e+03
3.680337177882163857e+00 1.235959960937500000e+03
3.683771930264694294e+00 1.245158325195312500e+03
3.687206682647225620e+00 1.258039428710937500e+03
3.690641435029756945e+00 1.258518310546875000e+03
3.694076187412288270e+00 1.268898437500000000e+03
3.697510939794819596e+00 1.286969848632812500e+03
3.700945692177350921e+00 1.307851440429687500e+03
3.704380444559882246e+00 1.323780029296875000e+03
3.707815196942412683e+00 1.333766723632812500e+03
3.711249949324944009e+00 1.341289428710937500e+03
3.714684701707475334e+00 1.360518554687500000e+03
3.718119454090006659e+00 1.389588500976562500e+03
3.721554206472537984e+00 1.429933471679687500e+03
3.724988958855069310e+00 1.476848632812500000e+03
3.728423711237600635e+00 1.543829956054687500e+03
3.731858463620131960e+00 1.617718872070312500e+03
3.735293216002662398e+00 1.718637695312500000e+03
3.738727968385193723e+00 1.886759155273437500e+03
3.742162720767725048e+00 2.191041748046875000e+03
3.745597473150255929e+00 2.747210449218750000e+03
3.749032225532787255e+00 3.960139892578125000e+03
3.752466977915318580e+00 6.661566894531250000e+03
3.755901730297849905e+00 1.260314062500000000e+04
3.759336482680380342e+00 2.335370898437500000e+04
3.762771235062911668e+00 3.829421484375000000e+04
3.766205987445442993e+00 4.903296093750000000e+04
3.769640739827974318e+00 4.939264843750000000e+04
3.773075492210505644e+00 3.989404687500000000e+04
3.776510244593036969e+00 2.420832226562500000e+04
3.779944996975568294e+00 1.295063671875000000e+04
3.783379749358098731e+00 6.616573730468750000e+03
3.786814501740630057e+00 3.940972656250000000e+03
3.790249254123161382e+00 2.754006103515625000e+03
3.793684006505692707e+00 2.184780517578125000e+03
3.797118758888224033e+00 1.877327148437500000e+03
3.800553511270755358e+00 1.713034423828125000e+03
3.803988263653286683e+00 1.607106567382812500e+03
3.807423016035818009e+00 1.520480834960937500e+03
3.810857768418348446e+00 1.455911987304687500e+03
3.814292520800879771e+00 1.412560546875000000e+03
3.817727273183411096e+00 1.378222534179687500e+03
3.821162025565941978e+00 1.349127075195312500e+03
3.824596777948473303e+00 1.313765991210937500e+03
3.828031530331004628e+00 1.287083496093750000e+03
3.831466282713535954e+00 1.272380126953125000e+03
3.834901035096066391e+00 1.258974609375000000e+03
3.838335787478597716e+00 1.242293212890625000e+03
3.841770539861129041e+00 1.225363525390625000e+03
3.845205292243660367e+00 1.210901733398437500e+03
3.848640044626191692e+00 1.194316894531250000e+03
3.852074797008723017e+00 1.172749145507812500e+03
3.855509549391254343e+00 1.157505615234375000e+03
3.858944301773784780e+00 1.153716918945312500e+03
3.862379054156316105e+00 1.142221069335937500e+03
3.865813806538847430e+00 1.132179443359375000e+03
3.869248558921378756e+00 1.126835205078125000e+03
3.872683311303910081e+00 1.126268676757812500e+03
3.876118063686441406e+00 1.115137817382812500e+03
3.879552816068972732e+00 1.114417480468750000e+03
3.882987568451504057e+00 1.103368774414062500e+03
3.886422320834034494e+00 1.095839599609375000e+03
3.889857073216565819e+00 1.089322387695312500e+03
3.893291825599097145e+00 1.088065307617187500e+03
3.896726577981628026e+00 1.081628906250000000e+03
3.900161330364159351e+00 1.069954833984375000e+03
3.903596082746690676e+00 1.057154785156250000e+03
3.907030835129222002e+00 1.045714233398437500e+03
3.910465587511752439e+00 1.051778686523437500e+03
3.913900339894283764e+00 1.061119140625000000e+03
3.917335092276815089e+00 1.058602294921875000e+03
3.920769844659346415e+00 1.048358520507812500e+03
3.924204597041877740e+00 1.048639648437500000e+03
3.927639349424409065e+00 1.049369262695312500e+03
3.931074101806940391e+00 1.052670776367187500e+03
3.934508854189470828e+00 1.046336547851562500e+03
3.937943606572002153e+00 1.044394775390625000e+03
3.941378358954533478e+00 1.042714233398437500e+03
3.944813111337064804e+00 1.039030151367187500e+03
3.948247863719596129e+00 1.028489135742187500e+03
3.951682616102127454e+00 1.023937072753906250e+03
3.955117368484658780e+00 1.017876708984375000e+03
3.958552120867189217e+00 1.022470336914062500e+03
3.961986873249720542e+00 1.025752563476562500e+03
3.965421625632251867e+00 1.046587036132812500e+03
3.968856378014783193e+00 1.055066772460937500e+03
3.972291130397314074e+00 1.050249389648437500e+03
3.975725882779845399e+00 1.030842163085937500e+03
3.979160635162376725e+00 1.027640502929687500e+03
3.982595387544908050e+00 1.022663146972656250e+03
3.986030139927438487e+00 1.018946289062500000e+03
3.989464892309969812e+00 1.024014282226562500e+03
3.992899644692501138e+00 1.028636962890625000e+03
3.996334397075032463e+00 1.030745605468750000e+03
3.999769149457563788e+00 1.034330444335937500e+03
4.003203901840095114e+00 1.038145141601562500e+03
4.006638654222625995e+00 1.041900024414062500e+03
4.010073406605156876e+00 1.035990966796875000e+03
4.013508158987687757e+00 1.032441406250000000e+03
4.016942911370219527e+00 1.035788818359375000e+03
4.020377663752750408e+00 1.032898437500000000e+03
4.023812416135282177e+00 1.037232421875000000e+03
4.027247168517813058e+00 1.040111083984375000e+03
4.030681920900344828e+00 1.048520385742187500e+03
4.034116673282874821e+00 1.056098266601562500e+03
4.037551425665406590e+00 1.062882080078125000e+03
4.040986178047937472e+00 1.071450195312500000e+03
4.044420930430469241e+00 1.072001342773437500e+03
4.047855682813000122e+00 1.073805175781250000e+03
4.051290435195531892e+00 1.075187377929687500e+03
4.054725187578062773e+00 1.083758178710937500e+03
4.058159939960594542e+00 1.098271484375000000e+03
4.061594692343124535e+00 1.098109375000000000e+03
4.065029444725656305e+00 1.105727783203125000e+03
4.068464197108187186e+00 1.120322998046875000e+03
4.071898949490718955e+00 1.137157348632812500e+03
4.075333701873249836e+00 1.155658203125000000e+03
4.078768454255781606e+00 1.176348510742187500e+03
4.082203206638312487e+00 1.204335449218750000e+03
4.085637959020843368e+00 1.231721313476562500e+03
4.089072711403374250e+00 1.269488769531250000e+03
4.092507463785905131e+00 1.318659790039062500e+03
4.095942216168436900e+00 1.390776000976562500e+03
4.099376968550967781e+00 1.524904174804687500e+03
4.102811720933499551e+00 1.754524414062500000e+03
4.106246473316030432e+00 2.175375244140625000e+03
4.109681225698561313e+00 3.127010009765625000e+03
4.113115978081092194e+00 5.094632324218750000e+03
4.116550730463623964e+00 9.797545898437500000e+03
4.119985482846154845e+00 1.642401367187500000e+04
4.123420235228686614e+00 2.341728906250000000e+04
4.126854987611217496e+00 2.860890429687500000e+04
4.130289739993749265e+00 2.842738085937500000e+04
4.133724492376280146e+00 2.291860156250000000e+04
4.137159244758811028e+00 1.558053808593750000e+04
4.140593997141341909e+00 9.659502929687500000e+03
4.144028749523873678e+00 4.727443359375000000e+03
4.147463501906404559e+00 2.890986328125000000e+03
4.150898254288936329e+00 2.070102050781250000e+03
4.154333006671467210e+00 1.679170654296875000e+03
4.157767759053998091e+00 1.473330078125000000e+03
4.161202511436528972e+00 1.364006713867187500e+03
4.164637263819060742e+00 1.299018798828125000e+03
4.168072016201591623e+00 1.264474609375000000e+03
4.171506768584122504e+00 1.220317626953125000e+03
4.174941520966654274e+00 1.185619384765625000e+03
4.178376273349185155e+00 1.161912109375000000e+03
4.181811025731716924e+00 1.159773071289062500e+03
4.185245778114246917e+00 1.152627197265625000e+03
4.188680530496778687e+00 1.142858032226562500e+03
4.192115282879309568e+00 1.119996337890625000e+03
4.195550035261841337e+00 1.099914794921875000e+03
4.198984787644372219e+00 1.080816894531250000e+03
4.202419540026903988e+00 1.068580932617187500e+03
4.205854292409434869e+00 1.060168457031250000e+03
4.209289044791966639e+00 1.051831176757812500e+03
4.212723797174496632e+00 1.046541381835937500e+03
4.216158549557028401e+00 1.040715209960937500e+03
4.219593301939559282e+00 1.036547241210937500e+03
4.223028054322091052e+00 1.026391113281250000e+03
4.226462806704621933e+00 1.022051757812500000e+03
4.229897559087153702e+00 1.013243835449218750e+03
4.233332311469684583e+00 9.993970336914062500e+02
4.236767063852215465e+00 9.974158935546875000e+02
4.240201816234746346e+00 9.893463134765625000e+02
4.243636568617277227e+00 9.868501586914062500e+02
4.247071320999808997e+00 9.814086914062500000e+02
4.250506073382339878e+00 9.745599365234375000e+02
4.253940825764871647e+00 9.657415771484375000e+02
4.257375578147402528e+00 9.664627075195312500e+02
4.260810330529933410e+00 9.677661132812500000e+02
4.264245082912464291e+00 9.628618164062500000e+02
4.267679835294996060e+00 9.519725952148437500e+02
4.271114587677526941e+00 9.408331909179687500e+02
4.274549340060058711e+00 9.402648925781250000e+02
4.277984092442589592e+00 9.451855468750000000e+02
4.281418844825121361e+00 9.401914672851562500e+02
4.284853597207652243e+00 9.250053710937500000e+02
4.288288349590183124e+00 9.203494873046875000e+02
4.291723101972714005e+00 9.334257202148437500e+02
4.295157854355245775e+00 9.350974121093750000e+02
4.298592606737776656e+00 9.301400146484375000e+02
4.302027359120308425e+00 9.219218139648437500e+02
4.305462111502839306e+00 9.194134521484375000e+02
4.308896863885370188e+00 9.241455078125000000e+02
4.312331616267901069e+00 9.296275024414062500e+02
4.315766368650432838e+00 9.340861816406250000e+02
4.319201121032963719e+00 9.323344116210937500e+02
4.322635873415494601e+00 9.223770751953125000e+02
4.326070625798026370e+00 9.154088745117187500e+02
4.329505378180557251e+00 9.200772094726562500e+02
4.332940130563089021e+00 9.240954589843750000e+02
4.336374882945619014e+00 9.237144775390625000e+02
4.339809635328150783e+00 9.193443603515625000e+02
4.343244387710681664e+00 9.196325073242187500e+02
4.346679140093213434e+00 9.140286254882812500e+02
4.350113892475744315e+00 9.141782836914062500e+02
4.353548644858276084e+00 9.143912353515625000e+02
4.356983397240806966e+00 9.142069091796875000e+02
4.360418149623338735e+00 9.044786376953125000e+02
4.363852902005868728e+00 9.043789672851562500e+02
4.367287654388400497e+00 9.078664550781250000e+02
4.370722406770931379e+00 9.114788208007812500e+02
4.374157159153463148e+00 9.192686767578125000e+02
4.377591911535994029e+00 9.221802978515625000e+02
4.381026663918525799e+00 9.224885253906250000e+02
4.384461416301056680e+00 9.186543579101562500e+02
4.387896168683587561e+00 9.130577392578125000e+02
4.391330921066118442e+00 9.052308349609375000e+02
4.394765673448649324e+00 9.029523925781250000e+02
4.398200425831181093e+00 9.014963378906250000e+02
4.401635178213711974e+00 9.001964721679687500e+02
4.405069930596243744e+00 9.035500488281250000e+02
4.408504682978774625e+00 9.086988525390625000e+02
4.411939435361305506e+00 9.163021850585937500e+02
4.415374187743836387e+00 9.251390991210937500e+02
4.418808940126368157e+00 9.237738647460937500e+02
4.422243692508899038e+00 9.197085571289062500e+02
4.425678444891430807e+00 9.154996337890625000e+02
4.429113197273961688e+00 9.178440551757812500e+02
4.432547949656493458e+00 9.152518920898437500e+02
4.435982702039023451e+00 9.049054565429687500e+02
4.439417454421555220e+00 9.015630493164062500e+02
4.442852206804086101e+00 9.048459472656250000e+02
4.446286959186617871e+00 9.067775878906250000e+02
4.449721711569148752e+00 9.051222534179687500e+02
4.453156463951680522e+00 9.004592895507812500e+02
4.456591216334211403e+00 9.082401123046875000e+02
4.460025968716742284e+00 9.151213378906250000e+02
4.463460721099273165e+00 9.105910644531250000e+02
4.466895473481804935e+00 9.091370849609375000e+02
4.470330225864335816e+00 9.049340209960937500e+02
4.473764978246866697e+00 8.929934082031250000e+02
4.477199730629398466e+00 8.798242187500000000e+02
4.480634483011929348e+00 8.897861328125000000e+02
4.484069235394461117e+00 8.918538208007812500e+02
4.487503987776991110e+00 8.932266845703125000e+02
4.490938740159522879e+00 8.903916015625000000e+02
4.494373492542053761e+00 8.938303222656250000e+02
4.497808244924585530e+00 8.953677368164062500e+02
4.501242997307116411e+00 8.991212768554687500e+02
4.504677749689648181e+00 8.966001586914062500e+02
4.508112502072179062e+00 8.902478637695312500e+02
4.511547254454709943e+00 8.913945312500000000e+02
4.514982006837240824e+00 8.912934570312500000e+02
4.518416759219772594e+00 8.937725219726562500e+02
4.521851511602303475e+00 8.912843017578125000e+02
4.525286263984835244e+00 8.854330444335937500e+02
4.528721016367366126e+00 8.847531127929687500e+02
4.532155768749897895e+00 8.901115722656250000e+02
4.535590521132428776e+00 8.947694091796875000e+02
4.539025273514959657e+00 8.859082031250000000e+02
4.542460025897490539e+00 8.846687011718750000e+02
4.545894778280021420e+00 8.892456665039062500e+02
4.549329530662553189e+00 8.977705688476562500e+02
4.552764283045084071e+00 8.980628662109375000e+02
4.556199035427615840e+00 8.921234130859375000e+02
4.559633787810146721e+00 8.819951171875000000e+02
4.563068540192677602e+00 8.789770507812500000e+02
4.566503292575208484e+00 8.804725952148437500e+02
4.569938044957740253e+00 8.849833374023437500e+02
4.573372797340271134e+00 8.785223999023437500e+02
4.576807549722802904e+00 8.735838012695312500e+02
4.580242302105333785e+00 8.790195922851562500e+02
4.583677054487865554e+00 8.900642089843750000e+02
4.587111806870395547e+00 8.942110595703125000e+02
4.590546559252927317e+00 8.864658813476562500e+02
4.593981311635458198e+00 8.803823242187500000e+02
4.597416064017989967e+00 8.880257568359375000e+02
4.600850816400520849e+00 9.005200195312500000e+02
4.604285568783052618e+00 9.020224609375000000e+02
4.607720321165583499e+00 8.982334594726562500e+02
4.611155073548115269e+00 8.891572265625000000e+02
4.614589825930645262e+00 8.850740356445312500e+02
4.618024578313177031e+00 8.838509521484375000e+02
4.621459330695707912e+00 8.935124511718750000e+02
4.624894083078238793e+00 8.972209472656250000e+02
4.628328835460770563e+00 8.933195190429687500e+02
4.631763587843301444e+00 8.929205932617187500e+02
4.635198340225833213e+00 9.000151977539062500e+02
4.638633092608363206e+00 9.041763916015625000e+02
4.642067844990894976e+00 9.086324462890625000e+02
4.645502597373425857e+00 8.938947753906250000e+02
4.648937349755957626e+00 8.725869750976562500e+02
4.652372102138488508e+00 8.509689941406250000e+02
4.655806854521020277e+00 8.467413940429687500e+02
4.659241606903551158e+00 8.505357055664062500e+02
4.662676359286082040e+00 8.635841674804687500e+02
4.666111111668612921e+00 8.670279541015625000e+02
4.669545864051144690e+00 8.699904785156250000e+02
4.672980616433675571e+00 8.728425903320312500e+02
4.676415368816207341e+00 8.742252807617187500e+02
4.679850121198738222e+00 8.837645263671875000e+02
4.683284873581269991e+00 8.913558349609375000e+02
4.686719625963800873e+00 8.962798461914062500e+02
4.690154378346331754e+00 8.964320068359375000e+02
4.693589130728862635e+00 8.936051635742187500e+02
4.697023883111393516e+00 8.999713134765625000e+02
4.700458635493925286e+00 9.040259399414062500e+02
4.703893387876456167e+00 9.048103637695312500e+02
4.707328140258987936e+00 9.031456909179687500e+02
4.710762892641518818e+00 9.090979614257812500e+02
4.714197645024049699e+00 9.181372070312500000e+02
4.717632397406580580e+00 9.273687133789062500e+02
4.721067149789112349e+00 9.423961791992187500e+02
4.724501902171643231e+00 9.584467773437500000e+02
4.727936654554175000e+00 9.788282470703125000e+02
4.731371406936705881e+00 9.966687622070312500e+02
4.734806159319237651e+00 1.029028198242187500e+03
4.738240911701767644e+00 1.083283081054687500e+03
4.741675664084299413e+00 1.172594970703125000e+03
4.745110416466830294e+00 1.326680541992187500e+03
4.748545168849362064e+00 1.653616821289062500e+03
4.751979921231892945e+00 2.393517089843750000e+03
4.755414673614424714e+00 4.150015136718750000e+03
4.758849425996955596e+00 7.089105957031250000e+03
4.762284178379487365e+00 1.075537402343750000e+04
4.765718930762017358e+00 1.295664648437500000e+04
4.769153683144549127e+00 1.264358496093750000e+04
4.772588435527080009e+00 1.000059667968750000e+04
4.776023187909610890e+00 6.696556152343750000e+03
4.779457940292142659e+00 4.003691650390625000e+03
4.782892692674673540e+00 2.348201904296875000e+03
4.786327445057205310e+00 1.648328002929687500e+03
4.789762197439735303e+00 1.325851440429687500e+03
4.793196949822267072e+00 1.178199096679687500e+03
4.796631702204797953e+00 1.101168090820312500e+03
4.800066454587329723e+00 1.058990844726562500e+03
4.803501206969860604e+00 1.022375244140625000e+03
4.806935959352392373e+00 1.001444824218750000e+03
4.810370711734923255e+00 9.884592895507812500e+02
4.813805464117454136e+00 9.683705444335937500e+02
4.817240216499985017e+00 9.515336303710937500e+02
4.820674968882516787e+00 9.390234985351562500e+02
4.824109721265047668e+00 9.394746093750000000e+02
4.827544473647579437e+00 9.430752563476562500e+02
4.830979226030110318e+00 9.421505737304687500e+02
4.834413978412642088e+00 9.307145385742187500e+02
4.837848730795172969e+00 9.276363525390625000e+02
4.841283483177703850e+00 9.323711547851562500e+02
4.844718235560234731e+00 9.353178710937500000e+02
4.848152987942766501e+00 9.433950195312500000e+02
4.851587740325297382e+00 9.382024536132812500e+02
4.855022492707828263e+00 9.306345214843750000e+02
4.858457245090360033e+00 9.227532958984375000e+02
4.861891997472890914e+00 9.180349731445312500e+02
4.865326749855421795e+00 9.121877441406250000e+02
4.868761502237952676e+00 9.147168579101562500e+02
4.872196254620484446e+00 9.197723388671875000e+02
4.875631007003015327e+00 9.239765625000000000e+02
4.879065759385547096e+00 9.271748046875000000e+02
4.882500511768077978e+00 9.344412841796875000e+02
4.885935264150609747e+00 9.310819702148437500e+02
4.889370016533139740e+00 9.253220825195312500e+02
4.892804768915671509e+00 9.201179199218750000e+02
4.896239521298202391e+00 9.172495117187500000e+02
4.899674273680734160e+00 9.171178588867187500e+02
4.903109026063265041e+00 9.206470336914062500e+02
4.906543778445796811e+00 9.230693359375000000e+02
4.909978530828327692e+00 9.236036987304687500e+02
4.913413283210858573e+00 9.310253906250000000e+02
4.916848035593389454e+00 9.364041748046875000e+02
4.920282787975921224e+00 9.322719726562500000e+02
4.923717540358452105e+00 9.235518188476562500e+02
4.927152292740982986e+00 9.216478881835937500e+02
4.930587045123514756e+00 9.285077514648437500e+02
4.934021797506045637e+00 9.372125854492187500e+02
4.937456549888577406e+00 9.342058715820312500e+02
4.940891302271107399e+00 9.412855224609375000e+02
4.944326054653639169e+00 9.520428466796875000e+02
4.947760807036170050e+00 9.301071777343750000e+02
4.951195559418701819e+00 8.827845458984375000e+02
4.954630311801232700e+00 8.899197387695312500e+02
4.958065064183764470e+00 9.455469360351562500e+02
4.961499816566295351e+00 9.599012451171875000e+02
4.964934568948826232e+00 9.621952514648437500e+02
4.968369321331357114e+00 9.770258789062500000e+02
4.971804073713888883e+00 9.862627563476562500e+02
4.975238826096419764e+00 9.963873291015625000e+02
4.978673578478951534e+00 1.001921386718750000e+03
4.982108330861482415e+00 1.016283508300781250e+03
4.985543083244014184e+00 1.030145996093750000e+03
4.988977835626544177e+00 1.039280639648437500e+03
4.992412588009075947e+00 1.047363159179687500e+03
4.995847340391606828e+00 1.063041503906250000e+03
4.999282092774138597e+00 1.082593872070312500e+03
5.002716845156669478e+00 1.098528686523437500e+03
5.006151597539200360e+00 1.111940795898437500e+03
5.009586349921732129e+00 1.131048950195312500e+03
5.013021102304263010e+00 1.164109619140625000e+03
5.016455854686793892e+00 1.214348144531250000e+03
5.019890607069324773e+00 1.269130004882812500e+03
5.023325359451856542e+00 1.326966796875000000e+03
5.026760111834387423e+00 1.426635986328125000e+03
5.030194864216919193e+00 1.590816772460937500e+03
5.033629616599450074e+00 1.901868652343750000e+03
5.037064368981981843e+00 2.455810546875000000e+03
5.040499121364511836e+00 3.801435791015625000e+03
5.043933873747043606e+00 6.384508789062500000e+03
5.047368626129574487e+00 1.207566210937500000e+04
5.050803378512106256e+00 2.069438671875000000e+04
5.054238130894637138e+00 2.875398828125000000e+04
5.057672883277168907e+00 3.588971093750000000e+04
5.061107635659699788e+00 3.306371093750000000e+04
5.064542388042230669e+00 2.270386328125000000e+04
5.067977140424761551e+00 1.227204882812500000e+04
5.071411892807293320e+00 7.000765625000000000e+03
5.074846645189824201e+00 3.588654052734375000e+03
5.078281397572355083e+00 2.498513427734375000e+03
5.081716149954886852e+00 1.882431152343750000e+03
5.085150902337417733e+00 1.607312622070312500e+03
5.088585654719949503e+00 1.452362304687500000e+03
5.092020407102479496e+00 1.367224487304687500e+03
5.095455159485011265e+00 1.303625122070312500e+03
5.098889911867542146e+00 1.250615478515625000e+03
5.102324664250073916e+00 1.210021850585937500e+03
5.105759416632604797e+00 1.180593627929687500e+03
5.109194169015136566e+00 1.146100708007812500e+03
5.112628921397667447e+00 1.113516113281250000e+03
5.116063673780198329e+00 1.091760864257812500e+03
5.119498426162729210e+00 1.085469482421875000e+03
5.122933178545260979e+00 1.081186035156250000e+03
5.126367930927791861e+00 1.066095214843750000e+03
5.129802683310323630e+00 1.044598999023437500e+03
5.133237435692854511e+00 1.021886230468750000e+03
5.136672188075386281e+00 1.011135559082031250e+03
5.140106940457916274e+00 1.008300109863281250e+03
5.143541692840448043e+00 1.001262695312500000e+03
5.146976445222978924e+00 9.988157958984375000e+02
5.150411197605510694e+00 9.917312011718750000e+02
5.153845949988041575e+00 9.825900268554687500e+02
5.157280702370572456e+00 9.708980102539062500e+02
5.160715454753104225e+00 9.644058837890625000e+02
5.164150207135635107e+00 9.657133789062500000e+02
5.167584959518165988e+00 9.634015502929687500e+02
5.171019711900696869e+00 9.546818237304687500e+02
5.174454464283228639e+00 9.418286132812500000e+02
5.177889216665759520e+00 9.350119628906250000e+02
5.181323969048291289e+00 9.407818603515625000e+02
5.184758721430822170e+00 9.435753173828125000e+02
5.188193473813353940e+00 9.457164916992187500e+02
5.191628226195883933e+00 9.445302734375000000e+02
5.195062978578415702e+00 9.462697753906250000e+02
5.198497730960946583e+00 9.421171875000000000e+02
5.201932483343478353e+00 9.403681030273437500e+02
5.205367235726009234e+00 9.328355102539062500e+02
5.208801988108541003e+00 9.385814208984375000e+02
5.212236740491071885e+00 9.470794677734375000e+02
5.215671492873602766e+00 9.470041503906250000e+02
5.219106245256133647e+00 9.445079956054687500e+02
5.222540997638665417e+00 9.472524414062500000e+02
5.225975750021196298e+00 9.494534912109375000e+02
5.229410502403727179e+00 9.474362182617187500e+02
5.232845254786258948e+00 9.439265136718750000e+02
5.236280007168789830e+00 9.450026855468750000e+02
5.239714759551321599e+00 9.480047607421875000e+02
5.243149511933851592e+00 9.517159423828125000e+02
5.246584264316383361e+00 9.561585083007812500e+02
5.250019016698914243e+00 9.575094604492187500e+02
5.253453769081446012e+00 9.623755493164062500e+02
5.256888521463976893e+00 9.727380981445312500e+02
5.260323273846508663e+00 9.768392944335937500e+02
5.263758026229039544e+00 9.835827026367187500e+02
5.267192778611570425e+00 9.946291503906250000e+02
5.270627530994101306e+00 1.009684020996093750e+03
5.274062283376633076e+00 1.012244689941406250e+03
5.277497035759163957e+00 1.017609863281250000e+03
5.280931788141695726e+00 1.026356567382812500e+03
5.284366540524226608e+00 1.045581542968750000e+03
5.287801292906758377e+00 1.061060546875000000e+03
5.291236045289288370e+00 1.091558105468750000e+03
5.294670797671820139e+00 1.135745483398437500e+03
5.298105550054351021e+00 1.180573120117187500e+03
5.301540302436882790e+00 1.241956665039062500e+03
5.304975054819413671e+00 1.351418090820312500e+03
5.308409807201944552e+00 1.565237304687500000e+03
5.311844559584476322e+00 1.990181518554687500e+03
5.315279311967006315e+00 2.946911132812500000e+03
5.318714064349538084e+00 5.018740234375000000e+03
5.322148816732068966e+00 8.828367187500000000e+03
5.325583569114600735e+00 1.484306445312500000e+04
5.329018321497131616e+00 2.019676562500000000e+04
5.332453073879663386e+00 2.211705859375000000e+04
5.335887826262194267e+00 1.905192382812500000e+04
5.339322578644726036e+00 1.279571289062500000e+04
5.342757331027256029e+00 6.914289550781250000e+03
5.346192083409787799e+00 3.871363769531250000e+03
5.349626835792318680e+00 2.357485595703125000e+03
5.353061588174850449e+00 1.745576293945312500e+03
5.356496340557381330e+00 1.454112548828125000e+03
5.359931092939913100e+00 1.313838378906250000e+03
5.363365845322443981e+00 1.224539428710937500e+03
5.366800597704974862e+00 1.158782592773437500e+03
5.370235350087505743e+00 1.113657958984375000e+03
5.373670102470037513e+00 1.087417236328125000e+03
5.377104854852568394e+00 1.072247558593750000e+03
5.380539607235100164e+00 1.061462524414062500e+03
5.383974359617631045e+00 1.041890258789062500e+03
5.387409112000161926e+00 1.027016845703125000e+03
5.390843864382692807e+00 1.011084289550781250e+03
5.394278616765223688e+00 1.004896057128906250e+03
5.397713369147755458e+00 9.965473022460937500e+02
5.401148121530286339e+00 9.959829711914062500e+02
5.404582873912818108e+00 9.899770507812500000e+02
5.408017626295348990e+00 9.832652587890625000e+02
5.411452378677880759e+00 9.697841796875000000e+02
5.414887131060411640e+00 9.632313842773437500e+02
5.418321883442942521e+00 9.638834838867187500e+02
5.421756635825473403e+00 9.649808349609375000e+02
5.425191388208005172e+00 9.673801879882812500e+02
5.428626140590536053e+00 9.605892333984375000e+02
5.432060892973067823e+00 9.530334472656250000e+02
5.435495645355598704e+00 9.379165039062500000e+02
5.438930397738130473e+00 9.278043823242187500e+02
5.442365150120660466e+00 9.259943847656250000e+02
5.445799902503192236e+00 9.267747802734375000e+02
5.449234654885723117e+00 9.268937377929687500e+02
5.452669407268254886e+00 9.248911743164062500e+02
5.456104159650785768e+00 9.293848876953125000e+02
5.459538912033316649e+00 9.285341186523437500e+02
5.462973664415848418e+00 9.224052124023437500e+02
5.466408416798379299e+00 9.173961791992187500e+02
5.469843169180910181e+00 9.184510498046875000e+02
5.473277921563441062e+00 9.175395507812500000e+02
5.476712673945972831e+00 9.166498413085937500e+02
5.480147426328503713e+00 9.136347045898437500e+02
5.483582178711035482e+00 9.161193237304687500e+02
5.487016931093566363e+00 9.184815673828125000e+02
5.490451683476098133e+00 9.111041259765625000e+02
5.493886435858628126e+00 9.113586425781250000e+02
5.497321188241159895e+00 9.215370483398437500e+02
5.500755940623690776e+00 9.253843383789062500e+02
5.504190693006222546e+00 9.168997192382812500e+02
5.507625445388753427e+00 9.169321899414062500e+02
5.511060197771285196e+00 9.275336303710937500e+02
5.514494950153816077e+00 9.415145874023437500e+02
5.517929702536346959e+00 9.382827148437500000e+02
5.521364454918877840e+00 9.392400512695312500e+02
5.524799207301409609e+00 9.390880126953125000e+02
5.528233959683940490e+00 9.500292968750000000e+02
5.531668712066472260e+00 9.535067749023437500e+02
5.535103464449003141e+00 9.635210571289062500e+02
5.538538216831534022e+00 9.666940307617187500e+02
5.541972969214064904e+00 9.811617431640625000e+02
5.545407721596595785e+00 9.971095581054687500e+02
5.548842473979127554e+00 1.010278015136718750e+03
5.552277226361658435e+00 1.018158813476562500e+03
5.555711978744190205e+00 1.042075439453125000e+03
5.559146731126721086e+00 1.084985595703125000e+03
5.562581483509252855e+00 1.133432373046875000e+03
5.566016235891783737e+00 1.199212036132812500e+03
5.569450988274314618e+00 1.333940429687500000e+03
5.572885740656845499e+00 1.619786010742187500e+03
5.576320493039377268e+00 2.296065917968750000e+03
5.579755245421908150e+00 3.606081298828125000e+03
5.583189997804439919e+00 6.340589843750000000e+03
5.586624750186970800e+00 9.687492187500000000e+03
5.590059502569502570e+00 1.353380175781250000e+04
5.593494254952032563e+00 1.471947265625000000e+04
5.596929007334564332e+00 1.297064843750000000e+04
5.600363759717095213e+00 8.382439453125000000e+03
5.603798512099626983e+00 5.003374023437500000e+03
5.607233264482157864e+00 2.691664550781250000e+03
5.610668016864688745e+00 1.833352172851562500e+03
5.614102769247220515e+00 1.421603271484375000e+03
5.617537521629751396e+00 1.235403198242187500e+03
5.620972274012282277e+00 1.141292480468750000e+03
5.624407026394813158e+00 1.083238769531250000e+03
5.627841778777344928e+00 1.036349853515625000e+03
5.631276531159875809e+00 1.006885803222656250e+03
5.634711283542407578e+00 9.919395751953125000e+02
5.638146035924938460e+00 9.828241577148437500e+02
5.641580788307470229e+00 9.755766601562500000e+02
5.645015540690000222e+00 9.605191040039062500e+02
5.648450293072531991e+00 9.552899169921875000e+02
5.651885045455062873e+00 9.492609863281250000e+02
5.655319797837594642e+00 9.429443359375000000e+02
5.658754550220125523e+00 9.317470703125000000e+02
5.662189302602657293e+00 9.185380249023437500e+02
5.665624054985188174e+00 9.169636230468750000e+02
5.669058807367719055e+00 9.141984252929687500e+02
5.672493559750249936e+00 9.071666870117187500e+02
5.675928312132781706e+00 8.973648071289062500e+02
5.679363064515312587e+00 8.987278442382812500e+02
5.682797816897844356e+00 9.019819946289062500e+02
5.686232569280375237e+00 9.023745727539062500e+02
5.689667321662906119e+00 8.949467773437500000e+02
5.693102074045437000e+00 8.863710327148437500e+02
5.696536826427967881e+00 8.806900634765625000e+02
5.699971578810499651e+00 8.761782226562500000e+02
5.703406331193030532e+00 8.732933959960937500e+02
5.706841083575562301e+00 8.654336547851562500e+02
5.710275835958093182e+00 8.614978637695312500e+02
5.713710588340624952e+00 8.646019897460937500e+02
5.717145340723154945e+00 8.622501831054687500e+02
5.720580093105686714e+00 8.620088500976562500e+02
5.724014845488217595e+00 8.623699340820312500e+02
5.727449597870749365e+00 8.676325683593750000e+02
5.730884350253280246e+00 8.664147338867187500e+02
5.734319102635812015e+00 8.616701660156250000e+02
5.737753855018342897e+00 8.677376708984375000e+02
5.741188607400874666e+00 8.627728271484375000e+02
5.744623359783404659e+00 8.543687744140625000e+02
5.748058112165936429e+00 8.502118530273437500e+02
5.751492864548467310e+00 8.559873657226562500e+02
5.754927616930999079e+00 8.584586791992187500e+02
5.758362369313529960e+00 8.533413696289062500e+02
5.761797121696060842e+00 8.525489501953125000e+02
5.765231874078592611e+00 8.533589477539062500e+02
5.768666626461123492e+00 8.592493896484375000e+02
5.772101378843654373e+00 8.552164916992187500e+02
5.775536131226185255e+00 8.489693603515625000e+02
5.778970883608717024e+00 8.432490844726562500e+02
5.782405635991247905e+00 8.458267211914062500e+02
5.785840388373779675e+00 8.468713989257812500e+02
5.789275140756310556e+00 8.462400512695312500e+02
5.792709893138841437e+00 8.466560058593750000e+02
5.796144645521372318e+00 8.440556640625000000e+02
5.799579397903904088e+00 8.441749877929687500e+02
5.803014150286434969e+00 8.464999389648437500e+02
5.806448902668966738e+00 8.540258178710937500e+02
5.809883655051497620e+00 8.620822753906250000e+02
5.813318407434029389e+00 8.730417480468750000e+02
5.816753159816560270e+00 8.913328857421875000e+02
5.820187912199091151e+00 9.136791992187500000e+02
5.823622664581622033e+00 9.702416992187500000e+02
5.827057416964153802e+00 1.092085449218750000e+03
5.830492169346684683e+00 1.381916992187500000e+03
5.833926921729216453e+00 1.797952148437500000e+03
5.837361674111747334e+00 2.305088134765625000e+03
5.840796426494278215e+00 2.684697753906250000e+03
5.844231178876809096e+00 2.716117919921875000e+03
5.847665931259339978e+00 2.321549560546875000e+03
5.851100683641871747e+00 1.667595947265625000e+03
5.854535436024402628e+00 1.274936523437500000e+03
5.857970188406934398e+00 1.035796142578125000e+03
5.861404940789465279e+00 9.400795898437500000e+02
5.864839693171997048e+00 9.053994750976562500e+02
5.868274445554527041e+00 8.860574951171875000e+02
5.871709197937058811e+00 8.688500976562500000e+02
5.875143950319589692e+00 8.631116333007812500e+02
5.878578702702121461e+00 8.543707885742187500e+02
5.882013455084652342e+00 8.548851318359375000e+02
5.885448207467184112e+00 8.517789306640625000e+02
5.888882959849714993e+00 8.526155395507812500e+02
5.892317712232246762e+00 8.395132446289062500e+02
5.895752464614776756e+00 8.308422241210937500e+02
5.899187216997308525e+00 8.257841796875000000e+02
5.902621969379839406e+00 8.367640991210937500e+02
5.906056721762371176e+00 8.403856201171875000e+02
5.909491474144902057e+00 8.467684326171875000e+02
5.912926226527432938e+00 8.438009643554687500e+02
5.916360978909964707e+00 8.369014892578125000e+02
5.919795731292495589e+00 8.382651977539062500e+02
5.923230483675026470e+00 8.491643066406250000e+02
5.926665236057557351e+00 8.527207641601562500e+02
5.930099988440089120e+00 8.473582153320312500e+02
5.933534740822620002e+00 8.431035156250000000e+02
5.936969493205151771e+00 8.340411987304687500e+02
5.940404245587682652e+00 8.225877075195312500e+02
5.943838997970213534e+00 8.267821655273437500e+02
5.947273750352744415e+00 8.285526123046875000e+02
5.950708502735276184e+00 8.319557495117187500e+02
5.954143255117807065e+00 8.359329223632812500e+02
5.957578007500338835e+00 8.445797729492187500e+02
5.961012759882869716e+00 8.465523681640625000e+02
5.964447512265401485e+00 8.451156616210937500e+02
5.967882264647932367e+00 8.513508300781250000e+02
5.971317017030463248e+00 8.613837280273437500e+02
5.974751769412994129e+00 8.612093505859375000e+02
5.978186521795525898e+00 8.563931274414062500e+02
5.981621274178056780e+00 8.496904907226562500e+02
5.985056026560588549e+00 8.563515014648437500e+02
5.988490778943119430e+00 8.566579589843750000e+02
5.991925531325650311e+00 8.577551269531250000e+02
5.995360283708181193e+00 8.598392944335937500e+02
5.998795036090712074e+00 8.627720336914062500e+02
6.002229788473243843e+00 8.671204223632812500e+02
6.005664540855774725e+00 8.743796386718750000e+02
6.009099293238306494e+00 8.677429809570312500e+02
6.012534045620837375e+00 8.619398193359375000e+02
6.015968798003369145e+00 8.693103637695312500e+02
6.019403550385899138e+00 8.818442993164062500e+02
6.022838302768430907e+00 8.865147094726562500e+02
6.026273055150961788e+00 8.895578002929687500e+02
6.029707807533493558e+00 9.004877319335937500e+02
6.033142559916024439e+00 9.063104858398437500e+02
6.036577312298556208e+00 9.213859252929687500e+02
6.040012064681087089e+00 9.343026733398437500e+02
6.043446817063618859e+00 9.477611083984375000e+02
6.046881569446148852e+00 9.596625366210937500e+02
6.050316321828680621e+00 9.854750366210937500e+02
6.053751074211211503e+00 1.034339233398437500e+03
6.057185826593743272e+00 1.128723999023437500e+03
6.060620578976274153e+00 1.314842529296875000e+03
6.064055331358805923e+00 1.725179809570312500e+03
6.067490083741336804e+00 2.558343994140625000e+03
6.070924836123867685e+00 4.261571777343750000e+03
6.074359588506398566e+00 6.568462890625000000e+03
6.077794340888929447e+00 8.935645507812500000e+03
6.081229093271461217e+00 1.010212597656250000e+04
6.084663845653992098e+00 8.940384765625000000e+03
6.088098598036523867e+00 6.221075195312500000e+03
6.091533350419054749e+00 3.707486572265625000e+03
6.094968102801585630e+00 2.213678710937500000e+03
6.098402855184116511e+00 1.540221313476562500e+03
6.101837607566648281e+00 1.251204711914062500e+03
6.105272359949179162e+00 1.101720703125000000e+03
6.108707112331710931e+00 1.025446777343750000e+03
6.112141864714241812e+00 9.917989501953125000e+02
6.115576617096773582e+00 9.695161743164062500e+02
6.119011369479304463e+00 9.554179077148437500e+02
6.122446121861835344e+00 9.465427856445312500e+02
6.125880874244366225e+00 9.317362670898437500e+02
6.129315626626897995e+00 9.114420776367187500e+02
6.132750379009428876e+00 9.040935058593750000e+02
6.136185131391960645e+00 9.071931762695312500e+02
6.139619883774491527e+00 9.055561523437500000e+02
6.143054636157022408e+00 9.003749389648437500e+02
6.146489388539553289e+00 8.917188110351562500e+02
6.149924140922085058e+00 8.873685913085937500e+02
6.153358893304615940e+00 8.852600097656250000e+02
6.156793645687146821e+00 8.842763061523437500e+02
6.160228398069678590e+00 8.868792114257812500e+02
6.163663150452209472e+00 8.904494628906250000e+02
6.167097902834741241e+00 8.869702148437500000e+02
6.170532655217271234e+00 8.851195068359375000e+02
6.173967407599803003e+00 8.879127197265625000e+02
6.177402159982333885e+00 8.885784301757812500e+02
6.180836912364865654e+00 8.825171508789062500e+02
6.184271664747396535e+00 8.828995361328125000e+02
6.187706417129928305e+00 8.789292602539062500e+02
6.191141169512459186e+00 8.754602050781250000e+02
6.194575921894990067e+00 8.689140014648437500e+02
6.198010674277520948e+00 8.773284912109375000e+02
6.201445426660052718e+00 8.863875732421875000e+02
6.204880179042583599e+00 8.936499633789062500e+02
6.208314931425115368e+00 8.879466552734375000e+02
6.211749683807646250e+00 8.811863403320312500e+02
6.215184436190178019e+00 8.836375732421875000e+02
6.218619188572708900e+00 8.938869018554687500e+02
6.222053940955239781e+00 9.091029052734375000e+02
6.225488693337770663e+00 9.127390747070312500e+02
6.228923445720301544e+00 9.135526123046875000e+02
6.232358198102833313e+00 9.186059570312500000e+02
6.235792950485364194e+00 9.317783813476562500e+02
6.239227702867895964e+00 9.388200683593750000e+02
6.242662455250426845e+00 9.393787231445312500e+02
6.246097207632957726e+00 9.384210815429687500e+02
6.249531960015488607e+00 9.476519165039062500e+02
6.252966712398020377e+00 9.569934082031250000e+02
6.256401464780551258e+00 9.765637817382812500e+02
6.259836217163083028e+00 9.983422241210937500e+02
6.263270969545613909e+00 1.018212646484375000e+03
6.266705721928145678e+00 1.035945800781250000e+03
6.270140474310675671e+00 1.063437133789062500e+03
6.273575226693207441e+00 1.103642089843750000e+03
6.277009979075738322e+00 1.158227416992187500e+03
6.280444731458270091e+00 1.236027709960937500e+03
6.283879483840800972e+00 1.385497680664062500e+03
6.287314236223332742e+00 1.670039550781250000e+03
6.290748988605863623e+00 2.286827392578125000e+03
6.294183740988394504e+00 3.595975585937500000e+03
6.297618493370925385e+00 6.822594238281250000e+03
6.301053245753457155e+00 1.094612207031250000e+04
6.304487998135988036e+00 2.084649218750000000e+04
6.307922750518518917e+00 2.481698828125000000e+04
6.311357502901050687e+00 2.463786523437500000e+04
6.314792255283581568e+00 1.877027148437500000e+04
6.318227007666113337e+00 1.302570312500000000e+04
6.321661760048643330e+00 6.957996582031250000e+03
6.325096512431175100e+00 3.835045654296875000e+03
6.328531264813705981e+00 2.399796630859375000e+03
6.331966017196237750e+00 1.746476074218750000e+03
6.335400769578768632e+00 1.444794433593750000e+03
6.338835521961300401e+00 1.281225097656250000e+03
6.342270274343831282e+00 1.187791015625000000e+03
6.345705026726362163e+00 1.133486206054687500e+03
6.349139779108893045e+00 1.088412109375000000e+03
6.352574531491424814e+00 1.053736938476562500e+03
6.356009283873955695e+00 1.032201904296875000e+03
6.359444036256487465e+00 1.024613769531250000e+03
6.362878788639018346e+00 1.009742492675781250e+03
6.366313541021550115e+00 9.880563354492187500e+02
6.369748293404080997e+00 9.677064208984375000e+02
6.373183045786611878e+00 9.566364746093750000e+02
6.376617798169142759e+00 9.486710205078125000e+02
6.380052550551673640e+00 9.385125732421875000e+02
6.383487302934205410e+00 9.297056884765625000e+02
6.386922055316736291e+00 9.201558227539062500e+02
6.390356807699268060e+00 9.161670532226562500e+02
6.393791560081798941e+00 9.076656494140625000e+02
6.397226312464329823e+00 9.013497314453125000e+02
6.400661064846860704e+00 8.933614501953125000e+02
6.404095817229392473e+00 8.859304199218750000e+02
6.407530569611923355e+00 8.756874389648437500e+02
6.410965321994455124e+00 8.698917236328125000e+02
6.414400074376986005e+00 8.655806274414062500e+02
6.417834826759517775e+00 8.686203002929687500e+02
6.421269579142047768e+00 8.684563598632812500e+02
6.424704331524579537e+00 8.638909301757812500e+02
6.428139083907110418e+00 8.536450195312500000e+02
6.431573836289642188e+00 8.417937622070312500e+02
6.435008588672173069e+00 8.386530151367187500e+02
6.438443341054704838e+00 8.403406372070312500e+02
6.441878093437235719e+00 8.490003662109375000e+02
6.445312845819766601e+00 8.465171508789062500e+02
6.448747598202297482e+00 8.464233398437500000e+02
6.452182350584829251e+00 8.393762207031250000e+02
6.455617102967360132e+00 8.405008544921875000e+02
6.459051855349891014e+00 8.375531005859375000e+02
6.462486607732422783e+00 8.370130615234375000e+02
6.465921360114953664e+00 8.299515991210937500e+02
6.469356112497485434e+00 8.266585693359375000e+02
6.472790864880015427e+00 8.234494628906250000e+02
6.476225617262547196e+00 8.239389038085937500e+02
6.479660369645078077e+00 8.277036743164062500e+02
6.483095122027609847e+00 8.331744384765625000e+02
6.486529874410140728e+00 8.352061767578125000e+02
6.489964626792672497e+00 8.303785400390625000e+02
6.493399379175203379e+00 8.271903076171875000e+02
6.496834131557734260e+00 8.305012207031250000e+02
6.500268883940265141e+00 8.311276855468750000e+02
6.503703636322796910e+00 8.305294189453125000e+02
6.507138388705327792e+00 8.241640014648437500e+02
6.510573141087859561e+00 8.243155517578125000e+02
6.514007893470390442e+00 8.300370483398437500e+02
6.517442645852922212e+00 8.360072631835937500e+02
6.520877398235453093e+00 8.320089721679687500e+02
6.524312150617983974e+00 8.282510375976562500e+02
6.527746903000514855e+00 8.228153076171875000e+02
6.531181655383045737e+00 8.178358764648437500e+02
6.534616407765577506e+00 8.131341552734375000e+02
6.538051160148108387e+00 8.121950073242187500e+02
6.541485912530640157e+00 8.146066284179687500e+02
6.544920664913171038e+00 8.144219360351562500e+02
6.548355417295701919e+00 8.169829101562500000e+02
6.551790169678232800e+00 8.171522827148437500e+02
6.555224922060764570e+00 8.117962646484375000e+02
6.558659674443295451e+00 8.096508789062500000e+02
6.562094426825827220e+00 8.140813598632812500e+02
6.565529179208358102e+00 8.140485229492187500e+02
6.568963931590889871e+00 8.136900024414062500e+02
6.572398683973419864e+00 8.120795288085937500e+02
6.575833436355951633e+00 8.166947631835937500e+02
6.579268188738482515e+00 8.154896240234375000e+02
6.582702941121014284e+00 8.126067504882812500e+02
6.586137693503545165e+00 8.086613159179687500e+02
6.589572445886076935e+00 8.165023803710937500e+02
6.593007198268607816e+00 8.171470947265625000e+02
6.596441950651138697e+00 8.165612182617187500e+02
6.599876703033669578e+00 8.095797729492187500e+02
6.603311455416201348e+00 8.067653198242187500e+02
6.606746207798732229e+00 8.048640747070312500e+02
6.610180960181263110e+00 8.022704467773437500e+02
6.613615712563794879e+00 8.051756591796875000e+02
6.617050464946325761e+00 8.152787475585937500e+02
6.620485217328857530e+00 8.154981689453125000e+02
6.623919969711387523e+00 8.131702880859375000e+02
6.627354722093919293e+00 8.084090576171875000e+02
6.630789474476450174e+00 8.147297363281250000e+02
6.634224226858981943e+00 8.155567626953125000e+02
6.637658979241512824e+00 8.204255981445312500e+02
6.641093731624044594e+00 8.247130126953125000e+02
6.644528484006575475e+00 8.244138793945312500e+02
6.647963236389106356e+00 8.254243164062500000e+02
6.651397988771637237e+00 8.252663574218750000e+02
6.654832741154169007e+00 8.269248657226562500e+02
6.658267493536699888e+00 8.274392700195312500e+02
6.661702245919231657e+00 8.278325805664062500e+02
6.665136998301762539e+00 8.219830322265625000e+02
6.668571750684294308e+00 8.179965209960937500e+02
6.672006503066824301e+00 8.191801757812500000e+02
6.675441255449356071e+00 8.224837646484375000e+02
6.678876007831886952e+00 8.259446411132812500e+02
6.682310760214417833e+00 8.242784423828125000e+02
6.685745512596949602e+00 8.289140014648437500e+02
6.689180264979480484e+00 8.390580444335937500e+02
6.692615017362012253e+00 8.422553100585937500e+02
6.696049769744543134e+00 8.451088867187500000e+02
6.699484522127074015e+00 8.513450927734375000e+02
6.702919274509604897e+00 8.517089843750000000e+02
6.706354026892136666e+00 8.461336059570312500e+02
6.709788779274667547e+00 8.457994384765625000e+02
6.713223531657199317e+00 8.494020996093750000e+02
6.716658284039730198e+00 8.567940063476562500e+02
6.720093036422261967e+00 8.717095947265625000e+02
6.723527788804791960e+00 8.968675537109375000e+02
6.726962541187323730e+00 9.518913574218750000e+02
6.730397293569854611e+00 1.068587158203125000e+03
6.733832045952386380e+00 1.304053222656250000e+03
6.737266798334917262e+00 1.830103393554687500e+03
6.740701550717449031e+00 2.476325683593750000e+03
6.744136303099979912e+00 3.208224121093750000e+03
6.747571055482510793e+00 3.496664794921875000e+03
6.751005807865041675e+00 3.225059814453125000e+03
6.754440560247573444e+00 2.455092773437500000e+03
6.757875312630104325e+00 1.741137329101562500e+03
6.761310065012635206e+00 1.230278076171875000e+03
6.764744817395166976e+00 1.030894287109375000e+03
6.768179569777697857e+00 9.386203002929687500e+02
6.771614322160229626e+00 9.013431396484375000e+02
6.775049074542759620e+00 8.779876098632812500e+02
6.778483826925291389e+00 8.645106201171875000e+02
6.781918579307822270e+00 8.569169921875000000e+02
6.785353331690354040e+00 8.505236816406250000e+02
6.788788084072884921e+00 8.502125854492187500e+02
6.792222836455416690e+00 8.446041870117187500e+02
6.795657588837947571e+00 8.467055664062500000e+02
6.799092341220478453e+00 8.461848754882812500e+02
6.802527093603009334e+00 8.453091430664062500e+02
6.805961845985541103e+00 8.469630737304687500e+02
6.809396598368071984e+00 8.461962280273437500e+02
6.812831350750603754e+00 8.474104003906250000e+02
6.816266103133134635e+00 8.375858764648437500e+02
6.819700855515666404e+00 8.380965576171875000e+02
6.823135607898196398e+00 8.432791137695312500e+02
6.826570360280728167e+00 8.496159667968750000e+02
6.830005112663259048e+00 8.550152587890625000e+02
6.833439865045790818e+00 8.616002197265625000e+02
6.836874617428321699e+00 8.617413940429687500e+02
6.840309369810852580e+00 8.564899291992187500e+02
6.843744122193384349e+00 8.556692504882812500e+02
6.847178874575915231e+00 8.598336181640625000e+02
6.850613626958446112e+00 8.640833129882812500e+02
6.854048379340976993e+00 8.618457031250000000e+02
6.857483131723508762e+00 8.596093139648437500e+02
6.860917884106039644e+00 8.649769897460937500e+02
6.864352636488571413e+00 8.656605834960937500e+02
6.867787388871102294e+00 8.598635253906250000e+02
6.871222141253634064e+00 8.607418823242187500e+02
6.874656893636164057e+00 8.673525390625000000e+02
6.878091646018695826e+00 8.751351928710937500e+02
6.881526398401226707e+00 8.747745361328125000e+02
6.884961150783758477e+00 8.815029907226562500e+02
6.888395903166289358e+00 8.854320678710937500e+02
6.891830655548821127e+00 8.935276489257812500e+02
6.895265407931352009e+00 8.997837524414062500e+02
6.898700160313882890e+00 8.980712280273437500e+02
6.902134912696413771e+00 8.971921386718750000e+02
6.905569665078945540e+00 9.064850463867187500e+02
6.909004417461476422e+00 9.178501586914062500e+02
6.912439169844007303e+00 9.331237182617187500e+02
6.915873922226539072e+00 9.527898559570312500e+02
6.919308674609069953e+00 9.805224609375000000e+02
6.922743426991601723e+00 1.023220275878906250e+03
6.926178179374131716e+00 1.079141479492187500e+03
6.929612931756663485e+00 1.176969970703125000e+03
6.933047684139194367e+00 1.344249511718750000e+03
6.936482436521726136e+00 1.679217529296875000e+03
6.939917188904257017e+00 2.412457031250000000e+03
6.943351941286788787e+00 3.909511230468750000e+03
6.946786693669319668e+00 6.586232421875000000e+03
6.950221446051850549e+00 1.017177441406250000e+04
6.953656198434381430e+00 1.314315625000000000e+04
6.957090950816913200e+00 1.375988476562500000e+04
6.960525703199444081e+00 1.128269140625000000e+04
6.963960455581975850e+00 7.537049316406250000e+03
6.967395207964506731e+00 4.264274902343750000e+03
6.970829960347038501e+00 2.509125000000000000e+03
6.974264712729568494e+00 1.708212646484375000e+03
6.977699465112100263e+00 1.354288818359375000e+03
6.981134217494631145e+00 1.174139160156250000e+03
6.984568969877162914e+00 1.083822998046875000e+03
6.988003722259693795e+00 1.028853027343750000e+03
6.991438474642224676e+00 1.002802856445312500e+03
6.994873227024756446e+00 9.828455810546875000e+02
6.998307979407287327e+00 9.662928466796875000e+02
7.001742731789818208e+00 9.548367309570312500e+02
7.005177484172349089e+00 9.467737426757812500e+02
7.008612236554880859e+00 9.343445434570312500e+02
7.012046988937411740e+00 9.272108154296875000e+02
7.015481741319943509e+00 9.218113403320312500e+02
7.018916493702474391e+00 9.166953735351562500e+02
7.022351246085006160e+00 9.101710815429687500e+02
7.025785998467536153e+00 9.012471923828125000e+02
7.029220750850067922e+00 8.983979492187500000e+02
7.032655503232598804e+00 8.888508300781250000e+02
7.036090255615130573e+00 8.796542358398437500e+02
7.039525007997661454e+00 8.759303588867187500e+02
7.042959760380193224e+00 8.766828613281250000e+02
7.046394512762724105e+00 8.814458007812500000e+02
7.049829265145254986e+00 8.768458251953125000e+02
7.053264017527785867e+00 8.680203247070312500e+02
7.056698769910317637e+00 8.649618530273437500e+02
7.060133522292848518e+00 8.727240600585937500e+02
7.063568274675379399e+00 8.755274047851562500e+02
7.067003027057911169e+00 8.736860351562500000e+02
7.070437779440442050e+00 8.707742309570312500e+02
7.073872531822972931e+00 8.677447509765625000e+02
7.077307284205503812e+00 8.667991943359375000e+02
7.080742036588035582e+00 8.714503784179687500e+02
7.084176788970566463e+00 8.791854248046875000e+02
7.087611541353098232e+00 8.837774658203125000e+02
7.091046293735629114e+00 8.847538452148437500e+02
7.094481046118160883e+00 8.875106811523437500e+02
7.097915798500691764e+00 8.950032958984375000e+02
7.101350550883222645e+00 8.991210327148437500e+02
7.104785303265753527e+00 9.089475097656250000e+02
7.108220055648285296e+00 9.130644531250000000e+02
7.111654808030816177e+00 9.204782714843750000e+02
7.115089560413347947e+00 9.257500000000000000e+02
7.118524312795878828e+00 9.441029663085937500e+02
7.121959065178410597e+00 9.725459594726562500e+02
7.125393817560940590e+00 1.013984863281250000e+03
7.128828569943472360e+00 1.060977172851562500e+03
7.132263322326003241e+00 1.146670532226562500e+03
7.135698074708535010e+00 1.312965087890625000e+03
7.139132827091065892e+00 1.680333984375000000e+03
7.142567579473596773e+00 2.458399169921875000e+03
7.146002331856128542e+00 4.050318115234375000e+03
7.149437084238658535e+00 6.634337402343750000e+03
7.152871836621190305e+00 9.844578125000000000e+03
7.156306589003721186e+00 1.187191503906250000e+04
7.159741341386252955e+00 1.178649414062500000e+04
7.163176093768782948e+00 9.175225585937500000e+03
7.166610846151314718e+00 5.805949218750000000e+03
7.170045598533845599e+00 3.275958984375000000e+03
7.173480350916377368e+00 2.042449462890625000e+03
7.176915103298908249e+00 1.476911621093750000e+03
7.180349855681440019e+00 1.230625000000000000e+03
7.183784608063970900e+00 1.106661865234375000e+03
7.187219360446502670e+00 1.041975708007812500e+03
7.190654112829033551e+00 1.002509155273437500e+03
7.194088865211565320e+00 9.706038208007812500e+02
7.197523617594096201e+00 9.501413574218750000e+02
7.200958369976627971e+00 9.380144042968750000e+02
7.204393122359158852e+00 9.265913085937500000e+02
7.207827874741689733e+00 9.173503417968750000e+02
7.211262627124221503e+00 9.061265869140625000e+02
7.214697379506751496e+00 8.942922973632812500e+02
7.218132131889282377e+00 8.815422973632812500e+02
7.221566884271814146e+00 8.740261840820312500e+02
7.225001636654345027e+00 8.692006835937500000e+02
7.228436389036875909e+00 8.737521972656250000e+02
7.231871141419407678e+00 8.772234497070312500e+02
7.235305893801938559e+00 8.787142944335937500e+02
7.238740646184470329e+00 8.688481445312500000e+02
7.242175398567001210e+00 8.572061157226562500e+02
7.245610150949532979e+00 8.459242553710937500e+02
7.249044903332063861e+00 8.416813354492187500e+02
7.252479655714595630e+00 8.391165161132812500e+02
7.255914408097126511e+00 8.433416748046875000e+02
7.259349160479658281e+00 8.482104492187500000e+02
7.262783912862187385e+00 8.486301879882812500e+02
7.266218665244719155e+00 8.473297729492187500e+02
7.269653417627250036e+00 8.375419921875000000e+02
7.273088170009781805e+00 8.341002197265625000e+02
7.276522922392312687e+00 8.342793579101562500e+02
7.279957674774844456e+00 8.395682373046875000e+02
7.283392427157375337e+00 8.382697753906250000e+02
7.286827179539907107e+00 8.351677856445312500e+02
7.290261931922437988e+00 8.359103393554687500e+02
7.293696684304968869e+00 8.357584228515625000e+02
7.297131436687500639e+00 8.395174560546875000e+02
7.300566189070031520e+00 8.437639160156250000e+02
7.304000941452563289e+00 8.388031005859375000e+02
7.307435693835094170e+00 8.376572265625000000e+02
7.310870446217625940e+00 8.410825195312500000e+02
7.314305198600155045e+00 8.480492553710937500e+02
7.317739950982686814e+00 8.567810058593750000e+02
7.321174703365217695e+00 8.618947753906250000e+02
7.324609455747749465e+00 8.765776977539062500e+02
7.328044208130280346e+00 9.079085083007812500e+02
7.331478960512812115e+00 9.540554809570312500e+02
7.334913712895342996e+00 1.042952026367187500e+03
7.338348465277874766e+00 1.237848510742187500e+03
7.341783217660405647e+00 1.624240356445312500e+03
7.345217970042937417e+00 2.367371337890625000e+03
7.348652722425468298e+00 3.219017578125000000e+03
7.352087474808000067e+00 4.064963867187500000e+03
7.355522227190530948e+00 4.369537597656250000e+03
7.358956979573061830e+00 3.829973632812500000e+03
7.362391731955593599e+00 2.761616210937500000e+03
7.365826484338123592e+00 1.850333496093750000e+03
7.369261236720654473e+00 1.314694213867187500e+03
7.372695989103186243e+00 1.072219116210937500e+03
7.376130741485717124e+00 9.673344726562500000e+02
7.379565493868248005e+00 9.171016845703125000e+02
7.383000246250779774e+00 8.885023803710937500e+02
7.386434998633310656e+00 8.724180908203125000e+02
7.389869751015842425e+00 8.584056396484375000e+02
7.393304503398373306e+00 8.481967163085937500e+02
7.396739255780905076e+00 8.380330810546875000e+02
7.400174008163435957e+00 8.309992065429687500e+02
7.403608760545967726e+00 8.254119873046875000e+02
7.407043512928498608e+00 8.165989990234375000e+02
7.410478265311030377e+00 8.066555175781250000e+02
7.413913017693559482e+00 8.013242797851562500e+02
7.417347770076091251e+00 7.954868774414062500e+02
7.420782522458622132e+00 7.892586059570312500e+02
7.424217274841153902e+00 7.870917968750000000e+02
7.427652027223684783e+00 7.824175415039062500e+02
7.431086779606216552e+00 7.750234375000000000e+02
7.434521531988747434e+00 7.695053710937500000e+02
7.437956284371279203e+00 7.674255981445312500e+02
